201.342281879195,1004.22570221228,14.9925037481259
218.742232165051,1006.71140939597,14.9925037481259
275.913497390007,1240.36788466319,44.9775112443778
335.570469798658,467.312950534427,14.9925037481259
345.513298533433,1675.36664180959,14.9925037481259
362.913248819289,1660.45239870743,29.9850074962519
365.398956002983,1245.33929903057,44.9775112443778
372.856077554064,494.655729555058,29.9850074962519
382.798906288839,1252.79642058166,29.9850074962519
385.284613472533,1312.45339299031,14.9925037481259
392.741735023614,1304.99627143922,14.9925037481259
397.713149391002,1242.85359184688,14.9925037481259
407.655978125777,1272.68207805121,14.9925037481259
412.627392493164,1265.22495650012,29.9850074962519
430.027342779021,1282.62490678598,29.9850074962519
432.513049962714,1630.62391250311,14.9925037481259
434.998757146408,1667.90952025851,14.9925037481259
484.712900820283,872.48322147651,29.9850074962519
502.11285110614,1782.25205070843,14.9925037481259
521.99850857569,1757.39497887149,14.9925037481259
529.455630126771,1784.73775789212,14.9925037481259
529.455630126771,1737.50932140194,14.9925037481259
531.941337310465,1991.0514541387,14.9925037481259
539.398458861546,1819.53765846383,14.9925037481259
539.398458861546,1725.08078548347,29.9850074962519
549.341287596321,1735.02361421825,14.9925037481259
551.826994780015,1747.45215013671,29.9850074962519
556.798409147402,1797.16629381059,14.9925037481259
559.284116331096,773.05493412876,14.9925037481259
564.255530698484,1762.36639323888,29.9850074962519
559.284116331096,27.3427790206314,14.9925037481259
569.226945065871,1998.50857568978,14.9925037481259
571.712652249565,1737.50932140194,14.9925037481259
574.198359433259,2015.90852597564,14.9925037481259
599.055431270196,2063.13696246582,14.9925037481259
604.026845637584,2065.62266964952,14.9925037481259
611.483967188665,415.113099676858,14.9925037481259
641.31245339299,1439.22445935869,14.9925037481259
653.740989311459,745.712155108128,29.9850074962519
671.140939597315,755.654983842903,29.9850074962519
678.598061148397,758.140691026597,14.9925037481259
728.312204822272,1981.10862540393,29.9850074962519
738.255033557047,1237.88217747949,44.9775112443778
792.94059159831,2000.99428287348,14.9925037481259
805.369127516779,1986.08003977131,29.9850074962519
835.197613721104,1986.08003977131,44.9775112443778
869.997514292816,1078.79691772309,14.9925037481259
872.48322147651,489.684315187671,14.9925037481259
877.454635843898,1083.76833209048,14.9925037481259
884.911757394979,131.742480735769,14.9925037481259
892.36887894606,507.084265473527,14.9925037481259
907.283122048223,512.055679840915,14.9925037481259
919.711657966692,526.969922943077,14.9925037481259
924.683072334079,929.654486701467,44.9775112443778
929.654486701467,1285.11061396967,14.9925037481259
999.254287844892,1382.05319413373,14.9925037481259
1021.62565249814,1478.99577429779,44.9775112443778
1036.5398956003,1300.02485707184,14.9925037481259
1056.42555306985,1431.76733780761,14.9925037481259
1061.39696743724,1429.28163062391,14.9925037481259
1135.96818294805,2207.30797912006,29.9850074962519
1160.82525478499,1317.42480735769,14.9925037481259
1170.76808351976,390.25602783992,14.9925037481259
1180.71091225454,382.798906288839,14.9925037481259
1185.68232662192,1277.65349241859,14.9925037481259
1205.56798409147,427.541635595327,14.9925037481259
1215.51081282625,2229.6793437733,14.9925037481259
1232.91076311211,1451.65299527716,29.9850074962519
1245.33929903057,1424.31021625653,44.9775112443778
1245.33929903057,1439.22445935869,14.9925037481259
1252.79642058166,1439.22445935869,14.9925037481259
1275.1677852349,1446.68158090977,44.9775112443778
1277.65349241859,1399.45314441959,14.9925037481259
1280.13919960229,1411.88168033806,14.9925037481259
1280.13919960229,1454.13870246085,14.9925037481259
1290.08202833706,1389.51031568481,14.9925037481259
1292.56773552076,1429.28163062391,14.9925037481259
1292.56773552076,1409.39597315436,14.9925037481259
1304.99627143922,1414.36738752175,29.9850074962519
1304.99627143922,1389.51031568481,29.9850074962519
1314.939100174,1391.99602286851,14.9925037481259
1324.88192890877,1799.65200099428,29.9850074962519
1329.85334327616,434.998757146408,14.9925037481259
1334.82475764355,1399.45314441959,14.9925037481259
1344.76758637832,457.370121799652,14.9925037481259
1347.25329356202,526.969922943077,14.9925037481259
1349.73900074571,449.913000248571,14.9925037481259
1362.16753666418,457.370121799652,14.9925037481259
1362.16753666418,482.22719363659,14.9925037481259
1389.51031568481,569.226945065871,14.9925037481259
1394.4817300522,857.568978374347,29.9850074962519
1399.45314441959,909.768829231916,14.9925037481259
1419.33880188914,343.027591349739,14.9925037481259
1414.36738752175,509.569972657221,14.9925037481259
1419.33880188914,323.141933880189,29.9850074962519
1419.33880188914,909.768829231916,29.9850074962519
1434.2530449913,459.855828983346,14.9925037481259
1439.22445935869,345.513298533433,14.9925037481259
1439.22445935869,454.884414615958,14.9925037481259
1446.68158090977,330.59905543127,14.9925037481259
1449.16728809346,544.369873228934,14.9925037481259
1446.68158090977,345.513298533433,14.9925037481259
1474.0243599304,529.455630126771,14.9925037481259
1496.39572458364,323.141933880189,14.9925037481259
1513.7956748695,512.055679840915,14.9925037481259
1546.10986825752,352.970420084514,14.9925037481259
1553.5669898086,2242.10787969177,29.9850074962519
1600.79542629878,723.340790454884,14.9925037481259
1620.68108376833,407.655978125777,14.9925037481259
1630.62391250311,750.683569475516,14.9925037481259
1638.08103405419,676.112353964703,14.9925037481259
1652.99527715635,738.255033557047,14.9925037481259
1660.45239870743,755.654983842903,14.9925037481259
1677.85234899329,713.397961720109,14.9925037481259
1680.33805617698,484.712900820283,44.9775112443778
1685.30947054437,720.855083271191,29.9850074962519
1764.85210042257,1046.48272433507,14.9925037481259
1787.22346507581,2018.39423315933,14.9925037481259
1784.73775789212,2000.99428287348,14.9925037481259
1799.65200099428,1998.50857568978,14.9925037481259
1794.6805866269,2043.25130499627,14.9925037481259
1802.13770817798,176.485210042257,14.9925037481259
1804.62341536167,2023.36564752672,14.9925037481259
1799.65200099428,2008.45140442456,14.9925037481259
1807.10912254536,2043.25130499627,14.9925037481259
1814.56624409645,2010.93711160825,14.9925037481259
1817.05195128014,1976.13721103654,14.9925037481259
1817.05195128014,472.284364901815,14.9925037481259
1819.53765846383,484.712900820283,29.9850074962519
1819.53765846383,1961.22296793438,14.9925037481259
1829.48048719861,472.284364901815,14.9925037481259
1831.9661943823,2005.96569724086,14.9925037481259
1826.99478001491,2018.39423315933,14.9925037481259
1826.99478001491,1991.0514541387,14.9925037481259
1834.451901566,2030.8227690778,14.9925037481259
1836.93760874969,2058.16554809843,14.9925037481259
1841.90902311708,487.198608003977,14.9925037481259
1849.36614466816,507.084265473527,14.9925037481259
1851.85185185185,2075.56549838429,14.9925037481259
1851.85185185185,618.941088739746,14.9925037481259
1856.82326621924,472.284364901815,14.9925037481259
1854.33755903555,504.598558289833,14.9925037481259
1859.30897340293,2018.39423315933,14.9925037481259
1864.28038777032,497.141436738752,14.9925037481259
1866.76609495401,464.827243350733,14.9925037481259
1869.25180213771,482.22719363659,14.9925037481259
1909.02311707681,830.226199353716,14.9925037481259
1916.48023862789,802.883420333085,14.9925037481259
1938.85160328113,792.94059159831,29.9850074962519
1946.30872483221,817.797663435247,14.9925037481259
1963.70867511807,1314.939100174,14.9925037481259
1963.70867511807,1399.45314441959,14.9925037481259
1976.13721103654,521.99850857569,14.9925037481259
1981.10862540393,531.941337310465,14.9925037481259
1978.62291822023,1491.42431021626,14.9925037481259
1986.08003977131,1319.91051454139,14.9925037481259
1988.56574695501,1501.36713895103,44.9775112443778
1991.0514541387,1043.99701715138,44.9775112443778
1991.0514541387,519.512801391996,14.9925037481259
1993.5371613224,1404.42455878698,14.9925037481259
1991.0514541387,1508.82426050211,14.9925037481259
2003.47999005717,1275.1677852349,14.9925037481259
2020.87994034303,1036.5398956003,29.9850074962519
2018.39423315933,1272.68207805121,14.9925037481259
2018.39423315933,671.140939597315,29.9850074962519
2045.73701217997,1043.99701715138,29.9850074962519
2045.73701217997,974.397216007954,29.9850074962519
2060.65125528213,1036.5398956003,14.9925037481259
2060.65125528213,969.425801640567,14.9925037481259
2068.10837683321,817.797663435247,14.9925037481259
2070.5940840169,830.226199353716,14.9925037481259
2083.02261993537,812.82624906786,29.9850074962519
2087.99403430276,842.654735272185,29.9850074962519
2087.99403430276,1690.28088491176,14.9925037481259
2090.47974148645,2336.56475267214,14.9925037481259
2090.47974148645,2341.53616703952,14.9925037481259
2097.93686303753,1053.93984588615,29.9850074962519
2117.82252050708,1690.28088491176,14.9925037481259
2122.79393487447,1625.65249813572,14.9925037481259
2152.6224210788,2336.56475267214,14.9925037481259
2174.99378573204,1491.42431021626,14.9925037481259
2234.65075814069,1046.48272433507,14.9925037481259
2296.79343773304,1001.73999502859,14.9925037481259
2314.19338801889,1098.68257519264,29.9850074962519
2431.0216256525,917.225950782998,14.9925037481259
193.885160328113,1354.7104151131,59.9700149925037
280.884911757395,1672.8809346259,59.9700149925037
372.856077554064,474.770072085508,29.9850074962519
380.313199105145,1295.05344270445,29.9850074962519
382.798906288839,1242.85359184688,29.9850074962519
395.227442207308,1638.08103405419,44.9775112443778
477.255779269202,1891.62316679095,44.9775112443778
487.198608003977,887.397464578673,29.9850074962519
494.655729555058,889.883171762366,29.9850074962519
521.99850857569,1727.56649266716,29.9850074962519
534.427044494159,1715.13795674869,44.9775112443778
544.369873228934,753.16927665921,29.9850074962519
703.455132985334,857.568978374347,44.9775112443778
703.455132985334,1652.99527715635,44.9775112443778
733.283619189659,877.454635843898,59.9700149925037
748.197862291822,1222.96793437733,44.9775112443778
755.654983842903,1242.85359184688,29.9850074962519
780.512055679841,2003.47999005717,29.9850074962519
825.254784986329,2003.47999005717,44.9775112443778
825.254784986329,290.82774049217,29.9850074962519
830.226199353716,303.256276410639,29.9850074962519
852.59756400696,2090.47974148645,44.9775112443778
867.511807109123,2068.10837683321,29.9850074962519
869.997514292816,1966.19438230176,44.9775112443778
889.883171762366,914.740243599304,44.9775112443778
914.740243599304,919.711657966692,44.9775112443778
917.225950782998,1287.59632115337,29.9850074962519
927.168779517773,425.055928411633,29.9850074962519
927.168779517773,482.22719363659,44.9775112443778
937.111608252548,507.084265473527,29.9850074962519
1039.02560278399,1446.68158090977,29.9850074962519
1058.91126025354,2145.16529952772,44.9775112443778
1071.33979617201,2187.42232165051,44.9775112443778
1126.02535421327,1081.28262490679,44.9775112443778
1140.93959731544,1088.73974645787,59.9700149925037
1203.08227690778,439.970171513796,29.9850074962519
1208.05369127517,444.941585881183,59.9700149925037
1230.42505592841,430.027342779021,29.9850074962519
1252.79642058166,1449.16728809346,29.9850074962519
1260.25354213274,1474.0243599304,29.9850074962519
1272.68207805121,1411.88168033806,29.9850074962519
1309.96768580661,1043.99701715138,44.9775112443778
1314.939100174,1026.59706686552,29.9850074962519
1322.39622172508,1401.93885160328,29.9850074962519
1327.36763609247,1036.5398956003,44.9775112443778
1449.16728809346,313.199105145414,44.9775112443778
1650.50956997266,703.455132985334,29.9850074962519
1660.45239870743,700.969425801641,29.9850074962519
1670.39522744221,728.312204822272,29.9850074962519
1677.85234899329,1660.45239870743,59.9700149925037
1777.28063634104,2217.25080785483,44.9775112443778
1782.25205070843,1978.62291822023,29.9850074962519
1846.88043748446,457.370121799652,29.9850074962519
1851.85185185185,2018.39423315933,29.9850074962519
1859.30897340293,462.34153616704,29.9850074962519
1941.33731046483,805.369127516779,29.9850074962519
1953.7658463833,1359.68182948049,29.9850074962519
1958.73726075068,1496.39572458364,29.9850074962519
1976.13721103654,1019.13994531444,44.9775112443778
1988.56574695501,1026.59706686552,29.9850074962519
2005.96569724086,1478.99577429779,44.9775112443778
2003.47999005717,1026.59706686552,29.9850074962519
2010.93711160825,996.768580661198,44.9775112443778
2015.90852597564,1483.96718866518,29.9850074962519
2020.87994034303,1516.28138205319,29.9850074962519
2020.87994034303,1488.93860303256,29.9850074962519
2028.33706189411,1511.30996768581,29.9850074962519
2045.73701217997,984.340044742729,29.9850074962519
2055.67984091474,1493.91001739995,44.9775112443778
2145.16529952772,2316.67909520259,29.9850074962519
2147.65100671141,2356.45041014169,29.9850074962519
188.913745960726,899.826000497141,74.9625187406297
191.39945314442,1513.7956748695,44.9775112443778
216.256524981357,1352.22470792941,59.9700149925037
246.085011185682,1503.85284613473,74.9625187406297
313.199105145414,882.426050211285,59.9700149925037
315.684812329108,1675.36664180959,59.9700149925037
350.48471290082,1662.93810589113,44.9775112443778
362.913248819289,1222.96793437733,44.9775112443778
367.884663186677,1685.30947054437,59.9700149925037
449.913000248571,1250.31071339796,59.9700149925037
502.11285110614,882.426050211285,44.9775112443778
521.99850857569,1735.02361421825,44.9775112443778
541.88416604524,770.569226945066,44.9775112443778
561.76982351479,735.769326373353,44.9775112443778
613.969674372359,1563.50981854338,44.9775112443778
623.912503107134,1548.59557544121,59.9700149925037
698.483718617947,564.255530698484,44.9775112443778
703.455132985334,1963.70867511807,59.9700149925037
708.426547352722,1911.5088242605,44.9775112443778
713.397961720109,830.226199353716,59.9700149925037
718.369376087497,1894.10887397465,59.9700149925037
720.855083271191,2003.47999005717,59.9700149925037
730.797912005966,860.054685558041,44.9775112443778
738.255033557047,1963.70867511807,44.9775112443778
743.226447924435,1250.31071339796,44.9775112443778
740.740740740741,1968.68008948546,59.9700149925037
790.454884414616,2010.93711160825,44.9775112443778
800.397713149391,937.111608252548,59.9700149925037
835.197613721104,2090.47974148645,44.9775112443778
845.140442455879,2102.90827740492,44.9775112443778
867.511807109123,2078.05120556798,44.9775112443778
882.426050211285,420.084514044246,44.9775112443778
887.397464578673,430.027342779021,44.9775112443778
884.911757394979,2107.87969177231,44.9775112443778
887.397464578673,2115.33681332339,44.9775112443778
887.397464578673,380.313199105145,59.9700149925037
899.826000497141,1988.56574695501,59.9700149925037
909.768829231916,2110.365398956,44.9775112443778
907.283122048223,2117.82252050708,44.9775112443778
919.711657966692,502.11285110614,44.9775112443778
927.168779517773,497.141436738752,44.9775112443778
954.511558538404,492.170022371365,44.9775112443778
986.825751926423,343.027591349739,59.9700149925037
999.254287844892,357.941834451902,59.9700149925037
1086.25403927417,2010.93711160825,59.9700149925037
1096.19686800895,2038.27989062888,74.9625187406297
1103.65398956003,1078.79691772309,59.9700149925037
1133.48247576436,1063.88267462093,44.9775112443778
1135.96818294805,1066.36838180462,44.9775112443778
1222.96793437733,439.970171513796,44.9775112443778
1230.42505592841,434.998757146408,44.9775112443778
1237.88217747949,335.570469798658,74.9625187406297
1242.85359184688,1478.99577429779,44.9775112443778
1242.85359184688,1461.59582401193,59.9700149925037
1250.31071339796,1486.45289584887,44.9775112443778
1339.79617201094,1039.02560278399,44.9775112443778
1516.28138205319,1034.0541884166,44.9775112443778
1513.7956748695,2259.50782997763,59.9700149925037
1543.62416107383,2281.87919463087,44.9775112443778
1652.99527715635,2252.05070842655,44.9775112443778
1685.30947054437,1650.50956997266,44.9775112443778
1782.25205070843,1556.05269699229,74.9625187406297
1846.88043748446,2100.42257022123,59.9700149925037
1856.82326621924,2087.99403430276,44.9775112443778
1869.25180213771,2085.50832711907,44.9775112443778
1876.70892368879,2090.47974148645,59.9700149925037
1881.68033805618,2075.56549838429,59.9700149925037
1909.02311707681,802.883420333085,44.9775112443778
1963.70867511807,1319.91051454139,44.9775112443778
1966.19438230176,1963.70867511807,59.9700149925037
1973.65150385285,1516.28138205319,44.9775112443778
2000.99428287348,1006.71140939597,44.9775112443778
2030.8227690778,1004.22570221228,44.9775112443778
2035.79418344519,1011.68282376336,44.9775112443778
2035.79418344519,1521.25279642058,44.9775112443778
2048.22271936366,1523.73850360428,44.9775112443778
2043.25130499627,1732.53790703455,74.9625187406297
2065.62266964952,1700.22371364653,59.9700149925037
2107.87969177231,1046.48272433507,44.9775112443778
2110.365398956,1859.30897340293,59.9700149925037
201.342281879195,1312.45339299031,59.9700149925037
221.227939348745,1508.82426050211,74.9625187406297
241.113596818295,760.626398210291,59.9700149925037
256.027839920457,778.026348496147,59.9700149925037
256.027839920457,763.112105393985,59.9700149925037
303.256276410639,865.026099925429,59.9700149925037
305.741983594333,894.854586129754,59.9700149925037
330.59905543127,889.883171762366,59.9700149925037
422.570221227939,1227.93934874472,59.9700149925037
432.513049962714,1242.85359184688,59.9700149925037
442.455878697489,1265.22495650012,59.9700149925037
462.34153616704,1237.88217747949,59.9700149925037
479.741486452896,882.426050211285,59.9700149925037
492.170022371365,897.340293313448,74.9625187406297
502.11285110614,835.197613721104,74.9625187406297
633.855331841909,942.083022619935,74.9625187406297
636.341039025603,569.226945065871,74.9625187406297
673.626646781009,947.054436987323,74.9625187406297
686.055182699478,569.226945065871,89.9550224887556
695.998011434253,1891.62316679095,59.9700149925037
703.455132985334,1894.10887397465,74.9625187406297
718.369376087497,879.940343027591,74.9625187406297
735.769326373353,566.741237882178,59.9700149925037
760.626398210291,462.34153616704,74.9625187406297
773.05493412876,444.941585881183,89.9550224887556
832.71190653741,919.711657966692,74.9625187406297
914.740243599304,1961.22296793438,59.9700149925037
947.054436987323,479.741486452896,59.9700149925037
1026.59706686552,2204.82227193637,74.9625187406297
1034.0541884166,338.056176982351,59.9700149925037
1061.39696743724,1518.76708923689,59.9700149925037
1068.85408898832,1536.16703952274,74.9625187406297
1066.36838180462,2170.02237136465,59.9700149925037
1076.3112105394,2167.53666418096,74.9625187406297
1086.25403927417,2167.53666418096,59.9700149925037
1083.76833209048,2182.45090728312,74.9625187406297
1093.71116082525,2170.02237136465,59.9700149925037
1098.68257519264,2179.96520009943,74.9625187406297
1113.5968182948,2204.82227193637,74.9625187406297
1118.56823266219,1063.88267462093,59.9700149925037
1123.53964702958,1106.13969674372,74.9625187406297
1183.19661943823,345.513298533433,74.9625187406297
1193.13944817301,410.141685309471,74.9625187406297
1193.13944817301,442.455878697489,59.9700149925037
1205.56798409147,390.25602783992,59.9700149925037
1210.53939845886,377.827491921452,59.9700149925037
1217.99652000994,474.770072085508,74.9625187406297
1262.73924931643,360.427541635595,74.9625187406297
1394.4817300522,1993.5371613224,74.9625187406297
1459.11011682824,1016.65423813075,74.9625187406297
1483.96718866518,1039.02560278399,59.9700149925037
1498.88143176734,1021.62565249814,59.9700149925037
1523.73850360428,2247.07929405916,74.9625187406297
1526.22421078797,1034.0541884166,59.9700149925037
1543.62416107383,2271.9363658961,74.9625187406297
1725.08078548347,1640.56674123788,59.9700149925037
1861.79468058663,2063.13696246582,59.9700149925037
1953.7658463833,1528.70991797166,59.9700149925037
1966.19438230176,1996.02286850609,59.9700149925037
1963.70867511807,1951.2801391996,74.9625187406297
1983.59433258762,1966.19438230176,59.9700149925037
1991.0514541387,1009.19711657967,59.9700149925037
2005.96569724086,1983.59433258762,59.9700149925037
2025.85135471042,1483.96718866518,59.9700149925037
2028.33706189411,1991.0514541387,74.9625187406297
2043.25130499627,1715.13795674869,74.9625187406297
2048.22271936366,1518.76708923689,59.9700149925037
2068.10837683321,1322.39622172508,59.9700149925037
146.656723837932,1006.71140939597,119.940029985007
201.342281879195,1501.36713895103,89.9550224887556
211.28511061397,1367.13895103157,89.9550224887556
238.627889634601,1521.25279642058,89.9550224887556
253.542132736764,787.969177230922,89.9550224887556
258.513547104151,738.255033557047,74.9625187406297
275.913497390007,1660.45239870743,74.9625187406297
278.399204573701,1650.50956997266,89.9550224887556
293.313447675864,852.59756400696,89.9550224887556
310.71339796172,1722.59507829978,89.9550224887556
308.227690778026,850.111856823266,74.9625187406297
328.113348247576,867.511807109123,74.9625187406297
502.11285110614,827.740492170022,74.9625187406297
554.312701963709,1053.93984588615,89.9550224887556
636.341039025603,549.341287596321,89.9550224887556
643.798160576684,1799.65200099428,104.947526236882
661.19811086254,551.826994780015,89.9550224887556
708.426547352722,1909.02311707681,74.9625187406297
733.283619189659,1971.16579666915,74.9625187406297
738.255033557047,335.570469798658,74.9625187406297
760.626398210291,991.797166293811,89.9550224887556
782.997762863535,937.111608252548,89.9550224887556
787.969177230922,919.711657966692,89.9550224887556
795.426298782004,902.311707680835,89.9550224887556
800.397713149391,952.02585135471,74.9625187406297
805.369127516779,400.198856574696,74.9625187406297
815.311956251554,909.768829231916,74.9625187406297
825.254784986329,395.227442207308,89.9550224887556
827.740492170022,437.484464330102,74.9625187406297
862.540392741735,387.770320656227,89.9550224887556
959.482972905792,469.798657718121,74.9625187406297
969.425801640567,350.48471290082,74.9625187406297
991.797166293811,482.22719363659,89.9550224887556
1009.19711657967,492.170022371365,104.947526236882
1016.65423813075,1111.11111111111,89.9550224887556
1021.62565249814,323.141933880189,89.9550224887556
1039.02560278399,2172.50807854835,89.9550224887556
1041.51130996769,1262.73924931643,74.9625187406297
1051.45413870246,474.770072085508,89.9550224887556
1073.8255033557,2000.99428287348,74.9625187406297
1078.79691772309,1518.76708923689,74.9625187406297
1088.73974645787,464.827243350733,104.947526236882
1098.68257519264,2209.79368630375,74.9625187406297
1108.62540392742,2182.45090728312,89.9550224887556
1123.53964702958,2177.47949291573,74.9625187406297
1138.45389013174,1061.39696743724,89.9550224887556
1143.42530449913,1275.1677852349,74.9625187406297
1188.16803380562,869.997514292816,89.9550224887556
1188.16803380562,464.827243350733,89.9550224887556
1188.16803380562,454.884414615958,74.9625187406297
1190.65374098931,425.055928411633,74.9625187406297
1203.08227690778,467.312950534427,74.9625187406297
1200.59656972409,847.626149639573,89.9550224887556
1222.96793437733,459.855828983346,89.9550224887556
1225.45364156102,867.511807109123,89.9550224887556
1227.93934874472,392.741735023614,74.9625187406297
1245.33929903057,387.770320656227,74.9625187406297
1329.85334327616,1986.08003977131,89.9550224887556
1337.31046482724,807.854834700472,89.9550224887556
1374.59607258265,797.912005965697,89.9550224887556
1379.56748695004,1978.62291822023,74.9625187406297
1382.05319413373,2015.90852597564,89.9550224887556
1396.96743723589,2003.47999005717,74.9625187406297
1401.93885160328,1998.50857568978,74.9625187406297
1454.13870246085,2045.73701217997,74.9625187406297
1503.85284613473,2274.42207307979,74.9625187406297
1536.16703952274,2276.90778026349,74.9625187406297
1553.5669898086,2276.90778026349,74.9625187406297
1561.02411135968,2257.02212279394,89.9550224887556
1573.45264727815,2244.59358687547,74.9625187406297
1685.30947054437,1623.16679095203,74.9625187406297
1747.45215013671,2145.16529952772,74.9625187406297
1749.93785732041,2135.22247079294,74.9625187406297
1777.28063634104,2137.70817797663,74.9625187406297
1817.05195128014,807.854834700472,89.9550224887556
1829.48048719861,2125.27964205817,89.9550224887556
1829.48048719861,2080.53691275168,74.9625187406297
1854.33755903555,2122.79393487447,89.9550224887556
1859.30897340293,2110.365398956,74.9625187406297
1993.5371613224,2063.13696246582,89.9550224887556
2038.27989062888,1993.5371613224,74.9625187406297
173.999502858563,981.854337559036,104.947526236882
236.142182450907,1481.48148148148,104.947526236882
236.142182450907,755.654983842903,89.9550224887556
236.142182450907,775.540641312453,89.9550224887556
241.113596818295,1536.16703952274,104.947526236882
243.599304001989,1553.5669898086,89.9550224887556
265.970668655232,1650.50956997266,89.9550224887556
268.456375838926,748.197862291822,104.947526236882
275.913497390007,1561.02411135968,89.9550224887556
275.913497390007,745.712155108128,89.9550224887556
280.884911757395,723.340790454884,119.940029985007
290.82774049217,1672.8809346259,89.9550224887556
305.741983594333,1155.8538404176,104.947526236882
313.199105145414,1695.25229927915,104.947526236882
323.141933880189,1648.02386278896,104.947526236882
539.398458861546,1081.28262490679,104.947526236882
643.798160576684,1205.56798409147,89.9550224887556
643.798160576684,1190.65374098931,89.9550224887556
658.712403678847,1804.62341536167,89.9550224887556
663.683818046234,1787.22346507581,119.940029985007
713.397961720109,2025.85135471042,89.9550224887556
723.340790454884,375.341784737758,89.9550224887556
730.797912005966,377.827491921452,119.940029985007
748.197862291822,2033.3084762615,89.9550224887556
750.683569475516,315.684812329108,89.9550224887556
748.197862291822,390.25602783992,104.947526236882
763.112105393985,405.170270942083,104.947526236882
765.597812577678,924.683072334079,89.9550224887556
770.569226945066,879.940343027591,119.940029985007
810.340541884166,382.798906288839,89.9550224887556
840.169028088491,932.14019388516,104.947526236882
991.797166293811,514.541387024609,104.947526236882
994.282873477504,1111.11111111111,89.9550224887556
999.254287844892,1093.71116082525,89.9550224887556
1016.65423813075,512.055679840915,104.947526236882
1021.62565249814,531.941337310465,104.947526236882
1034.0541884166,2214.76510067114,89.9550224887556
1041.51130996769,2152.6224210788,89.9550224887556
1058.91126025354,1516.28138205319,89.9550224887556
1061.39696743724,2209.79368630375,104.947526236882
1063.88267462093,422.570221227939,89.9550224887556
1076.3112105394,2140.19388516033,104.947526236882
1076.3112105394,1277.65349241859,89.9550224887556
1081.28262490679,1272.68207805121,89.9550224887556
1091.22545364156,2165.05095699727,89.9550224887556
1101.16828237634,2162.56524981357,89.9550224887556
1133.48247576436,2184.93661446682,89.9550224887556
1138.45389013174,2192.3937360179,89.9550224887556
1135.96818294805,2177.47949291573,89.9550224887556
1155.8538404176,2184.93661446682,104.947526236882
1173.25379070346,457.370121799652,89.9550224887556
1180.71091225454,845.140442455879,89.9550224887556
1180.71091225454,760.626398210291,89.9550224887556
1203.08227690778,964.454387273179,104.947526236882
1208.05369127517,840.169028088491,104.947526236882
1217.99652000994,857.568978374347,104.947526236882
1222.96793437733,335.570469798658,89.9550224887556
1222.96793437733,822.769077802635,104.947526236882
1227.93934874472,410.141685309471,89.9550224887556
1232.91076311211,845.140442455879,89.9550224887556
1245.33929903057,412.627392493164,104.947526236882
1257.76783494904,454.884414615958,104.947526236882
1260.25354213274,402.684563758389,89.9550224887556
1334.82475764355,797.912005965697,89.9550224887556
1344.76758637832,1735.02361421825,119.940029985007
1369.62465821526,1981.10862540393,89.9550224887556
1441.71016654238,947.054436987323,104.947526236882
1454.13870246085,2038.27989062888,89.9550224887556
1471.53865274671,2259.50782997763,89.9550224887556
1538.65274670644,2269.4506587124,89.9550224887556
1779.76634352473,969.425801640567,119.940029985007
1789.70917225951,2155.10812826249,89.9550224887556
1794.6805866269,802.883420333085,89.9550224887556
1916.48023862789,2043.25130499627,89.9550224887556
1921.45165299528,1551.08128262491,89.9550224887556
1928.90877454636,2063.13696246582,104.947526236882
1963.70867511807,2063.13696246582,104.947526236882
1971.16579666915,2020.87994034303,104.947526236882
1981.10862540393,2013.42281879195,104.947526236882
2000.99428287348,1981.10862540393,89.9550224887556
2018.39423315933,2000.99428287348,89.9550224887556
2033.3084762615,1715.13795674869,89.9550224887556
2033.3084762615,1991.0514541387,89.9550224887556
156.599552572707,966.940094456873,119.940029985007
176.485210042257,792.94059159831,104.947526236882
186.428038777032,810.340541884166,104.947526236882
188.913745960726,782.997762863535,119.940029985007
193.885160328113,922.197365150385,134.932533733133
201.342281879195,805.369127516779,104.947526236882
251.05642555307,807.854834700472,119.940029985007
253.542132736764,760.626398210291,104.947526236882
280.884911757395,1657.96669152374,104.947526236882
300.770569226945,842.654735272185,104.947526236882
305.741983594333,728.312204822272,104.947526236882
310.71339796172,847.626149639573,104.947526236882
333.084762614964,778.026348496147,119.940029985007
487.198608003977,492.170022371365,104.947526236882
504.598558289833,372.856077554064,119.940029985007
531.941337310465,360.427541635595,119.940029985007
648.769574944072,574.198359433259,104.947526236882
673.626646781009,571.712652249565,104.947526236882
705.940840169028,559.284116331096,104.947526236882
705.940840169028,382.798906288839,119.940029985007
725.826497638578,352.970420084514,119.940029985007
743.226447924435,937.111608252548,134.932533733133
748.197862291822,894.854586129754,119.940029985007
750.683569475516,365.398956002983,119.940029985007
753.16927665921,927.168779517773,119.940029985007
750.683569475516,959.482972905792,104.947526236882
765.597812577678,952.02585135471,104.947526236882
780.512055679841,889.883171762366,104.947526236882
785.483470047228,892.36887894606,104.947526236882
800.397713149391,974.397216007954,104.947526236882
800.397713149391,400.198856574696,104.947526236882
807.854834700472,961.968680089485,119.940029985007
815.311956251554,581.65548098434,119.940029985007
810.340541884166,397.713149391002,104.947526236882
817.797663435247,914.740243599304,104.947526236882
852.59756400696,1359.68182948049,104.947526236882
865.026099925429,1364.65324384787,104.947526236882
872.48322147651,1372.11036539896,119.940029985007
981.854337559036,2184.93661446682,119.940029985007
1048.96843151877,2112.8511061397,104.947526236882
1066.36838180462,474.770072085508,104.947526236882
1066.36838180462,2199.85085756898,104.947526236882
1101.16828237634,482.22719363659,119.940029985007
1098.68257519264,2229.6793437733,104.947526236882
1118.56823266219,2197.36515038528,119.940029985007
1145.91101168282,743.226447924435,104.947526236882
1173.25379070346,780.512055679841,104.947526236882
1195.6251553567,735.769326373353,134.932533733133
1193.13944817301,897.340293313448,104.947526236882
1195.6251553567,1918.96594581158,119.940029985007
1198.11086254039,857.568978374347,104.947526236882
1203.08227690778,1933.88018891375,104.947526236882
1203.08227690778,917.225950782998,104.947526236882
1205.56798409147,922.197365150385,104.947526236882
1222.96793437733,956.997265722098,104.947526236882
1242.85359184688,432.513049962714,119.940029985007
1257.76783494904,472.284364901815,104.947526236882
1267.71066368382,765.597812577678,134.932533733133
1277.65349241859,753.16927665921,119.940029985007
1401.93885160328,2010.93711160825,119.940029985007
1421.82450907283,949.540144171017,104.947526236882
1434.2530449913,2045.73701217997,134.932533733133
1444.19587372608,902.311707680835,104.947526236882
1474.0243599304,1464.08153119563,119.940029985007
1486.45289584887,974.397216007954,119.940029985007
1752.4235645041,1148.39671886652,119.940029985007
1754.9092716878,1168.28237633607,134.932533733133
1799.65200099428,832.71190653741,104.947526236882
1904.05170270942,2083.02261993537,119.940029985007
1911.5088242605,2083.02261993537,104.947526236882
1953.7658463833,2055.67984091474,104.947526236882
1996.02286850609,2033.3084762615,119.940029985007
1998.50857568978,1230.42505592841,104.947526236882
144.171016654238,984.340044742729,119.940029985007
159.085259756401,984.340044742729,119.940029985007
164.056674123788,792.94059159831,119.940029985007
169.028088491176,802.883420333085,134.932533733133
169.028088491176,1043.99701715138,134.932533733133
173.999502858563,994.282873477504,119.940029985007
193.885160328113,787.969177230922,119.940029985007
223.713646532438,770.569226945066,149.925037481259
223.713646532438,765.597812577678,119.940029985007
228.685060899826,805.369127516779,149.925037481259
248.570718369376,723.340790454884,149.925037481259
273.427790206314,822.769077802635,134.932533733133
278.399204573701,566.741237882178,134.932533733133
298.284862043251,805.369127516779,134.932533733133
310.71339796172,802.883420333085,119.940029985007
313.199105145414,800.397713149391,119.940029985007
497.141436738752,355.456127268208,134.932533733133
502.11285110614,385.284613472533,119.940029985007
507.084265473527,1061.39696743724,134.932533733133
559.284116331096,1086.25403927417,119.940029985007
571.712652249565,1071.33979617201,134.932533733133
576.684066616953,1772.30922197365,134.932533733133
581.65548098434,1066.36838180462,119.940029985007
581.65548098434,1792.1948794432,134.932533733133
589.112602535421,1762.36639323888,149.925037481259
683.569475515784,534.427044494159,119.940029985007
710.912254536416,407.655978125777,119.940029985007
728.312204822272,899.826000497141,134.932533733133
728.312204822272,887.397464578673,134.932533733133
740.740740740741,907.283122048223,134.932533733133
748.197862291822,347.999005717127,119.940029985007
758.140691026597,385.284613472533,119.940029985007
765.597812577678,395.227442207308,134.932533733133
763.112105393985,986.825751926423,119.940029985007
768.083519761372,372.856077554064,119.940029985007
782.997762863535,964.454387273179,134.932533733133
807.854834700472,986.825751926423,134.932533733133
840.169028088491,1421.82450907283,134.932533733133
847.626149639573,1384.53890131742,134.932533733133
847.626149639573,1369.62465821526,119.940029985007
889.883171762366,1357.19612229679,119.940029985007
974.397216007954,494.655729555058,119.940029985007
976.882923191648,728.312204822272,134.932533733133
1150.88242605021,705.940840169028,119.940029985007
1158.33954760129,758.140691026597,119.940029985007
1168.28237633607,902.311707680835,119.940029985007
1168.28237633607,743.226447924435,134.932533733133
1173.25379070346,889.883171762366,119.940029985007
1203.08227690778,912.25453641561,119.940029985007
1230.42505592841,944.568729803629,119.940029985007
1240.36788466319,1953.7658463833,134.932533733133
1255.28212776535,467.312950534427,119.940029985007
1282.62490678598,768.083519761372,119.940029985007
1419.33880188914,944.568729803629,119.940029985007
1424.31021625653,939.597315436242,119.940029985007
1446.68158090977,2050.70842654735,119.940029985007
1737.50932140194,1148.39671886652,119.940029985007
1757.39497887149,1133.48247576436,119.940029985007
1762.36639323888,1160.82525478499,134.932533733133
1772.30922197365,949.540144171017,119.940029985007
1789.70917225951,976.882923191648,119.940029985007
1817.05195128014,1680.33805617698,119.940029985007
1899.08028834203,1198.11086254039,134.932533733133
1918.96594581158,2073.0797912006,119.940029985007
1948.79443201591,1203.08227690778,119.940029985007
1956.25155356699,1558.53840417599,134.932533733133
154.113845389013,1058.91126025354,134.932533733133
159.085259756401,1063.88267462093,134.932533733133
246.085011185682,782.997762863535,134.932533733133
248.570718369376,832.71190653741,149.925037481259
260.999254287845,566.741237882178,149.925037481259
260.999254287845,825.254784986329,134.932533733133
305.741983594333,820.283370618941,134.932533733133
569.226945065871,884.911757394979,149.925037481259
571.712652249565,1086.25403927417,134.932533733133
576.684066616953,1093.71116082525,134.932533733133
641.31245339299,1792.1948794432,134.932533733133
735.769326373353,917.225950782998,134.932533733133
735.769326373353,961.968680089485,149.925037481259
765.597812577678,1762.36639323888,149.925037481259
790.454884414616,872.48322147651,149.925037481259
792.94059159831,989.311459110117,134.932533733133
797.912005965697,892.36887894606,134.932533733133
812.82624906786,899.826000497141,134.932533733133
822.769077802635,581.65548098434,134.932533733133
825.254784986329,1886.65175242356,164.917541229385
996.768580661198,688.540889883172,149.925037481259
1019.13994531444,2137.70817797663,134.932533733133
1043.99701715138,2140.19388516033,134.932533733133
1098.68257519264,2204.82227193637,134.932533733133
1165.79666915237,720.855083271191,134.932533733133
1175.73949788715,713.397961720109,134.932533733133
1200.59656972409,715.883668903803,134.932533733133
1203.08227690778,723.340790454884,134.932533733133
1227.93934874472,1911.5088242605,149.925037481259
1230.42505592841,1963.70867511807,134.932533733133
1232.91076311211,1926.42306736266,134.932533733133
1237.88217747949,949.540144171017,149.925037481259
1247.82500621427,937.111608252548,134.932533733133
1255.28212776535,947.054436987323,134.932533733133
1342.28187919463,753.16927665921,149.925037481259
1359.68182948049,760.626398210291,149.925037481259
1396.96743723589,1541.13845389013,149.925037481259
1414.36738752175,1523.73850360428,134.932533733133
1411.88168033806,1536.16703952274,149.925037481259
1419.33880188914,1565.99552572707,134.932533733133
1426.79592344022,1488.93860303256,134.932533733133
1436.73875217499,1506.33855331842,149.925037481259
1444.19587372608,1488.93860303256,149.925037481259
1483.96718866518,947.054436987323,149.925037481259
1488.93860303256,959.482972905792,149.925037481259
1732.53790703455,2115.33681332339,134.932533733133
1744.96644295302,1138.45389013174,134.932533733133
1809.59482972906,1638.08103405419,149.925037481259
1846.88043748446,1660.45239870743,149.925037481259
1876.70892368879,1657.96669152374,149.925037481259
1904.05170270942,1941.33731046483,134.932533733133
198.856574695501,715.883668903803,164.917541229385
231.17076808352,581.65548098434,164.917541229385
260.999254287845,810.340541884166,149.925037481259
270.94208302262,802.883420333085,149.925037481259
280.884911757395,785.483470047228,149.925037481259
290.82774049217,782.997762863535,149.925037481259
305.741983594333,830.226199353716,149.925037481259
407.655978125777,1148.39671886652,179.910044977511
434.998757146408,1160.82525478499,164.917541229385
447.427293064877,1426.79592344022,149.925037481259
512.055679840915,352.970420084514,149.925037481259
512.055679840915,360.427541635595,149.925037481259
559.284116331096,1088.73974645787,149.925037481259
594.084016902809,1078.79691772309,149.925037481259
594.084016902809,1777.28063634104,149.925037481259
738.255033557047,362.913248819289,149.925037481259
743.226447924435,387.770320656227,149.925037481259
745.712155108128,1685.30947054437,164.917541229385
755.654983842903,984.340044742729,149.925037481259
760.626398210291,387.770320656227,149.925037481259
760.626398210291,1707.68083519761,179.910044977511
758.140691026597,1732.53790703455,179.910044977511
792.94059159831,1928.90877454636,164.917541229385
800.397713149391,1735.02361421825,164.917541229385
820.283370618941,1906.53740989311,149.925037481259
820.283370618941,1712.652249565,164.917541229385
832.71190653741,1909.02311707681,149.925037481259
847.626149639573,1352.22470792941,149.925037481259
857.568978374347,1327.36763609247,164.917541229385
889.883171762366,666.169525229928,179.910044977511
887.397464578673,1344.76758637832,164.917541229385
1029.08277404922,1280.13919960229,149.925037481259
1227.93934874472,949.540144171017,149.925037481259
1339.79617201094,1111.11111111111,164.917541229385
1394.4817300522,1570.96694009446,164.917541229385
1444.19587372608,1434.2530449913,164.917541229385
1466.56723837932,1459.11011682824,149.925037481259
1481.48148148148,899.826000497141,179.910044977511
1491.42431021626,877.454635843898,179.910044977511
1496.39572458364,932.14019388516,164.917541229385
1623.16679095203,2000.99428287348,149.925037481259
1715.13795674869,1700.22371364653,179.910044977511
1707.68083519761,1891.62316679095,164.917541229385
1742.48073576933,1133.48247576436,149.925037481259
1909.02311707681,1926.42306736266,149.925037481259
186.428038777032,755.654983842903,179.910044977511
208.799403430276,850.111856823266,164.917541229385
208.799403430276,594.084016902809,179.910044977511
213.770817797663,748.197862291822,164.917541229385
243.599304001989,666.169525229928,179.910044977511
251.05642555307,693.512304250559,164.917541229385
283.370618941089,842.654735272185,164.917541229385
310.71339796172,1210.53939845886,194.902548725637
367.884663186677,902.311707680835,194.902548725637
400.198856574696,1163.31096196868,164.917541229385
631.369624658215,1700.22371364653,194.902548725637
643.798160576684,1063.88267462093,194.902548725637
643.798160576684,599.055431270196,164.917541229385
656.226696495153,1702.70942083023,179.910044977511
671.140939597315,1695.25229927915,179.910044977511
725.826497638578,1707.68083519761,194.902548725637
758.140691026597,1672.8809346259,179.910044977511
795.426298782004,840.169028088491,164.917541229385
807.854834700472,1913.9945314442,164.917541229385
874.968928660204,1140.93959731544,179.910044977511
1113.5968182948,2035.79418344519,179.910044977511
1227.93934874472,1926.42306736266,164.917541229385
1227.93934874472,1921.45165299528,164.917541229385
1237.88217747949,1953.7658463833,164.917541229385
1377.08177976634,1570.96694009446,164.917541229385
1419.33880188914,1565.99552572707,164.917541229385
1431.76733780761,1466.56723837932,164.917541229385
1528.70991797166,887.397464578673,179.910044977511
1615.70966940094,1056.42555306985,179.910044977511
1739.99502858563,1889.13745960726,179.910044977511
1784.73775789212,1667.90952025851,194.902548725637
1894.10887397465,1933.88018891375,164.917541229385
1904.05170270942,1911.5088242605,164.917541229385
1901.56599552573,1936.36589609744,164.917541229385
1918.96594581158,1936.36589609744,164.917541229385
203.827989062888,832.71190653741,179.910044977511
280.884911757395,586.626895351728,179.910044977511
318.170519512801,526.969922943077,194.902548725637
320.656226696495,1175.73949788715,179.910044977511
325.627641063883,1173.25379070346,179.910044977511
330.59905543127,882.426050211285,194.902548725637
352.970420084514,877.454635843898,179.910044977511
357.941834451902,882.426050211285,179.910044977511
427.541635595327,1113.5968182948,194.902548725637
467.312950534427,832.71190653741,179.910044977511
643.798160576684,1687.79517772806,194.902548725637
646.283867760378,1675.36664180959,179.910044977511
653.740989311459,584.141188168034,179.910044977511
663.683818046234,1056.42555306985,194.902548725637
720.855083271191,964.454387273179,179.910044977511
748.197862291822,857.568978374347,194.902548725637
778.026348496147,1034.0541884166,209.895052473763
775.540641312453,1702.70942083023,179.910044977511
780.512055679841,872.48322147651,179.910044977511
782.997762863535,1737.50932140194,194.902548725637
782.997762863535,1702.70942083023,194.902548725637
827.740492170022,1909.02311707681,179.910044977511
899.826000497141,1884.16604523987,179.910044977511
917.225950782998,1911.5088242605,179.910044977511
1158.33954760129,1933.88018891375,179.910044977511
1387.02460850112,1866.76609495401,209.895052473763
1406.91026597067,1986.08003977131,194.902548725637
1456.62440964454,1416.85309470544,179.910044977511
1464.08153119563,869.997514292816,194.902548725637
1459.11011682824,2020.87994034303,179.910044977511
1481.48148148148,909.768829231916,179.910044977511
1491.42431021626,914.740243599304,179.910044977511
1491.42431021626,954.511558538404,179.910044977511
1496.39572458364,904.797414864529,179.910044977511
1735.02361421825,1722.59507829978,194.902548725637
333.084762614964,847.626149639573,194.902548725637
335.570469798658,857.568978374347,194.902548725637
352.970420084514,1160.82525478499,194.902548725637
392.741735023614,847.626149639573,194.902548725637
397.713149391002,842.654735272185,194.902548725637
407.655978125777,850.111856823266,194.902548725637
410.141685309471,1496.39572458364,194.902548725637
427.541635595327,1091.22545364156,209.895052473763
643.798160576684,1563.50981854338,224.887556221889
643.798160576684,1041.51130996769,209.895052473763
663.683818046234,1590.85259756401,224.887556221889
671.140939597315,1565.99552572707,224.887556221889
743.226447924435,1670.39522744221,209.895052473763
765.597812577678,1043.99701715138,194.902548725637
768.083519761372,1695.25229927915,194.902548725637
778.026348496147,1024.11135968183,209.895052473763
780.512055679841,1048.96843151877,194.902548725637
795.426298782004,1039.02560278399,209.895052473763
810.340541884166,862.540392741735,224.887556221889
902.311707680835,1851.85185185185,209.895052473763
947.054436987323,1282.62490678598,194.902548725637
952.02585135471,1851.85185185185,224.887556221889
1106.13969674372,2035.79418344519,194.902548725637
1135.96818294805,1973.65150385285,224.887556221889
1220.48222719364,1183.19661943823,209.895052473763
1342.28187919463,1889.13745960726,209.895052473763
1369.62465821526,1981.10862540393,209.895052473763
1374.59607258265,2020.87994034303,194.902548725637
1384.53890131742,2015.90852597564,194.902548725637
1396.96743723589,1846.88043748446,209.895052473763
1399.45314441959,2020.87994034303,194.902548725637
1439.22445935869,877.454635843898,209.895052473763
1464.08153119563,887.397464578673,194.902548725637
1461.59582401193,1416.85309470544,209.895052473763
1478.99577429779,927.168779517773,194.902548725637
1506.33855331842,907.283122048223,194.902548725637
1543.62416107383,1401.93885160328,239.880059970015
1568.48123291076,1389.51031568481,239.880059970015
387.770320656227,1066.36838180462,209.895052473763
442.455878697489,1088.73974645787,209.895052473763
529.455630126771,708.426547352722,209.895052473763
561.76982351479,852.59756400696,239.880059970015
638.826746209297,1605.76684066617,239.880059970015
651.255282127765,1551.08128262491,224.887556221889
663.683818046234,1608.25254784986,209.895052473763
671.140939597315,1543.62416107383,209.895052473763
673.626646781009,1526.22421078797,209.895052473763
681.08376833209,1506.33855331842,209.895052473763
693.512304250559,1556.05269699229,209.895052473763
695.998011434253,1543.62416107383,224.887556221889
705.940840169028,1533.68133233905,224.887556221889
812.82624906786,1270.19637086751,209.895052473763
812.82624906786,887.397464578673,224.887556221889
817.797663435247,874.968928660204,209.895052473763
837.683320904797,1327.36763609247,209.895052473763
869.997514292816,1322.39622172508,224.887556221889
879.940343027591,1854.33755903555,209.895052473763
884.911757394979,1078.79691772309,224.887556221889
887.397464578673,1061.39696743724,209.895052473763
894.854586129754,1889.13745960726,209.895052473763
897.340293313448,1866.76609495401,224.887556221889
909.768829231916,1881.68033805618,209.895052473763
912.25453641561,1874.2232165051,209.895052473763
924.683072334079,1846.88043748446,209.895052473763
1113.5968182948,1309.96768580661,224.887556221889
1123.53964702958,1290.08202833706,209.895052473763
1205.56798409147,1175.73949788715,224.887556221889
1225.45364156102,1168.28237633607,224.887556221889
1347.25329356202,1871.7375093214,224.887556221889
1359.68182948049,1869.25180213771,224.887556221889
1404.42455878698,1757.39497887149,239.880059970015
1404.42455878698,1866.76609495401,209.895052473763
1411.88168033806,1856.82326621924,209.895052473763
1439.22445935869,867.511807109123,224.887556221889
1543.62416107383,1389.51031568481,209.895052473763
1553.5669898086,1389.51031568481,209.895052473763
1548.59557544121,1367.13895103157,224.887556221889
1779.76634352473,1797.16629381059,239.880059970015
1797.16629381059,1695.25229927915,209.895052473763
1807.10912254536,1692.76659209545,209.895052473763
1829.48048719861,1685.30947054437,209.895052473763
315.684812329108,1185.68232662192,224.887556221889
507.084265473527,723.340790454884,239.880059970015
544.369873228934,865.026099925429,239.880059970015
546.855580412627,842.654735272185,224.887556221889
551.826994780015,837.683320904797,239.880059970015
556.798409147402,708.426547352722,224.887556221889
604.026845637584,1195.6251553567,239.880059970015
628.883917474521,1595.82401193139,224.887556221889
656.226696495153,1496.39572458364,239.880059970015
656.226696495153,1516.28138205319,224.887556221889
673.626646781009,1583.39547601293,224.887556221889
681.08376833209,1498.88143176734,224.887556221889
691.026597066866,1516.28138205319,239.880059970015
705.940840169028,1496.39572458364,239.880059970015
713.397961720109,1516.28138205319,224.887556221889
787.969177230922,1058.91126025354,224.887556221889
832.71190653741,1374.59607258265,224.887556221889
855.083271190654,1314.939100174,224.887556221889
860.054685558041,1073.8255033557,254.872563718141
862.540392741735,1053.93984588615,224.887556221889
877.454635843898,1091.22545364156,239.880059970015
889.883171762366,1839.42331593338,224.887556221889
899.826000497141,1056.42555306985,224.887556221889
912.25453641561,1076.3112105394,239.880059970015
927.168779517773,1364.65324384787,224.887556221889
932.14019388516,1369.62465821526,224.887556221889
944.568729803629,1864.28038777032,224.887556221889
976.882923191648,1148.39671886652,239.880059970015
1014.16853094705,1130.99676858066,239.880059970015
1031.56848123291,1135.96818294805,224.887556221889
1046.48272433507,1140.93959731544,224.887556221889
1148.39671886652,1287.59632115337,239.880059970015
1148.39671886652,1314.939100174,224.887556221889
1170.76808351976,1645.53815560527,239.880059970015
1175.73949788715,1812.08053691275,254.872563718141
1217.99652000994,1789.70917225951,224.887556221889
1215.51081282625,1148.39671886652,224.887556221889
1220.48222719364,1817.05195128014,224.887556221889
1227.93934874472,1802.13770817798,239.880059970015
1232.91076311211,1794.6805866269,224.887556221889
1322.39622172508,1886.65175242356,239.880059970015
1334.82475764355,1901.56599552573,254.872563718141
1384.53890131742,1981.10862540393,224.887556221889
1384.53890131742,1700.22371364653,254.872563718141
1399.45314441959,1834.451901566,239.880059970015
1404.42455878698,1879.19463087248,239.880059970015
1409.39597315436,1767.33780760626,224.887556221889
1439.22445935869,889.883171762366,224.887556221889
1483.96718866518,1426.79592344022,224.887556221889
1518.76708923689,1389.51031568481,224.887556221889
1615.70966940094,1436.73875217499,254.872563718141
1623.16679095203,1449.16728809346,239.880059970015
1645.53815560527,1461.59582401193,254.872563718141
1648.02386278896,1441.71016654238,254.872563718141
1769.82351478996,1787.22346507581,224.887556221889
1846.88043748446,1682.82376336068,239.880059970015
544.369873228934,847.626149639573,239.880059970015
549.341287596321,852.59756400696,239.880059970015
594.084016902809,897.340293313448,239.880059970015
596.569724086503,909.768829231916,239.880059970015
604.026845637584,922.197365150385,269.865067466267
608.998260004971,867.511807109123,269.865067466267
621.42679592344,884.911757394979,254.872563718141
633.855331841909,1185.68232662192,269.865067466267
633.855331841909,869.997514292816,254.872563718141
666.169525229928,1481.48148148148,239.880059970015
668.655232413622,1464.08153119563,239.880059970015
681.08376833209,1464.08153119563,239.880059970015
686.055182699478,1478.99577429779,239.880059970015
686.055182699478,1503.85284613473,239.880059970015
795.426298782004,1354.7104151131,254.872563718141
797.912005965697,1034.0541884166,239.880059970015
802.883420333085,1034.0541884166,239.880059970015
817.797663435247,872.48322147651,239.880059970015
865.026099925429,1314.939100174,239.880059970015
874.968928660204,1043.99701715138,254.872563718141
879.940343027591,1061.39696743724,239.880059970015
884.911757394979,1058.91126025354,239.880059970015
902.311707680835,1093.71116082525,239.880059970015
961.968680089485,939.597315436242,254.872563718141
1034.0541884166,1190.65374098931,269.865067466267
1061.39696743724,1155.8538404176,239.880059970015
1061.39696743724,1148.39671886652,239.880059970015
1126.02535421327,1292.56773552076,239.880059970015
1133.48247576436,1275.1677852349,239.880059970015
1148.39671886652,1250.31071339796,254.872563718141
1349.73900074571,1682.82376336068,269.865067466267
1367.13895103157,1707.68083519761,254.872563718141
1369.62465821526,1662.93810589113,269.865067466267
1409.39597315436,1687.79517772806,269.865067466267
1603.28113348248,1456.62440964454,254.872563718141
1630.62391250311,1461.59582401193,269.865067466267
1700.22371364653,1682.82376336068,254.872563718141
1710.16654238131,1735.02361421825,269.865067466267
1715.13795674869,1874.2232165051,239.880059970015
502.11285110614,708.426547352722,269.865067466267
534.427044494159,1409.39597315436,269.865067466267
576.684066616953,1506.33855331842,254.872563718141
574.198359433259,874.968928660204,254.872563718141
611.483967188665,912.25453641561,254.872563718141
631.369624658215,879.940343027591,254.872563718141
641.31245339299,887.397464578673,269.865067466267
646.283867760378,835.197613721104,284.857571214393
648.769574944072,869.997514292816,254.872563718141
656.226696495153,1198.11086254039,269.865067466267
693.512304250559,1488.93860303256,254.872563718141
778.026348496147,1369.62465821526,269.865067466267
815.311956251554,1349.73900074571,269.865067466267
825.254784986329,991.797166293811,254.872563718141
832.71190653741,1053.93984588615,284.857571214393
837.683320904797,1016.65423813075,269.865067466267
840.169028088491,907.283122048223,254.872563718141
857.568978374347,1026.59706686552,284.857571214393
899.826000497141,1053.93984588615,254.872563718141
897.340293313448,1078.79691772309,254.872563718141
1046.48272433507,1066.36838180462,269.865067466267
1056.42555306985,1198.11086254039,284.857571214393
1061.39696743724,1130.99676858066,254.872563718141
1235.3964702958,1133.48247576436,254.872563718141
1250.31071339796,1580.90976882923,284.857571214393
1387.02460850112,1635.59532687049,284.857571214393
1633.1096196868,1436.73875217499,254.872563718141
1657.96669152374,1436.73875217499,269.865067466267
1677.85234899329,1680.33805617698,284.857571214393
1690.28088491176,1730.05219985086,284.857571214393
621.42679592344,917.225950782998,269.865067466267
646.283867760378,879.940343027591,269.865067466267
656.226696495153,862.540392741735,269.865067466267
807.854834700472,1029.08277404922,284.857571214393
817.797663435247,1001.73999502859,284.857571214393
830.226199353716,852.59756400696,269.865067466267
832.71190653741,1004.22570221228,284.857571214393
879.940343027591,1108.62540392742,269.865067466267
952.02585135471,959.482972905792,269.865067466267
956.997265722098,954.511558538404,269.865067466267
974.397216007954,959.482972905792,284.857571214393
994.282873477504,1478.99577429779,314.842578710645
1011.68282376336,1200.59656972409,284.857571214393
1024.11135968183,1190.65374098931,284.857571214393
1041.51130996769,1086.25403927417,269.865067466267
1061.39696743724,1143.42530449913,269.865067466267
1215.51081282625,1411.88168033806,284.857571214393
1367.13895103157,1722.59507829978,269.865067466267
1377.08177976634,1645.53815560527,269.865067466267
1628.13820531941,1782.25205070843,269.865067466267
1630.62391250311,1752.4235645041,299.850074962519
1635.59532687049,1787.22346507581,269.865067466267
1643.05244842158,1779.76634352473,299.850074962519
1643.05244842158,1737.50932140194,269.865067466267
581.65548098434,1043.99701715138,299.850074962519
599.055431270196,1188.16803380562,284.857571214393
608.998260004971,1200.59656972409,284.857571214393
621.42679592344,857.568978374347,284.857571214393
626.398210290828,1208.05369127517,299.850074962519
797.912005965697,1058.91126025354,299.850074962519
815.311956251554,1068.85408898832,284.857571214393
817.797663435247,1058.91126025354,284.857571214393
847.626149639573,1357.19612229679,284.857571214393
847.626149639573,996.768580661198,299.850074962519
860.054685558041,1048.96843151877,284.857571214393
1031.56848123291,1101.16828237634,284.857571214393
1031.56848123291,1170.76808351976,284.857571214393
1163.31096196868,1710.16654238131,299.850074962519
1183.19661943823,1429.28163062391,299.850074962519
1188.16803380562,1441.71016654238,284.857571214393
1190.65374098931,1426.79592344022,299.850074962519
1307.48197862292,1372.11036539896,284.857571214393
1372.11036539896,1692.76659209545,284.857571214393
1401.93885160328,1638.08103405419,284.857571214393
1434.2530449913,1782.25205070843,314.842578710645
1640.56674123788,1747.45215013671,284.857571214393
544.369873228934,1066.36838180462,314.842578710645
571.712652249565,1048.96843151877,314.842578710645
586.626895351728,1063.88267462093,314.842578710645
643.798160576684,872.48322147651,299.850074962519
648.769574944072,869.997514292816,299.850074962519
780.512055679841,1043.99701715138,299.850074962519
812.82624906786,1076.3112105394,314.842578710645
837.683320904797,1096.19686800895,314.842578710645
1073.8255033557,1058.91126025354,314.842578710645
1130.99676858066,1091.22545364156,314.842578710645
1309.96768580661,1389.51031568481,314.842578710645
1314.939100174,1140.93959731544,329.835082458771
1394.4817300522,1411.88168033806,344.827586206897
1459.11011682824,1573.45264727815,329.835082458771
1496.39572458364,1578.42406164554,329.835082458771
1493.91001739995,1553.5669898086,359.820089955023
1511.30996768581,1511.30996768581,329.835082458771
1625.65249813572,1777.28063634104,299.850074962519
546.855580412627,1051.45413870246,314.842578710645
668.655232413622,1173.25379070346,314.842578710645
1026.59706686552,1384.53890131742,314.842578710645
1150.88242605021,1712.652249565,329.835082458771
1190.65374098931,1702.70942083023,314.842578710645
1220.48222719364,1389.51031568481,314.842578710645
1237.88217747949,1575.93835446184,329.835082458771
1267.71066368382,1650.50956997266,344.827586206897
1277.65349241859,1665.42381307482,344.827586206897
1297.53914988814,1138.45389013174,314.842578710645
1374.59607258265,1404.42455878698,344.827586206897
1396.96743723589,1730.05219985086,329.835082458771
1396.96743723589,1436.73875217499,344.827586206897
1421.82450907283,1700.22371364653,329.835082458771
1424.31021625653,1685.30947054437,314.842578710645
1424.31021625653,1680.33805617698,314.842578710645
1424.31021625653,1720.10937111608,314.842578710645
1466.56723837932,1531.19562515536,344.827586206897
1478.99577429779,1590.85259756401,329.835082458771
1491.42431021626,1605.76684066617,344.827586206897
1531.19562515536,1491.42431021626,314.842578710645
1640.56674123788,1744.96644295302,314.842578710645
889.883171762366,1163.31096196868,374.812593703148
1036.5398956003,1382.05319413373,329.835082458771
1175.73949788715,1715.13795674869,329.835082458771
1436.73875217499,1561.02411135968,359.820089955023
1446.68158090977,1556.05269699229,329.835082458771
1461.59582401193,1546.10986825752,329.835082458771
1491.42431021626,1528.70991797166,359.820089955023
1523.73850360428,1478.99577429779,359.820089955023
1513.7956748695,1493.91001739995,329.835082458771
877.454635843898,1155.8538404176,359.820089955023
879.940343027591,1135.96818294805,359.820089955023
914.740243599304,1347.25329356202,359.820089955023
976.882923191648,1225.45364156102,359.820089955023
981.854337559036,1245.33929903057,374.812593703148
1108.62540392742,1225.45364156102,389.805097451274
1334.82475764355,1498.88143176734,359.820089955023
1496.39572458364,1575.93835446184,344.827586206897
902.311707680835,1379.56748695004,359.820089955023
912.25453641561,1342.28187919463,359.820089955023
917.225950782998,1372.11036539896,359.820089955023
1036.5398956003,1275.1677852349,374.812593703148
1058.91126025354,1163.31096196868,389.805097451274
1096.19686800895,1245.33929903057,389.805097451274
1118.56823266219,1250.31071339796,404.7976011994
1178.22520507084,1439.22445935869,389.805097451274
1297.53914988814,1359.68182948049,374.812593703148
1307.48197862292,1364.65324384787,374.812593703148
1307.48197862292,1354.7104151131,374.812593703148
1314.939100174,1486.45289584887,404.7976011994
1337.31046482724,1528.70991797166,374.812593703148
1406.91026597067,1424.31021625653,359.820089955023
1469.05294556301,1580.90976882923,359.820089955023
989.311459110117,1227.93934874472,374.812593703148
1086.25403927417,1225.45364156102,404.7976011994
1280.13919960229,1362.16753666418,374.812593703148
1290.08202833706,1367.13895103157,374.812593703148
1292.56773552076,1347.25329356202,389.805097451274
1300.02485707184,1344.76758637832,374.812593703148
1021.62565249814,1126.02535421327,404.7976011994
1041.51130996769,1145.91101168282,419.790104947526
1066.36838180462,1143.42530449913,404.7976011994
1297.53914988814,1364.65324384787,419.790104947526
1382.05319413373,1409.39597315436,389.805097451274
1469.05294556301,1543.62416107383,389.805097451274
1474.0243599304,1551.08128262491,389.805097451274
1337.31046482724,1528.70991797166,404.7976011994
1076.3112105394,1247.82500621427,434.782608695652
1270.19637086751,1372.11036539896,434.782608695652
1086.25403927417,1237.88217747949,434.782608695652
1118.56823266219,1235.3964702958,434.782608695652
