0.712307027858334
0.712307027858334
0.711882214204409
0.711033853381994
0.709764470240156
0.708077831830847
0.705978923373771
0.70347391659079
0.700570130729765
0.69727598666922
0.693600954561288
0.689555495530179
0.685150997996124
0.6803997092398
0.675314662859082
0.669909602798255
0.664198904649374
0.658197494936101
0.651920769092262
0.645384508840693
0.638604799662976
0.631597949027991
0.624380406017247
0.616968682948409
0.609379279556162
0.601628610242111
0.593732934853936
0.585708293399154
0.577570445041646
0.569334811670378
0.561016426270409
0.552629886267191
0.544189311957064
0.53570831008054
0.527199942541118
0.518676700221503
0.510150481801877
0.501632577441539
0.493133657146329
0.484663763609837
0.476232309286835
0.467848077432558
0.459519226821539
0.451253299844518
0.443057233671396
0.434937374162048
0.426899492204867
0.418948802164758
0.411089982127756
0.403327195637991
0.395664114634121
0.388103943306094
0.380649442608872
0.373302955187127
0.36606643048352
0.358941449822655
0.351929251282794
0.345030754187649
0.338246583070677
0.33157709098412
0.325022382044245
0.318582333122702
0.312256614611462
0.306044710205256
0.299945935660763
0.293959456505855
0.288084304685013
0.28231939413851
0.27666353532313
0.271115448691119
0.265673777151682
0.260337097545817
0.255103931170596
0.249972753393253
0.244942002398719
0.240010087116634
0.235175394375406
0.230436295331756
0.225791151224355
0.221238318499831
0.216776153358581
0.212403015766585
0.208117272977908
0.203917302610708
0.199801495317618
0.195768257089192
0.191816011226876
0.187943200019677
0.184148286156401
0.180429753903076
0.176786110072904
0.173215884813979
0.16971763223789
0.16628993091039
0.16293138422343
0.159640620666117
0.156416294010526
0.153257083426794
0.15016169354052
0.147128854444228
0.144157321673491
0.141245876157226
0.138393324150725
0.1355984971591
0.132860251858012
0.130177470017829
0.127549058436701
0.12497394888739
0.122451098082174
0.11997948765954
0.117558124195945
0.115186039245357
0.112862289408873
0.110585956436195
0.108356147360286
0.106171994666041
0.104032656493321
0.101937316874195
0.0998851860036915
0.0978755005428599
0.0959075239523463
0.0939805468541427
0.0920938874185642
0.0902468917729142
0.0884389344276857
0.086669418715539
0.0849377772376841
0.0832434723117036
0.0815859964142716
0.0799648726116794
0.0783796549705645
0.0768299289407811
0.0753153117019485
0.0738354524648803
0.0723900327188488
0.0709787664154819
0.069601400080032
0.0682577128408133
0.0669475163677803
0.0656706547115224
0.0644270040343872
0.0632164722260169
0.0620389983962949
0.0608945522395522
0.0597831332648686
0.0587047698884252
0.0576595183851075
0.0566474616979175
0.055668708105213
0.054723389747341
0.0538116610158501
0.0529336968101338
0.052089690668058
0.0512798527788277
0.0505044078880362
0.0497635931064835
0.0490576556359272
0.0483868504264087
0.047751437781159
0.0471516809263072
0.0465878435636616
0.0460601874256974
0.0455689698525382
0.0451144414111475
0.0446968435771417
0.0443164064995837
0.0439733468688109
0.0436678659067937
0.0434001474987097
0.0431703564833658
0.0429786371188059
0.0428251117379344
0.0427098796072717
0.0426330160000616
0.0425945714929036
0.0425945714929036
