4.97141436738752,1936.36589609744,20
7.45712155108128,64.6283867760378,20
7.45712155108128,432.513049962714,20
9.94282873477504,698.483718617947,20
12.4285359184688,773.05493412876,20
7.45712155108128,233.656475267214,20
7.45712155108128,715.883668903803,20
9.94282873477504,1004.22570221228,20
9.94282873477504,2197.36515038528,20
14.9142431021626,283.370618941089,20
14.9142431021626,1036.5398956003,20
14.9142431021626,236.142182450907,20
17.3999502858563,865.026099925429,20
24.8570718369376,350.48471290082,20
22.3713646532438,2368.87894606015,20
24.8570718369376,2324.13621675367,20
29.8284862043251,700.969425801641,20
24.8570718369376,1004.22570221228,20
24.8570718369376,1235.3964702958,20
22.3713646532438,1486.45289584887,20
24.8570718369376,432.513049962714,20
27.3427790206314,790.454884414616,20
32.3141933880189,430.027342779021,20
32.3141933880189,929.654486701467,20
34.7999005717127,1088.73974645787,20
34.7999005717127,1931.39448173005,20
37.2856077554064,2234.65075814069,20
42.2570221227939,397.713149391002,20
42.2570221227939,447.427293064877,20
42.2570221227939,1275.1677852349,20
42.2570221227939,2005.96569724086,20
49.7141436738752,1354.7104151131,20
47.2284364901815,837.683320904797,20
47.2284364901815,365.398956002983,20
44.7427293064877,2254.53641561024,20
52.199850857569,2259.50782997763,20
57.1712652249565,894.854586129754,20
57.1712652249565,909.768829231916,20
59.6569724086503,2252.05070842655,20
64.6283867760378,907.283122048223,20
64.6283867760378,713.397961720109,20
64.6283867760378,594.084016902809,20
62.142679592344,2257.02212279394,20
69.5998011434253,686.055182699478,20
67.1140939597315,810.340541884166,20
72.0855083271191,2289.33631618195,20
72.0855083271191,1826.99478001491,20
72.0855083271191,39.7713149391002,20
77.0569226945066,817.797663435247,20
79.5426298782003,2276.90778026349,20
79.5426298782003,1809.59482972906,20
86.9997514292816,270.94208302262,20
89.4854586129754,755.654983842903,20
91.9711657966692,581.65548098434,20
91.9711657966692,1469.05294556301,20
96.9425801640567,1337.31046482724,20
96.9425801640567,636.341039025603,20
101.913994531444,198.856574695501,20
104.399701715138,715.883668903803,20
104.399701715138,268.456375838926,20
111.856823266219,666.169525229928,20
116.828237633607,136.713895103157,20
116.828237633607,658.712403678847,20
119.313944817301,594.084016902809,20
124.285359184688,2378.82177479493,20
124.285359184688,812.82624906786,20
126.771066368382,2279.39348744718,20
124.285359184688,2346.50758140691,20
131.742480735769,695.998011434253,20
126.771066368382,1126.02535421327,20
129.256773552076,1759.88068605518,20
126.771066368382,2145.16529952772,20
131.742480735769,902.311707680835,20
131.742480735769,325.627641063883,40
136.713895103157,549.341287596321,20
134.228187919463,320.656226696495,20
136.713895103157,1235.3964702958,20
136.713895103157,1824.50907283122,20
136.713895103157,1757.39497887149,20
141.685309470544,815.311956251554,20
146.656723837932,743.226447924435,20
149.142431021626,954.511558538404,20
151.628138205319,82.0283370618941,20
156.599552572707,325.627641063883,20
161.570966940094,862.540392741735,20
161.570966940094,693.512304250559,20
159.085259756401,663.683818046234,20
164.056674123788,1364.65324384787,20
171.513795674869,775.540641312453,20
171.513795674869,1292.56773552076,20
176.485210042257,785.483470047228,20
176.485210042257,541.88416604524,20
178.970917225951,1986.08003977131,20
181.456624409645,693.512304250559,20
181.456624409645,1327.36763609247,20
181.456624409645,932.14019388516,20
186.428038777032,1270.19637086751,20
186.428038777032,541.88416604524,20
191.39945314442,802.883420333085,20
193.885160328113,780.512055679841,20
198.856574695501,1991.0514541387,20
208.799403430276,852.59756400696,20
208.799403430276,566.741237882178,20
208.799403430276,845.140442455879,20
211.28511061397,792.94059159831,20
221.227939348745,246.085011185682,20
223.713646532438,1314.939100174,20
223.713646532438,1543.62416107383,20
231.17076808352,763.112105393985,20
226.199353716132,1068.85408898832,20
226.199353716132,104.399701715138,20
233.656475267214,1722.59507829978,20
241.113596818295,241.113596818295,20
246.085011185682,996.768580661198,20
241.113596818295,1978.62291822023,20
246.085011185682,1290.08202833706,20
248.570718369376,67.1140939597315,20
265.970668655232,782.997762863535,20
273.427790206314,1603.28113348248,20
280.884911757395,735.769326373353,20
278.399204573701,1526.22421078797,20
275.913497390007,1598.30971911509,20
278.399204573701,2418.59308973403,20
280.884911757395,169.028088491176,20
285.856326124783,176.485210042257,20
285.856326124783,591.598309719115,40
288.342033308476,285.856326124783,40
293.313447675864,1344.76758637832,20
298.284862043251,536.912751677852,20
298.284862043251,1511.30996768581,20
303.256276410639,444.941585881183,20
305.741983594333,683.569475515784,20
320.656226696495,991.797166293811,40
318.170519512801,695.998011434253,20
318.170519512801,723.340790454884,20
318.170519512801,1769.82351478996,20
323.141933880189,2102.90827740492,20
330.59905543127,2085.50832711907,20
333.084762614964,668.655232413622,20
340.541884166045,773.05493412876,40
340.541884166045,1419.33880188914,20
352.970420084514,758.140691026597,20
355.456127268208,2105.39398458862,20
352.970420084514,2428.5359184688,20
355.456127268208,1836.93760874969,20
355.456127268208,666.169525229928,20
355.456127268208,2423.56450410142,20
360.427541635595,437.484464330102,20
360.427541635595,2448.42157593835,20
360.427541635595,1943.82301764852,20
362.913248819289,1789.70917225951,20
362.913248819289,2257.02212279394,20
367.884663186677,2403.67884663187,20
372.856077554064,1290.08202833706,20
375.341784737758,449.913000248571,20
375.341784737758,512.055679840915,20
377.827491921452,586.626895351728,20
377.827491921452,427.541635595327,20
382.798906288839,434.998757146408,20
385.284613472533,1145.91101168282,20
387.770320656227,2053.19413373105,20
387.770320656227,1918.96594581158,20
390.25602783992,1913.9945314442,20
392.741735023614,974.397216007954,20
392.741735023614,810.340541884166,20
395.227442207308,1039.02560278399,20
397.713149391002,407.655978125777,20
405.170270942083,1774.79492915735,20
405.170270942083,519.512801391996,20
407.655978125777,1178.22520507084,20
405.170270942083,1503.85284613473,20
407.655978125777,845.140442455879,20
407.655978125777,1498.88143176734,20
412.627392493164,1411.88168033806,20
410.141685309471,514.541387024609,20
412.627392493164,462.34153616704,20
415.113099676858,728.312204822272,20
417.598806860552,2092.96544867015,20
420.084514044246,1956.25155356699,20
425.055928411633,606.512552821278,20
422.570221227939,2087.99403430276,20
430.027342779021,1789.70917225951,20
427.541635595327,1759.88068605518,20
430.027342779021,768.083519761372,20
432.513049962714,981.854337559036,20
432.513049962714,745.712155108128,20
432.513049962714,718.369376087497,20
434.998757146408,1006.71140939597,20
439.970171513796,2028.33706189411,20
442.455878697489,1173.25379070346,20
442.455878697489,599.055431270196,20
449.913000248571,683.569475515784,20
447.427293064877,594.084016902809,20
447.427293064877,1851.85185185185,20
447.427293064877,1978.62291822023,20
449.913000248571,1841.90902311708,20
457.370121799652,882.426050211285,20
457.370121799652,1198.11086254039,20
454.884414615958,1844.39473030077,20
462.34153616704,1782.25205070843,20
467.312950534427,912.25453641561,20
467.312950534427,1004.22570221228,20
467.312950534427,1774.79492915735,20
472.284364901815,1762.36639323888,20
472.284364901815,810.340541884166,20
469.798657718121,1802.13770817798,20
474.770072085508,400.198856574696,20
472.284364901815,1807.10912254536,20
474.770072085508,1153.36813323391,20
479.741486452896,673.626646781009,20
477.255779269202,1446.68158090977,20
484.712900820283,2045.73701217997,20
492.170022371365,1677.85234899329,20
484.712900820283,832.71190653741,20
489.684315187671,1662.93810589113,20
489.684315187671,1759.88068605518,20
494.655729555058,1523.73850360428,20
494.655729555058,2078.05120556798,20
497.141436738752,869.997514292816,20
504.598558289833,1513.7956748695,20
502.11285110614,748.197862291822,20
507.084265473527,1441.71016654238,20
502.11285110614,1904.05170270942,20
509.569972657221,743.226447924435,20
512.055679840915,770.569226945066,20
517.027094208302,1334.82475764355,20
512.055679840915,1461.59582401193,20
514.541387024609,1831.9661943823,20
521.99850857569,817.797663435247,20
521.99850857569,832.71190653741,20
526.969922943077,708.426547352722,40
526.969922943077,1058.91126025354,20
526.969922943077,1051.45413870246,20
531.941337310465,855.083271190654,20
531.941337310465,1891.62316679095,20
539.398458861546,976.882923191648,20
536.912751677852,2053.19413373105,20
544.369873228934,1486.45289584887,20
539.398458861546,2045.73701217997,20
544.369873228934,815.311956251554,20
551.826994780015,939.597315436242,20
549.341287596321,1909.02311707681,20
554.312701963709,797.912005965697,20
554.312701963709,1575.93835446184,20
559.284116331096,956.997265722098,20
559.284116331096,1998.50857568978,20
559.284116331096,1183.19661943823,20
561.76982351479,1958.73726075068,20
561.76982351479,892.36887894606,20
566.741237882178,1583.39547601293,20
564.255530698484,981.854337559036,20
564.255530698484,415.113099676858,20
566.741237882178,1183.19661943823,20
569.226945065871,822.769077802635,20
566.741237882178,743.226447924435,20
569.226945065871,1936.36589609744,20
574.198359433259,2406.16455381556,20
574.198359433259,1106.13969674372,20
574.198359433259,1911.5088242605,20
579.169773800646,1339.79617201094,20
576.684066616953,221.227939348745,40
589.112602535421,894.854586129754,20
589.112602535421,952.02585135471,20
589.112602535421,2371.36465324385,20
591.598309719115,1230.42505592841,20
591.598309719115,1287.59632115337,20
596.569724086503,1874.2232165051,20
596.569724086503,954.511558538404,20
596.569724086503,947.054436987323,20
604.026845637584,502.11285110614,20
604.026845637584,981.854337559036,20
601.54113845389,996.768580661198,20
604.026845637584,1968.68008948546,20
606.512552821278,2142.67959234402,20
606.512552821278,1936.36589609744,20
606.512552821278,2458.36440467313,20
606.512552821278,2090.47974148645,20
608.998260004971,2083.02261993537,20
611.483967188665,1103.65398956003,20
613.969674372359,1710.16654238131,20
618.941088739746,2003.47999005717,20
621.42679592344,1327.36763609247,20
623.912503107134,730.797912005966,20
623.912503107134,2030.8227690778,20
623.912503107134,1993.5371613224,20
631.369624658215,1063.88267462093,20
628.883917474521,1533.68133233905,20
623.912503107134,2092.96544867015,20
626.398210290828,402.684563758389,20
628.883917474521,1076.3112105394,20
631.369624658215,484.712900820283,20
633.855331841909,601.54113845389,20
633.855331841909,385.284613472533,20
643.798160576684,1073.8255033557,20
646.283867760378,405.170270942083,20
641.31245339299,1086.25403927417,20
643.798160576684,17.3999502858563,20
648.769574944072,2142.67959234402,20
651.255282127765,1705.19512801392,20
653.740989311459,2065.62266964952,20
653.740989311459,1943.82301764852,20
656.226696495153,4.97141436738752,20
658.712403678847,350.48471290082,20
663.683818046234,1904.05170270942,20
663.683818046234,2023.36564752672,20
663.683818046234,1819.53765846383,20
668.655232413622,1670.39522744221,20
671.140939597315,1700.22371364653,20
671.140939597315,2127.76534924186,20
678.598061148397,44.7427293064877,20
676.112353964703,1344.76758637832,20
676.112353964703,1568.48123291076,20
678.598061148397,1267.71066368382,20
688.540889883172,805.369127516779,20
688.540889883172,449.913000248571,20
691.026597066866,2030.8227690778,20
691.026597066866,54.6855580412627,20
693.512304250559,494.655729555058,20
700.969425801641,2140.19388516033,20
698.483718617947,1961.22296793438,20
698.483718617947,1864.28038777032,20
695.998011434253,1968.68008948546,20
698.483718617947,82.0283370618941,20
700.969425801641,1188.16803380562,20
708.426547352722,2361.42182450907,20
705.940840169028,1660.45239870743,20
705.940840169028,72.0855083271191,20
710.912254536416,2053.19413373105,20
710.912254536416,507.084265473527,20
713.397961720109,1774.79492915735,20
710.912254536416,1717.62366393239,20
710.912254536416,1093.71116082525,40
720.855083271191,12.4285359184688,60
720.855083271191,1869.25180213771,20
718.369376087497,263.484961471539,20
720.855083271191,1638.08103405419,20
723.340790454884,2264.47924434502,20
728.312204822272,1901.56599552573,20
733.283619189659,2105.39398458862,20
730.797912005966,1680.33805617698,20
735.769326373353,1687.79517772806,20
738.255033557047,1593.3383047477,20
748.197862291822,2083.02261993537,20
760.626398210291,1396.96743723589,20
760.626398210291,1628.13820531941,20
768.083519761372,2080.53691275168,20
770.569226945066,1685.30947054437,20
770.569226945066,263.484961471539,20
773.05493412876,1277.65349241859,20
773.05493412876,1645.53815560527,20
778.026348496147,290.82774049217,20
780.512055679841,2403.67884663187,20
785.483470047228,1573.45264727815,20
782.997762863535,183.942331593338,20
785.483470047228,178.970917225951,20
785.483470047228,2122.79393487447,20
787.969177230922,1710.16654238131,20
785.483470047228,1715.13795674869,20
795.426298782004,2127.76534924186,20
797.912005965697,412.627392493164,20
797.912005965697,1677.85234899329,20
800.397713149391,2165.05095699727,20
800.397713149391,2147.65100671141,20
797.912005965697,479.741486452896,20
802.883420333085,474.770072085508,20
810.340541884166,231.17076808352,20
817.797663435247,1792.1948794432,20
817.797663435247,2237.13646532438,20
820.283370618941,427.541635595327,20
817.797663435247,2142.67959234402,20
822.769077802635,2117.82252050708,20
822.769077802635,2244.59358687547,20
822.769077802635,1590.85259756401,20
822.769077802635,1672.8809346259,20
827.740492170022,442.455878697489,20
830.226199353716,2073.0797912006,20
835.197613721104,392.741735023614,20
840.169028088491,2475.76435495899,20
837.683320904797,2229.6793437733,20
845.140442455879,318.170519512801,20
852.59756400696,2120.30822769078,20
847.626149639573,2433.50733283619,20
855.083271190654,2150.1367138951,20
852.59756400696,2433.50733283619,20
860.054685558041,270.94208302262,20
855.083271190654,671.140939597315,40
857.568978374347,29.8284862043251,20
857.568978374347,283.370618941089,20
865.026099925429,551.826994780015,20
867.511807109123,62.142679592344,20
872.48322147651,2127.76534924186,20
872.48322147651,2448.42157593835,20
874.968928660204,422.570221227939,20
894.854586129754,459.855828983346,20
892.36887894606,1300.02485707184,20
894.854586129754,467.312950534427,20
899.826000497141,290.82774049217,20
899.826000497141,2020.87994034303,20
902.311707680835,2341.53616703952,20
902.311707680835,159.085259756401,20
904.797414864529,1369.62465821526,20
907.283122048223,434.998757146408,20
909.768829231916,1342.28187919463,20
914.740243599304,278.399204573701,20
914.740243599304,2152.6224210788,20
917.225950782998,2155.10812826249,20
917.225950782998,345.513298533433,20
919.711657966692,2329.10763112105,40
922.197365150385,2470.7929405916,20
924.683072334079,430.027342779021,20
922.197365150385,2092.96544867015,20
929.654486701467,268.456375838926,20
929.654486701467,2363.90753169277,20
937.111608252548,2284.36490181457,20
937.111608252548,2376.33606761124,20
939.597315436242,564.255530698484,20
942.083022619935,519.512801391996,20
939.597315436242,1133.48247576436,20
942.083022619935,494.655729555058,20
939.597315436242,2356.45041014169,20
942.083022619935,2358.93611732538,20
944.568729803629,656.226696495153,20
952.02585135471,2080.53691275168,20
949.540144171017,2381.30748197862,20
954.511558538404,427.541635595327,20
954.511558538404,186.428038777032,20
954.511558538404,1508.82426050211,20
952.02585135471,191.39945314442,20
964.454387273179,897.340293313448,20
959.482972905792,1337.31046482724,20
959.482972905792,325.627641063883,20
959.482972905792,1344.76758637832,20
966.940094456873,2286.85060899826,20
969.425801640567,265.970668655232,20
966.940094456873,2025.85135471042,20
969.425801640567,1126.02535421327,20
969.425801640567,328.113348247576,20
971.911508824261,492.170022371365,20
981.854337559036,2383.79318916232,20
984.340044742729,169.028088491176,20
984.340044742729,2279.39348744718,20
989.311459110117,295.799154859558,20
996.768580661198,2035.79418344519,20
991.797166293811,472.284364901815,20
999.254287844892,2242.10787969177,20
996.768580661198,1399.45314441959,20
999.254287844892,2274.42207307979,20
999.254287844892,1006.71140939597,20
999.254287844892,2398.70743226448,20
1001.73999502859,554.312701963709,20
1004.22570221228,452.398707432264,20
1009.19711657967,1185.68232662192,20
1011.68282376336,2266.96495152871,20
1006.71140939597,372.856077554064,20
1011.68282376336,840.169028088491,20
1019.13994531444,1501.36713895103,20
1026.59706686552,1618.19537658464,20
1026.59706686552,1056.42555306985,20
1031.56848123291,2015.90852597564,20
1029.08277404922,633.855331841909,20
1029.08277404922,64.6283867760378,20
1039.02560278399,591.598309719115,20
1043.99701715138,2408.65026099925,20
1039.02560278399,1153.36813323391,20
1043.99701715138,59.6569724086503,20
1041.51130996769,482.22719363659,20
1046.48272433507,1081.28262490679,20
1043.99701715138,42.2570221227939,20
1046.48272433507,1245.33929903057,20
1046.48272433507,2189.9080288342,20
1048.96843151877,295.799154859558,20
1048.96843151877,1275.1677852349,20
1051.45413870246,2249.56500124285,20
1051.45413870246,1280.13919960229,20
1058.91126025354,2438.47874720358,20
1056.42555306985,2189.9080288342,20
1058.91126025354,526.969922943077,20
1058.91126025354,521.99850857569,20
1066.36838180462,109.371116082525,20
1066.36838180462,611.483967188665,20
1068.85408898832,2229.6793437733,20
1078.79691772309,1615.70966940094,20
1081.28262490679,1173.25379070346,20
1081.28262490679,1486.45289584887,20
1086.25403927417,1981.10862540393,20
1083.76833209048,101.913994531444,20
1083.76833209048,564.255530698484,20
1086.25403927417,1700.22371364653,20
1086.25403927417,1116.0825254785,20
1088.73974645787,944.568729803629,20
1091.22545364156,1071.33979617201,20
1091.22545364156,1063.88267462093,20
1096.19686800895,2165.05095699727,20
1096.19686800895,534.427044494159,20
1101.16828237634,1029.08277404922,20
1103.65398956003,1193.13944817301,20
1098.68257519264,2214.76510067114,20
1103.65398956003,1717.62366393239,20
1106.13969674372,1153.36813323391,20
1106.13969674372,504.598558289833,20
1108.62540392742,452.398707432264,20
1108.62540392742,1337.31046482724,20
1111.11111111111,1623.16679095203,20
1111.11111111111,899.826000497141,20
1111.11111111111,1063.88267462093,20
1111.11111111111,1580.90976882923,20
1111.11111111111,1111.11111111111,20
1116.0825254785,1764.85210042257,20
1113.5968182948,1406.91026597067,20
1116.0825254785,1421.82450907283,20
1116.0825254785,959.482972905792,20
1113.5968182948,1583.39547601293,20
1118.56823266219,1173.25379070346,20
1126.02535421327,1188.16803380562,20
1130.99676858066,454.884414615958,20
1133.48247576436,283.370618941089,20
1135.96818294805,1039.02560278399,20
1138.45389013174,1247.82500621427,20
1135.96818294805,942.083022619935,20
1135.96818294805,449.913000248571,20
1140.93959731544,1170.76808351976,20
1135.96818294805,2207.30797912006,20
1140.93959731544,1536.16703952274,20
1140.93959731544,2296.79343773304,20
1138.45389013174,2202.33656475267,20
1145.91101168282,1822.02336564753,20
1143.42530449913,1973.65150385285,20
1140.93959731544,2020.87994034303,20
1150.88242605021,1121.05393984589,20
1153.36813323391,1849.36614466816,40
1150.88242605021,1511.30996768581,20
1158.33954760129,1158.33954760129,20
1155.8538404176,1787.22346507581,20
1158.33954760129,263.484961471539,20
1163.31096196868,1106.13969674372,20
1165.79666915237,1938.85160328113,20
1160.82525478499,1829.48048719861,40
1163.31096196868,343.027591349739,20
1165.79666915237,1193.13944817301,20
1168.28237633607,2296.79343773304,20
1165.79666915237,2274.42207307979,20
1170.76808351976,1819.53765846383,40
1168.28237633607,2276.90778026349,20
1170.76808351976,2043.25130499627,20
1173.25379070346,1178.22520507084,20
1170.76808351976,2075.56549838429,20
1173.25379070346,2068.10837683321,20
1178.22520507084,1839.42331593338,20
1180.71091225454,2127.76534924186,20
1185.68232662192,800.397713149391,20
1190.65374098931,1869.25180213771,20
1193.13944817301,1630.62391250311,20
1193.13944817301,1822.02336564753,20
1193.13944817301,1076.3112105394,20
1198.11086254039,790.454884414616,40
1193.13944817301,1414.36738752175,20
1193.13944817301,1140.93959731544,20
1195.6251553567,2055.67984091474,20
1200.59656972409,2003.47999005717,40
1205.56798409147,2015.90852597564,20
1210.53939845886,810.340541884166,40
1210.53939845886,1143.42530449913,20
1213.02510564256,1185.68232662192,20
1210.53939845886,1421.82450907283,20
1217.99652000994,1536.16703952274,20
1215.51081282625,2038.27989062888,20
1215.51081282625,1382.05319413373,20
1222.96793437733,797.912005965697,20
1220.48222719364,790.454884414616,40
1222.96793437733,2033.3084762615,20
1222.96793437733,1690.28088491176,40
1225.45364156102,1275.1677852349,20
1227.93934874472,1774.79492915735,20
1227.93934874472,1421.82450907283,20
1225.45364156102,594.084016902809,20
1230.42505592841,611.483967188665,20
1230.42505592841,1488.93860303256,20
1235.3964702958,1046.48272433507,20
1237.88217747949,1272.68207805121,20
1247.82500621427,79.5426298782003,20
1255.28212776535,1290.08202833706,20
1260.25354213274,1513.7956748695,20
1260.25354213274,1931.39448173005,20
1262.73924931643,2383.79318916232,20
1262.73924931643,1889.13745960726,20
1262.73924931643,1006.71140939597,20
1265.22495650012,1822.02336564753,20
1265.22495650012,2465.82152622421,20
1265.22495650012,1913.9945314442,20
1270.19637086751,688.540889883172,20
1267.71066368382,1387.02460850112,20
1270.19637086751,2398.70743226448,20
1272.68207805121,305.741983594333,20
1270.19637086751,1118.56823266219,20
1270.19637086751,432.513049962714,40
1272.68207805121,671.140939597315,20
1275.1677852349,720.855083271191,20
1277.65349241859,1265.22495650012,20
1272.68207805121,1389.51031568481,20
1275.1677852349,1019.13994531444,20
1282.62490678598,1682.82376336068,20
1282.62490678598,676.112353964703,20
1285.11061396967,1662.93810589113,20
1290.08202833706,2045.73701217997,20
1292.56773552076,1638.08103405419,20
1295.05344270445,1605.76684066617,20
1292.56773552076,1826.99478001491,20
1297.53914988814,1802.13770817798,20
1307.48197862292,1610.73825503356,20
1304.99627143922,1802.13770817798,20
1309.96768580661,683.569475515784,20
1312.45339299031,676.112353964703,20
1314.939100174,1357.19612229679,20
1319.91051454139,1896.59458115834,20
1322.39622172508,1645.53815560527,20
1324.88192890877,1722.59507829978,20
1337.31046482724,1382.05319413373,20
1339.79617201094,1891.62316679095,20
1344.76758637832,14.9142431021626,20
1344.76758637832,725.826497638578,20
1352.22470792941,1580.90976882923,20
1354.7104151131,1377.08177976634,20
1364.65324384787,1735.02361421825,20
1369.62465821526,1931.39448173005,20
1369.62465821526,1551.08128262491,20
1387.02460850112,2182.45090728312,20
1399.45314441959,303.256276410639,20
1399.45314441959,59.6569724086503,20
1409.39597315436,417.598806860552,20
1421.82450907283,2000.99428287348,20
1424.31021625653,1426.79592344022,20
1429.28163062391,1160.82525478499,20
1434.2530449913,1297.53914988814,20
1439.22445935869,1096.19686800895,20
1444.19587372608,1098.68257519264,20
1444.19587372608,1091.22545364156,20
1464.08153119563,462.34153616704,20
1461.59582401193,467.312950534427,20
1466.56723837932,517.027094208302,20
1466.56723837932,425.055928411633,20
1481.48148148148,1739.99502858563,20
1483.96718866518,1822.02336564753,20
1493.91001739995,1396.96743723589,20
1501.36713895103,2152.6224210788,20
1506.33855331842,1861.79468058663,20
1513.7956748695,1426.79592344022,20
1511.30996768581,1096.19686800895,20
1513.7956748695,2112.8511061397,20
1518.76708923689,1792.1948794432,20
1523.73850360428,1399.45314441959,20
1526.22421078797,1894.10887397465,20
1531.19562515536,1946.30872483221,20
1528.70991797166,1404.42455878698,20
1533.68133233905,1973.65150385285,20
1531.19562515536,1804.62341536167,20
1536.16703952274,2162.56524981357,20
1543.62416107383,2000.99428287348,20
1543.62416107383,2165.05095699727,20
1548.59557544121,2274.42207307979,20
1553.5669898086,1958.73726075068,20
1551.08128262491,2204.82227193637,40
1553.5669898086,1906.53740989311,20
1561.02411135968,1769.82351478996,20
1558.53840417599,1153.36813323391,20
1568.48123291076,1824.50907283122,20
1570.96694009446,2281.87919463087,20
1570.96694009446,1163.31096196868,20
1578.42406164554,1722.59507829978,20
1580.90976882923,1533.68133233905,20
1580.90976882923,2271.9363658961,20
1588.36689038031,2010.93711160825,20
1590.85259756401,1369.62465821526,20
1593.3383047477,2162.56524981357,20
1595.82401193139,1362.16753666418,20
1600.79542629878,1665.42381307482,20
1598.30971911509,1916.48023862789,20
1598.30971911509,1956.25155356699,20
1608.25254784986,1561.02411135968,20
1608.25254784986,1461.59582401193,40
1608.25254784986,1108.62540392742,20
1613.22396221725,1441.71016654238,20
1613.22396221725,1377.08177976634,20
1618.19537658464,1215.51081282625,20
1620.68108376833,1461.59582401193,20
1620.68108376833,211.28511061397,20
1618.19537658464,954.511558538404,20
1618.19537658464,947.054436987323,20
1620.68108376833,2257.02212279394,20
1623.16679095203,1498.88143176734,20
1635.59532687049,1610.73825503356,20
1640.56674123788,1471.53865274671,20
1640.56674123788,1180.71091225454,20
1645.53815560527,1354.7104151131,20
1648.02386278896,1697.73800646284,20
1650.50956997266,24.8570718369376,40
1650.50956997266,1789.70917225951,20
1652.99527715635,1605.76684066617,20
1652.99527715635,1488.93860303256,20
1660.45239870743,1195.6251553567,20
1657.96669152374,1364.65324384787,20
1657.96669152374,1804.62341536167,20
1662.93810589113,1988.56574695501,20
1672.8809346259,2150.1367138951,20
1672.8809346259,1645.53815560527,20
1675.36664180959,1635.59532687049,20
1677.85234899329,1478.99577429779,20
1680.33805617698,1692.76659209545,20
1682.82376336068,1936.36589609744,20
1682.82376336068,2043.25130499627,20
1680.33805617698,325.627641063883,20
1682.82376336068,1787.22346507581,20
1685.30947054437,1769.82351478996,20
1690.28088491176,1419.33880188914,20
1687.79517772806,2306.73626646781,20
1697.73800646284,1178.22520507084,20
1697.73800646284,2214.76510067114,20
1700.22371364653,1794.6805866269,20
1702.70942083023,1916.48023862789,20
1705.19512801392,1436.73875217499,20
1710.16654238131,989.311459110117,20
1707.68083519761,2252.05070842655,20
1707.68083519761,253.542132736764,20
1707.68083519761,1364.65324384787,20
1712.652249565,1019.13994531444,20
1712.652249565,1260.25354213274,20
1710.16654238131,300.770569226945,20
1712.652249565,1881.68033805618,20
1712.652249565,1501.36713895103,20
1712.652249565,2135.22247079294,20
1717.62366393239,1996.02286850609,20
1717.62366393239,2078.05120556798,20
1722.59507829978,290.82774049217,20
1720.10937111608,2199.85085756898,20
1720.10937111608,1287.59632115337,20
1725.08078548347,2105.39398458862,20
1725.08078548347,2050.70842654735,20
1730.05219985086,1933.88018891375,20
1727.56649266716,1660.45239870743,20
1730.05219985086,186.428038777032,20
1730.05219985086,206.313696246582,20
1730.05219985086,231.17076808352,20
1730.05219985086,1710.16654238131,20
1730.05219985086,258.513547104151,20
1735.02361421825,1799.65200099428,40
1742.48073576933,872.48322147651,20
1737.50932140194,1712.652249565,20
1747.45215013671,1722.59507829978,20
1744.96644295302,1871.7375093214,20
1747.45215013671,1121.05393984589,20
1744.96644295302,2073.0797912006,20
1752.4235645041,1009.19711657967,20
1749.93785732041,1496.39572458364,20
1752.4235645041,927.168779517773,20
1752.4235645041,1600.79542629878,40
1757.39497887149,2110.365398956,20
1754.9092716878,2202.33656475267,20
1757.39497887149,1464.08153119563,20
1754.9092716878,2070.5940840169,20
1759.88068605518,1802.13770817798,20
1757.39497887149,1926.42306736266,20
1762.36639323888,1009.19711657967,20
1759.88068605518,2140.19388516033,20
1759.88068605518,2179.96520009943,20
1762.36639323888,1707.68083519761,20
1762.36639323888,1297.53914988814,20
1764.85210042257,1615.70966940094,40
1764.85210042257,1302.51056425553,20
1767.33780760626,1993.5371613224,20
1767.33780760626,1332.33905045986,20
1772.30922197365,2048.22271936366,20
1769.82351478996,2239.62217250808,20
1769.82351478996,1710.16654238131,20
1779.76634352473,2140.19388516033,20
1777.28063634104,1170.76808351976,20
1779.76634352473,260.999254287845,20
1782.25205070843,323.141933880189,20
1787.22346507581,1677.85234899329,20
1787.22346507581,2162.56524981357,20
1789.70917225951,708.426547352722,20
1792.1948794432,1904.05170270942,20
1789.70917225951,1488.93860303256,20
1792.1948794432,2050.70842654735,20
1789.70917225951,1208.05369127517,20
1794.6805866269,1923.93736017897,20
1792.1948794432,1426.79592344022,20
1799.65200099428,996.768580661198,20
1799.65200099428,1958.73726075068,20
1797.16629381059,1208.05369127517,20
1802.13770817798,2003.47999005717,20
1804.62341536167,231.17076808352,20
1804.62341536167,2473.27864777529,20
1807.10912254536,700.969425801641,20
1807.10912254536,1541.13845389013,20
1807.10912254536,1973.65150385285,20
1807.10912254536,1061.39696743724,20
1804.62341536167,1829.48048719861,20
1809.59482972906,1913.9945314442,20
1809.59482972906,1834.451901566,20
1812.08053691275,1454.13870246085,20
1809.59482972906,2473.27864777529,20
1817.05195128014,1894.10887397465,20
1817.05195128014,1958.73726075068,20
1824.50907283122,2033.3084762615,20
1819.53765846383,1648.02386278896,20
1824.50907283122,1742.48073576933,20
1824.50907283122,2000.99428287348,20
1824.50907283122,1986.08003977131,20
1826.99478001491,1337.31046482724,20
1826.99478001491,1573.45264727815,20
1829.48048719861,1829.48048719861,20
1826.99478001491,653.740989311459,20
1831.9661943823,661.19811086254,20
1831.9661943823,710.912254536416,20
1829.48048719861,1643.05244842158,20
1834.451901566,2087.99403430276,20
1839.42331593338,1799.65200099428,20
1836.93760874969,1918.96594581158,20
1839.42331593338,857.568978374347,20
1839.42331593338,718.369376087497,20
1841.90902311708,989.311459110117,20
1844.39473030077,1737.50932140194,20
1851.85185185185,1819.53765846383,20
1854.33755903555,959.482972905792,20
1849.36614466816,1275.1677852349,40
1851.85185185185,1051.45413870246,20
1851.85185185185,1449.16728809346,20
1854.33755903555,1640.56674123788,20
1856.82326621924,2301.76485210042,20
1854.33755903555,1874.2232165051,20
1851.85185185185,1953.7658463833,20
1854.33755903555,1600.79542629878,20
1856.82326621924,2095.45115585384,20
1861.79468058663,2045.73701217997,20
1859.30897340293,730.797912005966,20
1861.79468058663,2344.02187422322,20
1861.79468058663,840.169028088491,20
1859.30897340293,1446.68158090977,20
1859.30897340293,984.340044742729,20
1864.28038777032,1941.33731046483,20
1864.28038777032,32.3141933880189,20
1864.28038777032,1342.28187919463,20
1866.76609495401,1826.99478001491,20
1864.28038777032,1906.53740989311,20
1866.76609495401,1913.9945314442,20
1866.76609495401,1846.88043748446,20
1874.2232165051,1844.39473030077,20
1874.2232165051,1966.19438230176,20
1879.19463087248,1178.22520507084,20
1874.2232165051,1672.8809346259,20
1876.70892368879,1600.79542629878,20
1876.70892368879,1680.33805617698,20
1879.19463087248,1961.22296793438,20
1881.68033805618,1354.7104151131,20
1884.16604523987,1444.19587372608,40
1889.13745960726,2254.53641561024,20
1884.16604523987,802.883420333085,20
1884.16604523987,2334.07904548844,20
1886.65175242356,807.854834700472,20
1884.16604523987,2353.96470295799,20
1889.13745960726,2020.87994034303,20
1889.13745960726,1854.33755903555,20
1889.13745960726,1245.33929903057,20
1896.59458115834,1764.85210042257,20
1896.59458115834,1747.45215013671,20
1901.56599552573,738.255033557047,20
1896.59458115834,2344.02187422322,20
1901.56599552573,1983.59433258762,20
1899.08028834203,2068.10837683321,20
1901.56599552573,1692.76659209545,20
1904.05170270942,1819.53765846383,20
1904.05170270942,2373.85036042754,20
1904.05170270942,1628.13820531941,20
1906.53740989311,2090.47974148645,20
1913.9945314442,37.2856077554064,20
1913.9945314442,1841.90902311708,20
1918.96594581158,1185.68232662192,20
1916.48023862789,1195.6251553567,20
1918.96594581158,1222.96793437733,20
1921.45165299528,1752.4235645041,20
1921.45165299528,1737.50932140194,20
1921.45165299528,1083.76833209048,20
1921.45165299528,1680.33805617698,20
1926.42306736266,1968.68008948546,20
1926.42306736266,1789.70917225951,20
1928.90877454636,1213.02510564256,20
1933.88018891375,2015.90852597564,20
1933.88018891375,1185.68232662192,20
1933.88018891375,2063.13696246582,20
1936.36589609744,2217.25080785483,20
1938.85160328113,1695.25229927915,20
1941.33731046483,1292.56773552076,20
1941.33731046483,17.3999502858563,20
1938.85160328113,1879.19463087248,20
1941.33731046483,2416.10738255034,20
1941.33731046483,2214.76510067114,20
1953.7658463833,2242.10787969177,20
1951.2801391996,874.968928660204,20
1956.25155356699,1722.59507829978,20
1961.22296793438,1615.70966940094,20
1958.73726075068,1232.91076311211,20
1961.22296793438,1648.02386278896,20
1961.22296793438,1834.451901566,20
1961.22296793438,1116.0825254785,20
1963.70867511807,37.2856077554064,20
1963.70867511807,1630.62391250311,20
1966.19438230176,1991.0514541387,20
1966.19438230176,2403.67884663187,20
1966.19438230176,1526.22421078797,20
1966.19438230176,1971.16579666915,20
1968.68008948546,2058.16554809843,20
1968.68008948546,1121.05393984589,20
1976.13721103654,62.142679592344,20
1978.62291822023,1513.7956748695,20
1976.13721103654,2090.47974148645,20
1978.62291822023,1764.85210042257,20
1978.62291822023,1707.68083519761,20
1981.10862540393,1556.05269699229,20
1978.62291822023,2266.96495152871,20
1978.62291822023,2261.99353716132,20
1981.10862540393,1971.16579666915,20
1983.59433258762,1779.76634352473,20
1981.10862540393,1794.6805866269,20
1986.08003977131,1809.59482972906,20
1986.08003977131,1851.85185185185,40
1988.56574695501,24.8570718369376,20
1988.56574695501,1063.88267462093,20
1986.08003977131,2070.5940840169,20
1986.08003977131,2127.76534924186,20
1986.08003977131,1170.76808351976,20
1988.56574695501,1165.79666915237,20
1993.5371613224,1600.79542629878,20
1993.5371613224,1866.76609495401,20
1998.50857568978,1521.25279642058,20
1998.50857568978,1255.28212776535,20
2003.47999005717,1879.19463087248,20
2005.96569724086,1543.62416107383,40
2005.96569724086,1727.56649266716,20
2010.93711160825,47.2284364901815,20
2008.45140442456,1958.73726075068,20
2008.45140442456,1762.36639323888,20
2010.93711160825,335.570469798658,20
2010.93711160825,77.0569226945066,20
2010.93711160825,1876.70892368879,20
2013.42281879195,1789.70917225951,20
2013.42281879195,1068.85408898832,20
2013.42281879195,1933.88018891375,20
2015.90852597564,1573.45264727815,20
2018.39423315933,1809.59482972906,20
2018.39423315933,1232.91076311211,20
2020.87994034303,1595.82401193139,20
2025.85135471042,1178.22520507084,20
2023.36564752672,1230.42505592841,20
2025.85135471042,2239.62217250808,20
2028.33706189411,1546.10986825752,20
2023.36564752672,2033.3084762615,60
2028.33706189411,1205.56798409147,20
2030.8227690778,1735.02361421825,20
2028.33706189411,1822.02336564753,20
2033.3084762615,1508.82426050211,20
2035.79418344519,1491.42431021626,20
2040.76559781258,29.8284862043251,20
2048.22271936366,2068.10837683321,20
2045.73701217997,1789.70917225951,20
2053.19413373105,2266.96495152871,20
2053.19413373105,1173.25379070346,20
2050.70842654735,1548.59557544121,20
2053.19413373105,1043.99701715138,20
2055.67984091474,1543.62416107383,20
2055.67984091474,1036.5398956003,20
2058.16554809843,1784.73775789212,20
2055.67984091474,1488.93860303256,20
2060.65125528213,2371.36465324385,20
2060.65125528213,1483.96718866518,20
2065.62266964952,1635.59532687049,20
2065.62266964952,1757.39497887149,20
2068.10837683321,1513.7956748695,20
2068.10837683321,1643.05244842158,20
2073.0797912006,892.36887894606,20
2075.56549838429,1573.45264727815,20
2078.05120556798,2127.76534924186,20
2075.56549838429,1357.19612229679,20
2078.05120556798,2073.0797912006,20
2085.50832711907,308.227690778026,20
2085.50832711907,1213.02510564256,20
2090.47974148645,1918.96594581158,20
2090.47974148645,768.083519761372,20
2090.47974148645,1314.939100174,20
2090.47974148645,1757.39497887149,20
2092.96544867015,1563.50981854338,20
2095.45115585384,837.683320904797,20
2100.42257022123,320.656226696495,20
2095.45115585384,1759.88068605518,20
2092.96544867015,2376.33606761124,20
2095.45115585384,1938.85160328113,20
2102.90827740492,303.256276410639,20
2107.87969177231,1650.50956997266,20
2105.39398458862,1451.65299527716,20
2105.39398458862,743.226447924435,20
2107.87969177231,1578.42406164554,20
2107.87969177231,1665.42381307482,20
2110.365398956,2383.79318916232,20
2112.8511061397,663.683818046234,20
2115.33681332339,2440.96445438727,20
2120.30822769078,1222.96793437733,20
2120.30822769078,1111.11111111111,20
2122.79393487447,1118.56823266219,20
2125.27964205817,733.283619189659,20
2130.25105642555,961.968680089485,20
2132.73676360925,1173.25379070346,20
2135.22247079294,2475.76435495899,40
2137.70817797663,494.655729555058,20
2140.19388516033,1608.25254784986,20
2137.70817797663,1909.02311707681,20
2142.67959234402,1988.56574695501,20
2142.67959234402,778.026348496147,20
2145.16529952772,1687.79517772806,20
2142.67959234402,1195.6251553567,20
2145.16529952772,1203.08227690778,20
2147.65100671141,790.454884414616,20
2150.1367138951,1986.08003977131,20
2155.10812826249,1764.85210042257,20
2155.10812826249,1921.45165299528,20
2165.05095699727,447.427293064877,20
2167.53666418096,2140.19388516033,20
2167.53666418096,996.768580661198,20
2170.02237136465,1670.39522744221,20
2174.99378573204,2165.05095699727,20
2177.47949291573,2207.30797912006,20
2177.47949291573,599.055431270196,20
2177.47949291573,735.769326373353,20
2182.45090728312,641.31245339299,20
2184.93661446682,1896.59458115834,20
2189.9080288342,504.598558289833,20
2189.9080288342,1029.08277404922,20
2197.36515038528,1846.88043748446,20
2199.85085756898,1521.25279642058,20
2202.33656475267,1886.65175242356,20
2202.33656475267,109.371116082525,20
2202.33656475267,723.340790454884,20
2204.82227193637,283.370618941089,20
2207.30797912006,1804.62341536167,20
2207.30797912006,2189.9080288342,20
2207.30797912006,1364.65324384787,20
2209.79368630375,676.112353964703,20
2214.76510067114,691.026597066866,20
2214.76510067114,820.283370618941,20
2219.73651503853,1839.42331593338,20
2219.73651503853,1737.50932140194,20
2219.73651503853,2122.79393487447,20
2219.73651503853,335.570469798658,20
2224.70792940592,2147.65100671141,20
2222.22222222222,34.7999005717127,40
2224.70792940592,1332.33905045986,20
2224.70792940592,1590.85259756401,20
2227.19363658961,1889.13745960726,20
2227.19363658961,1682.82376336068,20
2232.165050957,62.142679592344,20
2232.165050957,101.913994531444,20
2232.165050957,1290.08202833706,20
2232.165050957,2247.07929405916,20
2232.165050957,2470.7929405916,20
2234.65075814069,2187.42232165051,20
2237.13646532438,1434.2530449913,20
2237.13646532438,1364.65324384787,20
2244.59358687547,1730.05219985086,20
2244.59358687547,2080.53691275168,20
2244.59358687547,1692.76659209545,20
2247.07929405916,1406.91026597067,40
2244.59358687547,1506.33855331842,40
2249.56500124285,2344.02187422322,20
2249.56500124285,2115.33681332339,20
2249.56500124285,2264.47924434502,20
2249.56500124285,775.540641312453,20
2252.05070842655,2197.36515038528,20
2254.53641561024,589.112602535421,20
2257.02212279394,1966.19438230176,20
2254.53641561024,775.540641312453,20
2259.50782997763,949.540144171017,20
2261.99353716132,636.341039025603,20
2276.90778026349,1369.62465821526,20
2274.42207307979,544.369873228934,20
2281.87919463087,1108.62540392742,20
2294.30773054934,1163.31096196868,20
2296.79343773304,183.942331593338,20
2309.2219736515,410.141685309471,20
2301.76485210042,1295.05344270445,20
2299.27914491673,1334.82475764355,20
2306.73626646781,1951.2801391996,20
2306.73626646781,2097.93686303753,20
2306.73626646781,1471.53865274671,20
2311.7076808352,1866.76609495401,20
2314.19338801889,1496.39572458364,20
2316.67909520259,208.799403430276,40
2316.67909520259,2102.90827740492,20
2324.13621675367,974.397216007954,20
2324.13621675367,1784.73775789212,20
2326.62192393736,536.912751677852,20
2336.56475267214,166.542381307482,40
2341.53616703952,183.942331593338,40
2344.02187422322,2182.45090728312,20
2348.9932885906,718.369376087497,20
2348.9932885906,1359.68182948049,20
2361.42182450907,2142.67959234402,20
2361.42182450907,1113.5968182948,20
2373.85036042754,1948.79443201591,20
2371.36465324385,556.798409147402,20
2373.85036042754,2214.76510067114,20
2376.33606761124,390.25602783992,40
2383.79318916232,524.484215759384,20
2383.79318916232,365.398956002983,20
2391.2503107134,2341.53616703952,20
2393.73601789709,2286.85060899826,20
2393.73601789709,546.855580412627,20
2393.73601789709,2314.19338801889,20
2398.70743226448,2199.85085756898,40
2396.22172508079,479.741486452896,40
2401.19313944817,524.484215759384,20
2406.16455381556,740.740740740741,20
2408.65026099925,2189.9080288342,20
2408.65026099925,318.170519512801,40
2408.65026099925,2398.70743226448,20
2408.65026099925,616.455381556053,20
2413.62167536664,2361.42182450907,40
2423.56450410142,2170.02237136465,40
2423.56450410142,581.65548098434,40
2423.56450410142,1573.45264727815,20
2423.56450410142,420.084514044246,40
2423.56450410142,2269.4506587124,20
2423.56450410142,484.712900820283,40
2423.56450410142,1583.39547601293,40
2428.5359184688,370.37037037037,20
2431.0216256525,2269.4506587124,40
2435.99304001989,372.856077554064,20
2435.99304001989,2167.53666418096,20
2433.50733283619,365.398956002983,20
2435.99304001989,502.11285110614,20
2435.99304001989,231.17076808352,20
2435.99304001989,1041.51130996769,20
2440.96445438727,912.25453641561,40
2445.93586875466,1262.73924931643,40
2450.90728312205,700.969425801641,20
2453.39299030574,1342.28187919463,40
2453.39299030574,561.76982351479,60
2463.33581904052,688.540889883172,20
2463.33581904052,589.112602535421,20
2468.3072334079,2222.22222222222,20
2470.7929405916,1488.93860303256,20
2475.76435495899,352.970420084514,20
2478.25006214268,760.626398210291,20
2478.25006214268,765.597812577678,20
2478.25006214268,1128.51106139697,20
2478.25006214268,1461.59582401193,20
2480.73576932637,2249.56500124285,20
2480.73576932637,1466.56723837932,20
114.342530449913,2038.27989062888,60
300.770569226945,1163.31096196868,60
308.227690778026,979.368630375342,40
325.627641063883,966.940094456873,60
335.570469798658,979.368630375342,60
370.37037037037,1652.99527715635,40
382.798906288839,1652.99527715635,40
765.597812577678,929.654486701467,40
778.026348496147,922.197365150385,60
1016.65423813075,981.854337559036,60
1066.36838180462,1670.39522744221,40
1185.68232662192,815.311956251554,40
1260.25354213274,449.913000248571,40
1272.68207805121,449.913000248571,40
1270.19637086751,439.970171513796,40
1282.62490678598,454.884414615958,40
1362.16753666418,1128.51106139697,60
1372.11036539896,1121.05393984589,40
1391.99602286851,1483.96718866518,40
1404.42455878698,2083.02261993537,60
1498.88143176734,2259.50782997763,60
1546.10986825752,1444.19587372608,40
1563.50981854338,1628.13820531941,40
1608.25254784986,1111.11111111111,40
1613.22396221725,1446.68158090977,40
1667.90952025851,1548.59557544121,60
1680.33805617698,2048.22271936366,40
1685.30947054437,2050.70842654735,40
1720.10937111608,54.6855580412627,60
1779.76634352473,265.970668655232,40
1792.1948794432,1078.79691772309,40
1807.10912254536,1096.19686800895,40
1814.56624409645,1076.3112105394,40
1829.48048719861,2341.53616703952,60
1841.90902311708,2348.9932885906,40
1856.82326621924,1454.13870246085,40
1983.59433258762,2398.70743226448,40
1996.02286850609,1849.36614466816,40
2010.93711160825,29.8284862043251,40
2018.39423315933,27.3427790206314,40
2040.76559781258,2028.33706189411,60
2110.365398956,2475.76435495899,60
2137.70817797663,1958.73726075068,40
2155.10812826249,67.1140939597315,40
2222.22222222222,325.627641063883,40
2222.22222222222,1160.82525478499,40
2227.19363658961,352.970420084514,40
2234.65075814069,1295.05344270445,60
2239.62217250808,318.170519512801,40
2239.62217250808,1372.11036539896,40
2254.53641561024,780.512055679841,40
2279.39348744718,1374.59607258265,40
2301.76485210042,1300.02485707184,40
2366.39323887646,2182.45090728312,60
2381.30748197862,531.941337310465,40
2433.50733283619,380.313199105145,40
2463.33581904052,596.569724086503,40
2470.7929405916,591.598309719115,40
96.9425801640567,2045.73701217997,60
99.4282873477504,2028.33706189411,60
181.456624409645,2455.87869748944,60
211.28511061397,1533.68133233905,60
223.713646532438,1839.42331593338,60
223.713646532438,1854.33755903555,60
226.199353716132,1531.19562515536,60
236.142182450907,1841.90902311708,60
251.05642555307,116.828237633607,60
256.027839920457,109.371116082525,60
285.856326124783,1158.33954760129,60
295.799154859558,949.540144171017,80
318.170519512801,986.825751926423,60
323.141933880189,1128.51106139697,60
343.027591349739,961.968680089485,60
561.76982351479,1538.65274670644,60
564.255530698484,370.37037037037,60
566.741237882178,1551.08128262491,60
564.255530698484,1707.68083519761,80
574.198359433259,350.48471290082,60
576.684066616953,360.427541635595,60
579.169773800646,355.456127268208,60
596.569724086503,425.055928411633,80
604.026845637584,432.513049962714,60
616.455381556053,439.970171513796,60
616.455381556053,628.883917474521,80
638.826746209297,1802.13770817798,60
676.112353964703,335.570469798658,60
723.340790454884,2.48570718369376,60
768.083519761372,1822.02336564753,80
778.026348496147,1839.42331593338,60
782.997762863535,897.340293313448,80
785.483470047228,1822.02336564753,60
797.912005965697,889.883171762366,80
810.340541884166,106.885408898832,60
815.311956251554,116.828237633607,80
837.683320904797,882.426050211285,60
840.169028088491,892.36887894606,60
865.026099925429,894.854586129754,60
927.168779517773,907.283122048223,80
929.654486701467,872.48322147651,60
944.568729803629,877.454635843898,60
952.02585135471,909.768829231916,60
1006.71140939597,994.282873477504,60
1101.16828237634,857.568978374347,80
1101.16828237634,879.940343027591,60
1113.5968182948,874.968928660204,60
1111.11111111111,865.026099925429,60
1185.68232662192,802.883420333085,60
1215.51081282625,1692.76659209545,60
1222.96793437733,1675.36664180959,60
1242.85359184688,1685.30947054437,60
1357.19612229679,2264.47924434502,60
1359.68182948049,2279.39348744718,60
1384.53890131742,1123.53964702958,60
1399.45314441959,1478.99577429779,60
1409.39597315436,1185.68232662192,80
1414.36738752175,2073.0797912006,60
1419.33880188914,2080.53691275168,60
1426.79592344022,1456.62440964454,60
1439.22445935869,1553.5669898086,60
1439.22445935869,1511.30996768581,60
1451.65299527716,1533.68133233905,80
1454.13870246085,1523.73850360428,60
1464.08153119563,1516.28138205319,60
1474.0243599304,1804.62341536167,60
1531.19562515536,1948.79443201591,60
1536.16703952274,1354.7104151131,60
1541.13845389013,1367.13895103157,60
1541.13845389013,1379.56748695004,60
1568.48123291076,1486.45289584887,80
1665.42381307482,1538.65274670644,60
1680.33805617698,131.742480735769,80
1685.30947054437,1538.65274670644,60
1707.68083519761,49.7141436738752,60
1722.59507829978,39.7713149391002,60
1732.53790703455,52.199850857569,60
1792.1948794432,211.28511061397,80
1814.56624409645,1071.33979617201,60
1826.99478001491,1498.88143176734,60
1841.90902311708,1491.42431021626,60
1849.36614466816,1506.33855331842,60
1886.65175242356,338.056176982351,60
1906.53740989311,347.999005717127,60
1981.10862540393,758.140691026597,60
1991.0514541387,743.226447924435,60
1991.0514541387,755.654983842903,60
2005.96569724086,1896.59458115834,80
2070.5940840169,1618.19537658464,60
2187.42232165051,1568.48123291076,80
2204.82227193637,375.341784737758,80
2242.10787969177,345.513298533433,60
2284.36490181457,613.969674372359,80
2309.2219736515,1598.30971911509,60
2391.2503107134,2145.16529952772,60
2393.73601789709,2157.59383544618,60
2411.13596818295,2157.59383544618,60
2.48570718369376,1687.79517772806,80
2.48570718369376,1742.48073576933,80
12.4285359184688,1727.56649266716,80
24.8570718369376,1260.25354213274,80
24.8570718369376,1245.33929903057,80
59.6569724086503,1262.73924931643,80
67.1140939597315,1245.33929903057,80
320.656226696495,1150.88242605021,80
362.913248819289,1876.70892368879,80
385.284613472533,1650.50956997266,80
430.027342779021,2247.07929405916,80
467.312950534427,1846.88043748446,100
469.798657718121,1981.10862540393,80
551.826994780015,1717.62366393239,80
569.226945065871,338.056176982351,80
569.226945065871,1352.22470792941,80
584.141188168034,1359.68182948049,80
581.65548098434,1548.59557544121,80
611.483967188665,1086.25403927417,80
628.883917474521,1058.91126025354,80
735.769326373353,1841.90902311708,100
775.540641312453,807.854834700472,100
782.997762863535,795.426298782004,100
820.283370618941,1727.56649266716,100
862.540392741735,2043.25130499627,80
884.911757394979,2264.47924434502,80
924.683072334079,887.397464578673,80
939.597315436242,2299.27914491673,80
954.511558538404,887.397464578673,80
1026.59706686552,1464.08153119563,80
1048.96843151877,1451.65299527716,80
1066.36838180462,2003.47999005717,80
1106.13969674372,952.02585135471,80
1116.0825254785,966.940094456873,80
1160.82525478499,2070.5940840169,100
1324.88192890877,293.313447675864,80
1339.79617201094,300.770569226945,80
1347.25329356202,323.141933880189,80
1474.0243599304,1831.9661943823,80
1556.05269699229,1491.42431021626,80
1556.05269699229,1474.0243599304,80
1561.02411135968,1491.42431021626,80
1570.96694009446,1476.51006711409,80
1628.13820531941,1121.05393984589,80
1643.05244842158,1133.48247576436,80
1662.93810589113,99.4282873477504,80
1670.39522744221,84.5140442455879,80
1677.85234899329,114.342530449913,80
1687.79517772806,999.254287844892,100
1690.28088491176,96.9425801640567,80
1923.93736017897,2244.59358687547,80
1988.56574695501,320.656226696495,80
2000.99428287348,1874.2232165051,80
2018.39423315933,1879.19463087248,80
2033.3084762615,1884.16604523987,80
2170.02237136465,1573.45264727815,80
2214.76510067114,382.798906288839,80
2289.33631618195,623.912503107134,80
2329.10763112105,370.37037037037,80
2344.02187422322,387.770320656227,80
2396.22172508079,1429.28163062391,80
2403.67884663187,1446.68158090977,80
2416.10738255034,1434.2530449913,100
181.456624409645,1168.28237633607,100
186.428038777032,1183.19661943823,100
253.542132736764,492.170022371365,100
305.741983594333,1640.56674123788,100
308.227690778026,1635.59532687049,100
310.71339796172,1841.90902311708,120
323.141933880189,1610.73825503356,100
382.798906288839,1879.19463087248,100
390.25602783992,1779.76634352473,100
395.227442207308,1797.16629381059,100
400.198856574696,1792.1948794432,100
420.084514044246,86.9997514292816,100
427.541635595327,77.0569226945066,100
459.855828983346,1031.56848123291,100
467.312950534427,1048.96843151877,100
512.055679840915,1232.91076311211,100
524.484215759384,1245.33929903057,100
534.427044494159,1230.42505592841,100
728.312204822272,1834.451901566,100
743.226447924435,1831.9661943823,100
845.140442455879,589.112602535421,120
857.568978374347,2035.79418344519,100
892.36887894606,2284.36490181457,100
954.511558538404,2296.79343773304,100
1282.62490678598,2468.3072334079,100
1334.82475764355,738.255033557047,120
1337.31046482724,745.712155108128,100
1359.68182948049,2264.47924434502,100
1662.93810589113,1563.50981854338,100
1687.79517772806,1585.88118319662,100
1849.36614466816,1319.91051454139,120
1861.79468058663,1307.48197862292,100
1874.2232165051,840.169028088491,120
1946.30872483221,2234.65075814069,100
1973.65150385285,792.94059159831,100
1978.62291822023,785.483470047228,100
1983.59433258762,293.313447675864,100
2005.96569724086,778.026348496147,100
2045.73701217997,1280.13919960229,120
2063.13696246582,1001.73999502859,100
2085.50832711907,606.512552821278,100
2112.8511061397,392.741735023614,120
2112.8511061397,377.827491921452,100
2125.27964205817,375.341784737758,120
2187.42232165051,198.856574695501,100
2197.36515038528,173.999502858563,100
2222.22222222222,2020.87994034303,100
2229.6793437733,2058.16554809843,100
2237.13646532438,2065.62266964952,100
2289.33631618195,402.684563758389,120
2301.76485210042,390.25602783992,100
178.970917225951,1232.91076311211,120
265.970668655232,425.055928411633,140
270.94208302262,954.511558538404,120
387.770320656227,1834.451901566,120
397.713149391002,1829.48048719861,120
430.027342779021,119.313944817301,140
434.998757146408,119.313944817301,120
444.941585881183,1904.05170270942,140
462.34153616704,1928.90877454636,120
514.541387024609,1889.13745960726,120
517.027094208302,1864.28038777032,120
551.826994780015,1267.71066368382,120
556.798409147402,1292.56773552076,140
646.283867760378,514.541387024609,120
663.683818046234,509.569972657221,140
730.797912005966,305.741983594333,120
857.568978374347,2316.67909520259,120
877.454635843898,2244.59358687547,120
1155.8538404176,74.5712155108128,120
1165.79666915237,1886.65175242356,140
1193.13944817301,1851.85185185185,140
1257.76783494904,2150.1367138951,140
1280.13919960229,2428.5359184688,120
1329.85334327616,166.542381307482,140
1374.59607258265,636.341039025603,140
1570.96694009446,1610.73825503356,120
1822.02336564753,246.085011185682,140
1824.50907283122,258.513547104151,140
1849.36614466816,1300.02485707184,120
1978.62291822023,1638.08103405419,120
1993.5371613224,1630.62391250311,120
2030.8227690778,1272.68207805121,120
2030.8227690778,1280.13919960229,120
2030.8227690778,1260.25354213274,120
2070.5940840169,638.826746209297,120
2102.90827740492,541.88416604524,140
2115.33681332339,529.455630126771,140
2110.365398956,551.826994780015,120
2130.25105642555,392.741735023614,120
2132.73676360925,544.369873228934,120
2301.76485210042,430.027342779021,120
2306.73626646781,405.170270942083,120
2321.65050956997,387.770320656227,120
2326.62192393736,924.683072334079,120
2373.85036042754,954.511558538404,120
181.456624409645,1257.76783494904,140
273.427790206314,961.968680089485,140
325.627641063883,1864.28038777032,140
350.48471290082,1849.36614466816,140
350.48471290082,785.483470047228,140
360.427541635595,1839.42331593338,140
377.827491921452,1809.59482972906,140
397.713149391002,1071.33979617201,160
407.655978125777,1056.42555306985,140
412.627392493164,1831.9661943823,140
432.513049962714,1916.48023862789,160
437.484464330102,1834.451901566,140
434.998757146408,877.454635843898,160
457.370121799652,1831.9661943823,140
467.312950534427,576.684066616953,160
482.22719363659,1851.85185185185,160
484.712900820283,1869.25180213771,140
492.170022371365,1886.65175242356,140
502.11285110614,1063.88267462093,160
621.42679592344,651.255282127765,160
663.683818046234,519.512801391996,140
661.19811086254,534.427044494159,140
666.169525229928,1513.7956748695,160
683.569475515784,1518.76708923689,160
800.397713149391,305.741983594333,160
807.854834700472,293.313447675864,160
812.82624906786,315.684812329108,140
822.769077802635,285.856326124783,140
879.940343027591,14.9142431021626,140
892.36887894606,19.8856574695501,140
894.854586129754,2296.79343773304,140
947.054436987323,2371.36465324385,160
1014.16853094705,1469.05294556301,140
1034.0541884166,1481.48148148148,140
1036.5398956003,1227.93934874472,140
1155.8538404176,1881.68033805618,140
1175.73949788715,1874.2232165051,140
1195.6251553567,1879.19463087248,140
1193.13944817301,1923.93736017897,140
1193.13944817301,2102.90827740492,140
1210.53939845886,2090.47974148645,160
1210.53939845886,1931.39448173005,140
1210.53939845886,2115.33681332339,140
1210.53939845886,1906.53740989311,140
1210.53939845886,1881.68033805618,140
1213.02510564256,2102.90827740492,140
1222.96793437733,1901.56599552573,140
1222.96793437733,1923.93736017897,140
1347.25329356202,181.456624409645,160
1352.22470792941,1558.53840417599,160
1498.88143176734,1344.76758637832,140
1640.56674123788,785.483470047228,160
1645.53815560527,753.16927665921,160
1769.82351478996,243.599304001989,140
1774.79492915735,1026.59706686552,140
1804.62341536167,253.542132736764,140
1834.451901566,208.799403430276,160
1856.82326621924,211.28511061397,160
1988.56574695501,1657.96669152374,140
1993.5371613224,807.854834700472,160
2015.90852597564,810.340541884166,160
2090.47974148645,1138.45389013174,140
2087.99403430276,1126.02535421327,140
2112.8511061397,1682.82376336068,160
2252.05070842655,405.170270942083,140
2276.90778026349,479.741486452896,140
2306.73626646781,912.25453641561,140
151.628138205319,765.597812577678,160
156.599552572707,782.997762863535,160
164.056674123788,1133.48247576436,180
166.542381307482,768.083519761372,160
310.71339796172,1886.65175242356,160
333.084762614964,815.311956251554,180
343.027591349739,795.426298782004,180
352.970420084514,1799.65200099428,160
417.598806860552,551.826994780015,160
477.255779269202,1083.76833209048,160
499.627143922446,1078.79691772309,160
504.598558289833,1053.93984588615,160
566.741237882178,1285.11061396967,160
604.026845637584,646.283867760378,160
658.712403678847,1538.65274670644,160
666.169525229928,1528.70991797166,160
676.112353964703,1506.33855331842,160
683.569475515784,1536.16703952274,160
730.797912005966,932.14019388516,160
740.740740740741,929.654486701467,160
743.226447924435,942.083022619935,160
763.112105393985,1662.93810589113,180
785.483470047228,1645.53815560527,160
795.426298782004,1133.48247576436,160
817.797663435247,1660.45239870743,160
939.597315436242,362.913248819289,160
954.511558538404,372.856077554064,160
959.482972905792,357.941834451902,160
999.254287844892,596.569724086503,180
1039.02560278399,1208.05369127517,160
1091.22545364156,847.626149639573,160
1098.68257519264,1165.79666915237,160
1103.65398956003,1148.39671886652,160
1108.62540392742,531.941337310465,180
1121.05393984589,554.312701963709,180
1126.02535421327,531.941337310465,180
1121.05393984589,1165.79666915237,160
1126.02535421327,521.99850857569,160
1128.51106139697,847.626149639573,160
1140.93959731544,534.427044494159,160
1163.31096196868,778.026348496147,160
1208.05369127517,1916.48023862789,160
1215.51081282625,1861.79468058663,160
1349.73900074571,169.028088491176,160
1461.59582401193,1170.76808351976,160
1471.53865274671,1190.65374098931,160
1478.99577429779,1173.25379070346,160
1478.99577429779,1165.79666915237,160
1561.02411135968,865.026099925429,160
1573.45264727815,862.540392741735,180
1580.90976882923,887.397464578673,180
1588.36689038031,1921.45165299528,160
1625.65249813572,753.16927665921,160
1633.1096196868,768.083519761372,160
1633.1096196868,743.226447924435,160
1633.1096196868,753.16927665921,160
1635.59532687049,810.340541884166,160
1640.56674123788,797.912005965697,180
1650.50956997266,810.340541884166,160
1779.76634352473,860.054685558041,180
1792.1948794432,867.511807109123,180
1839.42331593338,226.199353716132,160
1856.82326621924,228.685060899826,160
1991.0514541387,817.797663435247,160
2003.47999005717,817.797663435247,180
2013.42281879195,795.426298782004,160
2040.76559781258,1444.19587372608,180
2043.25130499627,1469.05294556301,160
2060.65125528213,1456.62440964454,180
2125.27964205817,1727.56649266716,160
2130.25105642555,1690.28088491176,160
2132.73676360925,1675.36664180959,160
2254.53641561024,427.541635595327,160
2254.53641561024,865.026099925429,180
2368.87894606015,1670.39522744221,160
149.142431021626,775.540641312453,180
280.884911757395,952.02585135471,180
345.513298533433,556.798409147402,200
350.48471290082,569.226945065871,180
350.48471290082,728.312204822272,200
355.456127268208,564.255530698484,180
360.427541635595,581.65548098434,200
487.198608003977,1066.36838180462,180
492.170022371365,835.197613721104,200
616.455381556053,758.140691026597,200
671.140939597315,1551.08128262491,180
728.312204822272,919.711657966692,180
773.05493412876,430.027342779021,180
775.540641312453,415.113099676858,180
785.483470047228,427.541635595327,200
855.083271190654,325.627641063883,220
879.940343027591,308.227690778026,200
889.883171762366,822.769077802635,200
892.36887894606,415.113099676858,180
889.883171762366,810.340541884166,180
894.854586129754,830.226199353716,180
952.02585135471,347.999005717127,180
984.340044742729,1205.56798409147,200
1185.68232662192,430.027342779021,200
1200.59656972409,1548.59557544121,180
1203.08227690778,1538.65274670644,180
1208.05369127517,1526.22421078797,180
1217.99652000994,1836.93760874969,180
1342.28187919463,1309.96768580661,180
1344.76758637832,1334.82475764355,180
1369.62465821526,310.71339796172,180
1389.51031568481,303.256276410639,180
1396.96743723589,300.770569226945,180
1570.96694009446,1630.62391250311,180
1583.39547601293,1153.36813323391,200
1590.85259756401,1635.59532687049,180
1712.652249565,1508.82426050211,200
1717.62366393239,1541.13845389013,180
1727.56649266716,1493.91001739995,180
1730.05219985086,1521.25279642058,180
1752.4235645041,914.740243599304,200
1764.85210042257,924.683072334079,200
1861.79468058663,638.826746209297,180
1874.2232165051,648.769574944072,180
1948.79443201591,720.855083271191,200
1956.25155356699,708.426547352722,180
1961.22296793438,738.255033557047,180
2107.87969177231,1725.08078548347,180
2107.87969177231,1675.36664180959,180
2107.87969177231,1712.652249565,180
2120.30822769078,1720.10937111608,180
2130.25105642555,1715.13795674869,180
2269.4506587124,874.968928660204,180
2296.79343773304,1628.13820531941,180
2309.2219736515,1615.70966940094,180
141.685309470544,1155.8538404176,220
290.82774049217,1188.16803380562,220
300.770569226945,949.540144171017,200
305.741983594333,678.598061148397,220
320.656226696495,688.540889883172,200
335.570469798658,584.141188168034,200
367.884663186677,723.340790454884,200
434.998757146408,648.769574944072,220
494.655729555058,845.140442455879,200
683.569475515784,882.426050211285,220
720.855083271191,1275.1677852349,220
723.340790454884,1247.82500621427,220
740.740740740741,1265.22495650012,220
740.740740740741,932.14019388516,200
792.94059159831,1652.99527715635,200
810.340541884166,1613.22396221725,220
899.826000497141,835.197613721104,200
917.225950782998,295.799154859558,220
994.282873477504,131.742480735769,200
1001.73999502859,1198.11086254039,200
1135.96818294805,1324.88192890877,200
1150.88242605021,1116.0825254785,220
1155.8538404176,1098.68257519264,220
1160.82525478499,1113.5968182948,200
1165.79666915237,425.055928411633,200
1173.25379070346,410.141685309471,200
1170.76808351976,1280.13919960229,200
1178.22520507084,1101.16828237634,200
1178.22520507084,576.684066616953,220
1180.71091225454,444.941585881183,200
1210.53939845886,1548.59557544121,200
1245.33929903057,812.82624906786,220
1292.56773552076,1409.39597315436,200
1327.36763609247,1367.13895103157,200
1600.79542629878,1138.45389013174,200
1605.76684066617,1150.88242605021,200
1695.25229927915,1667.90952025851,200
1712.652249565,1496.39572458364,200
1715.13795674869,1643.05244842158,200
1730.05219985086,1506.33855331842,200
1739.99502858563,912.25453641561,200
1764.85210042257,904.797414864529,220
1836.93760874969,1103.65398956003,220
1859.30897340293,1168.28237633607,220
1881.68033805618,1705.19512801392,200
1884.16604523987,1687.79517772806,220
1894.10887397465,1409.39597315436,200
1896.59458115834,1705.19512801392,200
1918.96594581158,1101.16828237634,200
1933.88018891375,733.283619189659,220
1953.7658463833,1275.1677852349,220
1981.10862540393,1394.4817300522,220
2030.8227690778,825.254784986329,220
2040.76559781258,1436.73875217499,200
2092.96544867015,1078.79691772309,220
2095.45115585384,1093.71116082525,220
2110.365398956,1143.42530449913,240
2120.30822769078,335.570469798658,200
2130.25105642555,333.084762614964,200
2140.19388516033,335.570469798658,200
2229.6793437733,1262.73924931643,220
141.685309470544,1135.96818294805,220
151.628138205319,1150.88242605021,220
285.856326124783,1168.28237633607,220
357.941834451902,715.883668903803,220
417.598806860552,623.912503107134,220
422.570221227939,606.512552821278,240
434.998757146408,626.398210290828,220
447.427293064877,633.855331841909,220
457.370121799652,641.31245339299,220
519.512801391996,1083.76833209048,220
521.99850857569,663.683818046234,240
529.455630126771,648.769574944072,220
539.398458861546,661.19811086254,220
544.369873228934,678.598061148397,240
551.826994780015,658.712403678847,240
559.284116331096,1073.8255033557,220
569.226945065871,1063.88267462093,220
576.684066616953,1078.79691772309,220
616.455381556053,512.055679840915,240
636.341039025603,591.598309719115,240
676.112353964703,1267.71066368382,240
681.08376833209,1307.48197862292,220
686.055182699478,1297.53914988814,240
691.026597066866,1285.11061396967,220
867.511807109123,330.59905543127,220
927.168779517773,136.713895103157,240
932.14019388516,285.856326124783,220
1056.42555306985,740.740740740741,220
1066.36838180462,748.197862291822,220
1158.33954760129,1272.68207805121,240
1163.31096196868,1295.05344270445,240
1178.22520507084,1270.19637086751,240
1183.19661943823,1282.62490678598,240
1205.56798409147,146.656723837932,220
1682.82376336068,847.626149639573,220
1697.73800646284,1508.82426050211,220
1715.13795674869,1672.8809346259,220
1747.45215013671,902.311707680835,220
1804.62341536167,837.683320904797,220
1814.56624409645,835.197613721104,240
1824.50907283122,850.111856823266,220
1851.85185185185,1083.76833209048,220
1889.13745960726,1369.62465821526,220
1894.10887397465,1379.56748695004,220
1896.59458115834,1374.59607258265,220
1904.05170270942,1372.11036539896,220
2038.27989062888,820.283370618941,220
2040.76559781258,1088.73974645787,220
2043.25130499627,1357.19612229679,240
2043.25130499627,1344.76758637832,240
2050.70842654735,1446.68158090977,220
2048.22271936366,1103.65398956003,220
2060.65125528213,1098.68257519264,220
2117.82252050708,1175.73949788715,240
2115.33681332339,1364.65324384787,240
2137.70817797663,1364.65324384787,240
2242.10787969177,1255.28212776535,220
2259.50782997763,1257.76783494904,220
434.998757146408,606.512552821278,240
601.54113845389,914.740243599304,280
623.912503107134,586.626895351728,240
631.369624658215,604.026845637584,240
631.369624658215,499.627143922446,240
656.226696495153,1277.65349241859,240
661.19811086254,638.826746209297,260
666.169525229928,1309.96768580661,240
668.655232413622,1292.56773552076,240
683.569475515784,648.769574944072,260
785.483470047228,410.141685309471,260
842.654735272185,91.9711657966692,260
855.083271190654,77.0569226945066,280
855.083271190654,106.885408898832,260
867.511807109123,1143.42530449913,240
867.511807109123,134.228187919463,260
887.397464578673,111.856823266219,280
877.454635843898,1128.51106139697,240
904.797414864529,131.742480735769,260
934.625901068854,74.5712155108128,260
1076.3112105394,313.199105145414,280
1170.76808351976,1121.05393984589,240
1183.19661943823,251.05642555307,260
1178.22520507084,1128.51106139697,240
1185.68232662192,275.913497390007,240
1205.56798409147,611.483967188665,240
1217.99652000994,608.998260004971,260
1379.56748695004,708.426547352722,240
1690.28088491176,835.197613721104,240
1695.25229927915,855.083271190654,240
1727.56649266716,1491.42431021626,240
1757.39497887149,1354.7104151131,260
1812.08053691275,852.59756400696,240
1916.48023862789,181.456624409645,280
1921.45165299528,862.540392741735,240
2013.42281879195,134.228187919463,260
2020.87994034303,144.171016654238,260
2020.87994034303,114.342530449913,240
2068.10837683321,628.883917474521,240
2092.96544867015,1178.22520507084,240
2100.42257022123,1155.8538404176,260
2130.25105642555,1165.79666915237,240
430.027342779021,646.283867760378,260
442.455878697489,999.254287844892,280
586.626895351728,909.768829231916,280
683.569475515784,633.855331841909,260
691.026597066866,556.798409147402,280
795.426298782004,420.084514044246,260
797.912005965697,402.684563758389,260
835.197613721104,330.59905543127,280
837.683320904797,345.513298533433,280
867.511807109123,412.627392493164,280
869.997514292816,146.656723837932,280
884.911757394979,67.1140939597315,280
912.25453641561,116.828237633607,280
932.14019388516,96.9425801640567,280
949.540144171017,99.4282873477504,280
949.540144171017,462.34153616704,280
952.02585135471,474.770072085508,280
961.968680089485,74.5712155108128,280
1036.5398956003,77.0569226945066,300
1091.22545364156,315.684812329108,260
1198.11086254039,1019.13994531444,260
1213.02510564256,149.142431021626,260
1227.93934874472,546.855580412627,280
1255.28212776535,852.59756400696,260
1267.71066368382,860.054685558041,260
1272.68207805121,845.140442455879,260
1374.59607258265,725.826497638578,260
1379.56748695004,718.369376087497,260
1389.51031568481,730.797912005966,260
1394.4817300522,713.397961720109,260
1590.85259756401,1292.56773552076,260
1662.93810589113,820.283370618941,280
1667.90952025851,1319.91051454139,280
1685.30947054437,1329.85334327616,280
1685.30947054437,1190.65374098931,280
1687.79517772806,208.799403430276,280
1732.53790703455,887.397464578673,260
1874.2232165051,1469.05294556301,280
1874.2232165051,1446.68158090977,260
1896.59458115834,1464.08153119563,260
1926.42306736266,146.656723837932,280
1993.5371613224,129.256773552076,260
1993.5371613224,1439.22445935869,280
2087.99403430276,1155.8538404176,260
2110.365398956,1160.82525478499,260
228.685060899826,1210.53939845886,300
457.370121799652,991.797166293811,280
524.484215759384,375.341784737758,300
671.140939597315,556.798409147402,300
795.426298782004,181.456624409645,280
805.369127516779,169.028088491176,300
857.568978374347,397.713149391002,280
860.054685558041,64.6283867760378,280
867.511807109123,392.741735023614,280
877.454635843898,387.770320656227,300
922.197365150385,740.740740740741,300
934.625901068854,733.283619189659,280
969.425801640567,104.399701715138,300
971.911508824261,72.0855083271191,280
994.282873477504,89.4854586129754,300
1006.71140939597,74.5712155108128,300
1009.19711657967,203.827989062888,300
1021.62565249814,67.1140939597315,280
1019.13994531444,84.5140442455879,280
1046.48272433507,106.885408898832,300
1190.65374098931,1036.5398956003,280
1208.05369127517,539.398458861546,300
1210.53939845886,566.741237882178,300
1227.93934874472,566.741237882178,280
1573.45264727815,1600.79542629878,280
1662.93810589113,1185.68232662192,280
1670.39522744221,1575.93835446184,280
1670.39522744221,1198.11086254039,280
1851.85185185185,1451.65299527716,280
1866.76609495401,1444.19587372608,280
1909.02311707681,1441.71016654238,280
1921.45165299528,1252.79642058166,280
1923.93736017897,1203.08227690778,300
1923.93736017897,1272.68207805121,280
1931.39448173005,206.313696246582,300
1948.79443201591,1048.96843151877,300
1956.25155356699,1034.0541884166,300
1946.30872483221,201.342281879195,300
1951.2801391996,151.628138205319,300
1968.68008948546,146.656723837932,300
275.913497390007,608.998260004971,300
303.256276410639,596.569724086503,300
310.71339796172,616.455381556053,300
375.341784737758,705.940840169028,320
437.484464330102,469.798657718121,320
444.941585881183,1081.28262490679,300
482.22719363659,773.05493412876,300
484.712900820283,763.112105393985,340
492.170022371365,922.197365150385,340
512.055679840915,390.25602783992,300
514.541387024609,365.398956002983,300
524.484215759384,387.770320656227,300
536.912751677852,387.770320656227,300
544.369873228934,778.026348496147,320
554.312701963709,770.569226945066,320
559.284116331096,738.255033557047,320
638.826746209297,860.054685558041,320
683.569475515784,551.826994780015,300
768.083519761372,857.568978374347,320
857.568978374347,154.113845389013,320
867.511807109123,54.6855580412627,300
882.426050211285,860.054685558041,320
879.940343027591,695.998011434253,340
892.36887894606,882.426050211285,320
904.797414864529,872.48322147651,320
909.768829231916,101.913994531444,300
927.168779517773,723.340790454884,300
934.625901068854,77.0569226945066,300
937.111608252548,723.340790454884,300
1063.88267462093,469.798657718121,320
1123.53964702958,462.34153616704,340
1130.99676858066,459.855828983346,300
1143.42530449913,472.284364901815,320
1163.31096196868,835.197613721104,320
1188.16803380562,1021.62565249814,300
1710.16654238131,1235.3964702958,320
1712.652249565,1260.25354213274,300
1722.59507829978,1247.82500621427,300
1725.08078548347,1227.93934874472,300
1829.48048719861,989.311459110117,320
1931.39448173005,188.913745960726,320
1928.90877454636,183.942331593338,300
1931.39448173005,164.056674123788,300
1938.85160328113,1178.22520507084,300
1936.36589609744,1039.02560278399,300
1938.85160328113,1270.19637086751,300
1973.65150385285,198.856574695501,320
1966.19438230176,1163.31096196868,320
1968.68008948546,161.570966940094,300
1976.13721103654,181.456624409645,300
405.170270942083,909.768829231916,320
405.170270942083,974.397216007954,340
415.113099676858,1063.88267462093,320
420.084514044246,897.340293313448,320
422.570221227939,904.797414864529,340
457.370121799652,782.997762863535,340
499.627143922446,787.969177230922,340
509.569972657221,770.569226945066,340
561.76982351479,748.197862291822,320
561.76982351479,758.140691026597,320
571.712652249565,743.226447924435,320
700.969425801641,546.855580412627,360
855.083271190654,688.540889883172,340
994.282873477504,673.626646781009,320
1058.91126025354,484.712900820283,340
1078.79691772309,462.34153616704,340
1078.79691772309,472.284364901815,340
1093.71116082525,472.284364901815,320
1145.91101168282,837.683320904797,340
1155.8538404176,827.740492170022,340
1173.25379070346,350.48471290082,360
1237.88217747949,584.141188168034,340
1486.45289584887,1031.56848123291,340
1496.39572458364,1014.16853094705,360
1715.13795674869,840.169028088491,340
1727.56649266716,825.254784986329,340
1737.50932140194,268.456375838926,320
1817.05195128014,989.311459110117,320
1881.68033805618,939.597315436242,340
1928.90877454636,1297.53914988814,340
1936.36589609744,151.628138205319,320
1981.10862540393,1135.96818294805,320
1983.59433258762,1153.36813323391,320
1993.5371613224,186.428038777032,320
1991.0514541387,1153.36813323391,320
1993.5371613224,1521.25279642058,320
1996.02286850609,1173.25379070346,320
2005.96569724086,1508.82426050211,340
482.22719363659,785.483470047228,360
549.341287596321,723.340790454884,360
559.284116331096,700.969425801641,360
569.226945065871,713.397961720109,360
608.998260004971,534.427044494159,360
693.512304250559,556.798409147402,340
708.426547352722,536.912751677852,340
827.740492170022,208.799403430276,380
845.140442455879,246.085011185682,360
1081.28262490679,258.513547104151,360
1098.68257519264,253.542132736764,360
1203.08227690778,526.969922943077,380
1227.93934874472,280.884911757395,360
1222.96793437733,514.541387024609,360
1250.31071339796,487.198608003977,380
1257.76783494904,604.026845637584,360
1255.28212776535,134.228187919463,360
1255.28212776535,576.684066616953,360
1270.19637086751,589.112602535421,360
1377.08177976634,1081.28262490679,360
1387.02460850112,753.16927665921,360
1389.51031568481,728.312204822272,360
1496.39572458364,1041.51130996769,340
1508.82426050211,1016.65423813075,360
1508.82426050211,1048.96843151877,340
1523.73850360428,1076.3112105394,340
1523.73850360428,1056.42555306985,360
1523.73850360428,1029.08277404922,360
1531.19562515536,1014.16853094705,360
1538.65274670644,1078.79691772309,340
1548.59557544121,974.397216007954,360
1613.22396221725,1036.5398956003,360
1712.652249565,820.283370618941,340
1921.45165299528,171.513795674869,340
1956.25155356699,1143.42530449913,360
1963.70867511807,159.085259756401,340
1971.16579666915,178.970917225951,340
1971.16579666915,161.570966940094,340
1993.5371613224,1496.39572458364,340
1996.02286850609,1260.25354213274,340
216.256524981357,862.540392741735,400
213.770817797663,986.825751926423,360
211.28511061397,874.968928660204,360
216.256524981357,882.426050211285,380
243.599304001989,815.311956251554,360
367.884663186677,976.882923191648,380
400.198856574696,698.483718617947,380
472.284364901815,693.512304250559,380
479.741486452896,700.969425801641,360
564.255530698484,728.312204822272,380
775.540641312453,430.027342779021,360
805.369127516779,213.770817797663,360
815.311956251554,191.39945314442,380
817.797663435247,256.027839920457,380
835.197613721104,228.685060899826,380
845.140442455879,186.428038777032,360
847.626149639573,236.142182450907,360
850.111856823266,228.685060899826,360
1021.62565249814,405.170270942083,380
1026.59706686552,420.084514044246,360
1036.5398956003,395.227442207308,380
1036.5398956003,410.141685309471,360
1068.85408898832,840.169028088491,380
1183.19661943823,343.027591349739,360
1232.91076311211,260.999254287845,360
1232.91076311211,479.741486452896,380
1247.82500621427,290.82774049217,360
1250.31071339796,591.598309719115,360
1319.91051454139,526.969922943077,400
1344.76758637832,1078.79691772309,360
1349.73900074571,1088.73974645787,360
1362.16753666418,1091.22545364156,380
1568.48123291076,872.48322147651,380
1573.45264727815,815.311956251554,360
1583.39547601293,827.740492170022,380
1613.22396221725,1021.62565249814,360
1628.13820531941,1026.59706686552,380
1630.62391250311,1043.99701715138,360
1822.02336564753,1302.51056425553,420
1844.39473030077,1140.93959731544,380
1894.10887397465,1332.33905045986,380
1901.56599552573,1347.25329356202,380
1918.96594581158,1334.82475764355,400
1938.85160328113,1285.11061396967,400
1941.33731046483,1250.31071339796,400
1961.22296793438,1267.71066368382,400
1971.16579666915,1126.02535421327,360
2033.3084762615,912.25453641561,380
2055.67984091474,1342.28187919463,380
2055.67984091474,1359.68182948049,360
96.9425801640567,1016.65423813075,400
173.999502858563,872.48322147651,380
198.856574695501,852.59756400696,400
308.227690778026,1056.42555306985,400
350.48471290082,999.254287844892,400
355.456127268208,937.111608252548,400
365.398956002983,954.511558538404,400
380.313199105145,964.454387273179,400
397.713149391002,678.598061148397,380
405.170270942083,713.397961720109,380
410.141685309471,708.426547352722,380
452.398707432264,894.854586129754,420
474.770072085508,676.112353964703,380
529.455630126771,700.969425801641,400
584.141188168034,497.141436738752,400
596.569724086503,482.22719363659,400
601.54113845389,499.627143922446,400
616.455381556053,541.88416604524,380
681.08376833209,544.369873228934,380
822.769077802635,636.341039025603,420
825.254784986329,236.142182450907,380
1053.93984588615,877.454635843898,400
1066.36838180462,869.997514292816,400
1078.79691772309,434.998757146408,420
1227.93934874472,586.626895351728,380
1250.31071339796,464.827243350733,380
1280.13919960229,787.969177230922,400
1297.53914988814,526.969922943077,400
1309.96768580661,539.398458861546,380
1319.91051454139,507.084265473527,400
1374.59607258265,730.797912005966,400
1401.93885160328,725.826497638578,380
1481.48148148148,529.455630126771,420
1580.90976882923,820.283370618941,380
1802.13770817798,1362.16753666418,420
1824.50907283122,1359.68182948049,380
1831.9661943823,1342.28187919463,420
1874.2232165051,1337.31046482724,420
1874.2232165051,1391.99602286851,400
1874.2232165051,1377.08177976634,400
1884.16604523987,1312.45339299031,420
1894.10887397465,1240.36788466319,400
1948.79443201591,1314.939100174,400
1968.68008948546,1292.56773552076,380
84.5140442455879,1006.71140939597,400
169.028088491176,857.568978374347,400
196.370867511807,869.997514292816,400
285.856326124783,1043.99701715138,400
298.284862043251,1043.99701715138,400
338.056176982351,939.597315436242,420
357.941834451902,964.454387273179,400
417.598806860552,497.141436738752,420
546.855580412627,857.568978374347,440
705.940840169028,884.911757394979,440
738.255033557047,601.54113845389,440
837.683320904797,648.769574944072,420
872.48322147651,725.826497638578,420
904.797414864529,604.026845637584,420
1076.3112105394,420.084514044246,420
1153.36813323391,832.71190653741,400
1198.11086254039,430.027342779021,420
1300.02485707184,899.826000497141,400
1304.99627143922,512.055679840915,400
1312.45339299031,422.570221227939,400
1319.91051454139,410.141685309471,420
1337.31046482724,420.084514044246,420
1364.65324384787,743.226447924435,400
1379.56748695004,837.683320904797,420
1419.33880188914,947.054436987323,440
1476.51006711409,509.569972657221,400
1583.39547601293,638.826746209297,420
1593.3383047477,663.683818046234,400
1630.62391250311,797.912005965697,400
1787.22346507581,1374.59607258265,400
1826.99478001491,1379.56748695004,420
1822.02336564753,1322.39622172508,400
1826.99478001491,1275.1677852349,440
1849.36614466816,1359.68182948049,400
1851.85185185185,1339.79617201094,400
1854.33755903555,1280.13919960229,420
1859.30897340293,1319.91051454139,420
1869.25180213771,1287.59632115337,420
1881.68033805618,1277.65349241859,420
1901.56599552573,1275.1677852349,420
1906.53740989311,1297.53914988814,420
1918.96594581158,1307.48197862292,420
1948.79443201591,1292.56773552076,400
1956.25155356699,1327.36763609247,400
1956.25155356699,1292.56773552076,400
1956.25155356699,1319.91051454139,400
1958.73726075068,1309.96768580661,400
377.827491921452,812.82624906786,480
407.655978125777,479.741486452896,420
442.455878697489,845.140442455879,440
444.941585881183,879.940343027591,420
469.798657718121,857.568978374347,440
477.255779269202,611.483967188665,440
489.684315187671,594.084016902809,440
509.569972657221,842.654735272185,460
492.170022371365,613.969674372359,440
502.11285110614,566.741237882178,420
623.912503107134,830.226199353716,500
683.569475515784,904.797414864529,440
683.569475515784,882.426050211285,440
862.540392741735,720.855083271191,420
899.826000497141,591.598309719115,440
914.740243599304,589.112602535421,440
1257.76783494904,320.656226696495,440
1260.25354213274,310.71339796172,440
1270.19637086751,315.684812329108,420
1292.56773552076,745.712155108128,420
1295.05344270445,728.312204822272,440
1329.85334327616,434.998757146408,420
1391.99602286851,855.083271190654,420
1394.4817300522,847.626149639573,420
1459.11011682824,519.512801391996,420
1583.39547601293,651.255282127765,420
1590.85259756401,611.483967188665,440
1660.45239870743,579.169773800646,460
1804.62341536167,1260.25354213274,440
1814.56624409645,1200.59656972409,440
1814.56624409645,1292.56773552076,420
1822.02336564753,1364.65324384787,420
1854.33755903555,1297.53914988814,420
1938.85160328113,1300.02485707184,420
1976.13721103654,1270.19637086751,420
1978.62291822023,1260.25354213274,420
42.2570221227939,944.568729803629,460
335.570469798658,984.340044742729,440
335.570469798658,966.940094456873,440
350.48471290082,840.169028088491,480
392.741735023614,753.16927665921,480
397.713149391002,817.797663435247,460
405.170270942083,499.627143922446,440
415.113099676858,837.683320904797,460
477.255779269202,596.569724086503,460
492.170022371365,564.255530698484,440
594.084016902809,489.684315187671,440
638.826746209297,872.48322147651,460
653.740989311459,872.48322147651,460
666.169525229928,882.426050211285,460
673.626646781009,904.797414864529,440
686.055182699478,683.569475515784,460
693.512304250559,884.911757394979,440
700.969425801641,904.797414864529,460
700.969425801641,584.141188168034,460
1009.19711657967,648.769574944072,480
1009.19711657967,681.08376833209,460
1014.16853094705,778.026348496147,480
1267.71066368382,308.227690778026,440
1300.02485707184,740.740740740741,440
1436.73875217499,802.883420333085,460
1441.71016654238,775.540641312453,460
1474.0243599304,656.226696495153,460
1590.85259756401,623.912503107134,440
1645.53815560527,576.684066616953,460
1652.99527715635,981.854337559036,460
1657.96669152374,999.254287844892,440
1665.42381307482,994.282873477504,460
1767.33780760626,1280.13919960229,440
1782.25205070843,1317.42480735769,440
1792.1948794432,1265.22495650012,460
1834.451901566,1359.68182948049,440
298.284862043251,817.797663435247,480
308.227690778026,840.169028088491,480
318.170519512801,837.683320904797,460
323.141933880189,832.71190653741,480
352.970420084514,815.311956251554,480
352.970420084514,591.598309719115,480
375.341784737758,780.512055679841,460
377.827491921452,765.597812577678,460
405.170270942083,825.254784986329,460
415.113099676858,514.541387024609,500
430.027342779021,835.197613721104,460
432.513049962714,855.083271190654,460
459.855828983346,514.541387024609,480
462.34153616704,469.798657718121,460
477.255779269202,479.741486452896,460
507.084265473527,840.169028088491,460
546.855580412627,830.226199353716,460
579.169773800646,840.169028088491,480
604.026845637584,683.569475515784,480
604.026845637584,842.654735272185,480
616.455381556053,874.968928660204,460
673.626646781009,845.140442455879,480
678.598061148397,857.568978374347,520
700.969425801641,678.598061148397,480
738.255033557047,514.541387024609,480
989.311459110117,785.483470047228,480
1001.73999502859,663.683818046234,460
1021.62565249814,671.140939597315,480
1024.11135968183,658.712403678847,480
1426.79592344022,792.94059159831,460
1446.68158090977,797.912005965697,460
1486.45289584887,651.255282127765,460
1483.96718866518,758.140691026597,500
1657.96669152374,559.284116331096,460
1670.39522744221,976.882923191648,460
1677.85234899329,569.226945065871,460
1715.13795674869,549.341287596321,540
1749.93785732041,566.741237882178,480
1802.13770817798,1096.19686800895,480
308.227690778026,822.769077802635,480
352.970420084514,743.226447924435,480
357.941834451902,795.426298782004,480
365.398956002983,805.369127516779,480
365.398956002983,753.16927665921,500
377.827491921452,730.797912005966,500
382.798906288839,651.255282127765,480
382.798906288839,710.912254536416,500
405.170270942083,454.884414615958,500
417.598806860552,773.05493412876,480
512.055679840915,894.854586129754,500
544.369873228934,869.997514292816,480
574.198359433259,820.283370618941,500
569.226945065871,857.568978374347,480
676.112353964703,673.626646781009,480
678.598061148397,713.397961720109,520
695.998011434253,730.797912005966,500
700.969425801641,688.540889883172,480
705.940840169028,720.855083271191,480
708.426547352722,713.397961720109,480
765.597812577678,730.797912005966,520
996.768580661198,760.626398210291,480
1004.22570221228,686.055182699478,480
1024.11135968183,686.055182699478,480
1150.88242605021,790.454884414616,500
1377.08177976634,954.511558538404,500
1389.51031568481,708.426547352722,560
1406.91026597067,402.684563758389,500
1419.33880188914,919.711657966692,520
1464.08153119563,755.654983842903,500
1491.42431021626,942.083022619935,500
1498.88143176734,932.14019388516,500
1598.30971911509,643.798160576684,540
1615.70966940094,1108.62540392742,480
1615.70966940094,1093.71116082525,480
1732.53790703455,574.198359433259,480
1794.6805866269,1086.25403927417,500
1826.99478001491,698.483718617947,500
1839.42331593338,718.369376087497,480
1839.42331593338,584.141188168034,520
392.741735023614,457.370121799652,500
395.227442207308,469.798657718121,500
392.741735023614,556.798409147402,540
410.141685309471,758.140691026597,500
449.913000248571,758.140691026597,500
449.913000248571,785.483470047228,500
452.398707432264,790.454884414616,520
507.084265473527,837.683320904797,500
504.598558289833,807.854834700472,520
524.484215759384,867.511807109123,500
539.398458861546,897.340293313448,500
544.369873228934,887.397464578673,500
541.88416604524,810.340541884166,520
633.855331841909,912.25453641561,540
651.255282127765,805.369127516779,500
661.19811086254,795.426298782004,500
683.569475515784,815.311956251554,520
768.083519761372,755.654983842903,540
765.597812577678,710.912254536416,500
778.026348496147,743.226447924435,520
790.454884414616,810.340541884166,540
865.026099925429,850.111856823266,520
857.568978374347,832.71190653741,520
879.940343027591,832.71190653741,520
884.911757394979,608.998260004971,520
1250.31071339796,700.969425801641,520
1384.53890131742,966.940094456873,500
1409.39597315436,390.25602783992,540
1446.68158090977,390.25602783992,540
1439.22445935869,365.398956002983,520
1466.56723837932,770.569226945066,500
1523.73850360428,633.855331841909,560
1585.88118319662,648.769574944072,500
1605.76684066617,837.683320904797,520
1655.48098434004,604.026845637584,540
1670.39522744221,1108.62540392742,520
1774.79492915735,1155.8538404176,500
1814.56624409645,477.255779269202,520
1826.99478001491,713.397961720109,520
1839.42331593338,723.340790454884,540
1859.30897340293,579.169773800646,520
425.055928411633,760.626398210291,540
430.027342779021,750.683569475516,520
449.913000248571,618.941088739746,540
613.969674372359,897.340293313448,560
623.912503107134,805.369127516779,560
705.940840169028,710.912254536416,520
753.16927665921,713.397961720109,520
1404.42455878698,932.14019388516,520
1411.88168033806,710.912254536416,520
1439.22445935869,377.827491921452,520
1441.71016654238,345.513298533433,540
1446.68158090977,375.341784737758,520
1449.16728809346,370.37037037037,520
1456.62440964454,352.970420084514,520
1608.25254784986,817.797663435247,520
1613.22396221725,546.855580412627,560
1665.42381307482,559.284116331096,560
1672.8809346259,1121.05393984589,520
1695.25229927915,534.427044494159,520
1700.22371364653,531.941337310465,520
1769.82351478996,492.170022371365,540
1772.30922197365,504.598558289833,540
1794.6805866269,487.198608003977,520
1889.13745960726,862.540392741735,540
1904.05170270942,855.083271190654,560
400.198856574696,743.226447924435,540
564.255530698484,492.170022371365,560
613.969674372359,787.969177230922,540
626.398210290828,907.283122048223,540
631.369624658215,780.512055679841,560
636.341039025603,718.369376087497,560
643.798160576684,797.912005965697,540
651.255282127765,554.312701963709,560
656.226696495153,773.05493412876,540
683.569475515784,539.398458861546,540
812.82624906786,964.454387273179,540
1337.31046482724,924.683072334079,560
1344.76758637832,912.25453641561,540
1352.22470792941,919.711657966692,560
1396.96743723589,710.912254536416,540
1506.33855331842,410.141685309471,540
1583.39547601293,827.740492170022,560
1677.85234899329,616.455381556053,560
1911.5088242605,869.997514292816,540
390.25602783992,748.197862291822,580
611.483967188665,686.055182699478,580
606.512552821278,792.94059159831,560
653.740989311459,780.512055679841,580
668.655232413622,541.88416604524,580
802.883420333085,961.968680089485,580
805.369127516779,976.882923191648,580
1573.45264727815,628.883917474521,580
1580.90976882923,855.083271190654,560
1583.39547601293,608.998260004971,560
1590.85259756401,621.42679592344,560
1588.36689038031,845.140442455879,580
1593.3383047477,589.112602535421,580
1643.05244842158,1086.25403927417,580
1660.45239870743,1071.33979617201,560
616.455381556053,785.483470047228,580
641.31245339299,792.94059159831,580
648.769574944072,775.540641312453,580
648.769574944072,897.340293313448,580
648.769574944072,919.711657966692,580
812.82624906786,964.454387273179,580
1449.16728809346,385.284613472533,580
1568.48123291076,648.769574944072,580
1573.45264727815,648.769574944072,580
1588.36689038031,599.055431270196,580
