243.599304001989,1551.08128262491,14.9925037481259
248.570718369376,1531.19562515536,14.9925037481259
253.542132736764,1573.45264727815,14.9925037481259
258.513547104151,1543.62416107383,29.9850074962519
263.484961471539,1633.1096196868,29.9850074962519
273.427790206314,1615.70966940094,29.9850074962519
295.799154859558,805.369127516779,29.9850074962519
313.199105145414,673.626646781009,29.9850074962519
320.656226696495,695.998011434253,29.9850074962519
330.59905543127,1595.82401193139,14.9925037481259
338.056176982351,830.226199353716,14.9925037481259
380.313199105145,1389.51031568481,14.9925037481259
392.741735023614,1444.19587372608,14.9925037481259
395.227442207308,832.71190653741,29.9850074962519
395.227442207308,872.48322147651,14.9925037481259
395.227442207308,1411.88168033806,44.9775112443778
397.713149391002,797.912005965697,14.9925037481259
400.198856574696,855.083271190654,29.9850074962519
415.113099676858,1406.91026597067,29.9850074962519
410.141685309471,1394.4817300522,14.9925037481259
425.055928411633,1401.93885160328,29.9850074962519
489.684315187671,1667.90952025851,14.9925037481259
579.169773800646,390.25602783992,14.9925037481259
584.141188168034,452.398707432264,14.9925037481259
606.512552821278,377.827491921452,44.9775112443778
613.969674372359,2460.85011185682,14.9925037481259
663.683818046234,1717.62366393239,14.9925037481259
663.683818046234,1710.16654238131,14.9925037481259
681.08376833209,1608.25254784986,14.9925037481259
700.969425801641,1851.85185185185,29.9850074962519
713.397961720109,1789.70917225951,29.9850074962519
713.397961720109,1826.99478001491,29.9850074962519
738.255033557047,1809.59482972906,14.9925037481259
748.197862291822,1737.50932140194,14.9925037481259
753.16927665921,2165.05095699727,29.9850074962519
760.626398210291,1744.96644295302,14.9925037481259
768.083519761372,1667.90952025851,14.9925037481259
768.083519761372,1652.99527715635,14.9925037481259
763.112105393985,1735.02361421825,14.9925037481259
765.597812577678,1739.99502858563,14.9925037481259
775.540641312453,1643.05244842158,14.9925037481259
780.512055679841,1657.96669152374,14.9925037481259
802.883420333085,1826.99478001491,29.9850074962519
785.483470047228,2157.59383544618,14.9925037481259
805.369127516779,1727.56649266716,14.9925037481259
815.311956251554,1777.28063634104,44.9775112443778
822.769077802635,1712.652249565,29.9850074962519
825.254784986329,1794.6805866269,29.9850074962519
827.740492170022,1926.42306736266,29.9850074962519
840.169028088491,1928.90877454636,14.9925037481259
852.59756400696,1710.16654238131,14.9925037481259
852.59756400696,1871.7375093214,29.9850074962519
869.997514292816,1799.65200099428,29.9850074962519
862.540392741735,1809.59482972906,14.9925037481259
862.540392741735,1864.28038777032,14.9925037481259
862.540392741735,1846.88043748446,29.9850074962519
867.511807109123,1881.68033805618,29.9850074962519
869.997514292816,1720.10937111608,14.9925037481259
869.997514292816,1854.33755903555,14.9925037481259
882.426050211285,1894.10887397465,29.9850074962519
882.426050211285,1859.30897340293,14.9925037481259
884.911757394979,1851.85185185185,14.9925037481259
894.854586129754,1881.68033805618,29.9850074962519
897.340293313448,1633.1096196868,14.9925037481259
897.340293313448,1707.68083519761,14.9925037481259
897.340293313448,1866.76609495401,14.9925037481259
912.25453641561,1633.1096196868,14.9925037481259
922.197365150385,1705.19512801392,29.9850074962519
927.168779517773,1881.68033805618,14.9925037481259
932.14019388516,1056.42555306985,14.9925037481259
939.597315436242,1894.10887397465,14.9925037481259
934.625901068854,1757.39497887149,44.9775112443778
937.111608252548,1807.10912254536,14.9925037481259
949.540144171017,611.483967188665,29.9850074962519
952.02585135471,651.255282127765,29.9850074962519
959.482972905792,1727.56649266716,29.9850074962519
966.940094456873,1113.5968182948,29.9850074962519
979.368630375342,1175.73949788715,29.9850074962519
976.882923191648,608.998260004971,29.9850074962519
979.368630375342,661.19811086254,14.9925037481259
991.797166293811,1347.25329356202,29.9850074962519
996.768580661198,1324.88192890877,14.9925037481259
999.254287844892,1367.13895103157,29.9850074962519
996.768580661198,1623.16679095203,29.9850074962519
1004.22570221228,1466.56723837932,29.9850074962519
1006.71140939597,1575.93835446184,29.9850074962519
1016.65423813075,1317.42480735769,29.9850074962519
1026.59706686552,1369.62465821526,29.9850074962519
1024.11135968183,1444.19587372608,14.9925037481259
1029.08277404922,976.882923191648,14.9925037481259
1026.59706686552,1406.91026597067,14.9925037481259
1031.56848123291,996.768580661198,14.9925037481259
1039.02560278399,1319.91051454139,29.9850074962519
1046.48272433507,1011.68282376336,14.9925037481259
1058.91126025354,1588.36689038031,29.9850074962519
1048.96843151877,2030.8227690778,14.9925037481259
1056.42555306985,1359.68182948049,14.9925037481259
1071.33979617201,544.369873228934,14.9925037481259
1071.33979617201,529.455630126771,14.9925037481259
1073.8255033557,1372.11036539896,14.9925037481259
1083.76833209048,536.912751677852,14.9925037481259
1091.22545364156,1091.22545364156,14.9925037481259
1091.22545364156,1078.79691772309,29.9850074962519
1101.16828237634,1399.45314441959,14.9925037481259
1113.5968182948,1762.36639323888,29.9850074962519
1130.99676858066,1879.19463087248,29.9850074962519
1208.05369127517,924.683072334079,29.9850074962519
1200.59656972409,939.597315436242,29.9850074962519
1230.42505592841,1516.28138205319,29.9850074962519
1227.93934874472,1558.53840417599,29.9850074962519
1230.42505592841,1570.96694009446,14.9925037481259
1237.88217747949,1526.22421078797,29.9850074962519
1260.25354213274,1543.62416107383,29.9850074962519
1307.48197862292,1513.7956748695,29.9850074962519
1354.7104151131,879.940343027591,29.9850074962519
1389.51031568481,887.397464578673,44.9775112443778
1414.36738752175,1491.42431021626,29.9850074962519
1424.31021625653,1565.99552572707,14.9925037481259
1449.16728809346,1518.76708923689,29.9850074962519
1464.08153119563,1464.08153119563,44.9775112443778
1506.33855331842,1846.88043748446,44.9775112443778
1503.85284613473,1630.62391250311,29.9850074962519
1523.73850360428,1856.82326621924,29.9850074962519
1600.79542629878,1414.36738752175,29.9850074962519
1605.76684066617,1096.19686800895,44.9775112443778
1613.22396221725,1757.39497887149,29.9850074962519
1638.08103405419,1682.82376336068,29.9850074962519
1677.85234899329,459.855828983346,14.9925037481259
1682.82376336068,442.455878697489,29.9850074962519
1682.82376336068,464.827243350733,14.9925037481259
1685.30947054437,454.884414615958,14.9925037481259
1764.85210042257,994.282873477504,29.9850074962519
1804.62341536167,415.113099676858,29.9850074962519
1973.65150385285,517.027094208302,29.9850074962519
2130.25105642555,782.997762863535,29.9850074962519
2209.79368630375,723.340790454884,29.9850074962519
2244.59358687547,1307.48197862292,29.9850074962519
2266.96495152871,874.968928660204,29.9850074962519
2276.90778026349,636.341039025603,29.9850074962519
2416.10738255034,904.797414864529,14.9925037481259
134.228187919463,705.940840169028,44.9775112443778
248.570718369376,1648.02386278896,44.9775112443778
362.913248819289,2028.33706189411,44.9775112443778
407.655978125777,1498.88143176734,29.9850074962519
497.141436738752,1648.02386278896,44.9775112443778
497.141436738752,1662.93810589113,44.9775112443778
561.76982351479,449.913000248571,29.9850074962519
636.341039025603,991.797166293811,44.9775112443778
643.798160576684,1001.73999502859,29.9850074962519
646.283867760378,979.368630375342,29.9850074962519
648.769574944072,974.397216007954,29.9850074962519
656.226696495153,994.282873477504,44.9775112443778
666.169525229928,1615.70966940094,29.9850074962519
671.140939597315,1615.70966940094,29.9850074962519
698.483718617947,1692.76659209545,29.9850074962519
735.769326373353,2162.56524981357,29.9850074962519
740.740740740741,2165.05095699727,29.9850074962519
768.083519761372,2167.53666418096,29.9850074962519
770.569226945066,2199.85085756898,29.9850074962519
780.512055679841,1774.79492915735,29.9850074962519
787.969177230922,1772.30922197365,29.9850074962519
792.94059159831,1769.82351478996,29.9850074962519
795.426298782004,2194.87944320159,29.9850074962519
797.912005965697,1774.79492915735,44.9775112443778
837.683320904797,1730.05219985086,29.9850074962519
840.169028088491,1814.56624409645,29.9850074962519
847.626149639573,1894.10887397465,29.9850074962519
850.111856823266,1899.08028834203,29.9850074962519
902.311707680835,835.197613721104,44.9775112443778
904.797414864529,820.283370618941,29.9850074962519
937.111608252548,1904.05170270942,29.9850074962519
952.02585135471,1782.25205070843,29.9850074962519
981.854337559036,1185.68232662192,29.9850074962519
989.311459110117,1424.31021625653,29.9850074962519
1021.62565249814,1459.11011682824,29.9850074962519
1029.08277404922,1319.91051454139,29.9850074962519
1036.5398956003,2197.36515038528,29.9850074962519
1039.02560278399,1506.33855331842,29.9850074962519
1123.53964702958,273.427790206314,59.9700149925037
1217.99652000994,1553.5669898086,29.9850074962519
1237.88217747949,1548.59557544121,29.9850074962519
1242.85359184688,1645.53815560527,29.9850074962519
1245.33929903057,1568.48123291076,29.9850074962519
1267.71066368382,1648.02386278896,44.9775112443778
1277.65349241859,1620.68108376833,29.9850074962519
1292.56773552076,1506.33855331842,29.9850074962519
1406.91026597067,1449.16728809346,44.9775112443778
1434.2530449913,1511.30996768581,29.9850074962519
1459.11011682824,1481.48148148148,29.9850074962519
1464.08153119563,1441.71016654238,44.9775112443778
1553.5669898086,350.48471290082,44.9775112443778
1565.99552572707,380.313199105145,59.9700149925037
1583.39547601293,357.941834451902,59.9700149925037
1638.08103405419,1697.73800646284,29.9850074962519
1638.08103405419,2299.27914491673,44.9775112443778
1963.70867511807,507.084265473527,29.9850074962519
2269.4506587124,208.799403430276,44.9775112443778
2274.42207307979,201.342281879195,29.9850074962519
116.828237633607,658.712403678847,44.9775112443778
233.656475267214,735.769326373353,44.9775112443778
236.142182450907,730.797912005966,44.9775112443778
251.05642555307,1657.96669152374,44.9775112443778
395.227442207308,802.883420333085,44.9775112443778
420.084514044246,2304.25055928412,59.9700149925037
454.884414615958,1657.96669152374,44.9775112443778
479.741486452896,1675.36664180959,44.9775112443778
509.569972657221,1287.59632115337,59.9700149925037
534.427044494159,452.398707432264,44.9775112443778
529.455630126771,1150.88242605021,74.9625187406297
569.226945065871,1153.36813323391,44.9775112443778
584.141188168034,454.884414615958,44.9775112443778
621.42679592344,1001.73999502859,59.9700149925037
643.798160576684,974.397216007954,44.9775112443778
713.397961720109,1817.05195128014,44.9775112443778
773.05493412876,1799.65200099428,59.9700149925037
773.05493412876,1643.05244842158,44.9775112443778
780.512055679841,2194.87944320159,44.9775112443778
780.512055679841,1640.56674123788,44.9775112443778
800.397713149391,1051.45413870246,44.9775112443778
817.797663435247,1662.93810589113,59.9700149925037
830.226199353716,1051.45413870246,44.9775112443778
842.654735272185,1039.02560278399,59.9700149925037
954.511558538404,1660.45239870743,44.9775112443778
976.882923191648,1759.88068605518,44.9775112443778
971.911508824261,1160.82525478499,44.9775112443778
976.882923191648,656.226696495153,44.9775112443778
979.368630375342,661.19811086254,44.9775112443778
1029.08277404922,2473.27864777529,74.9625187406297
1073.8255033557,1372.11036539896,44.9775112443778
1076.3112105394,2145.16529952772,74.9625187406297
1103.65398956003,1101.16828237634,44.9775112443778
1235.3964702958,1650.50956997266,44.9775112443778
1235.3964702958,1672.8809346259,44.9775112443778
1444.19587372608,753.16927665921,44.9775112443778
1546.10986825752,1851.85185185185,44.9775112443778
1543.62416107383,1839.42331593338,44.9775112443778
1585.88118319662,1963.70867511807,44.9775112443778
1593.3383047477,390.25602783992,44.9775112443778
1695.25229927915,1098.68257519264,59.9700149925037
1784.73775789212,1165.79666915237,44.9775112443778
1787.22346507581,1158.33954760129,44.9775112443778
1794.6805866269,1168.28237633607,44.9775112443778
2003.47999005717,618.941088739746,59.9700149925037
2090.47974148645,1083.76833209048,44.9775112443778
2229.6793437733,738.255033557047,59.9700149925037
124.285359184688,693.512304250559,59.9700149925037
159.085259756401,703.455132985334,59.9700149925037
233.656475267214,720.855083271191,59.9700149925037
298.284862043251,971.911508824261,59.9700149925037
333.084762614964,956.997265722098,59.9700149925037
377.827491921452,422.570221227939,59.9700149925037
395.227442207308,1981.10862540393,74.9625187406297
479.741486452896,231.17076808352,74.9625187406297
554.312701963709,447.427293064877,59.9700149925037
559.284116331096,442.455878697489,59.9700149925037
564.255530698484,1128.51106139697,74.9625187406297
631.369624658215,2239.62217250808,74.9625187406297
720.855083271191,318.170519512801,59.9700149925037
755.654983842903,1389.51031568481,89.9550224887556
830.226199353716,1657.96669152374,59.9700149925037
832.71190653741,1672.8809346259,74.9625187406297
894.854586129754,1682.82376336068,89.9550224887556
907.283122048223,787.969177230922,74.9625187406297
939.597315436242,790.454884414616,74.9625187406297
952.02585135471,1759.88068605518,59.9700149925037
961.968680089485,1735.02361421825,59.9700149925037
969.425801640567,1715.13795674869,74.9625187406297
1068.85408898832,2162.56524981357,59.9700149925037
1063.88267462093,2165.05095699727,89.9550224887556
1133.48247576436,2304.25055928412,59.9700149925037
1150.88242605021,2331.59333830475,89.9550224887556
1220.48222719364,1670.39522744221,59.9700149925037
1235.3964702958,773.05493412876,59.9700149925037
1262.73924931643,1695.25229927915,59.9700149925037
1260.25354213274,924.683072334079,74.9625187406297
1277.65349241859,1690.28088491176,59.9700149925037
1280.13919960229,1682.82376336068,59.9700149925037
1309.96768580661,1640.56674123788,59.9700149925037
1334.82475764355,1829.48048719861,59.9700149925037
1352.22470792941,2033.3084762615,89.9550224887556
1411.88168033806,1764.85210042257,74.9625187406297
1449.16728809346,1471.53865274671,59.9700149925037
1511.30996768581,1287.59632115337,89.9550224887556
1511.30996768581,2259.50782997763,89.9550224887556
1531.19562515536,2266.96495152871,89.9550224887556
1610.73825503356,2284.36490181457,59.9700149925037
1983.59433258762,636.341039025603,59.9700149925037
2170.02237136465,1727.56649266716,74.9625187406297
2232.165050957,651.255282127765,89.9550224887556
109.371116082525,688.540889883172,89.9550224887556
288.342033308476,969.425801640567,89.9550224887556
362.913248819289,966.940094456873,134.932533733133
360.427541635595,999.254287844892,104.947526236882
380.313199105145,2194.87944320159,104.947526236882
442.455878697489,1655.48098434004,74.9625187406297
472.284364901815,278.399204573701,104.947526236882
469.798657718121,1675.36664180959,74.9625187406297
487.198608003977,248.570718369376,74.9625187406297
499.627143922446,251.05642555307,74.9625187406297
541.88416604524,1130.99676858066,74.9625187406297
549.341287596321,1123.53964702958,74.9625187406297
574.198359433259,417.598806860552,89.9550224887556
581.65548098434,434.998757146408,74.9625187406297
594.084016902809,377.827491921452,74.9625187406297
604.026845637584,981.854337559036,89.9550224887556
611.483967188665,996.768580661198,74.9625187406297
623.912503107134,984.340044742729,74.9625187406297
628.883917474521,981.854337559036,74.9625187406297
633.855331841909,974.397216007954,74.9625187406297
648.769574944072,989.311459110117,74.9625187406297
666.169525229928,2455.87869748944,104.947526236882
710.912254536416,1053.93984588615,104.947526236882
710.912254536416,313.199105145414,104.947526236882
730.797912005966,1364.65324384787,74.9625187406297
820.283370618941,1046.48272433507,74.9625187406297
820.283370618941,1680.33805617698,74.9625187406297
832.71190653741,1034.0541884166,74.9625187406297
899.826000497141,1300.02485707184,89.9550224887556
902.311707680835,1645.53815560527,89.9550224887556
917.225950782998,1304.99627143922,104.947526236882
937.111608252548,812.82624906786,89.9550224887556
939.597315436242,1702.70942083023,74.9625187406297
961.968680089485,1695.25229927915,74.9625187406297
1058.91126025354,2145.16529952772,74.9625187406297
1232.91076311211,1665.42381307482,74.9625187406297
1252.79642058166,917.225950782998,74.9625187406297
1287.59632115337,273.427790206314,119.940029985007
1387.02460850112,1764.85210042257,74.9625187406297
1404.42455878698,1725.08078548347,74.9625187406297
1488.93860303256,1730.05219985086,89.9550224887556
1498.88143176734,1285.11061396967,74.9625187406297
1543.62416107383,2336.56475267214,119.940029985007
1561.02411135968,347.999005717127,74.9625187406297
1565.99552572707,355.456127268208,74.9625187406297
1685.30947054437,1093.71116082525,74.9625187406297
1747.45215013671,778.026348496147,74.9625187406297
1839.42331593338,2060.65125528213,74.9625187406297
1846.88043748446,2075.56549838429,89.9550224887556
1926.42306736266,1996.02286850609,89.9550224887556
1978.62291822023,802.883420333085,104.947526236882
1996.02286850609,1633.1096196868,89.9550224887556
2020.87994034303,802.883420333085,104.947526236882
131.742480735769,1938.85160328113,119.940029985007
186.428038777032,604.026845637584,119.940029985007
295.799154859558,934.625901068854,89.9550224887556
315.684812329108,952.02585135471,104.947526236882
370.37037037037,2204.82227193637,104.947526236882
377.827491921452,1978.62291822023,89.9550224887556
380.313199105145,1824.50907283122,119.940029985007
405.170270942083,2309.2219736515,89.9550224887556
417.598806860552,2299.27914491673,104.947526236882
591.598309719115,2209.79368630375,104.947526236882
608.998260004971,2266.96495152871,89.9550224887556
621.42679592344,994.282873477504,89.9550224887556
728.312204822272,318.170519512801,104.947526236882
738.255033557047,1394.4817300522,89.9550224887556
879.940343027591,1675.36664180959,104.947526236882
929.654486701467,815.311956251554,89.9550224887556
947.054436987323,1759.88068605518,89.9550224887556
952.02585135471,1754.9092716878,89.9550224887556
954.511558538404,1737.50932140194,89.9550224887556
964.454387273179,1419.33880188914,104.947526236882
1051.45413870246,2162.56524981357,89.9550224887556
1081.28262490679,1956.25155356699,119.940029985007
1155.8538404176,2346.50758140691,89.9550224887556
1153.36813323391,2314.19338801889,89.9550224887556
1160.82525478499,2309.2219736515,89.9550224887556
1160.82525478499,2351.4789957743,89.9550224887556
1170.76808351976,2311.7076808352,89.9550224887556
1190.65374098931,2304.25055928412,89.9550224887556
1270.19637086751,248.570718369376,119.940029985007
1327.36763609247,1826.99478001491,104.947526236882
1357.19612229679,2053.19413373105,89.9550224887556
1513.7956748695,2232.165050957,104.947526236882
1598.30971911509,2281.87919463087,104.947526236882
1749.93785732041,1640.56674123788,104.947526236882
1822.02336564753,1916.48023862789,89.9550224887556
1988.56574695501,820.283370618941,89.9550224887556
1993.5371613224,825.254784986329,89.9550224887556
2234.65075814069,666.169525229928,104.947526236882
54.6855580412627,1772.30922197365,104.947526236882
57.1712652249565,1767.33780760626,104.947526236882
74.5712155108128,1807.10912254536,119.940029985007
124.285359184688,1076.3112105394,119.940029985007
183.942331593338,628.883917474521,119.940029985007
193.885160328113,641.31245339299,119.940029985007
206.313696246582,618.941088739746,119.940029985007
238.627889634601,1362.16753666418,104.947526236882
362.913248819289,1836.93760874969,119.940029985007
372.856077554064,1739.99502858563,104.947526236882
459.855828983346,251.05642555307,104.947526236882
474.770072085508,243.599304001989,119.940029985007
474.770072085508,258.513547104151,104.947526236882
479.741486452896,265.970668655232,119.940029985007
544.369873228934,1155.8538404176,104.947526236882
613.969674372359,2222.22222222222,104.947526236882
658.712403678847,333.084762614964,119.940029985007
666.169525229928,2435.99304001989,104.947526236882
673.626646781009,850.111856823266,149.925037481259
693.512304250559,894.854586129754,134.932533733133
691.026597066866,308.227690778026,119.940029985007
695.998011434253,320.656226696495,119.940029985007
713.397961720109,1046.48272433507,104.947526236882
715.883668903803,860.054685558041,119.940029985007
723.340790454884,1382.05319413373,119.940029985007
730.797912005966,1357.19612229679,119.940029985007
733.283619189659,1374.59607258265,104.947526236882
740.740740740741,270.94208302262,149.925037481259
832.71190653741,1700.22371364653,104.947526236882
840.169028088491,2331.59333830475,104.947526236882
857.568978374347,258.513547104151,119.940029985007
882.426050211285,1309.96768580661,119.940029985007
884.911757394979,1364.65324384787,134.932533733133
884.911757394979,2301.76485210042,119.940029985007
1046.48272433507,889.883171762366,119.940029985007
1068.85408898832,1978.62291822023,134.932533733133
1068.85408898832,1958.73726075068,104.947526236882
1113.5968182948,1108.62540392742,104.947526236882
1168.28237633607,2346.50758140691,104.947526236882
1240.36788466319,2376.33606761124,134.932533733133
1295.05344270445,146.656723837932,119.940029985007
1347.25329356202,2018.39423315933,104.947526236882
1389.51031568481,1767.33780760626,119.940029985007
1391.99602286851,1742.48073576933,119.940029985007
1419.33880188914,1752.4235645041,119.940029985007
1474.0243599304,1297.53914988814,119.940029985007
1491.42431021626,1272.68207805121,104.947526236882
1551.08128262491,2294.30773054934,104.947526236882
1580.90976882923,2306.73626646781,119.940029985007
1605.76684066617,236.142182450907,119.940029985007
1633.1096196868,228.685060899826,134.932533733133
1628.13820531941,216.256524981357,149.925037481259
1680.33805617698,2329.10763112105,119.940029985007
1749.93785732041,1603.28113348248,119.940029985007
1772.30922197365,1628.13820531941,119.940029985007
1767.33780760626,1342.28187919463,104.947526236882
1819.53765846383,1923.93736017897,119.940029985007
1841.90902311708,2055.67984091474,104.947526236882
1901.56599552573,151.628138205319,104.947526236882
1906.53740989311,1998.50857568978,119.940029985007
1909.02311707681,156.599552572707,104.947526236882
1921.45165299528,156.599552572707,134.932533733133
1923.93736017897,1986.08003977131,104.947526236882
1928.90877454636,2015.90852597564,119.940029985007
1976.13721103654,820.283370618941,104.947526236882
2003.47999005717,802.883420333085,104.947526236882
2020.87994034303,787.969177230922,104.947526236882
2030.8227690778,780.512055679841,119.940029985007
2125.27964205817,1401.93885160328,119.940029985007
2132.73676360925,1387.02460850112,119.940029985007
2135.22247079294,1394.4817300522,104.947526236882
2142.67959234402,1394.4817300522,104.947526236882
2194.87944320159,1101.16828237634,119.940029985007
2334.07904548844,795.426298782004,119.940029985007
2.48570718369376,932.14019388516,119.940029985007
77.0569226945066,1831.9661943823,134.932533733133
91.9711657966692,1864.28038777032,149.925037481259
114.342530449913,1826.99478001491,149.925037481259
119.313944817301,1904.05170270942,164.917541229385
111.856823266219,1966.19438230176,119.940029985007
166.542381307482,1889.13745960726,119.940029985007
176.485210042257,1488.93860303256,119.940029985007
171.513795674869,1906.53740989311,119.940029985007
176.485210042257,1471.53865274671,119.940029985007
191.39945314442,1471.53865274671,134.932533733133
206.313696246582,1881.68033805618,149.925037481259
208.799403430276,999.254287844892,134.932533733133
236.142182450907,1382.05319413373,119.940029985007
256.027839920457,2117.82252050708,134.932533733133
273.427790206314,1391.99602286851,149.925037481259
283.370618941089,2117.82252050708,134.932533733133
313.199105145414,929.654486701467,119.940029985007
323.141933880189,1389.51031568481,134.932533733133
377.827491921452,947.054436987323,119.940029985007
380.313199105145,2289.33631618195,119.940029985007
410.141685309471,2299.27914491673,119.940029985007
422.570221227939,298.284862043251,134.932533733133
430.027342779021,278.399204573701,119.940029985007
434.998757146408,300.770569226945,119.940029985007
432.513049962714,1620.68108376833,134.932533733133
447.427293064877,340.541884166045,134.932533733133
444.941585881183,1610.73825503356,134.932533733133
449.913000248571,285.856326124783,134.932533733133
469.798657718121,355.456127268208,149.925037481259
469.798657718121,320.656226696495,149.925037481259
479.741486452896,335.570469798658,149.925037481259
484.712900820283,253.542132736764,119.940029985007
544.369873228934,800.397713149391,134.932533733133
596.569724086503,2266.96495152871,134.932533733133
621.42679592344,2212.27939348745,134.932533733133
636.341039025603,2239.62217250808,134.932533733133
653.740989311459,1332.33905045986,119.940029985007
691.026597066866,606.512552821278,149.925037481259
693.512304250559,1322.39622172508,119.940029985007
708.426547352722,894.854586129754,119.940029985007
713.397961720109,897.340293313448,119.940029985007
733.283619189659,1396.96743723589,119.940029985007
760.626398210291,243.599304001989,119.940029985007
797.912005965697,251.05642555307,119.940029985007
860.054685558041,2346.50758140691,119.940029985007
882.426050211285,1329.85334327616,119.940029985007
892.36887894606,1327.36763609247,119.940029985007
897.340293313448,1290.08202833706,119.940029985007
907.283122048223,173.999502858563,149.925037481259
914.740243599304,2396.22172508079,134.932533733133
1011.68282376336,919.711657966692,119.940029985007
1046.48272433507,2304.25055928412,134.932533733133
1081.28262490679,1088.73974645787,149.925037481259
1118.56823266219,1963.70867511807,119.940029985007
1163.31096196868,1272.68207805121,134.932533733133
1237.88217747949,288.342033308476,119.940029985007
1252.79642058166,283.370618941089,119.940029985007
1252.79642058166,313.199105145414,134.932533733133
1262.73924931643,275.913497390007,134.932533733133
1265.22495650012,216.256524981357,119.940029985007
1267.71066368382,228.685060899826,119.940029985007
1267.71066368382,290.82774049217,119.940029985007
1277.65349241859,191.39945314442,134.932533733133
1307.48197862292,273.427790206314,134.932533733133
1312.45339299031,260.999254287845,134.932533733133
1379.56748695004,2480.73576932637,134.932533733133
1404.42455878698,1720.10937111608,134.932533733133
1501.36713895103,2247.07929405916,119.940029985007
1635.59532687049,2398.70743226448,149.925037481259
1645.53815560527,193.885160328113,134.932533733133
1687.79517772806,1906.53740989311,119.940029985007
1787.22346507581,2259.50782997763,119.940029985007
1799.65200099428,1628.13820531941,134.932533733133
1807.10912254536,1889.13745960726,134.932533733133
1836.93760874969,1941.33731046483,119.940029985007
1841.90902311708,1941.33731046483,119.940029985007
1844.39473030077,1906.53740989311,119.940029985007
1846.88043748446,1916.48023862789,119.940029985007
1896.59458115834,1004.22570221228,134.932533733133
1899.08028834203,164.056674123788,119.940029985007
1904.05170270942,191.39945314442,134.932533733133
1913.9945314442,191.39945314442,119.940029985007
1923.93736017897,2068.10837683321,134.932533733133
1926.42306736266,2048.22271936366,134.932533733133
1926.42306736266,1021.62565249814,134.932533733133
1926.42306736266,2058.16554809843,119.940029985007
1988.56574695501,817.797663435247,119.940029985007
2005.96569724086,778.026348496147,119.940029985007
2010.93711160825,812.82624906786,134.932533733133
2115.33681332339,1270.19637086751,119.940029985007
2115.33681332339,1051.45413870246,119.940029985007
2127.76534924186,1983.59433258762,134.932533733133
2142.67959234402,1404.42455878698,119.940029985007
2157.59383544618,1043.99701715138,134.932533733133
2187.42232165051,1648.02386278896,119.940029985007
64.6283867760378,1817.05195128014,134.932533733133
77.0569226945066,1918.96594581158,134.932533733133
91.9711657966692,1896.59458115834,164.917541229385
84.5140442455879,1819.53765846383,134.932533733133
96.9425801640567,1839.42331593338,134.932533733133
111.856823266219,1913.9945314442,134.932533733133
119.313944817301,1911.5088242605,134.932533733133
129.256773552076,1891.62316679095,134.932533733133
144.171016654238,1871.7375093214,149.925037481259
136.713895103157,1884.16604523987,134.932533733133
154.113845389013,1988.56574695501,134.932533733133
256.027839920457,867.511807109123,134.932533733133
290.82774049217,1409.39597315436,149.925037481259
295.799154859558,1384.53890131742,134.932533733133
318.170519512801,2167.53666418096,134.932533733133
323.141933880189,1382.05319413373,134.932533733133
355.456127268208,942.083022619935,149.925037481259
362.913248819289,325.627641063883,134.932533733133
375.341784737758,1715.13795674869,149.925037481259
375.341784737758,1874.2232165051,134.932533733133
377.827491921452,2257.02212279394,134.932533733133
377.827491921452,2301.76485210042,134.932533733133
377.827491921452,1737.50932140194,134.932533733133
380.313199105145,1876.70892368879,134.932533733133
382.798906288839,1735.02361421825,134.932533733133
427.541635595327,226.199353716132,149.925037481259
437.484464330102,1628.13820531941,134.932533733133
437.484464330102,290.82774049217,134.932533733133
454.884414615958,268.456375838926,149.925037481259
457.370121799652,243.599304001989,149.925037481259
472.284364901815,1615.70966940094,134.932533733133
489.684315187671,362.913248819289,134.932533733133
494.655729555058,375.341784737758,164.917541229385
596.569724086503,2249.56500124285,149.925037481259
681.08376833209,616.455381556053,134.932533733133
691.026597066866,1339.79617201094,134.932533733133
705.940840169028,835.197613721104,164.917541229385
730.797912005966,275.913497390007,134.932533733133
740.740740740741,198.856574695501,164.917541229385
768.083519761372,1344.76758637832,134.932533733133
812.82624906786,2301.76485210042,134.932533733133
837.683320904797,1993.5371613224,134.932533733133
899.826000497141,156.599552572707,149.925037481259
942.083022619935,519.512801391996,134.932533733133
952.02585135471,534.427044494159,164.917541229385
1031.56848123291,882.426050211285,134.932533733133
1051.45413870246,1921.45165299528,134.932533733133
1061.39696743724,857.568978374347,164.917541229385
1066.36838180462,1948.79443201591,134.932533733133
1081.28262490679,1829.48048719861,134.932533733133
1081.28262490679,1078.79691772309,134.932533733133
1086.25403927417,1113.5968182948,134.932533733133
1143.42530449913,1270.19637086751,164.917541229385
1135.96818294805,1792.1948794432,134.932533733133
1145.91101168282,1787.22346507581,134.932533733133
1158.33954760129,1794.6805866269,134.932533733133
1215.51081282625,193.885160328113,134.932533733133
1242.85359184688,198.856574695501,134.932533733133
1401.93885160328,2480.73576932637,134.932533733133
1483.96718866518,2247.07929405916,134.932533733133
1568.48123291076,2279.39348744718,134.932533733133
1605.76684066617,2299.27914491673,134.932533733133
1608.25254784986,2291.82202336565,134.932533733133
1610.73825503356,213.770817797663,134.932533733133
1613.22396221725,241.113596818295,134.932533733133
1615.70966940094,2383.79318916232,134.932533733133
1739.99502858563,1267.71066368382,134.932533733133
1757.39497887149,1314.939100174,134.932533733133
1764.85210042257,693.512304250559,134.932533733133
1769.82351478996,1342.28187919463,134.932533733133
1799.65200099428,1951.2801391996,179.910044977511
1814.56624409645,1933.88018891375,134.932533733133
1824.50907283122,1879.19463087248,134.932533733133
1846.88043748446,1996.02286850609,149.925037481259
1876.70892368879,1058.91126025354,134.932533733133
1891.62316679095,1071.33979617201,134.932533733133
1899.08028834203,1446.68158090977,149.925037481259
1941.33731046483,2045.73701217997,134.932533733133
1938.85160328113,1019.13994531444,149.925037481259
1946.30872483221,2048.22271936366,134.932533733133
2110.365398956,1849.36614466816,134.932533733133
2120.30822769078,1831.9661943823,134.932533733133
2127.76534924186,1073.8255033557,134.932533733133
2130.25105642555,1824.50907283122,134.932533733133
2135.22247079294,700.969425801641,134.932533733133
2135.22247079294,1725.08078548347,134.932533733133
2145.16529952772,1752.4235645041,134.932533733133
2227.19363658961,1677.85234899329,134.932533733133
2289.33631618195,1491.42431021626,134.932533733133
4.97141436738752,1327.36763609247,149.925037481259
106.885408898832,1891.62316679095,149.925037481259
161.570966940094,1986.08003977131,179.910044977511
178.970917225951,1891.62316679095,149.925037481259
186.428038777032,1904.05170270942,149.925037481259
191.39945314442,1491.42431021626,149.925037481259
198.856574695501,1926.42306736266,164.917541229385
206.313696246582,1469.05294556301,164.917541229385
216.256524981357,994.282873477504,149.925037481259
231.17076808352,976.882923191648,149.925037481259
251.05642555307,608.998260004971,164.917541229385
268.456375838926,2120.30822769078,149.925037481259
305.741983594333,1384.53890131742,149.925037481259
328.113348247576,2157.59383544618,164.917541229385
315.684812329108,2130.25105642555,149.925037481259
325.627641063883,1369.62465821526,149.925037481259
335.570469798658,1387.02460850112,149.925037481259
338.056176982351,964.454387273179,149.925037481259
350.48471290082,964.454387273179,149.925037481259
350.48471290082,989.311459110117,164.917541229385
367.884663186677,1822.02336564753,149.925037481259
370.37037037037,932.14019388516,164.917541229385
367.884663186677,325.627641063883,164.917541229385
372.856077554064,1834.451901566,149.925037481259
380.313199105145,347.999005717127,164.917541229385
382.798906288839,320.656226696495,149.925037481259
380.313199105145,1834.451901566,149.925037481259
380.313199105145,1839.42331593338,149.925037481259
387.770320656227,1824.50907283122,149.925037481259
395.227442207308,2294.30773054934,164.917541229385
387.770320656227,2257.02212279394,164.917541229385
390.25602783992,1737.50932140194,149.925037481259
397.713149391002,2020.87994034303,164.917541229385
410.141685309471,340.541884166045,164.917541229385
417.598806860552,939.597315436242,149.925037481259
434.998757146408,298.284862043251,164.917541229385
437.484464330102,1657.96669152374,179.910044977511
444.941585881183,318.170519512801,149.925037481259
452.398707432264,1625.65249813572,164.917541229385
444.941585881183,1618.19537658464,149.925037481259
454.884414615958,295.799154859558,149.925037481259
457.370121799652,352.970420084514,149.925037481259
479.741486452896,1618.19537658464,149.925037481259
526.969922943077,623.912503107134,164.917541229385
549.341287596321,579.169773800646,164.917541229385
651.255282127765,1098.68257519264,164.917541229385
683.569475515784,852.59756400696,149.925037481259
698.483718617947,869.997514292816,164.917541229385
703.455132985334,1339.79617201094,149.925037481259
700.969425801641,616.455381556053,149.925037481259
705.940840169028,1324.88192890877,149.925037481259
708.426547352722,1332.33905045986,149.925037481259
710.912254536416,869.997514292816,149.925037481259
728.312204822272,889.883171762366,164.917541229385
738.255033557047,1344.76758637832,149.925037481259
765.597812577678,211.28511061397,164.917541229385
847.626149639573,1993.5371613224,164.917541229385
860.054685558041,1981.10862540393,164.917541229385
897.340293313448,2289.33631618195,164.917541229385
902.311707680835,2276.90778026349,149.925037481259
904.797414864529,2421.07879691772,164.917541229385
912.25453641561,159.085259756401,149.925037481259
929.654486701467,1354.7104151131,149.925037481259
1021.62565249814,914.740243599304,164.917541229385
1043.99701715138,862.540392741735,179.910044977511
1076.3112105394,1911.5088242605,164.917541229385
1083.76833209048,1886.65175242356,164.917541229385
1086.25403927417,845.140442455879,164.917541229385
1091.22545364156,1831.9661943823,149.925037481259
1093.71116082525,1108.62540392742,164.917541229385
1093.71116082525,1961.22296793438,149.925037481259
1145.91101168282,2319.16480238628,179.910044977511
1158.33954760129,2371.36465324385,164.917541229385
1175.73949788715,1272.68207805121,164.917541229385
1173.25379070346,198.856574695501,164.917541229385
1185.68232662192,2391.2503107134,194.902548725637
1188.16803380562,1772.30922197365,149.925037481259
1292.56773552076,238.627889634601,149.925037481259
1302.51056425553,243.599304001989,149.925037481259
1300.02485707184,280.884911757395,149.925037481259
1314.939100174,270.94208302262,149.925037481259
1322.39622172508,256.027839920457,164.917541229385
1357.19612229679,256.027839920457,149.925037481259
1389.51031568481,2480.73576932637,149.925037481259
1446.68158090977,1844.39473030077,149.925037481259
1486.45289584887,1297.53914988814,149.925037481259
1526.22421078797,1155.8538404176,164.917541229385
1618.19537658464,146.656723837932,164.917541229385
1615.70966940094,233.656475267214,149.925037481259
1623.16679095203,1021.62565249814,164.917541229385
1630.62391250311,2381.30748197862,164.917541229385
1630.62391250311,201.342281879195,149.925037481259
1652.99527715635,191.39945314442,164.917541229385
1700.22371364653,2331.59333830475,164.917541229385
1700.22371364653,2351.4789957743,149.925037481259
1705.19512801392,2348.9932885906,149.925037481259
1742.48073576933,1901.56599552573,179.910044977511
1747.45215013671,2172.50807854835,164.917541229385
1757.39497887149,1973.65150385285,149.925037481259
1757.39497887149,1966.19438230176,164.917541229385
1764.85210042257,1603.28113348248,149.925037481259
1767.33780760626,1956.25155356699,149.925037481259
1764.85210042257,1287.59632115337,149.925037481259
1767.33780760626,2174.99378573204,149.925037481259
1774.79492915735,1314.939100174,149.925037481259
1772.30922197365,2167.53666418096,179.910044977511
1779.76634352473,693.512304250559,164.917541229385
1774.79492915735,2145.16529952772,179.910044977511
1787.22346507581,1277.65349241859,149.925037481259
1789.70917225951,1618.19537658464,149.925037481259
1789.70917225951,1329.85334327616,149.925037481259
1792.1948794432,1933.88018891375,164.917541229385
1797.16629381059,705.940840169028,149.925037481259
1804.62341536167,1879.19463087248,149.925037481259
1807.10912254536,1282.62490678598,164.917541229385
1812.08053691275,1625.65249813572,149.925037481259
1834.451901566,1916.48023862789,149.925037481259
1839.42331593338,1879.19463087248,149.925037481259
1849.36614466816,1916.48023862789,149.925037481259
1856.82326621924,258.513547104151,164.917541229385
1901.56599552573,1068.85408898832,149.925037481259
1916.48023862789,1066.36838180462,149.925037481259
1918.96594581158,181.456624409645,149.925037481259
1936.36589609744,2070.5940840169,149.925037481259
1938.85160328113,1056.42555306985,149.925037481259
1953.7658463833,1056.42555306985,164.917541229385
2125.27964205817,1043.99701715138,149.925037481259
2130.25105642555,1270.19637086751,149.925037481259
2135.22247079294,1068.85408898832,149.925037481259
2147.65100671141,698.483718617947,164.917541229385
2150.1367138951,1076.3112105394,164.917541229385
2147.65100671141,1725.08078548347,179.910044977511
2155.10812826249,1976.13721103654,149.925037481259
2157.59383544618,1754.9092716878,149.925037481259
2167.53666418096,1039.02560278399,149.925037481259
2212.27939348745,733.283619189659,164.917541229385
2244.59358687547,646.283867760378,149.925037481259
2244.59358687547,1670.39522744221,164.917541229385
2269.4506587124,1533.68133233905,164.917541229385
2301.76485210042,1498.88143176734,149.925037481259
2304.25055928412,1486.45289584887,149.925037481259
2346.50758140691,792.94059159831,149.925037481259
2353.96470295799,1528.70991797166,149.925037481259
2368.87894606015,1516.28138205319,164.917541229385
22.3713646532438,1329.85334327616,164.917541229385
164.056674123788,1926.42306736266,164.917541229385
201.342281879195,1866.76609495401,179.910044977511
275.913497390007,2107.87969177231,164.917541229385
300.770569226945,919.711657966692,164.917541229385
318.170519512801,1379.56748695004,179.910044977511
320.656226696495,2145.16529952772,164.917541229385
328.113348247576,1394.4817300522,179.910044977511
347.999005717127,934.625901068854,164.917541229385
407.655978125777,318.170519512801,179.910044977511
464.827243350733,1623.16679095203,164.917541229385
492.170022371365,1225.45364156102,164.917541229385
494.655729555058,1643.05244842158,179.910044977511
504.598558289833,599.055431270196,179.910044977511
514.541387024609,596.569724086503,164.917541229385
656.226696495153,1116.0825254785,179.910044977511
728.312204822272,847.626149639573,179.910044977511
758.140691026597,845.140442455879,179.910044977511
879.940343027591,636.341039025603,179.910044977511
922.197365150385,2398.70743226448,164.917541229385
976.882923191648,121.799652000994,194.902548725637
1026.59706686552,887.397464578673,179.910044977511
1036.5398956003,857.568978374347,164.917541229385
1063.88267462093,1918.96594581158,164.917541229385
1071.33979617201,1861.79468058663,179.910044977511
1068.85408898832,2455.87869748944,179.910044977511
1165.79666915237,2227.19363658961,164.917541229385
1165.79666915237,2341.53616703952,164.917541229385
1168.28237633607,2339.05045985583,194.902548725637
1252.79642058166,198.856574695501,179.910044977511
1270.19637086751,111.856823266219,164.917541229385
1357.19612229679,278.399204573701,164.917541229385
1409.39597315436,382.798906288839,164.917541229385
1411.88168033806,2480.73576932637,164.917541229385
1449.16728809346,1802.13770817798,179.910044977511
1469.05294556301,1834.451901566,164.917541229385
1471.53865274671,1804.62341536167,164.917541229385
1474.0243599304,1814.56624409645,164.917541229385
1476.51006711409,1834.451901566,164.917541229385
1483.96718866518,581.65548098434,179.910044977511
1493.91001739995,1794.6805866269,164.917541229385
1620.68108376833,1004.22570221228,164.917541229385
1620.68108376833,1981.10862540393,179.910044977511
1772.30922197365,1978.62291822023,194.902548725637
1809.59482972906,2137.70817797663,194.902548725637
1812.08053691275,1889.13745960726,164.917541229385
1812.08053691275,1951.2801391996,179.910044977511
1812.08053691275,1364.65324384787,164.917541229385
2085.50832711907,807.854834700472,164.917541229385
2095.45115585384,770.569226945066,179.910044977511
2102.90827740492,822.769077802635,164.917541229385
2102.90827740492,812.82624906786,164.917541229385
2102.90827740492,1384.53890131742,164.917541229385
2120.30822769078,1364.65324384787,164.917541229385
2127.76534924186,1056.42555306985,164.917541229385
2162.56524981357,613.969674372359,179.910044977511
2184.93661446682,638.826746209297,179.910044977511
2197.36515038528,673.626646781009,194.902548725637
2219.73651503853,668.655232413622,194.902548725637
2271.9363658961,1501.36713895103,179.910044977511
2286.85060899826,1516.28138205319,164.917541229385
2294.30773054934,1511.30996768581,164.917541229385
2291.82202336565,1486.45289584887,164.917541229385
2296.79343773304,1523.73850360428,164.917541229385
2306.73626646781,1513.7956748695,164.917541229385
2363.90753169277,1533.68133233905,164.917541229385
141.685309470544,1846.88043748446,179.910044977511
176.485210042257,1881.68033805618,179.910044977511
328.113348247576,1367.13895103157,179.910044977511
350.48471290082,897.340293313448,179.910044977511
352.970420084514,887.397464578673,179.910044977511
387.770320656227,2301.76485210042,179.910044977511
390.25602783992,1876.70892368879,179.910044977511
395.227442207308,315.684812329108,194.902548725637
519.512801391996,641.31245339299,179.910044977511
683.569475515784,2170.02237136465,179.910044977511
678.598061148397,2162.56524981357,209.895052473763
688.540889883172,855.083271190654,179.910044977511
693.512304250559,260.999254287845,179.910044977511
698.483718617947,256.027839920457,179.910044977511
760.626398210291,402.684563758389,179.910044977511
785.483470047228,442.455878697489,179.910044977511
847.626149639573,2261.99353716132,179.910044977511
852.59756400696,2254.53641561024,179.910044977511
860.054685558041,705.940840169028,179.910044977511
874.968928660204,604.026845637584,179.910044977511
887.397464578673,564.255530698484,179.910044977511
899.826000497141,641.31245339299,179.910044977511
907.283122048223,621.42679592344,179.910044977511
929.654486701467,121.799652000994,179.910044977511
932.14019388516,136.713895103157,179.910044977511
939.597315436242,129.256773552076,179.910044977511
959.482972905792,151.628138205319,179.910044977511
976.882923191648,1255.28212776535,179.910044977511
981.854337559036,2132.73676360925,179.910044977511
986.825751926423,144.171016654238,179.910044977511
989.311459110117,82.0283370618941,194.902548725637
994.282873477504,1275.1677852349,179.910044977511
999.254287844892,86.9997514292816,179.910044977511
1031.56848123291,154.113845389013,179.910044977511
1039.02560278399,161.570966940094,179.910044977511
1043.99701715138,874.968928660204,179.910044977511
1133.48247576436,1237.88217747949,179.910044977511
1138.45389013174,2386.27889634601,209.895052473763
1145.91101168282,2356.45041014169,179.910044977511
1143.42530449913,2289.33631618195,194.902548725637
1155.8538404176,2224.70792940592,179.910044977511
1158.33954760129,2346.50758140691,179.910044977511
1168.28237633607,2401.19313944817,179.910044977511
1168.28237633607,2393.73601789709,179.910044977511
1188.16803380562,2259.50782997763,179.910044977511
1250.31071339796,89.4854586129754,209.895052473763
1265.22495650012,84.5140442455879,179.910044977511
1265.22495650012,1682.82376336068,179.910044977511
1267.71066368382,1697.73800646284,179.910044977511
1277.65349241859,109.371116082525,179.910044977511
1280.13919960229,124.285359184688,179.910044977511
1280.13919960229,1705.19512801392,179.910044977511
1297.53914988814,2145.16529952772,179.910044977511
1329.85334327616,333.084762614964,194.902548725637
1334.82475764355,285.856326124783,179.910044977511
1352.22470792941,303.256276410639,179.910044977511
1590.85259756401,492.170022371365,194.902548725637
1598.30971911509,233.656475267214,209.895052473763
1600.79542629878,1593.3383047477,194.902548725637
1610.73825503356,226.199353716132,179.910044977511
1610.73825503356,236.142182450907,179.910044977511
1615.70966940094,243.599304001989,179.910044977511
1610.73825503356,1613.22396221725,194.902548725637
1670.39522744221,1026.59706686552,179.910044977511
1675.36664180959,2050.70842654735,179.910044977511
1784.73775789212,1309.96768580661,179.910044977511
1792.1948794432,1991.0514541387,179.910044977511
1889.13745960726,2030.8227690778,194.902548725637
1913.9945314442,1446.68158090977,179.910044977511
1963.70867511807,2018.39423315933,179.910044977511
1991.0514541387,2048.22271936366,209.895052473763
2005.96569724086,1759.88068605518,194.902548725637
2075.56549838429,405.170270942083,179.910044977511
2085.50832711907,795.426298782004,179.910044977511
2110.365398956,773.05493412876,179.910044977511
2135.22247079294,1391.99602286851,179.910044977511
2137.70817797663,1747.45215013671,179.910044977511
2142.67959234402,1772.30922197365,179.910044977511
2182.45090728312,576.684066616953,179.910044977511
2187.42232165051,698.483718617947,194.902548725637
2184.93661446682,686.055182699478,179.910044977511
2229.6793437733,735.769326373353,179.910044977511
2242.10787969177,718.369376087497,194.902548725637
2259.50782997763,1086.25403927417,179.910044977511
2279.39348744718,1488.93860303256,194.902548725637
2286.85060899826,1570.96694009446,179.910044977511
2311.7076808352,1501.36713895103,179.910044977511
82.0283370618941,1894.10887397465,194.902548725637
236.142182450907,604.026845637584,194.902548725637
280.884911757395,927.168779517773,194.902548725637
308.227690778026,1377.08177976634,194.902548725637
318.170519512801,1391.99602286851,194.902548725637
338.056176982351,889.883171762366,194.902548725637
350.48471290082,328.113348247576,194.902548725637
360.427541635595,352.970420084514,194.902548725637
370.37037037037,340.541884166045,194.902548725637
385.284613472533,308.227690778026,194.902548725637
452.398707432264,1620.68108376833,194.902548725637
479.741486452896,1262.73924931643,194.902548725637
484.712900820283,370.37037037037,194.902548725637
484.712900820283,1643.05244842158,194.902548725637
484.712900820283,1267.71066368382,209.895052473763
487.198608003977,601.54113845389,194.902548725637
509.569972657221,638.826746209297,209.895052473763
641.31245339299,2189.9080288342,194.902548725637
638.826746209297,1093.71116082525,194.902548725637
661.19811086254,852.59756400696,194.902548725637
673.626646781009,260.999254287845,194.902548725637
686.055182699478,256.027839920457,209.895052473763
691.026597066866,256.027839920457,194.902548725637
705.940840169028,2160.07954262988,224.887556221889
708.426547352722,882.426050211285,194.902548725637
710.912254536416,847.626149639573,194.902548725637
720.855083271191,2174.99378573204,224.887556221889
725.826497638578,196.370867511807,194.902548725637
740.740740740741,840.169028088491,194.902548725637
745.712155108128,402.684563758389,194.902548725637
748.197862291822,208.799403430276,194.902548725637
847.626149639573,631.369624658215,209.895052473763
857.568978374347,596.569724086503,209.895052473763
862.540392741735,606.512552821278,194.902548725637
865.026099925429,636.341039025603,194.902548725637
892.36887894606,621.42679592344,194.902548725637
894.854586129754,2416.10738255034,194.902548725637
914.740243599304,119.313944817301,194.902548725637
919.711657966692,134.228187919463,194.902548725637
944.568729803629,151.628138205319,209.895052473763
939.597315436242,529.455630126771,194.902548725637
952.02585135471,2184.93661446682,209.895052473763
961.968680089485,104.399701715138,209.895052473763
971.911508824261,139.199602286851,194.902548725637
969.425801640567,94.4568729803629,194.902548725637
974.397216007954,86.9997514292816,194.902548725637
976.882923191648,2155.10812826249,239.880059970015
979.368630375342,104.399701715138,209.895052473763
1011.68282376336,887.397464578673,194.902548725637
1011.68282376336,166.542381307482,194.902548725637
1016.65423813075,151.628138205319,194.902548725637
1021.62565249814,161.570966940094,194.902548725637
1026.59706686552,862.540392741735,194.902548725637
1026.59706686552,872.48322147651,194.902548725637
1031.56848123291,867.511807109123,194.902548725637
1066.36838180462,1909.02311707681,194.902548725637
1073.8255033557,840.169028088491,194.902548725637
1073.8255033557,1884.16604523987,194.902548725637
1135.96818294805,2351.4789957743,194.902548725637
1143.42530449913,2222.22222222222,209.895052473763
1148.39671886652,2341.53616703952,194.902548725637
1153.36813323391,188.913745960726,194.902548725637
1155.8538404176,2314.19338801889,194.902548725637
1158.33954760129,2329.10763112105,194.902548725637
1163.31096196868,2224.70792940592,209.895052473763
1175.73949788715,2254.53641561024,209.895052473763
1217.99652000994,1680.33805617698,194.902548725637
1220.48222719364,323.141933880189,194.902548725637
1232.91076311211,1697.73800646284,194.902548725637
1252.79642058166,1677.85234899329,194.902548725637
1272.68207805121,2122.79393487447,194.902548725637
1287.59632115337,2140.19388516033,194.902548725637
1334.82475764355,275.913497390007,194.902548725637
1337.31046482724,300.770569226945,194.902548725637
1342.28187919463,278.399204573701,194.902548725637
1409.39597315436,882.426050211285,224.887556221889
1466.56723837932,584.141188168034,194.902548725637
1474.0243599304,576.684066616953,194.902548725637
1481.48148148148,1794.6805866269,194.902548725637
1533.68133233905,173.999502858563,209.895052473763
1583.39547601293,253.542132736764,209.895052473763
1600.79542629878,1618.19537658464,194.902548725637
1610.73825503356,1981.10862540393,194.902548725637
1620.68108376833,2378.82177479493,194.902548725637
1628.13820531941,335.570469798658,194.902548725637
1660.45239870743,328.113348247576,239.880059970015
1677.85234899329,594.084016902809,224.887556221889
1700.22371364653,574.198359433259,224.887556221889
1700.22371364653,613.969674372359,224.887556221889
1702.70942083023,591.598309719115,194.902548725637
1735.02361421825,2170.02237136465,194.902548725637
1744.96644295302,1963.70867511807,209.895052473763
1757.39497887149,1978.62291822023,209.895052473763
1777.28063634104,1304.99627143922,194.902548725637
1774.79492915735,1874.2232165051,194.902548725637
1779.76634352473,1991.0514541387,194.902548725637
1789.70917225951,1292.56773552076,194.902548725637
1792.1948794432,2137.70817797663,194.902548725637
1792.1948794432,1287.59632115337,194.902548725637
1794.6805866269,1280.13919960229,194.902548725637
1804.62341536167,1909.02311707681,209.895052473763
1822.02336564753,2003.47999005717,209.895052473763
1846.88043748446,256.027839920457,194.902548725637
1874.2232165051,1247.82500621427,209.895052473763
1886.65175242356,1235.3964702958,209.895052473763
1886.65175242356,526.969922943077,209.895052473763
1891.62316679095,1444.19587372608,194.902548725637
1896.59458115834,514.541387024609,209.895052473763
1904.05170270942,2000.99428287348,209.895052473763
1909.02311707681,521.99850857569,209.895052473763
1916.48023862789,2048.22271936366,209.895052473763
1941.33731046483,1053.93984588615,194.902548725637
1953.7658463833,2013.42281879195,209.895052473763
1971.16579666915,2003.47999005717,224.887556221889
2035.79418344519,1260.25354213274,194.902548725637
2060.65125528213,405.170270942083,209.895052473763
2083.02261993537,1357.19612229679,194.902548725637
2087.99403430276,822.769077802635,209.895052473763
2107.87969177231,705.940840169028,194.902548725637
2107.87969177231,1364.65324384787,194.902548725637
2117.82252050708,1260.25354213274,209.895052473763
2117.82252050708,1297.53914988814,209.895052473763
2127.76534924186,1744.96644295302,194.902548725637
2130.25105642555,1769.82351478996,209.895052473763
2140.19388516033,579.169773800646,194.902548725637
2150.1367138951,616.455381556053,209.895052473763
2167.53666418096,678.598061148397,209.895052473763
2167.53666418096,576.684066616953,209.895052473763
2170.02237136465,638.826746209297,209.895052473763
2170.02237136465,1372.11036539896,194.902548725637
2170.02237136465,693.512304250559,194.902548725637
2172.50807854835,604.026845637584,209.895052473763
2172.50807854835,1712.652249565,209.895052473763
2182.45090728312,608.998260004971,194.902548725637
2177.47949291573,1481.48148148148,194.902548725637
2202.33656475267,730.797912005966,194.902548725637
2197.36515038528,599.055431270196,194.902548725637
2219.73651503853,700.969425801641,209.895052473763
2232.165050957,1063.88267462093,209.895052473763
2234.65075814069,1091.22545364156,194.902548725637
2244.59358687547,1068.85408898832,194.902548725637
2254.53641561024,1533.68133233905,194.902548725637
2257.02212279394,673.626646781009,194.902548725637
2264.47924434502,1501.36713895103,194.902548725637
2279.39348744718,666.169525229928,209.895052473763
2269.4506587124,1518.76708923689,194.902548725637
2279.39348744718,1568.48123291076,194.902548725637
2279.39348744718,1521.25279642058,194.902548725637
2351.4789957743,1531.19562515536,209.895052473763
181.456624409645,1382.05319413373,224.887556221889
502.11285110614,1260.25354213274,209.895052473763
671.140939597315,2147.65100671141,224.887556221889
698.483718617947,260.999254287845,209.895052473763
872.48322147651,566.741237882178,209.895052473763
917.225950782998,2117.82252050708,254.872563718141
939.597315436242,2120.30822769078,224.887556221889
961.968680089485,1242.85359184688,209.895052473763
966.940094456873,1255.28212776535,224.887556221889
981.854337559036,149.142431021626,209.895052473763
984.340044742729,1275.1677852349,209.895052473763
1019.13994531444,842.654735272185,224.887556221889
1021.62565249814,835.197613721104,209.895052473763
1029.08277404922,835.197613721104,224.887556221889
1163.31096196868,2187.42232165051,209.895052473763
1175.73949788715,2184.93661446682,209.895052473763
1290.08202833706,2102.90827740492,209.895052473763
1295.05344270445,2115.33681332339,209.895052473763
1389.51031568481,1648.02386278896,209.895052473763
1578.42406164554,231.17076808352,209.895052473763
1583.39547601293,479.741486452896,209.895052473763
1610.73825503356,256.027839920457,209.895052473763
1610.73825503356,497.141436738752,209.895052473763
1623.16679095203,2135.22247079294,209.895052473763
1640.56674123788,2073.0797912006,209.895052473763
1662.93810589113,313.199105145414,224.887556221889
1665.42381307482,2048.22271936366,209.895052473763
1667.90952025851,608.998260004971,224.887556221889
1769.82351478996,1866.76609495401,209.895052473763
1774.79492915735,1864.28038777032,209.895052473763
1787.22346507581,623.912503107134,224.887556221889
1794.6805866269,1854.33755903555,209.895052473763
1886.65175242356,1655.48098434004,239.880059970015
1948.79443201591,2025.85135471042,224.887556221889
1973.65150385285,2033.3084762615,224.887556221889
1981.10862540393,1918.96594581158,224.887556221889
2068.10837683321,1290.08202833706,224.887556221889
2053.19413373105,1312.45339299031,209.895052473763
2122.79393487447,1237.88217747949,209.895052473763
2125.27964205817,1735.02361421825,209.895052473763
2132.73676360925,611.483967188665,209.895052473763
2137.70817797663,1312.45339299031,254.872563718141
2189.9080288342,713.397961720109,209.895052473763
2204.82227193637,636.341039025603,224.887556221889
2217.25080785483,594.084016902809,224.887556221889
2232.165050957,728.312204822272,209.895052473763
278.399204573701,792.94059159831,224.887556221889
395.227442207308,1901.56599552573,224.887556221889
415.113099676858,1909.02311707681,254.872563718141
519.512801391996,1262.73924931643,224.887556221889
531.941337310465,586.626895351728,224.887556221889
541.88416604524,1193.13944817301,224.887556221889
544.369873228934,623.912503107134,224.887556221889
551.826994780015,618.941088739746,224.887556221889
554.312701963709,601.54113845389,224.887556221889
613.969674372359,850.111856823266,224.887556221889
691.026597066866,248.570718369376,224.887556221889
718.369376087497,2137.70817797663,224.887556221889
720.855083271191,2145.16529952772,224.887556221889
733.283619189659,2160.07954262988,239.880059970015
730.797912005966,482.22719363659,224.887556221889
743.226447924435,437.484464330102,224.887556221889
753.16927665921,449.913000248571,224.887556221889
862.540392741735,601.54113845389,224.887556221889
907.283122048223,2117.82252050708,224.887556221889
959.482972905792,1287.59632115337,224.887556221889
971.911508824261,1285.11061396967,224.887556221889
981.854337559036,86.9997514292816,224.887556221889
1004.22570221228,847.626149639573,239.880059970015
1024.11135968183,370.37037037037,224.887556221889
1041.51130996769,1051.45413870246,224.887556221889
1063.88267462093,646.283867760378,224.887556221889
1200.59656972409,1715.13795674869,224.887556221889
1217.99652000994,1670.39522744221,224.887556221889
1304.99627143922,345.513298533433,224.887556221889
1573.45264727815,509.569972657221,224.887556221889
1595.82401193139,477.255779269202,224.887556221889
1615.70966940094,243.599304001989,224.887556221889
1630.62391250311,357.941834451902,224.887556221889
1677.85234899329,631.369624658215,224.887556221889
1690.28088491176,631.369624658215,224.887556221889
1789.70917225951,1866.76609495401,224.887556221889
1789.70917225951,1913.9945314442,224.887556221889
1814.56624409645,1406.91026597067,224.887556221889
1814.56624409645,2125.27964205817,224.887556221889
1822.02336564753,1391.99602286851,224.887556221889
1859.30897340293,1014.16853094705,224.887556221889
1884.16604523987,2015.90852597564,224.887556221889
1881.68033805618,1051.45413870246,224.887556221889
1918.96594581158,2025.85135471042,224.887556221889
1928.90877454636,2043.25130499627,224.887556221889
1963.70867511807,2083.02261993537,224.887556221889
2015.90852597564,1871.7375093214,224.887556221889
2030.8227690778,1874.2232165051,224.887556221889
2040.76559781258,1300.02485707184,224.887556221889
2120.30822769078,1285.11061396967,224.887556221889
2170.02237136465,1374.59607258265,224.887556221889
2214.76510067114,653.740989311459,224.887556221889
2224.70792940592,1046.48272433507,224.887556221889
2229.6793437733,636.341039025603,239.880059970015
2247.07929405916,715.883668903803,224.887556221889
2264.47924434502,720.855083271191,239.880059970015
298.284862043251,790.454884414616,239.880059970015
400.198856574696,1891.62316679095,239.880059970015
407.655978125777,1886.65175242356,239.880059970015
405.170270942083,1928.90877454636,269.865067466267
422.570221227939,1034.0541884166,254.872563718141
432.513049962714,1048.96843151877,239.880059970015
442.455878697489,1111.11111111111,269.865067466267
509.569972657221,1265.22495650012,254.872563718141
531.941337310465,1265.22495650012,239.880059970015
541.88416604524,1205.56798409147,239.880059970015
546.855580412627,589.112602535421,239.880059970015
556.798409147402,1195.6251553567,239.880059970015
561.76982351479,591.598309719115,254.872563718141
564.255530698484,601.54113845389,239.880059970015
564.255530698484,623.912503107134,254.872563718141
621.42679592344,855.083271190654,269.865067466267
631.369624658215,845.140442455879,239.880059970015
643.798160576684,1327.36763609247,239.880059970015
651.255282127765,2194.87944320159,239.880059970015
728.312204822272,502.11285110614,239.880059970015
730.797912005966,2150.1367138951,239.880059970015
743.226447924435,484.712900820283,239.880059970015
758.140691026597,437.484464330102,239.880059970015
763.112105393985,454.884414615958,254.872563718141
790.454884414616,459.855828983346,239.880059970015
795.426298782004,439.970171513796,239.880059970015
865.026099925429,633.855331841909,239.880059970015
914.740243599304,2100.42257022123,239.880059970015
952.02585135471,2122.79393487447,239.880059970015
961.968680089485,2184.93661446682,239.880059970015
966.940094456873,156.599552572707,239.880059970015
966.940094456873,2095.45115585384,239.880059970015
974.397216007954,134.228187919463,239.880059970015
974.397216007954,852.59756400696,239.880059970015
971.911508824261,1242.85359184688,239.880059970015
986.825751926423,1272.68207805121,254.872563718141
996.768580661198,149.142431021626,239.880059970015
1011.68282376336,852.59756400696,239.880059970015
1036.5398956003,845.140442455879,239.880059970015
1056.42555306985,1051.45413870246,254.872563718141
1058.91126025354,270.94208302262,239.880059970015
1061.39696743724,1068.85408898832,254.872563718141
1071.33979617201,275.913497390007,239.880059970015
1071.33979617201,1021.62565249814,254.872563718141
1140.93959731544,357.941834451902,254.872563718141
1307.48197862292,802.883420333085,239.880059970015
1309.96768580661,810.340541884166,239.880059970015
1329.85334327616,1613.22396221725,239.880059970015
1434.2530449913,2209.79368630375,239.880059970015
1434.2530449913,2219.73651503853,239.880059970015
1449.16728809346,2207.30797912006,239.880059970015
1474.0243599304,1026.59706686552,239.880059970015
1511.30996768581,1026.59706686552,269.865067466267
1553.5669898086,178.970917225951,239.880059970015
1600.79542629878,258.513547104151,239.880059970015
1615.70966940094,231.17076808352,239.880059970015
1628.13820531941,256.027839920457,239.880059970015
1648.02386278896,347.999005717127,254.872563718141
1667.90952025851,345.513298533433,239.880059970015
1680.33805617698,315.684812329108,239.880059970015
1682.82376336068,611.483967188665,239.880059970015
1692.76659209545,338.056176982351,239.880059970015
1695.25229927915,596.569724086503,239.880059970015
1717.62366393239,613.969674372359,239.880059970015
1722.59507829978,623.912503107134,239.880059970015
1730.05219985086,360.427541635595,239.880059970015
1752.4235645041,1556.05269699229,239.880059970015
1797.16629381059,1879.19463087248,239.880059970015
1799.65200099428,1871.7375093214,239.880059970015
1802.13770817798,628.883917474521,239.880059970015
1809.59482972906,1854.33755903555,239.880059970015
1824.50907283122,599.055431270196,239.880059970015
1829.48048719861,1409.39597315436,239.880059970015
1834.451901566,1394.4817300522,239.880059970015
1856.82326621924,502.11285110614,239.880059970015
1879.19463087248,1014.16853094705,239.880059970015
1889.13745960726,1252.79642058166,239.880059970015
1894.10887397465,2025.85135471042,239.880059970015
1889.13745960726,1036.5398956003,239.880059970015
1891.62316679095,479.741486452896,269.865067466267
1904.05170270942,2040.76559781258,239.880059970015
1899.08028834203,1056.42555306985,239.880059970015
1901.56599552573,494.655729555058,239.880059970015
1901.56599552573,947.054436987323,239.880059970015
1906.53740989311,482.22719363659,239.880059970015
1904.05170270942,2005.96569724086,239.880059970015
1909.02311707681,497.141436738752,239.880059970015
1909.02311707681,1066.36838180462,239.880059970015
1913.9945314442,514.541387024609,239.880059970015
1918.96594581158,1026.59706686552,239.880059970015
1931.39448173005,2028.33706189411,239.880059970015
1958.73726075068,2028.33706189411,239.880059970015
1971.16579666915,1739.99502858563,239.880059970015
1973.65150385285,2083.02261993537,239.880059970015
1978.62291822023,1754.9092716878,239.880059970015
1983.59433258762,1749.93785732041,239.880059970015
1991.0514541387,2010.93711160825,239.880059970015
1988.56574695501,2080.53691275168,239.880059970015
1993.5371613224,1926.42306736266,239.880059970015
1996.02286850609,1916.48023862789,239.880059970015
2035.79418344519,1864.28038777032,239.880059970015
2055.67984091474,1309.96768580661,254.872563718141
2065.62266964952,1319.91051454139,239.880059970015
2135.22247079294,1287.59632115337,239.880059970015
2140.19388516033,1237.88217747949,239.880059970015
2152.6224210788,613.969674372359,239.880059970015
2192.3937360179,604.026845637584,239.880059970015
2192.3937360179,631.369624658215,239.880059970015
2207.30797912006,601.54113845389,239.880059970015
2234.65075814069,594.084016902809,239.880059970015
2232.165050957,658.712403678847,239.880059970015
2237.13646532438,1051.45413870246,239.880059970015
2247.07929405916,633.855331841909,239.880059970015
2249.56500124285,705.940840169028,239.880059970015
2247.07929405916,1046.48272433507,239.880059970015
2259.50782997763,695.998011434253,239.880059970015
2261.99353716132,678.598061148397,239.880059970015
2296.79343773304,671.140939597315,239.880059970015
288.342033308476,802.883420333085,254.872563718141
338.056176982351,1690.28088491176,284.857571214393
390.25602783992,1899.08028834203,269.865067466267
526.969922943077,673.626646781009,254.872563718141
564.255530698484,643.798160576684,254.872563718141
596.569724086503,1290.08202833706,254.872563718141
608.998260004971,1324.88192890877,269.865067466267
604.026845637584,862.540392741735,254.872563718141
755.654983842903,1501.36713895103,254.872563718141
768.083519761372,479.741486452896,254.872563718141
862.540392741735,1461.59582401193,269.865067466267
1009.19711657967,830.226199353716,254.872563718141
1088.73974645787,678.598061148397,254.872563718141
1093.71116082525,676.112353964703,254.872563718141
1103.65398956003,313.199105145414,269.865067466267
1130.99676858066,380.313199105145,269.865067466267
1133.48247576436,340.541884166045,254.872563718141
1135.96818294805,1429.28163062391,284.857571214393
1145.91101168282,330.59905543127,269.865067466267
1304.99627143922,606.512552821278,254.872563718141
1312.45339299031,357.941834451902,254.872563718141
1322.39622172508,1608.25254784986,284.857571214393
1324.88192890877,586.626895351728,254.872563718141
1414.36738752175,2202.33656475267,254.872563718141
1419.33880188914,2207.30797912006,254.872563718141
1441.71016654238,2199.85085756898,254.872563718141
1456.62440964454,1024.11135968183,269.865067466267
1486.45289584887,1026.59706686552,284.857571214393
1491.42431021626,489.684315187671,269.865067466267
1506.33855331842,487.198608003977,269.865067466267
1620.68108376833,658.712403678847,284.857571214393
1628.13820531941,347.999005717127,254.872563718141
1623.16679095203,2132.73676360925,254.872563718141
1630.62391250311,2177.47949291573,254.872563718141
1648.02386278896,608.998260004971,269.865067466267
1645.53815560527,584.141188168034,284.857571214393
1657.96669152374,2174.99378573204,269.865067466267
1677.85234899329,638.826746209297,269.865067466267
1677.85234899329,594.084016902809,254.872563718141
1690.28088491176,576.684066616953,254.872563718141
1697.73800646284,608.998260004971,254.872563718141
1715.13795674869,357.941834451902,269.865067466267
1784.73775789212,623.912503107134,254.872563718141
1782.25205070843,1918.96594581158,254.872563718141
1792.1948794432,561.76982351479,269.865067466267
1787.22346507581,1874.2232165051,254.872563718141
1797.16629381059,1913.9945314442,269.865067466267
1799.65200099428,1854.33755903555,269.865067466267
1807.10912254536,599.055431270196,269.865067466267
1812.08053691275,2137.70817797663,254.872563718141
1817.05195128014,1406.91026597067,254.872563718141
1822.02336564753,1391.99602286851,254.872563718141
1839.42331593338,499.627143922446,269.865067466267
1839.42331593338,526.969922943077,254.872563718141
1876.70892368879,1031.56848123291,269.865067466267
1881.68033805618,474.770072085508,269.865067466267
1879.19463087248,492.170022371365,254.872563718141
1884.16604523987,2023.36564752672,269.865067466267
1884.16604523987,942.083022619935,254.872563718141
1896.59458115834,512.055679840915,254.872563718141
1899.08028834203,1024.11135968183,254.872563718141
1921.45165299528,1732.53790703455,284.857571214393
1918.96594581158,2025.85135471042,254.872563718141
1946.30872483221,2025.85135471042,254.872563718141
1953.7658463833,1739.99502858563,254.872563718141
1958.73726075068,1732.53790703455,269.865067466267
1958.73726075068,2080.53691275168,254.872563718141
1963.70867511807,1752.4235645041,254.872563718141
1963.70867511807,1998.50857568978,254.872563718141
1971.16579666915,2020.87994034303,254.872563718141
1981.10862540393,1921.45165299528,254.872563718141
1983.59433258762,1913.9945314442,254.872563718141
2025.85135471042,1879.19463087248,269.865067466267
2038.27989062888,1292.56773552076,254.872563718141
2043.25130499627,1300.02485707184,254.872563718141
2050.70842654735,1285.11061396967,254.872563718141
2127.76534924186,1237.88217747949,254.872563718141
2172.50807854835,658.712403678847,254.872563718141
2174.99378573204,653.740989311459,254.872563718141
2177.47949291573,626.398210290828,254.872563718141
2202.33656475267,658.712403678847,254.872563718141
2212.27939348745,633.855331841909,254.872563718141
2217.25080785483,589.112602535421,254.872563718141
2244.59358687547,673.626646781009,254.872563718141
290.82774049217,1145.91101168282,299.850074962519
300.770569226945,800.397713149391,269.865067466267
352.970420084514,1670.39522744221,284.857571214393
377.827491921452,1399.45314441959,269.865067466267
405.170270942083,1605.76684066617,299.850074962519
417.598806860552,1886.65175242356,269.865067466267
432.513049962714,1078.79691772309,284.857571214393
437.484464330102,763.112105393985,299.850074962519
444.941585881183,1026.59706686552,269.865067466267
477.255779269202,1314.939100174,269.865067466267
477.255779269202,1309.96768580661,269.865067466267
489.684315187671,1894.10887397465,269.865067466267
489.684315187671,1911.5088242605,284.857571214393
509.569972657221,1327.36763609247,284.857571214393
534.427044494159,1272.68207805121,269.865067466267
564.255530698484,1217.99652000994,269.865067466267
641.31245339299,1319.91051454139,269.865067466267
646.283867760378,1329.85334327616,284.857571214393
743.226447924435,1538.65274670644,284.857571214393
745.712155108128,638.826746209297,269.865067466267
763.112105393985,1506.33855331842,269.865067466267
768.083519761372,1491.42431021626,269.865067466267
775.540641312453,482.22719363659,269.865067466267
780.512055679841,618.941088739746,269.865067466267
782.997762863535,606.512552821278,269.865067466267
795.426298782004,1496.39572458364,284.857571214393
795.426298782004,1513.7956748695,269.865067466267
802.883420333085,579.169773800646,269.865067466267
810.340541884166,1439.22445935869,269.865067466267
805.369127516779,1976.13721103654,284.857571214393
810.340541884166,1461.59582401193,269.865067466267
812.82624906786,1451.65299527716,269.865067466267
855.083271190654,1471.53865274671,269.865067466267
914.740243599304,1759.88068605518,269.865067466267
912.25453641561,1809.59482972906,284.857571214393
924.683072334079,1799.65200099428,269.865067466267
1103.65398956003,355.456127268208,269.865067466267
1116.0825254785,385.284613472533,284.857571214393
1116.0825254785,1436.73875217499,284.857571214393
1116.0825254785,1725.08078548347,284.857571214393
1135.96818294805,387.770320656227,269.865067466267
1140.93959731544,1717.62366393239,269.865067466267
1170.76808351976,1391.99602286851,299.850074962519
1180.71091225454,1722.59507829978,269.865067466267
1190.65374098931,1730.05219985086,299.850074962519
1217.99652000994,817.797663435247,284.857571214393
1242.85359184688,820.283370618941,269.865067466267
1255.28212776535,775.540641312453,299.850074962519
1265.22495650012,1620.68108376833,284.857571214393
1277.65349241859,792.94059159831,269.865067466267
1292.56773552076,782.997762863535,269.865067466267
1297.53914988814,1232.91076311211,314.842578710645
1309.96768580661,1630.62391250311,299.850074962519
1319.91051454139,1665.42381307482,269.865067466267
1359.68182948049,636.341039025603,284.857571214393
1436.73875217499,2204.82227193637,284.857571214393
1476.51006711409,489.684315187671,269.865067466267
1501.36713895103,1061.39696743724,269.865067466267
1575.93835446184,1491.42431021626,299.850074962519
1590.85259756401,2184.93661446682,269.865067466267
1638.08103405419,2182.45090728312,269.865067466267
1635.59532687049,2120.30822769078,284.857571214393
1665.42381307482,2125.27964205817,269.865067466267
1670.39522744221,2127.76534924186,269.865067466267
1670.39522744221,2132.73676360925,269.865067466267
1739.99502858563,1382.05319413373,299.850074962519
1754.9092716878,631.369624658215,284.857571214393
1774.79492915735,579.169773800646,269.865067466267
1774.79492915735,1730.05219985086,269.865067466267
1802.13770817798,1623.16679095203,269.865067466267
1809.59482972906,1645.53815560527,299.850074962519
1807.10912254536,641.31245339299,269.865067466267
1814.56624409645,1909.02311707681,269.865067466267
1836.93760874969,519.512801391996,284.857571214393
1846.88043748446,526.969922943077,269.865067466267
1879.19463087248,1046.48272433507,269.865067466267
1913.9945314442,1735.02361421825,269.865067466267
1921.45165299528,1031.56848123291,269.865067466267
1978.62291822023,1744.96644295302,269.865067466267
2003.47999005717,1881.68033805618,269.865067466267
293.313447675864,797.912005965697,284.857571214393
293.313447675864,1096.19686800895,329.835082458771
325.627641063883,1645.53815560527,284.857571214393
377.827491921452,1662.93810589113,284.857571214393
387.770320656227,1585.88118319662,284.857571214393
410.141685309471,1585.88118319662,299.850074962519
477.255779269202,1297.53914988814,284.857571214393
479.741486452896,1329.85334327616,299.850074962519
482.22719363659,1319.91051454139,284.857571214393
507.084265473527,1004.22570221228,314.842578710645
514.541387024609,1302.51056425553,299.850074962519
559.284116331096,621.42679592344,284.857571214393
725.826497638578,1508.82426050211,299.850074962519
738.255033557047,1961.22296793438,299.850074962519
748.197862291822,653.740989311459,284.857571214393
755.654983842903,1523.73850360428,284.857571214393
795.426298782004,372.856077554064,284.857571214393
792.94059159831,616.455381556053,284.857571214393
795.426298782004,611.483967188665,284.857571214393
944.568729803629,1779.76634352473,284.857571214393
986.825751926423,504.598558289833,284.857571214393
1011.68282376336,512.055679840915,299.850074962519
1078.79691772309,1322.39622172508,299.850074962519
1093.71116082525,387.770320656227,284.857571214393
1130.99676858066,1735.02361421825,299.850074962519
1150.88242605021,1705.19512801392,284.857571214393
1180.71091225454,1431.76733780761,299.850074962519
1232.91076311211,802.883420333085,284.857571214393
1240.36788466319,802.883420333085,284.857571214393
1267.71066368382,1598.30971911509,299.850074962519
1307.48197862292,1667.90952025851,284.857571214393
1327.36763609247,1466.56723837932,329.835082458771
1416.85309470544,2204.82227193637,284.857571214393
1429.28163062391,2209.79368630375,284.857571214393
1454.13870246085,1019.13994531444,284.857571214393
1503.85284613473,628.883917474521,344.827586206897
1561.02411135968,1488.93860303256,299.850074962519
1565.99552572707,382.798906288839,284.857571214393
1613.22396221725,2140.19388516033,299.850074962519
1615.70966940094,2117.82252050708,284.857571214393
1650.50956997266,2122.79393487447,299.850074962519
1660.45239870743,579.169773800646,284.857571214393
1662.93810589113,2130.25105642555,299.850074962519
1677.85234899329,1255.28212776535,314.842578710645
1735.02361421825,1426.79592344022,299.850074962519
1752.4235645041,1404.42455878698,314.842578710645
1759.88068605518,574.198359433259,284.857571214393
1792.1948794432,1623.16679095203,299.850074962519
1807.10912254536,574.198359433259,284.857571214393
1807.10912254536,1232.91076311211,284.857571214393
1812.08053691275,633.855331841909,284.857571214393
1834.451901566,668.655232413622,329.835082458771
1859.30897340293,524.484215759384,284.857571214393
1911.5088242605,1749.93785732041,299.850074962519
2063.13696246582,1220.48222719364,314.842578710645
315.684812329108,1111.11111111111,329.835082458771
315.684812329108,1091.22545364156,314.842578710645
335.570469798658,1652.99527715635,299.850074962519
338.056176982351,1672.8809346259,299.850074962519
427.541635595327,937.111608252548,299.850074962519
432.513049962714,944.568729803629,299.850074962519
434.998757146408,956.997265722098,314.842578710645
449.913000248571,1130.99676858066,299.850074962519
487.198608003977,1339.79617201094,299.850074962519
608.998260004971,1327.36763609247,299.850074962519
658.712403678847,1347.25329356202,314.842578710645
668.655232413622,1359.68182948049,299.850074962519
678.598061148397,1337.31046482724,329.835082458771
710.912254536416,2083.02261993537,299.850074962519
720.855083271191,2100.42257022123,299.850074962519
740.740740740741,1968.68008948546,344.827586206897
743.226447924435,636.341039025603,299.850074962519
827.740492170022,912.25453641561,329.835082458771
887.397464578673,1792.1948794432,299.850074962519
899.826000497141,1774.79492915735,314.842578710645
1071.33979617201,1304.99627143922,314.842578710645
1096.19686800895,1317.42480735769,299.850074962519
1153.36813323391,2008.45140442456,299.850074962519
1195.6251553567,2020.87994034303,344.827586206897
1230.42505592841,778.026348496147,314.842578710645
1290.08202833706,1682.82376336068,299.850074962519
1384.53890131742,1648.02386278896,299.850074962519
1391.99602286851,1650.50956997266,299.850074962519
1640.56674123788,574.198359433259,299.850074962519
1690.28088491176,1399.45314441959,314.842578710645
1727.56649266716,1396.96743723589,314.842578710645
1747.45215013671,1429.28163062391,299.850074962519
1764.85210042257,1436.73875217499,314.842578710645
1787.22346507581,865.026099925429,299.850074962519
1799.65200099428,1414.36738752175,299.850074962519
2038.27989062888,1217.99652000994,314.842578710645
375.341784737758,1655.48098434004,314.842578710645
377.827491921452,1662.93810589113,314.842578710645
382.798906288839,979.368630375342,314.842578710645
407.655978125777,986.825751926423,314.842578710645
420.084514044246,979.368630375342,314.842578710645
477.255779269202,1215.51081282625,314.842578710645
494.655729555058,1213.02510564256,344.827586206897
489.684315187671,1237.88217747949,329.835082458771
497.141436738752,1312.45339299031,329.835082458771
636.341039025603,1961.22296793438,314.842578710645
661.19811086254,1327.36763609247,314.842578710645
673.626646781009,1996.02286850609,329.835082458771
678.598061148397,1314.939100174,329.835082458771
691.026597066866,1352.22470792941,329.835082458771
785.483470047228,705.940840169028,314.842578710645
797.912005965697,710.912254536416,314.842578710645
805.369127516779,705.940840169028,314.842578710645
847.626149639573,944.568729803629,359.820089955023
1024.11135968183,1951.2801391996,344.827586206897
1039.02560278399,2063.13696246582,329.835082458771
1051.45413870246,1958.73726075068,329.835082458771
1123.53964702958,1406.91026597067,314.842578710645
1153.36813323391,2025.85135471042,344.827586206897
1240.36788466319,787.969177230922,314.842578710645
1240.36788466319,820.283370618941,314.842578710645
1255.28212776535,872.48322147651,314.842578710645
1257.76783494904,869.997514292816,314.842578710645
1285.11061396967,1208.05369127517,329.835082458771
1498.88143176734,439.970171513796,344.827586206897
1521.25279642058,519.512801391996,359.820089955023
1526.22421078797,526.969922943077,314.842578710645
1565.99552572707,1672.8809346259,314.842578710645
1628.13820531941,2092.96544867015,329.835082458771
1675.36664180959,1401.93885160328,344.827586206897
1697.73800646284,1391.99602286851,314.842578710645
1702.70942083023,1374.59607258265,314.842578710645
1737.50932140194,1406.91026597067,329.835082458771
1764.85210042257,1712.652249565,314.842578710645
1804.62341536167,949.540144171017,359.820089955023
1831.9661943823,676.112353964703,314.842578710645
1874.2232165051,869.997514292816,344.827586206897
2038.27989062888,1232.91076311211,329.835082458771
459.855828983346,1203.08227690778,359.820089955023
479.741486452896,1309.96768580661,329.835082458771
504.598558289833,1247.82500621427,344.827586206897
648.769574944072,1973.65150385285,329.835082458771
661.19811086254,1963.70867511807,329.835082458771
666.169525229928,1317.42480735769,329.835082458771
678.598061148397,1280.13919960229,359.820089955023
683.569475515784,1732.53790703455,359.820089955023
681.08376833209,1526.22421078797,359.820089955023
678.598061148397,1250.31071339796,329.835082458771
703.455132985334,1886.65175242356,359.820089955023
812.82624906786,947.054436987323,344.827586206897
822.769077802635,922.197365150385,374.812593703148
884.911757394979,2073.0797912006,359.820089955023
887.397464578673,1088.73974645787,344.827586206897
1252.79642058166,1747.45215013671,344.827586206897
1260.25354213274,855.083271190654,329.835082458771
1262.73924931643,865.026099925429,329.835082458771
1297.53914988814,1732.53790703455,359.820089955023
1329.85334327616,1988.56574695501,329.835082458771
1511.30996768581,1720.10937111608,359.820089955023
1543.62416107383,561.76982351479,329.835082458771
1749.93785732041,1429.28163062391,329.835082458771
1777.28063634104,1777.28063634104,359.820089955023
1787.22346507581,865.026099925429,329.835082458771
1826.99478001491,740.740740740741,329.835082458771
1874.2232165051,837.683320904797,329.835082458771
1909.02311707681,899.826000497141,344.827586206897
2060.65125528213,1240.36788466319,329.835082458771
328.113348247576,1643.05244842158,359.820089955023
382.798906288839,1665.42381307482,359.820089955023
447.427293064877,1287.59632115337,359.820089955023
452.398707432264,991.797166293811,344.827586206897
479.741486452896,1285.11061396967,359.820089955023
517.027094208302,1319.91051454139,344.827586206897
589.112602535421,1277.65349241859,344.827586206897
626.398210290828,1277.65349241859,344.827586206897
631.369624658215,1906.53740989311,359.820089955023
663.683818046234,1332.33905045986,344.827586206897
666.169525229928,1342.28187919463,344.827586206897
668.655232413622,1918.96594581158,344.827586206897
668.655232413622,1923.93736017897,344.827586206897
840.169028088491,770.569226945066,374.812593703148
845.140442455879,914.740243599304,359.820089955023
894.854586129754,1648.02386278896,389.805097451274
949.540144171017,792.94059159831,344.827586206897
984.340044742729,1881.68033805618,344.827586206897
986.825751926423,1874.2232165051,389.805097451274
994.282873477504,1081.28262490679,374.812593703148
1155.8538404176,2003.47999005717,344.827586206897
1163.31096196868,1998.50857568978,344.827586206897
1449.16728809346,1665.42381307482,374.812593703148
1531.19562515536,546.855580412627,344.827586206897
1568.48123291076,1608.25254784986,359.820089955023
1570.96694009446,1672.8809346259,344.827586206897
1650.50956997266,1829.48048719861,359.820089955023
1675.36664180959,1844.39473030077,359.820089955023
1784.73775789212,1792.1948794432,344.827586206897
1794.6805866269,1106.13969674372,374.812593703148
1824.50907283122,934.625901068854,374.812593703148
1876.70892368879,1608.25254784986,374.812593703148
472.284364901815,1267.71066368382,374.812593703148
564.255530698484,889.883171762366,389.805097451274
621.42679592344,1906.53740989311,359.820089955023
628.883917474521,1916.48023862789,359.820089955023
646.283867760378,1267.71066368382,359.820089955023
651.255282127765,1262.73924931643,359.820089955023
671.140939597315,1725.08078548347,389.805097451274
815.311956251554,763.112105393985,389.805097451274
830.226199353716,947.054436987323,359.820089955023
862.540392741735,1078.79691772309,359.820089955023
934.625901068854,805.369127516779,359.820089955023
952.02585135471,1869.25180213771,404.7976011994
961.968680089485,1879.19463087248,359.820089955023
996.768580661198,1931.39448173005,374.812593703148
1148.39671886652,1195.6251553567,359.820089955023
1150.88242605021,1200.59656972409,359.820089955023
1160.82525478499,1205.56798409147,359.820089955023
1175.73949788715,1213.02510564256,374.812593703148
1178.22520507084,2043.25130499627,374.812593703148
1178.22520507084,2025.85135471042,359.820089955023
1225.45364156102,1630.62391250311,404.7976011994
1225.45364156102,2155.10812826249,359.820089955023
1245.33929903057,1732.53790703455,359.820089955023
1297.53914988814,1193.13944817301,374.812593703148
1424.31021625653,1700.22371364653,374.812593703148
1551.08128262491,1573.45264727815,404.7976011994
1543.62416107383,1506.33855331842,389.805097451274
1548.59557544121,554.312701963709,359.820089955023
1789.70917225951,1076.3112105394,359.820089955023
1817.05195128014,956.997265722098,359.820089955023
2092.96544867015,1217.99652000994,359.820089955023
705.940840169028,1548.59557544121,374.812593703148
713.397961720109,1585.88118319662,404.7976011994
919.711657966692,1650.50956997266,374.812593703148
956.997265722098,1946.30872483221,374.812593703148
974.397216007954,1928.90877454636,389.805097451274
1021.62565249814,1496.39572458364,404.7976011994
1093.71116082525,1687.79517772806,419.790104947526
1143.42530449913,1337.31046482724,419.790104947526
1153.36813323391,1275.1677852349,389.805097451274
1160.82525478499,1362.16753666418,404.7976011994
1158.33954760129,1245.33929903057,389.805097451274
1170.76808351976,1190.65374098931,374.812593703148
1173.25379070346,1232.91076311211,374.812593703148
1188.16803380562,1203.08227690778,374.812593703148
1354.7104151131,730.797912005966,374.812593703148
1362.16753666418,735.769326373353,419.790104947526
1439.22445935869,1767.33780760626,404.7976011994
1441.71016654238,1797.16629381059,404.7976011994
1461.59582401193,1464.08153119563,419.790104947526
1461.59582401193,1511.30996768581,434.782608695652
1471.53865274671,1496.39572458364,404.7976011994
1548.59557544121,1531.19562515536,374.812593703148
1553.5669898086,1543.62416107383,374.812593703148
1568.48123291076,1471.53865274671,389.805097451274
1558.53840417599,869.997514292816,419.790104947526
1570.96694009446,857.568978374347,434.782608695652
1578.42406164554,1580.90976882923,404.7976011994
1583.39547601293,1446.68158090977,404.7976011994
1794.6805866269,1369.62465821526,389.805097451274
596.569724086503,899.826000497141,389.805097451274
683.569475515784,1742.48073576933,389.805097451274
688.540889883172,1563.50981854338,389.805097451274
688.540889883172,1106.13969674372,419.790104947526
700.969425801641,1118.56823266219,419.790104947526
807.854834700472,745.712155108128,434.782608695652
842.654735272185,1829.48048719861,389.805097451274
847.626149639573,1824.50907283122,419.790104947526
860.054685558041,1804.62341536167,419.790104947526
1009.19711657967,1779.76634352473,404.7976011994
1024.11135968183,1799.65200099428,419.790104947526
1058.91126025354,1802.13770817798,434.782608695652
1135.96818294805,1685.30947054437,404.7976011994
1158.33954760129,1697.73800646284,419.790104947526
1200.59656972409,1874.2232165051,389.805097451274
1414.36738752175,1523.73850360428,404.7976011994
1454.13870246085,1754.9092716878,434.782608695652
1466.56723837932,1478.99577429779,389.805097451274
1486.45289584887,820.283370618941,434.782608695652
1531.19562515536,1446.68158090977,419.790104947526
1561.02411135968,1717.62366393239,389.805097451274
1565.99552572707,1727.56649266716,389.805097451274
1563.50981854338,1720.10937111608,389.805097451274
1568.48123291076,1722.59507829978,389.805097451274
1590.85259756401,1461.59582401193,389.805097451274
725.826497638578,1568.48123291076,419.790104947526
728.312204822272,1556.05269699229,419.790104947526
728.312204822272,1533.68133233905,404.7976011994
738.255033557047,1538.65274670644,434.782608695652
845.140442455879,1135.96818294805,449.775112443778
894.854586129754,1633.1096196868,404.7976011994
1004.22570221228,1590.85259756401,449.775112443778
1108.62540392742,695.998011434253,419.790104947526
1121.05393984589,1650.50956997266,404.7976011994
1126.02535421327,1652.99527715635,404.7976011994
1178.22520507084,1329.85334327616,404.7976011994
1431.76733780761,1513.7956748695,434.782608695652
1439.22445935869,1496.39572458364,404.7976011994
1471.53865274671,1526.22421078797,404.7976011994
1471.53865274671,815.311956251554,404.7976011994
1488.93860303256,1493.91001739995,404.7976011994
1493.91001739995,1516.28138205319,404.7976011994
1501.36713895103,812.82624906786,404.7976011994
1568.48123291076,887.397464578673,419.790104947526
1011.68282376336,1618.19537658464,434.782608695652
1019.13994531444,1454.13870246085,464.767616191904
1133.48247576436,1662.93810589113,434.782608695652
1314.939100174,1081.28262490679,434.782608695652
1354.7104151131,1610.73825503356,419.790104947526
1374.59607258265,1573.45264727815,449.775112443778
1471.53865274671,1754.9092716878,419.790104947526
1511.30996768581,865.026099925429,419.790104947526
1523.73850360428,830.226199353716,419.790104947526
1876.70892368879,1613.22396221725,419.790104947526
691.026597066866,1133.48247576436,434.782608695652
815.311956251554,1170.76808351976,434.782608695652
855.083271190654,1128.51106139697,434.782608695652
855.083271190654,1138.45389013174,434.782608695652
1121.05393984589,1652.99527715635,434.782608695652
1135.96818294805,1682.82376336068,434.782608695652
1143.42530449913,1362.16753666418,434.782608695652
1217.99652000994,1789.70917225951,464.767616191904
1344.76758637832,1794.6805866269,434.782608695652
1349.73900074571,1792.1948794432,434.782608695652
1354.7104151131,1595.82401193139,434.782608695652
1354.7104151131,1518.76708923689,449.775112443778
1436.73875217499,1498.88143176734,434.782608695652
1446.68158090977,1665.42381307482,434.782608695652
1464.08153119563,810.340541884166,434.782608695652
1478.99577429779,830.226199353716,434.782608695652
1481.48148148148,807.854834700472,434.782608695652
1483.96718866518,840.169028088491,434.782608695652
1493.91001739995,855.083271190654,434.782608695652
1496.39572458364,1491.42431021626,434.782608695652
1493.91001739995,1511.30996768581,464.767616191904
1501.36713895103,1488.93860303256,434.782608695652
1506.33855331842,850.111856823266,434.782608695652
1558.53840417599,874.968928660204,434.782608695652
1578.42406164554,1121.05393984589,434.782608695652
1585.88118319662,1118.56823266219,479.76011994003
1667.90952025851,1342.28187919463,449.775112443778
817.797663435247,1160.82525478499,479.76011994003
830.226199353716,1170.76808351976,449.775112443778
954.511558538404,1471.53865274671,479.76011994003
1019.13994531444,1595.82401193139,449.775112443778
1113.5968182948,700.969425801641,449.775112443778
1123.53964702958,1039.02560278399,479.76011994003
1312.45339299031,1076.3112105394,479.76011994003
1352.22470792941,1608.25254784986,464.767616191904
1359.68182948049,1531.19562515536,449.775112443778
1374.59607258265,733.283619189659,449.775112443778
1391.99602286851,1685.30947054437,464.767616191904
1503.85284613473,860.054685558041,449.775112443778
1511.30996768581,867.511807109123,449.775112443778
1518.76708923689,867.511807109123,449.775112443778
1570.96694009446,877.454635843898,449.775112443778
1053.93984588615,1300.02485707184,479.76011994003
1193.13944817301,1290.08202833706,494.752623688156
1362.16753666418,1608.25254784986,464.767616191904
1548.59557544121,865.026099925429,464.767616191904
1563.50981854338,1391.99602286851,479.76011994003
1563.50981854338,872.48322147651,464.767616191904
1593.3383047477,1237.88217747949,464.767616191904
1643.05244842158,1357.19612229679,464.767616191904
1662.93810589113,1367.13895103157,464.767616191904
984.340044742729,1446.68158090977,479.76011994003
1004.22570221228,1474.0243599304,479.76011994003
1277.65349241859,1096.19686800895,494.752623688156
1585.88118319662,1230.42505592841,479.76011994003
927.168779517773,1466.56723837932,494.752623688156
954.511558538404,1441.71016654238,494.752623688156
979.368630375342,1461.59582401193,509.745127436282
986.825751926423,1585.88118319662,494.752623688156
1031.56848123291,1297.53914988814,509.745127436282
1205.56798409147,1779.76634352473,494.752623688156
954.511558538404,1461.59582401193,509.745127436282
