201.342281879195,2068.10837683321,14.9925037481259
300.770569226945,504.598558289833,14.9925037481259
293.313447675864,514.541387024609,14.9925037481259
305.741983594333,1610.73825503356,29.9850074962519
313.199105145414,509.569972657221,14.9925037481259
325.627641063883,1859.30897340293,14.9925037481259
333.084762614964,1841.90902311708,14.9925037481259
335.570469798658,1720.10937111608,14.9925037481259
352.970420084514,1334.82475764355,44.9775112443778
380.313199105145,1322.39622172508,44.9775112443778
415.113099676858,787.969177230922,14.9925037481259
432.513049962714,755.654983842903,14.9925037481259
437.484464330102,765.597812577678,14.9925037481259
442.455878697489,743.226447924435,14.9925037481259
447.427293064877,961.968680089485,44.9775112443778
504.598558289833,815.311956251554,14.9925037481259
504.598558289833,860.054685558041,44.9775112443778
544.369873228934,1578.42406164554,14.9925037481259
611.483967188665,1600.79542629878,14.9925037481259
611.483967188665,837.683320904797,29.9850074962519
628.883917474521,837.683320904797,14.9925037481259
653.740989311459,1580.90976882923,14.9925037481259
666.169525229928,1379.56748695004,14.9925037481259
666.169525229928,1322.39622172508,29.9850074962519
683.569475515784,1364.65324384787,14.9925037481259
683.569475515784,1377.08177976634,14.9925037481259
740.740740740741,1046.48272433507,14.9925037481259
748.197862291822,1048.96843151877,14.9925037481259
778.026348496147,1058.91126025354,14.9925037481259
805.369127516779,1066.36838180462,14.9925037481259
812.82624906786,559.284116331096,74.9625187406297
817.797663435247,1086.25403927417,29.9850074962519
817.797663435247,591.598309719115,44.9775112443778
830.226199353716,1034.0541884166,14.9925037481259
830.226199353716,1111.11111111111,14.9925037481259
832.71190653741,1053.93984588615,14.9925037481259
837.683320904797,1153.36813323391,14.9925037481259
835.197613721104,571.712652249565,44.9775112443778
842.654735272185,1235.3964702958,14.9925037481259
852.59756400696,976.882923191648,14.9925037481259
850.111856823266,1153.36813323391,14.9925037481259
855.083271190654,986.825751926423,14.9925037481259
855.083271190654,1036.5398956003,14.9925037481259
862.540392741735,1071.33979617201,29.9850074962519
862.540392741735,989.311459110117,14.9925037481259
862.540392741735,1135.96818294805,14.9925037481259
869.997514292816,1111.11111111111,14.9925037481259
872.48322147651,1123.53964702958,14.9925037481259
874.968928660204,1148.39671886652,14.9925037481259
872.48322147651,1133.48247576436,14.9925037481259
897.340293313448,365.398956002983,14.9925037481259
902.311707680835,1083.76833209048,14.9925037481259
909.768829231916,1081.28262490679,14.9925037481259
919.711657966692,1086.25403927417,14.9925037481259
924.683072334079,1471.53865274671,14.9925037481259
922.197365150385,1093.71116082525,14.9925037481259
932.14019388516,1454.13870246085,14.9925037481259
934.625901068854,1513.7956748695,14.9925037481259
942.083022619935,1474.0243599304,14.9925037481259
949.540144171017,1165.79666915237,14.9925037481259
949.540144171017,1521.25279642058,14.9925037481259
954.511558538404,1101.16828237634,29.9850074962519
959.482972905792,1180.71091225454,14.9925037481259
952.02585135471,1414.36738752175,14.9925037481259
956.997265722098,1208.05369127517,14.9925037481259
956.997265722098,879.940343027591,14.9925037481259
956.997265722098,1322.39622172508,14.9925037481259
956.997265722098,1411.88168033806,14.9925037481259
961.968680089485,1469.05294556301,29.9850074962519
971.911508824261,1245.33929903057,44.9775112443778
966.940094456873,1459.11011682824,14.9925037481259
976.882923191648,1198.11086254039,44.9775112443778
976.882923191648,1210.53939845886,14.9925037481259
984.340044742729,1523.73850360428,29.9850074962519
999.254287844892,1173.25379070346,14.9925037481259
1004.22570221228,1153.36813323391,44.9775112443778
1004.22570221228,1526.22421078797,14.9925037481259
1004.22570221228,1165.79666915237,14.9925037481259
1006.71140939597,1399.45314441959,29.9850074962519
1006.71140939597,1220.48222719364,14.9925037481259
1011.68282376336,1053.93984588615,14.9925037481259
1014.16853094705,1521.25279642058,14.9925037481259
1016.65423813075,954.511558538404,14.9925037481259
1024.11135968183,822.769077802635,14.9925037481259
1016.65423813075,1180.71091225454,44.9775112443778
1021.62565249814,1466.56723837932,14.9925037481259
1024.11135968183,1029.08277404922,14.9925037481259
1043.99701715138,934.625901068854,14.9925037481259
1061.39696743724,952.02585135471,14.9925037481259
1066.36838180462,1143.42530449913,14.9925037481259
1078.79691772309,939.597315436242,14.9925037481259
1086.25403927417,1312.45339299031,14.9925037481259
1091.22545364156,1411.88168033806,29.9850074962519
1096.19686800895,909.768829231916,14.9925037481259
1116.0825254785,1377.08177976634,29.9850074962519
1150.88242605021,514.541387024609,44.9775112443778
1225.45364156102,1536.16703952274,14.9925037481259
1262.73924931643,1476.51006711409,29.9850074962519
1295.05344270445,663.683818046234,14.9925037481259
1367.13895103157,1006.71140939597,14.9925037481259
1377.08177976634,947.054436987323,14.9925037481259
1369.62465821526,626.398210290828,44.9775112443778
1379.56748695004,994.282873477504,14.9925037481259
1377.08177976634,934.625901068854,14.9925037481259
1384.53890131742,82.0283370618941,14.9925037481259
1387.02460850112,1068.85408898832,14.9925037481259
1387.02460850112,678.598061148397,29.9850074962519
1396.96743723589,39.7713149391002,29.9850074962519
1406.91026597067,636.341039025603,29.9850074962519
1396.96743723589,663.683818046234,14.9925037481259
1404.42455878698,84.5140442455879,29.9850074962519
1434.2530449913,790.454884414616,14.9925037481259
1441.71016654238,785.483470047228,14.9925037481259
1454.13870246085,616.455381556053,14.9925037481259
1454.13870246085,546.855580412627,14.9925037481259
1471.53865274671,524.484215759384,14.9925037481259
1471.53865274671,531.941337310465,14.9925037481259
1471.53865274671,536.912751677852,14.9925037481259
1478.99577429779,526.969922943077,14.9925037481259
1478.99577429779,815.311956251554,29.9850074962519
1486.45289584887,855.083271190654,14.9925037481259
1491.42431021626,778.026348496147,29.9850074962519
1486.45289584887,748.197862291822,29.9850074962519
1488.93860303256,514.541387024609,14.9925037481259
1496.39572458364,517.027094208302,14.9925037481259
1498.88143176734,631.369624658215,29.9850074962519
1501.36713895103,618.941088739746,14.9925037481259
1501.36713895103,556.798409147402,14.9925037481259
1501.36713895103,566.741237882178,14.9925037481259
1506.33855331842,569.226945065871,14.9925037481259
1513.7956748695,780.512055679841,29.9850074962519
1523.73850360428,805.369127516779,14.9925037481259
1528.70991797166,790.454884414616,14.9925037481259
1533.68133233905,817.797663435247,14.9925037481259
1536.16703952274,780.512055679841,14.9925037481259
1533.68133233905,787.969177230922,14.9925037481259
1546.10986825752,820.283370618941,44.9775112443778
1553.5669898086,775.540641312453,14.9925037481259
1548.59557544121,686.055182699478,14.9925037481259
1541.13845389013,800.397713149391,29.9850074962519
1561.02411135968,740.740740740741,29.9850074962519
1565.99552572707,755.654983842903,14.9925037481259
1561.02411135968,800.397713149391,29.9850074962519
1570.96694009446,770.569226945066,14.9925037481259
1595.82401193139,2033.3084762615,14.9925037481259
1613.22396221725,740.740740740741,29.9850074962519
1625.65249813572,735.769326373353,14.9925037481259
1623.16679095203,2281.87919463087,14.9925037481259
1657.96669152374,832.71190653741,14.9925037481259
1687.79517772806,1247.82500621427,29.9850074962519
1715.13795674869,872.48322147651,14.9925037481259
1722.59507829978,842.654735272185,14.9925037481259
1722.59507829978,1126.02535421327,29.9850074962519
1739.99502858563,211.28511061397,29.9850074962519
1784.73775789212,2465.82152622421,14.9925037481259
1802.13770817798,802.883420333085,29.9850074962519
1812.08053691275,362.913248819289,14.9925037481259
1849.36614466816,949.540144171017,29.9850074962519
1946.30872483221,1061.39696743724,29.9850074962519
1988.56574695501,1242.85359184688,14.9925037481259
2045.73701217997,889.883171762366,44.9775112443778
2050.70842654735,1546.10986825752,14.9925037481259
2065.62266964952,1531.19562515536,29.9850074962519
2189.9080288342,869.997514292816,29.9850074962519
2217.25080785483,1195.6251553567,59.9700149925037
2252.05070842655,668.655232413622,14.9925037481259
2254.53641561024,648.769574944072,14.9925037481259
268.456375838926,146.656723837932,29.9850074962519
365.398956002983,1312.45339299031,59.9700149925037
380.313199105145,1692.76659209545,59.9700149925037
653.740989311459,1727.56649266716,59.9700149925037
745.712155108128,2045.73701217997,29.9850074962519
800.397713149391,1118.56823266219,29.9850074962519
820.283370618941,2028.33706189411,59.9700149925037
822.769077802635,1039.02560278399,29.9850074962519
825.254784986329,2048.22271936366,44.9775112443778
894.854586129754,991.797166293811,44.9775112443778
954.511558538404,1483.96718866518,29.9850074962519
986.825751926423,1230.42505592841,29.9850074962519
999.254287844892,1066.36838180462,29.9850074962519
1006.71140939597,1215.51081282625,44.9775112443778
1021.62565249814,2020.87994034303,59.9700149925037
1088.73974645787,1367.13895103157,29.9850074962519
1247.82500621427,1513.7956748695,29.9850074962519
1332.33905045986,934.625901068854,29.9850074962519
1349.73900074571,991.797166293811,29.9850074962519
1406.91026597067,54.6855580412627,29.9850074962519
1498.88143176734,539.398458861546,29.9850074962519
1513.7956748695,559.284116331096,44.9775112443778
1600.79542629878,810.340541884166,29.9850074962519
1623.16679095203,589.112602535421,44.9775112443778
1730.05219985086,917.225950782998,29.9850074962519
1732.53790703455,912.25453641561,29.9850074962519
1789.70917225951,700.969425801641,44.9775112443778
1787.22346507581,579.169773800646,29.9850074962519
1794.6805866269,551.826994780015,29.9850074962519
1851.85185185185,889.883171762366,29.9850074962519
1876.70892368879,889.883171762366,44.9775112443778
1891.62316679095,1583.39547601293,29.9850074962519
1891.62316679095,1645.53815560527,44.9775112443778
1896.59458115834,1598.30971911509,29.9850074962519
1911.5088242605,1019.13994531444,59.9700149925037
1923.93736017897,1277.65349241859,29.9850074962519
1943.82301764852,1048.96843151877,44.9775112443778
1971.16579666915,1252.79642058166,29.9850074962519
1993.5371613224,1312.45339299031,29.9850074962519
2020.87994034303,1058.91126025354,44.9775112443778
2028.33706189411,1061.39696743724,29.9850074962519
2060.65125528213,748.197862291822,29.9850074962519
2179.96520009943,865.026099925429,29.9850074962519
298.284862043251,1620.68108376833,44.9775112443778
352.970420084514,1322.39622172508,59.9700149925037
676.112353964703,952.02585135471,59.9700149925037
673.626646781009,571.712652249565,74.9625187406297
678.598061148397,1364.65324384787,44.9775112443778
723.340790454884,1113.5968182948,44.9775112443778
748.197862291822,2035.79418344519,44.9775112443778
755.654983842903,2040.76559781258,44.9775112443778
763.112105393985,1056.42555306985,44.9775112443778
810.340541884166,579.169773800646,44.9775112443778
830.226199353716,1118.56823266219,59.9700149925037
850.111856823266,1116.0825254785,44.9775112443778
956.997265722098,1203.08227690778,59.9700149925037
974.397216007954,1235.3964702958,44.9775112443778
994.282873477504,1222.96793437733,44.9775112443778
1195.6251553567,1523.73850360428,59.9700149925037
1230.42505592841,1503.85284613473,59.9700149925037
1347.25329356202,472.284364901815,44.9775112443778
1506.33855331842,733.283619189659,44.9775112443778
1690.28088491176,2125.27964205817,74.9625187406297
1722.59507829978,2117.82252050708,74.9625187406297
1777.28063634104,546.855580412627,44.9775112443778
1787.22346507581,529.455630126771,44.9775112443778
1846.88043748446,897.340293313448,44.9775112443778
1866.76609495401,1570.96694009446,59.9700149925037
1874.2232165051,909.768829231916,44.9775112443778
1881.68033805618,872.48322147651,44.9775112443778
1904.05170270942,1610.73825503356,44.9775112443778
1904.05170270942,1630.62391250311,44.9775112443778
1948.79443201591,1078.79691772309,59.9700149925037
203.827989062888,1083.76833209048,59.9700149925037
223.713646532438,1396.96743723589,89.9550224887556
288.342033308476,1302.51056425553,74.9625187406297
333.084762614964,956.997265722098,74.9625187406297
395.227442207308,1764.85210042257,74.9625187406297
395.227442207308,1787.22346507581,74.9625187406297
430.027342779021,1314.939100174,74.9625187406297
439.970171513796,1794.6805866269,59.9700149925037
457.370121799652,979.368630375342,59.9700149925037
462.34153616704,1014.16853094705,74.9625187406297
579.169773800646,1638.08103405419,59.9700149925037
606.512552821278,2090.47974148645,89.9550224887556
618.941088739746,1036.5398956003,74.9625187406297
626.398210290828,671.140939597315,59.9700149925037
666.169525229928,676.112353964703,59.9700149925037
666.169525229928,586.626895351728,74.9625187406297
676.112353964703,971.911508824261,74.9625187406297
688.540889883172,1931.39448173005,59.9700149925037
695.998011434253,927.168779517773,74.9625187406297
728.312204822272,2000.99428287348,59.9700149925037
733.283619189659,566.741237882178,74.9625187406297
750.683569475516,1056.42555306985,89.9550224887556
782.997762863535,514.541387024609,89.9550224887556
815.311956251554,517.027094208302,59.9700149925037
817.797663435247,1101.16828237634,59.9700149925037
825.254784986329,531.941337310465,74.9625187406297
837.683320904797,2045.73701217997,59.9700149925037
845.140442455879,2013.42281879195,74.9625187406297
850.111856823266,976.882923191648,59.9700149925037
867.511807109123,1083.76833209048,59.9700149925037
974.397216007954,1213.02510564256,59.9700149925037
1001.73999502859,1605.76684066617,59.9700149925037
1026.59706686552,2045.73701217997,89.9550224887556
1026.59706686552,2063.13696246582,89.9550224887556
1078.79691772309,544.369873228934,74.9625187406297
1083.76833209048,2222.22222222222,74.9625187406297
1175.73949788715,484.712900820283,89.9550224887556
1170.76808351976,434.998757146408,89.9550224887556
1170.76808351976,882.426050211285,89.9550224887556
1210.53939845886,1493.91001739995,59.9700149925037
1374.59607258265,991.797166293811,59.9700149925037
1461.59582401193,1123.53964702958,74.9625187406297
1466.56723837932,1121.05393984589,59.9700149925037
1496.39572458364,554.312701963709,59.9700149925037
1672.8809346259,2120.30822769078,89.9550224887556
1695.25229927915,2095.45115585384,74.9625187406297
1697.73800646284,1625.65249813572,89.9550224887556
1697.73800646284,2107.87969177231,74.9625187406297
1856.82326621924,914.740243599304,59.9700149925037
1874.2232165051,1561.02411135968,59.9700149925037
1894.10887397465,1384.53890131742,59.9700149925037
1911.5088242605,1036.5398956003,59.9700149925037
1916.48023862789,1536.16703952274,74.9625187406297
1928.90877454636,1058.91126025354,59.9700149925037
1946.30872483221,1063.88267462093,59.9700149925037
2207.30797912006,1190.65374098931,59.9700149925037
253.542132736764,832.71190653741,89.9550224887556
293.313447675864,954.511558538404,74.9625187406297
313.199105145414,1667.90952025851,104.947526236882
320.656226696495,1685.30947054437,104.947526236882
365.398956002983,1252.79642058166,74.9625187406297
422.570221227939,1797.16629381059,74.9625187406297
469.798657718121,897.340293313448,74.9625187406297
504.598558289833,869.997514292816,74.9625187406297
596.569724086503,1620.68108376833,74.9625187406297
601.54113845389,2050.70842654735,74.9625187406297
604.026845637584,1275.1677852349,89.9550224887556
606.512552821278,2068.10837683321,74.9625187406297
628.883917474521,559.284116331096,89.9550224887556
715.883668903803,1486.45289584887,104.947526236882
715.883668903803,681.08376833209,89.9550224887556
733.283619189659,1506.33855331842,89.9550224887556
743.226447924435,1029.08277404922,89.9550224887556
740.740740740741,1004.22570221228,89.9550224887556
753.16927665921,1063.88267462093,74.9625187406297
768.083519761372,1004.22570221228,89.9550224887556
778.026348496147,454.884414615958,74.9625187406297
780.512055679841,449.913000248571,74.9625187406297
782.997762863535,1043.99701715138,89.9550224887556
830.226199353716,1041.51130996769,74.9625187406297
845.140442455879,534.427044494159,89.9550224887556
892.36887894606,986.825751926423,74.9625187406297
914.740243599304,1188.16803380562,104.947526236882
922.197365150385,1170.76808351976,89.9550224887556
949.540144171017,1183.19661943823,89.9550224887556
956.997265722098,616.455381556053,104.947526236882
979.368630375342,1583.39547601293,74.9625187406297
1031.56848123291,2227.19363658961,74.9625187406297
1046.48272433507,2055.67984091474,89.9550224887556
1046.48272433507,1349.73900074571,89.9550224887556
1056.42555306985,556.798409147402,74.9625187406297
1053.93984588615,541.88416604524,74.9625187406297
1056.42555306985,549.341287596321,74.9625187406297
1058.91126025354,536.912751677852,74.9625187406297
1068.85408898832,566.741237882178,89.9550224887556
1076.3112105394,1357.19612229679,89.9550224887556
1096.19686800895,827.740492170022,89.9550224887556
1101.16828237634,802.883420333085,104.947526236882
1148.39671886652,877.454635843898,74.9625187406297
1158.33954760129,872.48322147651,74.9625187406297
1170.76808351976,1523.73850360428,104.947526236882
1178.22520507084,507.084265473527,89.9550224887556
1173.25379070346,934.625901068854,74.9625187406297
1188.16803380562,899.826000497141,89.9550224887556
1215.51081282625,1518.76708923689,74.9625187406297
1317.42480735769,2040.76559781258,89.9550224887556
1324.88192890877,2033.3084762615,74.9625187406297
1391.99602286851,1113.5968182948,89.9550224887556
1399.45314441959,1093.71116082525,74.9625187406297
1466.56723837932,2249.56500124285,89.9550224887556
1496.39572458364,1130.99676858066,74.9625187406297
1503.85284613473,561.76982351479,74.9625187406297
1511.30996768581,2266.96495152871,104.947526236882
1590.85259756401,1730.05219985086,89.9550224887556
1603.28113348248,1735.02361421825,89.9550224887556
1638.08103405419,1777.28063634104,89.9550224887556
1705.19512801392,2100.42257022123,74.9625187406297
1717.62366393239,2137.70817797663,89.9550224887556
1730.05219985086,927.168779517773,74.9625187406297
1739.99502858563,897.340293313448,89.9550224887556
206.313696246582,976.882923191648,89.9550224887556
268.456375838926,837.683320904797,89.9550224887556
323.141933880189,1635.59532687049,119.940029985007
425.055928411633,1784.73775789212,89.9550224887556
579.169773800646,1126.02535421327,104.947526236882
616.455381556053,2060.65125528213,104.947526236882
623.912503107134,1814.56624409645,119.940029985007
626.398210290828,668.655232413622,89.9550224887556
668.655232413622,954.511558538404,89.9550224887556
708.426547352722,531.941337310465,104.947526236882
725.826497638578,1488.93860303256,89.9550224887556
728.312204822272,1026.59706686552,104.947526236882
728.312204822272,1496.39572458364,89.9550224887556
750.683569475516,981.854337559036,119.940029985007
753.16927665921,524.484215759384,104.947526236882
830.226199353716,1466.56723837932,89.9550224887556
914.740243599304,827.740492170022,119.940029985007
942.083022619935,2165.05095699727,104.947526236882
1066.36838180462,556.798409147402,89.9550224887556
1135.96818294805,867.511807109123,104.947526236882
1140.93959731544,564.255530698484,89.9550224887556
1173.25379070346,415.113099676858,89.9550224887556
1180.71091225454,559.284116331096,104.947526236882
1178.22520507084,884.911757394979,89.9550224887556
1245.33929903057,869.997514292816,119.940029985007
1252.79642058166,2018.39423315933,104.947526236882
1295.05344270445,1787.22346507581,119.940029985007
1382.05319413373,2078.05120556798,89.9550224887556
1439.22445935869,2234.65075814069,89.9550224887556
1508.82426050211,2229.6793437733,104.947526236882
1595.82401193139,1782.25205070843,104.947526236882
1700.22371364653,1066.36838180462,119.940029985007
1730.05219985086,917.225950782998,89.9550224887556
211.28511061397,1384.53890131742,104.947526236882
275.913497390007,1536.16703952274,119.940029985007
293.313447675864,1205.56798409147,119.940029985007
333.084762614964,877.454635843898,119.940029985007
352.970420084514,1650.50956997266,134.932533733133
397.713149391002,1764.85210042257,104.947526236882
430.027342779021,1314.939100174,104.947526236882
546.855580412627,979.368630375342,134.932533733133
599.055431270196,1083.76833209048,134.932533733133
638.826746209297,569.226945065871,104.947526236882
641.31245339299,1829.48048719861,104.947526236882
646.283867760378,546.855580412627,104.947526236882
740.740740740741,1036.5398956003,104.947526236882
768.083519761372,1011.68282376336,104.947526236882
790.454884414616,1493.91001739995,119.940029985007
805.369127516779,1449.16728809346,104.947526236882
817.797663435247,1434.2530449913,104.947526236882
909.768829231916,837.683320904797,119.940029985007
959.482972905792,2172.50807854835,104.947526236882
1039.02560278399,2055.67984091474,104.947526236882
1053.93984588615,800.397713149391,104.947526236882
1078.79691772309,2214.76510067114,119.940029985007
1083.76833209048,855.083271190654,104.947526236882
1093.71116082525,867.511807109123,104.947526236882
1101.16828237634,872.48322147651,104.947526236882
1128.51106139697,554.312701963709,104.947526236882
1135.96818294805,991.797166293811,104.947526236882
1140.93959731544,994.282873477504,104.947526236882
1148.39671886652,939.597315436242,104.947526236882
1160.82525478499,991.797166293811,104.947526236882
1160.82525478499,1963.70867511807,104.947526236882
1163.31096196868,1958.73726075068,104.947526236882
1190.65374098931,1053.93984588615,119.940029985007
1215.51081282625,464.827243350733,104.947526236882
1322.39622172508,2030.8227690778,104.947526236882
1322.39622172508,860.054685558041,134.932533733133
1404.42455878698,1523.73850360428,134.932533733133
1434.2530449913,1056.42555306985,104.947526236882
1697.73800646284,1078.79691772309,119.940029985007
1712.652249565,1081.28262490679,119.940029985007
1772.30922197365,2085.50832711907,119.940029985007
1866.76609495401,1998.50857568978,134.932533733133
1904.05170270942,2005.96569724086,119.940029985007
1943.82301764852,1918.96594581158,104.947526236882
201.342281879195,1051.45413870246,164.917541229385
221.227939348745,1071.33979617201,149.925037481259
253.542132736764,919.711657966692,149.925037481259
298.284862043251,1553.5669898086,149.925037481259
308.227690778026,1625.65249813572,119.940029985007
325.627641063883,815.311956251554,119.940029985007
338.056176982351,1613.22396221725,134.932533733133
623.912503107134,559.284116331096,119.940029985007
623.912503107134,514.541387024609,119.940029985007
633.855331841909,551.826994780015,134.932533733133
636.341039025603,1841.90902311708,134.932533733133
638.826746209297,1812.08053691275,134.932533733133
651.255282127765,529.455630126771,149.925037481259
658.712403678847,512.055679840915,149.925037481259
676.112353964703,551.826994780015,149.925037481259
720.855083271191,1113.5968182948,149.925037481259
728.312204822272,949.540144171017,119.940029985007
758.140691026597,1774.79492915735,119.940029985007
765.597812577678,1759.88068605518,119.940029985007
827.740492170022,792.94059159831,149.925037481259
991.797166293811,2142.67959234402,134.932533733133
1034.0541884166,2242.10787969177,134.932533733133
1043.99701715138,2227.19363658961,134.932533733133
1185.68232662192,1983.59433258762,134.932533733133
1208.05369127517,1053.93984588615,119.940029985007
1342.28187919463,1660.45239870743,134.932533733133
1347.25329356202,2038.27989062888,119.940029985007
1352.22470792941,1605.76684066617,119.940029985007
1367.13895103157,1630.62391250311,119.940029985007
1369.62465821526,1643.05244842158,119.940029985007
1396.96743723589,2070.5940840169,134.932533733133
1404.42455878698,1123.53964702958,119.940029985007
1439.22445935869,2234.65075814069,119.940029985007
1441.71016654238,1078.79691772309,119.940029985007
1474.0243599304,2227.19363658961,119.940029985007
1478.99577429779,2232.165050957,119.940029985007
1511.30996768581,2242.10787969177,119.940029985007
1662.93810589113,2145.16529952772,119.940029985007
1722.59507829978,1735.02361421825,134.932533733133
1804.62341536167,1287.59632115337,119.940029985007
1836.93760874969,1623.16679095203,134.932533733133
1844.39473030077,2000.99428287348,119.940029985007
1854.33755903555,1295.05344270445,119.940029985007
1886.65175242356,2010.93711160825,134.932533733133
1901.56599552573,2018.39423315933,134.932533733133
223.713646532438,1046.48272433507,149.925037481259
236.142182450907,1066.36838180462,149.925037481259
253.542132736764,874.968928660204,179.910044977511
275.913497390007,1551.08128262491,179.910044977511
298.284862043251,882.426050211285,179.910044977511
308.227690778026,922.197365150385,179.910044977511
315.684812329108,1650.50956997266,134.932533733133
581.65548098434,1123.53964702958,149.925037481259
586.626895351728,1807.10912254536,149.925037481259
601.54113845389,559.284116331096,149.925037481259
601.54113845389,1026.59706686552,149.925037481259
638.826746209297,1822.02336564753,134.932533733133
691.026597066866,1732.53790703455,134.932533733133
723.340790454884,1789.70917225951,134.932533733133
735.769326373353,961.968680089485,149.925037481259
810.340541884166,1426.79592344022,149.925037481259
857.568978374347,1416.85309470544,134.932533733133
1051.45413870246,2242.10787969177,134.932533733133
1071.33979617201,2197.36515038528,134.932533733133
1071.33979617201,2189.9080288342,164.917541229385
1175.73949788715,2013.42281879195,149.925037481259
1282.62490678598,1220.48222719364,134.932533733133
1322.39622172508,1640.56674123788,134.932533733133
1362.16753666418,1613.22396221725,149.925037481259
1406.91026597067,879.940343027591,164.917541229385
1429.28163062391,897.340293313448,134.932533733133
1717.62366393239,1690.28088491176,134.932533733133
1754.9092716878,1720.10937111608,149.925037481259
1754.9092716878,1707.68083519761,134.932533733133
1754.9092716878,1700.22371364653,134.932533733133
1754.9092716878,2045.73701217997,134.932533733133
1762.36639323888,2040.76559781258,134.932533733133
1782.25205070843,2085.50832711907,149.925037481259
1782.25205070843,2060.65125528213,134.932533733133
1889.13745960726,1991.0514541387,134.932533733133
1948.79443201591,1911.5088242605,134.932533733133
191.39945314442,1058.91126025354,164.917541229385
198.856574695501,1083.76833209048,164.917541229385
258.513547104151,907.283122048223,149.925037481259
320.656226696495,1585.88118319662,179.910044977511
345.513298533433,1588.36689038031,149.925037481259
586.626895351728,1822.02336564753,149.925037481259
604.026845637584,1096.19686800895,149.925037481259
623.912503107134,514.541387024609,149.925037481259
633.855331841909,1143.42530449913,194.902548725637
693.512304250559,1744.96644295302,179.910044977511
691.026597066866,991.797166293811,149.925037481259
695.998011434253,1113.5968182948,149.925037481259
768.083519761372,1782.25205070843,149.925037481259
805.369127516779,1762.36639323888,164.917541229385
1071.33979617201,2033.3084762615,179.910044977511
1185.68232662192,1983.59433258762,164.917541229385
1342.28187919463,857.568978374347,149.925037481259
1374.59607258265,1630.62391250311,149.925037481259
1384.53890131742,1501.36713895103,164.917541229385
1391.99602286851,2080.53691275168,149.925037481259
1394.4817300522,2060.65125528213,149.925037481259
1401.93885160328,2073.0797912006,164.917541229385
1411.88168033806,892.36887894606,149.925037481259
1416.85309470544,922.197365150385,164.917541229385
1439.22445935869,894.854586129754,149.925037481259
1568.48123291076,1168.28237633607,164.917541229385
1650.50956997266,1227.93934874472,164.917541229385
1670.39522744221,1242.85359184688,149.925037481259
1725.08078548347,1692.76659209545,164.917541229385
1794.6805866269,1720.10937111608,149.925037481259
1894.10887397465,1993.5371613224,149.925037481259
1916.48023862789,2003.47999005717,164.917541229385
270.94208302262,899.826000497141,164.917541229385
278.399204573701,969.425801640567,209.895052473763
290.82774049217,673.626646781009,164.917541229385
295.799154859558,700.969425801641,179.910044977511
300.770569226945,688.540889883172,164.917541229385
315.684812329108,884.911757394979,164.917541229385
335.570469798658,1595.82401193139,164.917541229385
350.48471290082,1282.62490678598,194.902548725637
355.456127268208,884.911757394979,164.917541229385
372.856077554064,1217.99652000994,164.917541229385
410.141685309471,1220.48222719364,164.917541229385
422.570221227939,1227.93934874472,164.917541229385
415.113099676858,1235.3964702958,164.917541229385
422.570221227939,1215.51081282625,164.917541229385
422.570221227939,1237.88217747949,164.917541229385
427.541635595327,1205.56798409147,164.917541229385
437.484464330102,1198.11086254039,164.917541229385
442.455878697489,1208.05369127517,179.910044977511
449.913000248571,1650.50956997266,194.902548725637
452.398707432264,1652.99527715635,164.917541229385
586.626895351728,1782.25205070843,164.917541229385
683.569475515784,1715.13795674869,164.917541229385
715.883668903803,1774.79492915735,194.902548725637
733.283619189659,1732.53790703455,164.917541229385
753.16927665921,1769.82351478996,164.917541229385
765.597812577678,1754.9092716878,179.910044977511
778.026348496147,1158.33954760129,164.917541229385
787.969177230922,1943.82301764852,179.910044977511
835.197613721104,1178.22520507084,164.917541229385
845.140442455879,1225.45364156102,164.917541229385
1066.36838180462,2199.85085756898,164.917541229385
1068.85408898832,2055.67984091474,194.902548725637
1173.25379070346,1210.53939845886,164.917541229385
1175.73949788715,1222.96793437733,164.917541229385
1292.56773552076,1222.96793437733,164.917541229385
1327.36763609247,1899.08028834203,164.917541229385
1329.85334327616,1996.02286850609,164.917541229385
1332.33905045986,1923.93736017897,164.917541229385
1352.22470792941,2003.47999005717,164.917541229385
1359.68182948049,1918.96594581158,164.917541229385
1362.16753666418,1603.28113348248,164.917541229385
1394.4817300522,904.797414864529,164.917541229385
1399.45314441959,1474.0243599304,164.917541229385
1401.93885160328,1546.10986825752,164.917541229385
1421.82450907283,872.48322147651,164.917541229385
1543.62416107383,2013.42281879195,164.917541229385
1615.70966940094,1913.9945314442,164.917541229385
1640.56674123788,1891.62316679095,164.917541229385
231.17076808352,708.426547352722,179.910044977511
243.599304001989,922.197365150385,179.910044977511
258.513547104151,899.826000497141,179.910044977511
275.913497390007,882.426050211285,179.910044977511
352.970420084514,884.911757394979,209.895052473763
392.741735023614,1198.11086254039,179.910044977511
400.198856574696,1220.48222719364,179.910044977511
400.198856574696,1195.6251553567,179.910044977511
417.598806860552,1208.05369127517,179.910044977511
454.884414615958,1205.56798409147,179.910044977511
452.398707432264,1237.88217747949,179.910044977511
454.884414615958,1643.05244842158,179.910044977511
531.941337310465,1588.36689038031,224.887556221889
549.341287596321,1563.50981854338,179.910044977511
589.112602535421,559.284116331096,179.910044977511
636.341039025603,1175.73949788715,209.895052473763
633.855331841909,1155.8538404176,179.910044977511
678.598061148397,1744.96644295302,179.910044977511
683.569475515784,1742.48073576933,179.910044977511
691.026597066866,1725.08078548347,179.910044977511
738.255033557047,1727.56649266716,209.895052473763
733.283619189659,1121.05393984589,179.910044977511
755.654983842903,1175.73949788715,179.910044977511
765.597812577678,1799.65200099428,209.895052473763
773.05493412876,1183.19661943823,224.887556221889
770.569226945066,1158.33954760129,179.910044977511
787.969177230922,984.340044742729,194.902548725637
790.454884414616,1160.82525478499,194.902548725637
797.912005965697,1135.96818294805,209.895052473763
810.340541884166,1178.22520507084,224.887556221889
810.340541884166,1404.42455878698,194.902548725637
822.769077802635,1150.88242605021,224.887556221889
835.197613721104,1180.71091225454,224.887556221889
837.683320904797,1225.45364156102,179.910044977511
850.111856823266,1456.62440964454,194.902548725637
907.283122048223,1876.70892368879,194.902548725637
1011.68282376336,760.626398210291,179.910044977511
1021.62565249814,740.740740740741,179.910044977511
1081.28262490679,1991.0514541387,209.895052473763
1153.36813323391,1222.96793437733,179.910044977511
1163.31096196868,1210.53939845886,179.910044977511
1173.25379070346,1222.96793437733,194.902548725637
1275.1677852349,1936.36589609744,194.902548725637
1275.1677852349,1222.96793437733,179.910044977511
1292.56773552076,1904.05170270942,179.910044977511
1332.33905045986,1866.76609495401,209.895052473763
1337.31046482724,2003.47999005717,179.910044977511
1339.79617201094,1896.59458115834,179.910044977511
1349.73900074571,1918.96594581158,209.895052473763
1367.13895103157,1501.36713895103,179.910044977511
1387.02460850112,1476.51006711409,179.910044977511
1394.4817300522,917.225950782998,179.910044977511
1391.99602286851,1526.22421078797,179.910044977511
1401.93885160328,912.25453641561,179.910044977511
1404.42455878698,934.625901068854,194.902548725637
1401.93885160328,971.911508824261,224.887556221889
1424.31021625653,899.826000497141,179.910044977511
1528.70991797166,2013.42281879195,179.910044977511
1553.5669898086,1165.79666915237,179.910044977511
1590.85259756401,1730.05219985086,179.910044977511
1605.76684066617,1913.9945314442,194.902548725637
1628.13820531941,1899.08028834203,179.910044977511
1638.08103405419,1227.93934874472,179.910044977511
1680.33805617698,1732.53790703455,194.902548725637
1682.82376336068,1697.73800646284,179.910044977511
1697.73800646284,1690.28088491176,224.887556221889
1697.73800646284,1712.652249565,179.910044977511
1739.99502858563,1720.10937111608,179.910044977511
1764.85210042257,2083.02261993537,179.910044977511
1764.85210042257,1948.79443201591,179.910044977511
231.17076808352,1066.36838180462,194.902548725637
238.627889634601,708.426547352722,194.902548725637
303.256276410639,678.598061148397,194.902548725637
362.913248819289,661.19811086254,224.887556221889
454.884414615958,1657.96669152374,194.902548725637
519.512801391996,847.626149639573,224.887556221889
529.455630126771,1548.59557544121,224.887556221889
546.855580412627,1551.08128262491,194.902548725637
571.712652249565,1561.02411135968,224.887556221889
579.169773800646,1536.16703952274,224.887556221889
606.512552821278,1155.8538404176,209.895052473763
740.740740740741,1118.56823266219,194.902548725637
800.397713149391,1449.16728809346,209.895052473763
822.769077802635,792.94059159831,194.902548725637
884.911757394979,1926.42306736266,194.902548725637
887.397464578673,1846.88043748446,209.895052473763
1029.08277404922,760.626398210291,194.902548725637
1155.8538404176,1240.36788466319,209.895052473763
1170.76808351976,1841.90902311708,194.902548725637
1183.19661943823,1282.62490678598,194.902548725637
1185.68232662192,1250.31071339796,194.902548725637
1290.08202833706,1931.39448173005,194.902548725637
1302.51056425553,2023.36564752672,209.895052473763
1322.39622172508,1993.5371613224,194.902548725637
1327.36763609247,1988.56574695501,194.902548725637
1449.16728809346,1446.68158090977,224.887556221889
1471.53865274671,1444.19587372608,224.887556221889
1526.22421078797,1533.68133233905,224.887556221889
1662.93810589113,1240.36788466319,194.902548725637
1687.79517772806,1697.73800646284,209.895052473763
1757.39497887149,1923.93736017897,209.895052473763
1772.30922197365,1948.79443201591,194.902548725637
439.970171513796,1227.93934874472,239.880059970015
606.512552821278,984.340044742729,209.895052473763
613.969674372359,984.340044742729,209.895052473763
618.941088739746,986.825751926423,209.895052473763
623.912503107134,991.797166293811,209.895052473763
648.769574944072,947.054436987323,239.880059970015
656.226696495153,989.311459110117,224.887556221889
735.769326373353,1742.48073576933,209.895052473763
780.512055679841,1148.39671886652,224.887556221889
800.397713149391,1195.6251553567,209.895052473763
860.054685558041,922.197365150385,239.880059970015
869.997514292816,1824.50907283122,209.895052473763
892.36887894606,1449.16728809346,209.895052473763
902.311707680835,1871.7375093214,224.887556221889
907.283122048223,1461.59582401193,209.895052473763
919.711657966692,1227.93934874472,209.895052473763
914.740243599304,1150.88242605021,224.887556221889
924.683072334079,1071.33979617201,239.880059970015
932.14019388516,1235.3964702958,209.895052473763
961.968680089485,1230.42505592841,239.880059970015
1024.11135968183,1245.33929903057,224.887556221889
1041.51130996769,750.683569475516,209.895052473763
1123.53964702958,1369.62465821526,209.895052473763
1128.51106139697,1357.19612229679,224.887556221889
1150.88242605021,1498.88143176734,254.872563718141
1158.33954760129,1824.50907283122,209.895052473763
1287.59632115337,1889.13745960726,209.895052473763
1290.08202833706,1896.59458115834,209.895052473763
1290.08202833706,1906.53740989311,209.895052473763
1297.53914988814,1730.05219985086,239.880059970015
1302.51056425553,1762.36639323888,224.887556221889
1339.79617201094,1896.59458115834,209.895052473763
1391.99602286851,971.911508824261,209.895052473763
1501.36713895103,1461.59582401193,209.895052473763
1536.16703952274,1521.25279642058,239.880059970015
1600.79542629878,1735.02361421825,209.895052473763
434.998757146408,1220.48222719364,224.887556221889
554.312701963709,1459.11011682824,239.880059970015
554.312701963709,867.511807109123,254.872563718141
569.226945065871,1583.39547601293,239.880059970015
604.026845637584,996.768580661198,224.887556221889
628.883917474521,949.540144171017,239.880059970015
641.31245339299,966.940094456873,224.887556221889
648.769574944072,996.768580661198,224.887556221889
661.19811086254,996.768580661198,224.887556221889
668.655232413622,961.968680089485,224.887556221889
855.083271190654,1844.39473030077,224.887556221889
912.25453641561,1250.31071339796,224.887556221889
959.482972905792,1255.28212776535,239.880059970015
1034.0541884166,1280.13919960229,269.865067466267
1026.59706686552,1227.93934874472,224.887556221889
1081.28262490679,1026.59706686552,239.880059970015
1173.25379070346,1235.3964702958,239.880059970015
1178.22520507084,1628.13820531941,269.865067466267
1203.08227690778,1635.59532687049,254.872563718141
1255.28212776535,1918.96594581158,224.887556221889
1287.59632115337,1931.39448173005,224.887556221889
1292.56773552076,1685.30947054437,239.880059970015
1304.99627143922,1894.10887397465,224.887556221889
1309.96768580661,1712.652249565,239.880059970015
1312.45339299031,1670.39522744221,239.880059970015
1319.91051454139,1998.50857568978,224.887556221889
1464.08153119563,1516.28138205319,239.880059970015
1493.91001739995,1533.68133233905,224.887556221889
1533.68133233905,1501.36713895103,239.880059970015
1648.02386278896,1797.16629381059,254.872563718141
1665.42381307482,1777.28063634104,254.872563718141
541.88416604524,1506.33855331842,239.880059970015
613.969674372359,984.340044742729,239.880059970015
646.283867760378,1006.71140939597,239.880059970015
651.255282127765,1285.11061396967,239.880059970015
658.712403678847,966.940094456873,239.880059970015
760.626398210291,1431.76733780761,239.880059970015
832.71190653741,1436.73875217499,269.865067466267
986.825751926423,1280.13919960229,254.872563718141
996.768580661198,1185.68232662192,254.872563718141
1004.22570221228,1163.31096196868,239.880059970015
1123.53964702958,1369.62465821526,239.880059970015
1128.51106139697,1834.451901566,239.880059970015
1130.99676858066,1498.88143176734,254.872563718141
1155.8538404176,1362.16753666418,239.880059970015
1173.25379070346,1839.42331593338,239.880059970015
1188.16803380562,1645.53815560527,239.880059970015
1220.48222719364,1446.68158090977,239.880059970015
1277.65349241859,1739.99502858563,254.872563718141
1307.48197862292,1456.62440964454,299.850074962519
1312.45339299031,1687.79517772806,254.872563718141
1501.36713895103,1531.19562515536,239.880059970015
1600.79542629878,1881.68033805618,254.872563718141
1603.28113348248,1904.05170270942,239.880059970015
1603.28113348248,1794.6805866269,239.880059970015
541.88416604524,1439.22445935869,254.872563718141
554.312701963709,1165.79666915237,269.865067466267
554.312701963709,1158.33954760129,254.872563718141
576.684066616953,1165.79666915237,254.872563718141
576.684066616953,1140.93959731544,269.865067466267
589.112602535421,1138.45389013174,254.872563718141
623.912503107134,1280.13919960229,284.857571214393
633.855331841909,1006.71140939597,254.872563718141
651.255282127765,994.282873477504,254.872563718141
661.19811086254,1252.79642058166,254.872563718141
658.712403678847,989.311459110117,254.872563718141
986.825751926423,1200.59656972409,254.872563718141
1034.0541884166,1334.82475764355,299.850074962519
1024.11135968183,1165.79666915237,269.865067466267
1063.88267462093,1287.59632115337,254.872563718141
1056.42555306985,1324.88192890877,284.857571214393
1073.8255033557,1262.73924931643,269.865067466267
1158.33954760129,1822.02336564753,254.872563718141
1193.13944817301,1486.45289584887,269.865067466267
1240.36788466319,1466.56723837932,269.865067466267
1242.85359184688,1272.68207805121,314.842578710645
1300.02485707184,1779.76634352473,269.865067466267
1317.42480735769,1769.82351478996,269.865067466267
1332.33905045986,1496.39572458364,314.842578710645
1399.45314441959,1568.48123291076,269.865067466267
1623.16679095203,1752.4235645041,284.857571214393
820.283370618941,1217.99652000994,269.865067466267
840.169028088491,1449.16728809346,269.865067466267
850.111856823266,1242.85359184688,314.842578710645
909.768829231916,1777.28063634104,269.865067466267
949.540144171017,1533.68133233905,284.857571214393
981.854337559036,1183.19661943823,269.865067466267
986.825751926423,1459.11011682824,299.850074962519
989.311459110117,1190.65374098931,269.865067466267
1053.93984588615,1312.45339299031,314.842578710645
1073.8255033557,1292.56773552076,314.842578710645
1076.3112105394,1183.19661943823,269.865067466267
1081.28262490679,1188.16803380562,269.865067466267
1121.05393984589,1752.4235645041,284.857571214393
1153.36813323391,1481.48148148148,269.865067466267
1188.16803380562,1498.88143176734,269.865067466267
1329.85334327616,1625.65249813572,269.865067466267
1342.28187919463,1628.13820531941,329.835082458771
1332.33905045986,1618.19537658464,269.865067466267
1352.22470792941,1630.62391250311,269.865067466267
1354.7104151131,1826.99478001491,269.865067466267
1359.68182948049,1824.50907283122,269.865067466267
1384.53890131742,1638.08103405419,314.842578710645
1501.36713895103,1533.68133233905,269.865067466267
1608.25254784986,1886.65175242356,269.865067466267
658.712403678847,1255.28212776535,299.850074962519
952.02585135471,1322.39622172508,314.842578710645
1108.62540392742,1735.02361421825,284.857571214393
1116.0825254785,1732.53790703455,284.857571214393
1349.73900074571,1730.05219985086,284.857571214393
1399.45314441959,1630.62391250311,284.857571214393
1406.91026597067,1630.62391250311,284.857571214393
1406.91026597067,1570.96694009446,314.842578710645
1538.65274670644,1506.33855331842,284.857571214393
1603.28113348248,1749.93785732041,284.857571214393
1605.76684066617,1744.96644295302,284.857571214393
1613.22396221725,1757.39497887149,284.857571214393
1222.96793437733,1454.13870246085,299.850074962519
1344.76758637832,1578.42406164554,299.850074962519
1354.7104151131,1767.33780760626,314.842578710645
1379.56748695004,1600.79542629878,329.835082458771
469.798657718121,293.313447675864,314.842578710645
1011.68282376336,1267.71066368382,329.835082458771
1021.62565249814,1225.45364156102,329.835082458771
1121.05393984589,1749.93785732041,314.842578710645
1275.1677852349,1580.90976882923,314.842578710645
1364.65324384787,1772.30922197365,314.842578710645
979.368630375342,1344.76758637832,344.827586206897
999.254287844892,1349.73900074571,329.835082458771
1026.59706686552,1300.02485707184,344.827586206897
1205.56798409147,1429.28163062391,329.835082458771
1222.96793437733,1414.36738752175,344.827586206897
1227.93934874472,1533.68133233905,344.827586206897
1257.76783494904,1551.08128262491,329.835082458771
1349.73900074571,1578.42406164554,329.835082458771
1347.25329356202,1491.42431021626,329.835082458771
1031.56848123291,1307.48197862292,344.827586206897
1242.85359184688,1426.79592344022,344.827586206897
1389.51031568481,1561.02411135968,344.827586206897
1474.0243599304,606.512552821278,344.827586206897
