372.856077554064,1998.50857568978,14.9925037481259
377.827491921452,2033.3084762615,14.9925037481259
380.313199105145,2008.45140442456,14.9925037481259
387.770320656227,2013.42281879195,14.9925037481259
387.770320656227,2008.45140442456,14.9925037481259
390.25602783992,2020.87994034303,14.9925037481259
395.227442207308,2028.33706189411,14.9925037481259
397.713149391002,2023.36564752672,14.9925037481259
400.198856574696,2005.96569724086,14.9925037481259
410.141685309471,2018.39423315933,14.9925037481259
412.627392493164,1988.56574695501,14.9925037481259
432.513049962714,1926.42306736266,14.9925037481259
442.455878697489,1909.02311707681,14.9925037481259
474.770072085508,869.997514292816,14.9925037481259
524.484215759384,1981.10862540393,14.9925037481259
536.912751677852,1968.68008948546,14.9925037481259
636.341039025603,1516.28138205319,29.9850074962519
643.798160576684,1536.16703952274,14.9925037481259
651.255282127765,1503.85284613473,29.9850074962519
671.140939597315,1486.45289584887,29.9850074962519
673.626646781009,1503.85284613473,14.9925037481259
683.569475515784,1563.50981854338,14.9925037481259
698.483718617947,1454.13870246085,14.9925037481259
703.455132985334,1568.48123291076,14.9925037481259
820.283370618941,1700.22371364653,14.9925037481259
827.740492170022,1061.39696743724,14.9925037481259
830.226199353716,2286.85060899826,14.9925037481259
837.683320904797,2276.90778026349,14.9925037481259
837.683320904797,1046.48272433507,14.9925037481259
850.111856823266,2289.33631618195,14.9925037481259
845.140442455879,2336.56475267214,29.9850074962519
842.654735272185,1071.33979617201,14.9925037481259
847.626149639573,2276.90778026349,14.9925037481259
852.59756400696,1063.88267462093,14.9925037481259
872.48322147651,2316.67909520259,29.9850074962519
877.454635843898,186.428038777032,29.9850074962519
869.997514292816,1744.96644295302,29.9850074962519
902.311707680835,1715.13795674869,14.9925037481259
914.740243599304,1732.53790703455,14.9925037481259
927.168779517773,178.970917225951,29.9850074962519
932.14019388516,154.113845389013,14.9925037481259
932.14019388516,1190.65374098931,29.9850074962519
954.511558538404,1638.08103405419,14.9925037481259
956.997265722098,874.968928660204,29.9850074962519
974.397216007954,462.34153616704,29.9850074962519
984.340044742729,892.36887894606,14.9925037481259
994.282873477504,882.426050211285,14.9925037481259
994.282873477504,937.111608252548,29.9850074962519
996.768580661198,2284.36490181457,14.9925037481259
996.768580661198,1280.13919960229,14.9925037481259
1001.73999502859,860.054685558041,14.9925037481259
1006.71140939597,2299.27914491673,14.9925037481259
1006.71140939597,879.940343027591,14.9925037481259
1014.16853094705,869.997514292816,14.9925037481259
1014.16853094705,852.59756400696,14.9925037481259
1029.08277404922,884.911757394979,14.9925037481259
1043.99701715138,1056.42555306985,14.9925037481259
1150.88242605021,611.483967188665,29.9850074962519
1193.13944817301,584.141188168034,44.9775112443778
1222.96793437733,899.826000497141,29.9850074962519
1260.25354213274,1956.25155356699,14.9925037481259
1347.25329356202,596.569724086503,29.9850074962519
1439.22445935869,700.969425801641,29.9850074962519
1501.36713895103,1712.652249565,29.9850074962519
1506.33855331842,1725.08078548347,14.9925037481259
1518.76708923689,1978.62291822023,14.9925037481259
1558.53840417599,1854.33755903555,14.9925037481259
1565.99552572707,1856.82326621924,14.9925037481259
1685.30947054437,1533.68133233905,44.9775112443778
1695.25229927915,663.683818046234,29.9850074962519
1705.19512801392,1553.5669898086,14.9925037481259
1712.652249565,710.912254536416,29.9850074962519
1909.02311707681,1854.33755903555,14.9925037481259
1928.90877454636,1856.82326621924,29.9850074962519
1933.88018891375,1884.16604523987,29.9850074962519
1978.62291822023,601.54113845389,29.9850074962519
1991.0514541387,604.026845637584,29.9850074962519
2217.25080785483,1222.96793437733,14.9925037481259
2229.6793437733,1215.51081282625,29.9850074962519
820.283370618941,2311.7076808352,44.9775112443778
932.14019388516,1123.53964702958,44.9775112443778
954.511558538404,1650.50956997266,29.9850074962519
959.482972905792,1648.02386278896,29.9850074962519
986.825751926423,2249.56500124285,44.9775112443778
1024.11135968183,956.997265722098,29.9850074962519
1041.51130996769,2115.33681332339,44.9775112443778
1076.3112105394,1541.13845389013,44.9775112443778
1108.62540392742,1227.93934874472,44.9775112443778
1126.02535421327,1553.5669898086,44.9775112443778
1123.53964702958,1526.22421078797,59.9700149925037
1198.11086254039,658.712403678847,29.9850074962519
1230.42505592841,887.397464578673,29.9850074962519
1282.62490678598,571.712652249565,44.9775112443778
1357.19612229679,1948.79443201591,29.9850074962519
1446.68158090977,1327.36763609247,44.9775112443778
1474.0243599304,710.912254536416,29.9850074962519
1476.51006711409,703.455132985334,29.9850074962519
1488.93860303256,566.741237882178,29.9850074962519
1496.39572458364,1730.05219985086,44.9775112443778
1523.73850360428,1396.96743723589,29.9850074962519
1533.68133233905,601.54113845389,29.9850074962519
1536.16703952274,467.312950534427,29.9850074962519
1536.16703952274,1384.53890131742,29.9850074962519
1543.62416107383,661.19811086254,29.9850074962519
1561.02411135968,1879.19463087248,29.9850074962519
1583.39547601293,1864.28038777032,29.9850074962519
1583.39547601293,1856.82326621924,29.9850074962519
1682.82376336068,1598.30971911509,29.9850074962519
1720.10937111608,1590.85259756401,29.9850074962519
1904.05170270942,713.397961720109,29.9850074962519
1911.5088242605,688.540889883172,29.9850074962519
1916.48023862789,1866.76609495401,29.9850074962519
825.254784986329,2257.02212279394,44.9775112443778
845.140442455879,2279.39348744718,44.9775112443778
872.48322147651,2279.39348744718,59.9700149925037
966.940094456873,1737.50932140194,44.9775112443778
1101.16828237634,2080.53691275168,44.9775112443778
1349.73900074571,1431.76733780761,74.9625187406297
1374.59607258265,1943.82301764852,44.9775112443778
1459.11011682824,1329.85334327616,44.9775112443778
1459.11011682824,1339.79617201094,44.9775112443778
1521.25279642058,1978.62291822023,44.9775112443778
1593.3383047477,2202.33656475267,59.9700149925037
1603.28113348248,2187.42232165051,44.9775112443778
1603.28113348248,2194.87944320159,44.9775112443778
1667.90952025851,1904.05170270942,59.9700149925037
1677.85234899329,1588.36689038031,44.9775112443778
1884.16604523987,313.199105145414,44.9775112443778
2010.93711160825,1717.62366393239,74.9625187406297
238.627889634601,1242.85359184688,74.9625187406297
315.684812329108,1245.33929903057,74.9625187406297
313.199105145414,1227.93934874472,59.9700149925037
444.941585881183,2085.50832711907,89.9550224887556
472.284364901815,2095.45115585384,89.9550224887556
482.22719363659,710.912254536416,89.9550224887556
484.712900820283,2078.05120556798,89.9550224887556
835.197613721104,2242.10787969177,74.9625187406297
852.59756400696,2274.42207307979,59.9700149925037
899.826000497141,1799.65200099428,59.9700149925037
899.826000497141,1779.76634352473,59.9700149925037
907.283122048223,1779.76634352473,59.9700149925037
914.740243599304,1794.6805866269,59.9700149925037
919.711657966692,1787.22346507581,59.9700149925037
949.540144171017,1088.73974645787,59.9700149925037
984.340044742729,1831.9661943823,74.9625187406297
1056.42555306985,1262.73924931643,59.9700149925037
1078.79691772309,1526.22421078797,59.9700149925037
1091.22545364156,2090.47974148645,74.9625187406297
1337.31046482724,37.2856077554064,89.9550224887556
1339.79617201094,34.7999005717127,59.9700149925037
1478.99577429779,571.712652249565,59.9700149925037
1590.85259756401,2182.45090728312,59.9700149925037
1620.68108376833,1904.05170270942,74.9625187406297
1643.05244842158,778.026348496147,74.9625187406297
1662.93810589113,778.026348496147,74.9625187406297
1670.39522744221,1414.36738752175,59.9700149925037
1690.28088491176,1396.96743723589,59.9700149925037
1687.79517772806,1904.05170270942,59.9700149925037
1695.25229927915,1382.05319413373,59.9700149925037
1759.88068605518,1153.36813323391,74.9625187406297
1983.59433258762,549.341287596321,74.9625187406297
1991.0514541387,1657.96669152374,89.9550224887556
1993.5371613224,1675.36664180959,74.9625187406297
1996.02286850609,1690.28088491176,74.9625187406297
2224.70792940592,1203.08227690778,74.9625187406297
226.199353716132,1260.25354213274,104.947526236882
415.113099676858,720.855083271191,89.9550224887556
420.084514044246,748.197862291822,89.9550224887556
449.913000248571,1434.2530449913,74.9625187406297
467.312950534427,2070.5940840169,74.9625187406297
472.284364901815,2110.365398956,74.9625187406297
479.741486452896,768.083519761372,89.9550224887556
489.684315187671,2060.65125528213,104.947526236882
514.541387024609,683.569475515784,104.947526236882
556.798409147402,611.483967188665,89.9550224887556
745.712155108128,1493.91001739995,89.9550224887556
857.568978374347,1650.50956997266,89.9550224887556
860.054685558041,713.397961720109,89.9550224887556
884.911757394979,740.740740740741,104.947526236882
904.797414864529,1792.1948794432,74.9625187406297
907.283122048223,1787.22346507581,74.9625187406297
952.02585135471,1802.13770817798,74.9625187406297
954.511558538404,1861.79468058663,104.947526236882
976.882923191648,1762.36639323888,89.9550224887556
981.854337559036,1772.30922197365,89.9550224887556
986.825751926423,1757.39497887149,89.9550224887556
991.797166293811,1859.30897340293,89.9550224887556
1006.71140939597,1884.16604523987,89.9550224887556
1061.39696743724,2100.42257022123,74.9625187406297
1096.19686800895,1307.48197862292,74.9625187406297
1103.65398956003,1285.11061396967,74.9625187406297
1128.51106139697,1302.51056425553,74.9625187406297
1314.939100174,1456.62440964454,74.9625187406297
1322.39622172508,1451.65299527716,74.9625187406297
1488.93860303256,74.5712155108128,89.9550224887556
1648.02386278896,1909.02311707681,74.9625187406297
1675.36664180959,1051.45413870246,89.9550224887556
1690.28088491176,1372.11036539896,74.9625187406297
1705.19512801392,820.283370618941,89.9550224887556
1918.96594581158,996.768580661198,89.9550224887556
1946.30872483221,1851.85185185185,74.9625187406297
2013.42281879195,1672.8809346259,89.9550224887556
2033.3084762615,1705.19512801392,89.9550224887556
2179.96520009943,1093.71116082525,89.9550224887556
2177.47949291573,1088.73974645787,74.9625187406297
2222.22222222222,1782.25205070843,74.9625187406297
2227.19363658961,1225.45364156102,89.9550224887556
248.570718369376,1687.79517772806,104.947526236882
258.513547104151,1710.16654238131,104.947526236882
434.998757146408,1431.76733780761,104.947526236882
462.34153616704,750.683569475516,104.947526236882
459.855828983346,2060.65125528213,104.947526236882
504.598558289833,2155.10812826249,104.947526236882
504.598558289833,2135.22247079294,104.947526236882
526.969922943077,2170.02237136465,104.947526236882
763.112105393985,681.08376833209,89.9550224887556
847.626149639573,693.512304250559,104.947526236882
865.026099925429,725.826497638578,104.947526236882
892.36887894606,753.16927665921,104.947526236882
914.740243599304,502.11285110614,104.947526236882
974.397216007954,1859.30897340293,104.947526236882
984.340044742729,1876.70892368879,89.9550224887556
991.797166293811,1896.59458115834,89.9550224887556
989.311459110117,1874.2232165051,89.9550224887556
999.254287844892,1891.62316679095,89.9550224887556
1006.71140939597,1906.53740989311,104.947526236882
1019.13994531444,1876.70892368879,104.947526236882
1024.11135968183,1886.65175242356,89.9550224887556
1058.91126025354,2035.79418344519,104.947526236882
1113.5968182948,2145.16529952772,104.947526236882
1126.02535421327,1275.1677852349,89.9550224887556
1347.25329356202,57.1712652249565,89.9550224887556
1635.59532687049,1889.13745960726,89.9550224887556
1640.56674123788,1884.16604523987,89.9550224887556
1660.45239870743,1913.9945314442,89.9550224887556
1829.48048719861,387.770320656227,89.9550224887556
2224.70792940592,1416.85309470544,89.9550224887556
2242.10787969177,1215.51081282625,89.9550224887556
226.199353716132,1409.39597315436,119.940029985007
226.199353716132,1511.30996768581,119.940029985007
432.513049962714,1419.33880188914,119.940029985007
454.884414615958,1429.28163062391,104.947526236882
459.855828983346,725.826497638578,119.940029985007
633.855331841909,2132.73676360925,119.940029985007
728.312204822272,775.540641312453,104.947526236882
738.255033557047,1978.62291822023,119.940029985007
845.140442455879,397.713149391002,104.947526236882
872.48322147651,1643.05244842158,119.940029985007
949.540144171017,1804.62341536167,104.947526236882
979.368630375342,1812.08053691275,119.940029985007
994.282873477504,1814.56624409645,119.940029985007
989.311459110117,1916.48023862789,104.947526236882
994.282873477504,1754.9092716878,104.947526236882
999.254287844892,2023.36564752672,119.940029985007
1029.08277404922,1866.76609495401,119.940029985007
1076.3112105394,2010.93711160825,119.940029985007
1098.68257519264,2162.56524981357,119.940029985007
1116.0825254785,2162.56524981357,119.940029985007
1150.88242605021,2219.73651503853,134.932533733133
1312.45339299031,12.4285359184688,104.947526236882
1314.939100174,2371.36465324385,104.947526236882
1319.91051454139,2348.9932885906,104.947526236882
1327.36763609247,34.7999005717127,104.947526236882
1735.02361421825,164.056674123788,134.932533733133
1782.25205070843,191.39945314442,119.940029985007
1896.59458115834,1034.0541884166,119.940029985007
1956.25155356699,2025.85135471042,119.940029985007
2090.47974148645,1185.68232662192,119.940029985007
2192.3937360179,1404.42455878698,104.947526236882
2217.25080785483,1429.28163062391,104.947526236882
238.627889634601,790.454884414616,149.925037481259
253.542132736764,1436.73875217499,134.932533733133
415.113099676858,1401.93885160328,119.940029985007
447.427293064877,735.769326373353,134.932533733133
459.855828983346,735.769326373353,119.940029985007
651.255282127765,1232.91076311211,149.925037481259
750.683569475516,1996.02286850609,119.940029985007
850.111856823266,1625.65249813572,119.940029985007
857.568978374347,407.655978125777,134.932533733133
869.997514292816,743.226447924435,119.940029985007
904.797414864529,536.912751677852,119.940029985007
949.540144171017,1876.70892368879,119.940029985007
954.511558538404,1884.16604523987,134.932533733133
1004.22570221228,1844.39473030077,119.940029985007
1029.08277404922,1886.65175242356,134.932533733133
1036.5398956003,1988.56574695501,119.940029985007
1138.45389013174,2239.62217250808,134.932533733133
1173.25379070346,2423.56450410142,134.932533733133
1314.939100174,1091.22545364156,134.932533733133
1379.56748695004,867.511807109123,134.932533733133
1411.88168033806,106.885408898832,164.917541229385
1635.59532687049,775.540641312453,134.932533733133
1789.70917225951,2065.62266964952,134.932533733133
1802.13770817798,191.39945314442,119.940029985007
1799.65200099428,2013.42281879195,134.932533733133
1876.70892368879,2147.65100671141,119.940029985007
1899.08028834203,981.854337559036,134.932533733133
1896.59458115834,996.768580661198,134.932533733133
1906.53740989311,927.168779517773,149.925037481259
2023.36564752672,1578.42406164554,119.940029985007
2209.79368630375,1369.62465821526,134.932533733133
2212.27939348745,1409.39597315436,134.932533733133
2232.165050957,1424.31021625653,134.932533733133
178.970917225951,1230.42505592841,164.917541229385
181.456624409645,1553.5669898086,149.925037481259
198.856574695501,1568.48123291076,149.925037481259
203.827989062888,932.14019388516,149.925037481259
228.685060899826,1113.5968182948,149.925037481259
248.570718369376,1396.96743723589,134.932533733133
260.999254287845,1536.16703952274,134.932533733133
280.884911757395,840.169028088491,149.925037481259
285.856326124783,825.254784986329,149.925037481259
439.970171513796,521.99850857569,149.925037481259
502.11285110614,2110.365398956,134.932533733133
633.855331841909,1324.88192890877,149.925037481259
882.426050211285,1561.02411135968,134.932533733133
919.711657966692,1580.90976882923,134.932533733133
1133.48247576436,2222.22222222222,134.932533733133
1140.93959731544,1247.82500621427,134.932533733133
1160.82525478499,2257.02212279394,134.932533733133
1168.28237633607,2416.10738255034,134.932533733133
1203.08227690778,1424.31021625653,134.932533733133
1304.99627143922,1073.8255033557,134.932533733133
1317.42480735769,1078.79691772309,134.932533733133
1324.88192890877,845.140442455879,149.925037481259
1327.36763609247,1078.79691772309,134.932533733133
1349.73900074571,874.968928660204,149.925037481259
1372.11036539896,2.48570718369376,134.932533733133
1409.39597315436,9.94282873477504,149.925037481259
1635.59532687049,571.712652249565,149.925037481259
1687.79517772806,124.285359184688,149.925037481259
1717.62366393239,213.770817797663,134.932533733133
1727.56649266716,1665.42381307482,149.925037481259
1749.93785732041,2110.365398956,134.932533733133
1754.9092716878,2092.96544867015,149.925037481259
1831.9661943823,2005.96569724086,149.925037481259
1884.16604523987,2152.6224210788,134.932533733133
1906.53740989311,464.827243350733,149.925037481259
1968.68008948546,1941.33731046483,134.932533733133
1983.59433258762,1966.19438230176,164.917541229385
1991.0514541387,1931.39448173005,149.925037481259
2078.05120556798,1804.62341536167,134.932533733133
2085.50832711907,1817.05195128014,134.932533733133
2090.47974148645,638.826746209297,134.932533733133
2100.42257022123,1824.50907283122,134.932533733133
2219.73651503853,1459.11011682824,149.925037481259
2344.02187422322,944.568729803629,149.925037481259
243.599304001989,805.369127516779,149.925037481259
285.856326124783,815.311956251554,149.925037481259
434.998757146408,601.54113845389,164.917541229385
454.884414615958,601.54113845389,164.917541229385
939.597315436242,974.397216007954,164.917541229385
939.597315436242,1700.22371364653,149.925037481259
996.768580661198,407.655978125777,149.925037481259
1001.73999502859,1799.65200099428,164.917541229385
1016.65423813075,1817.05195128014,164.917541229385
1011.68282376336,1029.08277404922,179.910044977511
1135.96818294805,2252.05070842655,164.917541229385
1148.39671886652,1275.1677852349,164.917541229385
1145.91101168282,1508.82426050211,149.925037481259
1168.28237633607,1501.36713895103,149.925037481259
1324.88192890877,865.026099925429,164.917541229385
1319.91051454139,1063.88267462093,149.925037481259
1342.28187919463,847.626149639573,149.925037481259
1367.13895103157,907.283122048223,149.925037481259
1387.02460850112,1210.53939845886,179.910044977511
1638.08103405419,586.626895351728,149.925037481259
1650.50956997266,571.712652249565,149.925037481259
1687.79517772806,2090.47974148645,149.925037481259
1690.28088491176,141.685309470544,149.925037481259
1695.25229927915,2095.45115585384,149.925037481259
1742.48073576933,1687.79517772806,164.917541229385
1799.65200099428,1456.62440964454,164.917541229385
1804.62341536167,164.056674123788,164.917541229385
1817.05195128014,2003.47999005717,149.925037481259
1819.53765846383,1481.48148148148,149.925037481259
1909.02311707681,2030.8227690778,149.925037481259
1916.48023862789,912.25453641561,149.925037481259
1926.42306736266,467.312950534427,164.917541229385
1941.33731046483,2177.47949291573,164.917541229385
1943.82301764852,2160.07954262988,164.917541229385
1943.82301764852,1931.39448173005,164.917541229385
1966.19438230176,1938.85160328113,179.910044977511
1971.16579666915,1961.22296793438,149.925037481259
1991.0514541387,1946.30872483221,164.917541229385
2003.47999005717,1904.05170270942,164.917541229385
2035.79418344519,1620.68108376833,164.917541229385
2050.70842654735,1623.16679095203,164.917541229385
2053.19413373105,1598.30971911509,179.910044977511
2078.05120556798,1834.451901566,149.925037481259
2197.36515038528,1396.96743723589,164.917541229385
2199.85085756898,1426.79592344022,149.925037481259
2217.25080785483,1384.53890131742,164.917541229385
2229.6793437733,1399.45314441959,149.925037481259
2247.07929405916,564.255530698484,179.910044977511
2351.4789957743,927.168779517773,149.925037481259
2358.93611732538,937.111608252548,149.925037481259
129.256773552076,1240.36788466319,164.917541229385
188.913745960726,1570.96694009446,164.917541229385
584.141188168034,1297.53914988814,164.917541229385
837.683320904797,1568.48123291076,164.917541229385
897.340293313448,1543.62416107383,164.917541229385
966.940094456873,2209.79368630375,164.917541229385
981.854337559036,996.768580661198,179.910044977511
989.311459110117,608.998260004971,179.910044977511
1004.22570221228,591.598309719115,179.910044977511
1011.68282376336,1009.19711657967,179.910044977511
1026.59706686552,1011.68282376336,179.910044977511
1096.19686800895,1205.56798409147,179.910044977511
1153.36813323391,1252.79642058166,164.917541229385
1170.76808351976,621.42679592344,179.910044977511
1242.85359184688,2311.7076808352,164.917541229385
1270.19637086751,2368.87894606015,179.910044977511
1327.36763609247,872.48322147651,164.917541229385
1327.36763609247,1618.19537658464,194.902548725637
1337.31046482724,892.36887894606,164.917541229385
1347.25329356202,835.197613721104,179.910044977511
1347.25329356202,1193.13944817301,179.910044977511
1374.59607258265,2.48570718369376,164.917541229385
1394.4817300522,626.398210290828,179.910044977511
1416.85309470544,59.6569724086503,164.917541229385
1436.73875217499,902.311707680835,179.910044977511
1730.05219985086,2239.62217250808,164.917541229385
1797.16629381059,1486.45289584887,164.917541229385
1802.13770817798,1951.2801391996,179.910044977511
1826.99478001491,1943.82301764852,179.910044977511
1869.25180213771,462.34153616704,164.917541229385
1926.42306736266,956.997265722098,164.917541229385
1926.42306736266,1963.70867511807,164.917541229385
1931.39448173005,1976.13721103654,179.910044977511
1941.33731046483,1953.7658463833,164.917541229385
1943.82301764852,1968.68008948546,164.917541229385
1961.22296793438,984.340044742729,164.917541229385
1973.65150385285,1916.48023862789,179.910044977511
2068.10837683321,676.112353964703,164.917541229385
2083.02261993537,912.25453641561,179.910044977511
2097.93686303753,638.826746209297,179.910044977511
2107.87969177231,661.19811086254,179.910044977511
2214.76510067114,1416.85309470544,164.917541229385
2247.07929405916,1401.93885160328,179.910044977511
2259.50782997763,1367.13895103157,179.910044977511
149.142431021626,1203.08227690778,194.902548725637
258.513547104151,897.340293313448,179.910044977511
514.541387024609,1685.30947054437,194.902548725637
526.969922943077,1742.48073576933,209.895052473763
526.969922943077,1767.33780760626,179.910044977511
529.455630126771,444.941585881183,194.902548725637
663.683818046234,845.140442455879,194.902548725637
837.683320904797,1551.08128262491,179.910044977511
899.826000497141,1685.30947054437,194.902548725637
909.768829231916,1697.73800646284,179.910044977511
979.368630375342,1014.16853094705,179.910044977511
1011.68282376336,1792.1948794432,194.902548725637
1071.33979617201,1222.96793437733,194.902548725637
1205.56798409147,1446.68158090977,179.910044977511
1208.05369127517,1491.42431021626,179.910044977511
1215.51081282625,2348.9932885906,194.902548725637
1222.96793437733,2326.62192393736,209.895052473763
1235.3964702958,529.455630126771,209.895052473763
1252.79642058166,2329.10763112105,179.910044977511
1277.65349241859,2296.79343773304,194.902548725637
1317.42480735769,2341.53616703952,179.910044977511
1319.91051454139,822.769077802635,179.910044977511
1319.91051454139,420.084514044246,194.902548725637
1327.36763609247,855.083271190654,194.902548725637
1337.31046482724,850.111856823266,179.910044977511
1342.28187919463,1600.79542629878,194.902548725637
1349.73900074571,1620.68108376833,194.902548725637
1347.25329356202,850.111856823266,179.910044977511
1352.22470792941,623.912503107134,194.902548725637
1349.73900074571,1605.76684066617,179.910044977511
1387.02460850112,586.626895351728,179.910044977511
1461.59582401193,2217.25080785483,194.902548725637
1692.76659209545,1295.05344270445,194.902548725637
1744.96644295302,1951.2801391996,194.902548725637
1767.33780760626,1876.70892368879,209.895052473763
1787.22346507581,1916.48023862789,209.895052473763
1851.85185185185,1956.25155356699,194.902548725637
1956.25155356699,1961.22296793438,194.902548725637
2100.42257022123,924.683072334079,179.910044977511
2132.73676360925,912.25453641561,194.902548725637
2179.96520009943,1826.99478001491,194.902548725637
2189.9080288342,1812.08053691275,194.902548725637
2202.33656475267,1772.30922197365,194.902548725637
2207.30797912006,1439.22445935869,179.910044977511
2217.25080785483,907.283122048223,179.910044977511
2234.65075814069,1081.28262490679,209.895052473763
2234.65075814069,1374.59607258265,179.910044977511
2242.10787969177,1053.93984588615,194.902548725637
2257.02212279394,1170.76808351976,179.910044977511
2353.96470295799,865.026099925429,179.910044977511
2356.45041014169,1245.33929903057,194.902548725637
444.941585881183,1744.96644295302,194.902548725637
474.770072085508,1720.10937111608,209.895052473763
482.22719363659,1702.70942083023,209.895052473763
519.512801391996,1782.25205070843,194.902548725637
526.969922943077,1725.08078548347,209.895052473763
559.284116331096,521.99850857569,194.902548725637
581.65548098434,469.798657718121,209.895052473763
601.54113845389,1431.76733780761,209.895052473763
668.655232413622,812.82624906786,209.895052473763
770.569226945066,236.142182450907,209.895052473763
845.140442455879,1546.10986825752,194.902548725637
869.997514292816,402.684563758389,224.887556221889
929.654486701467,1618.19537658464,209.895052473763
934.625901068854,1861.79468058663,194.902548725637
944.568729803629,1662.93810589113,194.902548725637
954.511558538404,2214.76510067114,194.902548725637
1026.59706686552,994.282873477504,194.902548725637
1235.3964702958,549.341287596321,194.902548725637
1250.31071339796,2413.62167536664,194.902548725637
1257.76783494904,2281.87919463087,209.895052473763
1309.96768580661,2426.05021128511,194.902548725637
1312.45339299031,830.226199353716,194.902548725637
1324.88192890877,621.42679592344,194.902548725637
1342.28187919463,606.512552821278,194.902548725637
1349.73900074571,1744.96644295302,209.895052473763
1411.88168033806,1769.82351478996,194.902548725637
1454.13870246085,994.282873477504,194.902548725637
1478.99577429779,2078.05120556798,209.895052473763
1672.8809346259,1222.96793437733,194.902548725637
1851.85185185185,1938.85160328113,194.902548725637
1931.39448173005,782.997762863535,194.902548725637
2065.62266964952,673.626646781009,194.902548725637
2112.8511061397,1859.30897340293,194.902548725637
2142.67959234402,971.911508824261,194.902548725637
2207.30797912006,1782.25205070843,194.902548725637
2227.19363658961,1111.11111111111,224.887556221889
2219.73651503853,1078.79691772309,194.902548725637
2224.70792940592,1093.71116082525,194.902548725637
2266.96495152871,1086.25403927417,209.895052473763
2276.90778026349,991.797166293811,194.902548725637
2326.62192393736,1240.36788466319,194.902548725637
2348.9932885906,1220.48222719364,194.902548725637
2348.9932885906,872.48322147651,194.902548725637
2368.87894606015,872.48322147651,194.902548725637
315.684812329108,1640.56674123788,224.887556221889
482.22719363659,479.741486452896,209.895052473763
507.084265473527,1759.88068605518,224.887556221889
517.027094208302,1767.33780760626,209.895052473763
526.969922943077,489.684315187671,224.887556221889
531.941337310465,469.798657718121,209.895052473763
541.88416604524,467.312950534427,209.895052473763
541.88416604524,514.541387024609,209.895052473763
544.369873228934,484.712900820283,224.887556221889
551.826994780015,514.541387024609,209.895052473763
564.255530698484,442.455878697489,209.895052473763
571.712652249565,492.170022371365,224.887556221889
574.198359433259,499.627143922446,209.895052473763
589.112602535421,1396.96743723589,209.895052473763
601.54113845389,1391.99602286851,224.887556221889
636.341039025603,1208.05369127517,224.887556221889
663.683818046234,415.113099676858,209.895052473763
663.683818046234,1183.19661943823,209.895052473763
676.112353964703,387.770320656227,209.895052473763
743.226447924435,380.313199105145,224.887556221889
755.654983842903,300.770569226945,224.887556221889
770.569226945066,305.741983594333,209.895052473763
785.483470047228,387.770320656227,239.880059970015
785.483470047228,310.71339796172,209.895052473763
802.883420333085,347.999005717127,224.887556221889
807.854834700472,370.37037037037,239.880059970015
837.683320904797,1546.10986825752,209.895052473763
947.054436987323,2214.76510067114,209.895052473763
1019.13994531444,991.797166293811,209.895052473763
1217.99652000994,541.88416604524,224.887556221889
1240.36788466319,2411.13596818295,209.895052473763
1262.73924931643,2368.87894606015,209.895052473763
1270.19637086751,2408.65026099925,224.887556221889
1267.71066368382,2296.79343773304,209.895052473763
1280.13919960229,2431.0216256525,209.895052473763
1292.56773552076,2428.5359184688,209.895052473763
1302.51056425553,2416.10738255034,209.895052473763
1304.99627143922,1943.82301764852,209.895052473763
1304.99627143922,1951.2801391996,209.895052473763
1312.45339299031,2368.87894606015,209.895052473763
1317.42480735769,432.513049962714,209.895052473763
1314.939100174,623.912503107134,209.895052473763
1314.939100174,613.969674372359,209.895052473763
1327.36763609247,2383.79318916232,224.887556221889
1329.85334327616,2316.67909520259,224.887556221889
1327.36763609247,631.369624658215,224.887556221889
1342.28187919463,1921.45165299528,224.887556221889
1332.33905045986,1600.79542629878,209.895052473763
1334.82475764355,601.54113845389,209.895052473763
1337.31046482724,1623.16679095203,209.895052473763
1357.19612229679,2351.4789957743,224.887556221889
1416.85309470544,586.626895351728,239.880059970015
1439.22445935869,989.311459110117,209.895052473763
1662.93810589113,1225.45364156102,209.895052473763
1749.93785732041,1874.2232165051,209.895052473763
1754.9092716878,1953.7658463833,224.887556221889
1754.9092716878,1948.79443201591,209.895052473763
1807.10912254536,1953.7658463833,209.895052473763
1921.45165299528,574.198359433259,209.895052473763
1951.2801391996,845.140442455879,239.880059970015
1971.16579666915,986.825751926423,224.887556221889
2053.19413373105,1817.05195128014,209.895052473763
2092.96544867015,641.31245339299,209.895052473763
2105.39398458862,1846.88043748446,224.887556221889
2100.42257022123,959.482972905792,239.880059970015
2115.33681332339,1757.39497887149,224.887556221889
2117.82252050708,939.597315436242,224.887556221889
2130.25105642555,1359.68182948049,209.895052473763
2140.19388516033,1794.6805866269,224.887556221889
2147.65100671141,1804.62341536167,209.895052473763
2167.53666418096,1824.50907283122,209.895052473763
2170.02237136465,1831.9661943823,209.895052473763
2177.47949291573,1809.59482972906,209.895052473763
2194.87944320159,1782.25205070843,209.895052473763
2197.36515038528,1093.71116082525,209.895052473763
2199.85085756898,1436.73875217499,209.895052473763
2204.82227193637,1357.19612229679,224.887556221889
2204.82227193637,1106.13969674372,209.895052473763
2209.79368630375,1078.79691772309,209.895052473763
2214.76510067114,1091.22545364156,209.895052473763
2259.50782997763,994.282873477504,209.895052473763
2264.47924434502,994.282873477504,209.895052473763
2316.67909520259,1242.85359184688,209.895052473763
2316.67909520259,1250.31071339796,209.895052473763
2348.9932885906,1255.28212776535,209.895052473763
2346.50758140691,1235.3964702958,209.895052473763
2373.85036042754,1016.65423813075,209.895052473763
484.712900820283,1528.70991797166,224.887556221889
499.627143922446,1712.652249565,224.887556221889
534.427044494159,529.455630126771,239.880059970015
564.255530698484,444.941585881183,239.880059970015
584.141188168034,1103.65398956003,224.887556221889
584.141188168034,1113.5968182948,224.887556221889
703.455132985334,1966.19438230176,239.880059970015
710.912254536416,800.397713149391,239.880059970015
715.883668903803,402.684563758389,224.887556221889
768.083519761372,243.599304001989,224.887556221889
773.05493412876,310.71339796172,224.887556221889
787.969177230922,318.170519512801,224.887556221889
800.397713149391,410.141685309471,239.880059970015
812.82624906786,335.570469798658,224.887556221889
822.769077802635,352.970420084514,239.880059970015
840.169028088491,347.999005717127,224.887556221889
847.626149639573,454.884414615958,239.880059970015
857.568978374347,1165.79666915237,239.880059970015
865.026099925429,792.94059159831,239.880059970015
919.711657966692,328.113348247576,239.880059970015
1220.48222719364,2346.50758140691,224.887556221889
1247.82500621427,2413.62167536664,224.887556221889
1290.08202833706,2388.7646035297,239.880059970015
1309.96768580661,1951.2801391996,224.887556221889
1317.42480735769,1963.70867511807,224.887556221889
1317.42480735769,198.856574695501,239.880059970015
1324.88192890877,1968.68008948546,224.887556221889
1332.33905045986,616.455381556053,224.887556221889
1369.62465821526,1590.85259756401,224.887556221889
1369.62465821526,2356.45041014169,224.887556221889
1483.96718866518,2083.02261993537,224.887556221889
1730.05219985086,1250.31071339796,239.880059970015
1757.39497887149,1876.70892368879,224.887556221889
1869.25180213771,1193.13944817301,224.887556221889
1894.10887397465,770.569226945066,224.887556221889
1909.02311707681,743.226447924435,224.887556221889
1958.73726075068,810.340541884166,224.887556221889
1966.19438230176,790.454884414616,239.880059970015
2065.62266964952,1287.59632115337,224.887556221889
2065.62266964952,1270.19637086751,269.865067466267
2080.53691275168,956.997265722098,239.880059970015
2092.96544867015,1262.73924931643,239.880059970015
2100.42257022123,979.368630375342,239.880059970015
2117.82252050708,956.997265722098,224.887556221889
2125.27964205817,1884.16604523987,224.887556221889
2130.25105642555,1856.82326621924,224.887556221889
2122.79393487447,1849.36614466816,239.880059970015
2132.73676360925,1849.36614466816,224.887556221889
2165.05095699727,944.568729803629,239.880059970015
2239.62217250808,1347.25329356202,239.880059970015
2279.39348744718,1021.62565249814,239.880059970015
2294.30773054934,1048.96843151877,239.880059970015
2321.65050956997,1039.02560278399,239.880059970015
2353.96470295799,1242.85359184688,224.887556221889
305.741983594333,1638.08103405419,239.880059970015
536.912751677852,1650.50956997266,254.872563718141
554.312701963709,509.569972657221,239.880059970015
571.712652249565,1101.16828237634,239.880059970015
574.198359433259,504.598558289833,239.880059970015
576.684066616953,1098.68257519264,239.880059970015
661.19811086254,855.083271190654,254.872563718141
691.026597066866,1963.70867511807,239.880059970015
710.912254536416,474.770072085508,254.872563718141
713.397961720109,974.397216007954,239.880059970015
728.312204822272,671.140939597315,254.872563718141
725.826497638578,855.083271190654,254.872563718141
730.797912005966,412.627392493164,254.872563718141
805.369127516779,467.312950534427,269.865067466267
805.369127516779,447.427293064877,239.880059970015
815.311956251554,303.256276410639,254.872563718141
815.311956251554,347.999005717127,239.880059970015
822.769077802635,412.627392493164,239.880059970015
840.169028088491,412.627392493164,239.880059970015
889.883171762366,333.084762614964,254.872563718141
964.454387273179,2120.30822769078,269.865067466267
1175.73949788715,2162.56524981357,269.865067466267
1188.16803380562,2150.1367138951,254.872563718141
1217.99652000994,2160.07954262988,239.880059970015
1235.3964702958,2165.05095699727,254.872563718141
1252.79642058166,2279.39348744718,239.880059970015
1272.68207805121,2281.87919463087,239.880059970015
1277.65349241859,2276.90778026349,239.880059970015
1280.13919960229,2284.36490181457,239.880059970015
1282.62490678598,2383.79318916232,239.880059970015
1302.51056425553,1946.30872483221,239.880059970015
1304.99627143922,2363.90753169277,239.880059970015
1344.76758637832,2351.4789957743,239.880059970015
1344.76758637832,1742.48073576933,239.880059970015
1349.73900074571,1563.50981854338,239.880059970015
1354.7104151131,2339.05045985583,239.880059970015
1362.16753666418,1588.36689038031,239.880059970015
1488.93860303256,912.25453641561,239.880059970015
1508.82426050211,964.454387273179,254.872563718141
1570.96694009446,305.741983594333,254.872563718141
1588.36689038031,295.799154859558,269.865067466267
1705.19512801392,1772.30922197365,269.865067466267
1730.05219985086,1265.22495650012,239.880059970015
1869.25180213771,1575.93835446184,269.865067466267
1913.9945314442,1441.71016654238,269.865067466267
1961.22296793438,984.340044742729,239.880059970015
1993.5371613224,636.341039025603,239.880059970015
2043.25130499627,1841.90902311708,254.872563718141
2055.67984091474,1782.25205070843,254.872563718141
2048.22271936366,1819.53765846383,239.880059970015
2058.16554809843,1290.08202833706,239.880059970015
2073.0797912006,1762.36639323888,269.865067466267
2078.05120556798,1295.05344270445,239.880059970015
2085.50832711907,1290.08202833706,239.880059970015
2117.82252050708,971.911508824261,254.872563718141
2122.79393487447,1879.19463087248,254.872563718141
2140.19388516033,937.111608252548,239.880059970015
2160.07954262988,1225.45364156102,254.872563718141
2157.59383544618,959.482972905792,254.872563718141
2266.96495152871,1349.73900074571,254.872563718141
2274.42207307979,984.340044742729,254.872563718141
2294.30773054934,1076.3112105394,254.872563718141
544.369873228934,1615.70966940094,254.872563718141
586.626895351728,1108.62540392742,254.872563718141
703.455132985334,653.740989311459,254.872563718141
713.397961720109,636.341039025603,284.857571214393
837.683320904797,372.856077554064,254.872563718141
845.140442455879,338.056176982351,254.872563718141
842.654735272185,360.427541635595,254.872563718141
855.083271190654,350.48471290082,254.872563718141
857.568978374347,1240.36788466319,254.872563718141
887.397464578673,1285.11061396967,254.872563718141
899.826000497141,1297.53914988814,269.865067466267
932.14019388516,1304.99627143922,269.865067466267
924.683072334079,1285.11061396967,299.850074962519
949.540144171017,1290.08202833706,269.865067466267
1285.11061396967,2286.85060899826,254.872563718141
1491.42431021626,554.312701963709,254.872563718141
1538.65274670644,1824.50907283122,254.872563718141
1618.19537658464,1869.25180213771,269.865067466267
1635.59532687049,1861.79468058663,269.865067466267
1695.25229927915,1640.56674123788,269.865067466267
1720.10937111608,1757.39497887149,269.865067466267
1834.451901566,1583.39547601293,269.865067466267
1856.82326621924,517.027094208302,284.857571214393
1856.82326621924,1593.3383047477,254.872563718141
1859.30897340293,1588.36689038031,254.872563718141
1923.93736017897,1478.99577429779,254.872563718141
1946.30872483221,1446.68158090977,269.865067466267
1948.79443201591,986.825751926423,269.865067466267
1956.25155356699,845.140442455879,254.872563718141
2063.13696246582,1290.08202833706,254.872563718141
2083.02261993537,1270.19637086751,254.872563718141
2122.79393487447,904.797414864529,269.865067466267
2130.25105642555,949.540144171017,254.872563718141
2167.53666418096,924.683072334079,254.872563718141
2167.53666418096,1213.02510564256,254.872563718141
2172.50807854835,1208.05369127517,254.872563718141
2276.90778026349,1088.73974645787,254.872563718141
2279.39348744718,949.540144171017,269.865067466267
2286.85060899826,1339.79617201094,269.865067466267
2289.33631618195,1359.68182948049,269.865067466267
2294.30773054934,1034.0541884166,254.872563718141
2296.79343773304,1029.08277404922,254.872563718141
2376.33606761124,1148.39671886652,254.872563718141
653.740989311459,1633.1096196868,284.857571214393
705.940840169028,497.141436738752,269.865067466267
773.05493412876,1749.93785732041,299.850074962519
795.426298782004,430.027342779021,284.857571214393
902.311707680835,1329.85334327616,284.857571214393
1073.8255033557,420.084514044246,269.865067466267
1198.11086254039,2170.02237136465,284.857571214393
1297.53914988814,472.284364901815,284.857571214393
1411.88168033806,1700.22371364653,284.857571214393
1590.85259756401,1280.13919960229,299.850074962519
1600.79542629878,1869.25180213771,284.857571214393
1603.28113348248,1737.50932140194,269.865067466267
1680.33805617698,1722.59507829978,284.857571214393
1687.79517772806,1692.76659209545,299.850074962519
1695.25229927915,1710.16654238131,269.865067466267
1702.70942083023,472.284364901815,284.857571214393
1712.652249565,1451.65299527716,284.857571214393
1874.2232165051,534.427044494159,284.857571214393
1886.65175242356,932.14019388516,284.857571214393
1943.82301764852,969.425801640567,284.857571214393
1996.02286850609,1372.11036539896,284.857571214393
2100.42257022123,1255.28212776535,284.857571214393
2150.1367138951,919.711657966692,284.857571214393
2266.96495152871,961.968680089485,284.857571214393
2264.47924434502,947.054436987323,269.865067466267
2279.39348744718,1031.56848123291,284.857571214393
586.626895351728,907.283122048223,284.857571214393
601.54113845389,912.25453641561,284.857571214393
616.455381556053,889.883171762366,284.857571214393
648.769574944072,1608.25254784986,284.857571214393
693.512304250559,1474.0243599304,284.857571214393
698.483718617947,636.341039025603,284.857571214393
792.94059159831,375.341784737758,284.857571214393
805.369127516779,444.941585881183,284.857571214393
842.654735272185,469.798657718121,299.850074962519
904.797414864529,1309.96768580661,284.857571214393
922.197365150385,1309.96768580661,284.857571214393
949.540144171017,874.968928660204,299.850074962519
1034.0541884166,1573.45264727815,284.857571214393
1043.99701715138,1958.73726075068,284.857571214393
1061.39696743724,1536.16703952274,299.850074962519
1058.91126025354,1973.65150385285,299.850074962519
1068.85408898832,1546.10986825752,284.857571214393
1073.8255033557,1526.22421078797,299.850074962519
1374.59607258265,1690.28088491176,299.850074962519
1404.42455878698,1692.76659209545,284.857571214393
1419.33880188914,1722.59507829978,299.850074962519
1546.10986825752,1725.08078548347,284.857571214393
1573.45264727815,1004.22570221228,299.850074962519
1573.45264727815,1270.19637086751,284.857571214393
1613.22396221725,1854.33755903555,299.850074962519
1620.68108376833,1307.48197862292,314.842578710645
1652.99527715635,1267.71066368382,284.857571214393
1697.73800646284,1680.33805617698,299.850074962519
1727.56649266716,474.770072085508,299.850074962519
1732.53790703455,1789.70917225951,284.857571214393
1904.05170270942,755.654983842903,284.857571214393
1961.22296793438,974.397216007954,284.857571214393
1968.68008948546,1812.08053691275,284.857571214393
1978.62291822023,753.16927665921,299.850074962519
1988.56574695501,760.626398210291,299.850074962519
2000.99428287348,922.197365150385,314.842578710645
1998.50857568978,879.940343027591,299.850074962519
2095.45115585384,1319.91051454139,284.857571214393
2261.99353716132,1011.68282376336,284.857571214393
591.598309719115,894.854586129754,299.850074962519
613.969674372359,1048.96843151877,299.850074962519
628.883917474521,884.911757394979,299.850074962519
758.140691026597,1797.16629381059,314.842578710645
770.569226945066,1802.13770817798,299.850074962519
768.083519761372,1831.9661943823,314.842578710645
810.340541884166,447.427293064877,299.850074962519
937.111608252548,695.998011434253,329.835082458771
1046.48272433507,1076.3112105394,314.842578710645
1208.05369127517,1287.59632115337,314.842578710645
1220.48222719364,1797.16629381059,329.835082458771
1446.68158090977,1203.08227690778,329.835082458771
1454.13870246085,420.084514044246,314.842578710645
1600.79542629878,1309.96768580661,299.850074962519
1598.30971911509,1319.91051454139,314.842578710645
1998.50857568978,899.826000497141,329.835082458771
2005.96569724086,857.568978374347,299.850074962519
775.540641312453,1822.02336564753,314.842578710645
805.369127516779,1334.82475764355,344.827586206897
815.311956251554,1337.31046482724,314.842578710645
917.225950782998,713.397961720109,329.835082458771
929.654486701467,720.855083271191,314.842578710645
1024.11135968183,1938.85160328113,329.835082458771
1048.96843151877,1946.30872483221,329.835082458771
1128.51106139697,1111.11111111111,314.842578710645
1158.33954760129,1113.5968182948,329.835082458771
1173.25379070346,1150.88242605021,314.842578710645
1210.53939845886,1814.56624409645,329.835082458771
1232.91076311211,974.397216007954,314.842578710645
1240.36788466319,1357.19612229679,314.842578710645
1615.70966940094,1809.59482972906,314.842578710645
1742.48073576933,599.055431270196,329.835082458771
1894.10887397465,780.512055679841,314.842578710645
1963.70867511807,1814.56624409645,314.842578710645
745.712155108128,1337.31046482724,344.827586206897
785.483470047228,1824.50907283122,329.835082458771
827.740492170022,1332.33905045986,344.827586206897
837.683320904797,1342.28187919463,344.827586206897
932.14019388516,728.312204822272,344.827586206897
1004.22570221228,1981.10862540393,344.827586206897
1021.62565249814,1309.96768580661,344.827586206897
1034.0541884166,1921.45165299528,344.827586206897
1135.96818294805,1126.02535421327,329.835082458771
1446.68158090977,1185.68232662192,344.827586206897
1456.62440964454,1155.8538404176,329.835082458771
1476.51006711409,1700.22371364653,359.820089955023
1675.36664180959,1809.59482972906,359.820089955023
1705.19512801392,1886.65175242356,359.820089955023
1712.652249565,1844.39473030077,344.827586206897
1757.39497887149,1483.96718866518,344.827586206897
1772.30922197365,1091.22545364156,329.835082458771
1869.25180213771,884.911757394979,359.820089955023
1891.62316679095,867.511807109123,344.827586206897
1943.82301764852,1178.22520507084,344.827586206897
1941.33731046483,1200.59656972409,359.820089955023
705.940840169028,1312.45339299031,359.820089955023
1026.59706686552,1973.65150385285,359.820089955023
1034.0541884166,738.255033557047,374.812593703148
1039.02560278399,745.712155108128,344.827586206897
1048.96843151877,753.16927665921,374.812593703148
1053.93984588615,1936.36589609744,344.827586206897
1175.73949788715,1150.88242605021,344.827586206897
1290.08202833706,1372.11036539896,344.827586206897
1414.36738752175,1148.39671886652,359.820089955023
1446.68158090977,1730.05219985086,359.820089955023
1466.56723837932,1123.53964702958,359.820089955023
1483.96718866518,1533.68133233905,344.827586206897
1483.96718866518,1521.25279642058,344.827586206897
1486.45289584887,1516.28138205319,344.827586206897
1493.91001739995,1516.28138205319,344.827586206897
1690.28088491176,1841.90902311708,359.820089955023
1727.56649266716,1844.39473030077,389.805097451274
1774.79492915735,1078.79691772309,344.827586206897
1772.30922197365,1106.13969674372,344.827586206897
1767.33780760626,1859.30897340293,389.805097451274
1787.22346507581,1086.25403927417,344.827586206897
1869.25180213771,860.054685558041,359.820089955023
1909.02311707681,882.426050211285,359.820089955023
1976.13721103654,1188.16803380562,359.820089955023
725.826497638578,1282.62490678598,374.812593703148
735.769326373353,1332.33905045986,359.820089955023
1043.99701715138,1936.36589609744,359.820089955023
1091.22545364156,730.797912005966,374.812593703148
1190.65374098931,889.883171762366,359.820089955023
1195.6251553567,894.854586129754,359.820089955023
1210.53939845886,882.426050211285,359.820089955023
1217.99652000994,904.797414864529,374.812593703148
1439.22445935869,1180.71091225454,359.820089955023
1459.11011682824,1126.02535421327,359.820089955023
1628.13820531941,1337.31046482724,389.805097451274
1672.8809346259,1829.48048719861,374.812593703148
1725.08078548347,1901.56599552573,374.812593703148
1725.08078548347,1819.53765846383,374.812593703148
1749.93785732041,1096.19686800895,359.820089955023
1744.96644295302,591.598309719115,359.820089955023
1764.85210042257,1884.16604523987,359.820089955023
1772.30922197365,1063.88267462093,359.820089955023
1772.30922197365,1871.7375093214,359.820089955023
1777.28063634104,1501.36713895103,359.820089955023
1792.1948794432,1106.13969674372,359.820089955023
1799.65200099428,1081.28262490679,359.820089955023
1891.62316679095,887.397464578673,359.820089955023
1891.62316679095,874.968928660204,374.812593703148
1938.85160328113,1168.28237633607,359.820089955023
1976.13721103654,1123.53964702958,374.812593703148
1991.0514541387,1188.16803380562,389.805097451274
765.597812577678,1414.36738752175,389.805097451274
1019.13994531444,1267.71066368382,374.812593703148
1034.0541884166,1267.71066368382,374.812593703148
1098.68257519264,1662.93810589113,389.805097451274
1213.02510564256,1725.08078548347,374.812593703148
1593.3383047477,601.54113845389,374.812593703148
1648.02386278896,1846.88043748446,374.812593703148
1687.79517772806,1807.10912254536,389.805097451274
1735.02361421825,1829.48048719861,374.812593703148
1737.50932140194,1819.53765846383,374.812593703148
1797.16629381059,1454.13870246085,374.812593703148
1894.10887397465,894.854586129754,374.812593703148
1906.53740989311,914.740243599304,389.805097451274
1951.2801391996,1158.33954760129,374.812593703148
1971.16579666915,1170.76808351976,374.812593703148
1993.5371613224,1165.79666915237,374.812593703148
1998.50857568978,1185.68232662192,374.812593703148
718.369376087497,1304.99627143922,389.805097451274
897.340293313448,1625.65249813572,389.805097451274
902.311707680835,1623.16679095203,389.805097451274
914.740243599304,1623.16679095203,419.790104947526
929.654486701467,1648.02386278896,404.7976011994
1086.25403927417,740.740740740741,419.790104947526
1098.68257519264,748.197862291822,389.805097451274
1257.76783494904,668.655232413622,404.7976011994
1635.59532687049,1352.22470792941,389.805097451274
1732.53790703455,1807.10912254536,389.805097451274
1777.28063634104,1503.85284613473,389.805097451274
1904.05170270942,1213.02510564256,389.805097451274
1946.30872483221,1148.39671886652,404.7976011994
1998.50857568978,1135.96818294805,389.805097451274
2018.39423315933,1170.76808351976,404.7976011994
626.398210290828,1339.79617201094,419.790104947526
673.626646781009,1237.88217747949,419.790104947526
671.140939597315,1312.45339299031,404.7976011994
1091.22545364156,723.340790454884,404.7976011994
1126.02535421327,1670.39522744221,449.775112443778
1145.91101168282,1670.39522744221,419.790104947526
1165.79666915237,1662.93810589113,419.790104947526
1235.3964702958,1461.59582401193,419.790104947526
1605.76684066617,961.968680089485,434.782608695652
1613.22396221725,1322.39622172508,404.7976011994
1650.50956997266,1349.73900074571,419.790104947526
1983.59433258762,1158.33954760129,404.7976011994
656.226696495153,1334.82475764355,419.790104947526
695.998011434253,1344.76758637832,434.782608695652
703.455132985334,1314.939100174,419.790104947526
897.340293313448,1640.56674123788,419.790104947526
1145.91101168282,1630.62391250311,419.790104947526
1150.88242605021,1650.50956997266,419.790104947526
1247.82500621427,1205.56798409147,434.782608695652
1491.42431021626,1374.59607258265,419.790104947526
1583.39547601293,1364.65324384787,434.782608695652
1608.25254784986,1441.71016654238,449.775112443778
1126.02535421327,1061.39696743724,479.76011994003
1188.16803380562,981.854337559036,464.767616191904
1205.56798409147,1464.08153119563,449.775112443778
1508.82426050211,907.283122048223,464.767616191904
1598.30971911509,1431.76733780761,434.782608695652
1618.19537658464,1357.19612229679,434.782608695652
1633.1096196868,1382.05319413373,434.782608695652
1655.48098434004,1354.7104151131,434.782608695652
1660.45239870743,1349.73900074571,434.782608695652
1093.71116082525,1230.42505592841,449.775112443778
1116.0825254785,1237.88217747949,479.76011994003
1121.05393984589,1215.51081282625,449.775112443778
1148.39671886652,1061.39696743724,464.767616191904
1180.71091225454,1019.13994531444,479.76011994003
1198.11086254039,1583.39547601293,449.775112443778
1205.56798409147,1608.25254784986,449.775112443778
1217.99652000994,1608.25254784986,449.775112443778
1220.48222719364,1623.16679095203,449.775112443778
1578.42406164554,1362.16753666418,449.775112443778
1590.85259756401,1426.79592344022,449.775112443778
1625.65249813572,1377.08177976634,464.767616191904
1643.05244842158,1352.22470792941,464.767616191904
1648.02386278896,1334.82475764355,449.775112443778
1670.39522744221,1357.19612229679,479.76011994003
1116.0825254785,1041.51130996769,494.752623688156
1138.45389013174,1014.16853094705,509.745127436282
1168.28237633607,1056.42555306985,464.767616191904
1178.22520507084,1053.93984588615,464.767616191904
1195.6251553567,1680.33805617698,464.767616191904
1635.59532687049,1332.33905045986,464.767616191904
1640.56674123788,1389.51031568481,479.76011994003
1638.08103405419,1369.62465821526,464.767616191904
1150.88242605021,1687.79517772806,479.76011994003
1155.8538404176,1034.0541884166,509.745127436282
1173.25379070346,1063.88267462093,509.745127436282
1528.70991797166,924.683072334079,479.76011994003
1198.11086254039,1677.85234899329,509.745127436282
1650.50956997266,1389.51031568481,524.737631184408
