300.770569226945,1603.28113348248,14.9925037481259
362.913248819289,1498.88143176734,14.9925037481259
370.37037037037,1573.45264727815,29.9850074962519
407.655978125777,641.31245339299,29.9850074962519
407.655978125777,1556.05269699229,14.9925037481259
452.398707432264,1344.76758637832,29.9850074962519
449.913000248571,1374.59607258265,29.9850074962519
464.827243350733,1344.76758637832,29.9850074962519
464.827243350733,1337.31046482724,29.9850074962519
487.198608003977,795.426298782004,14.9925037481259
484.712900820283,1337.31046482724,14.9925037481259
482.22719363659,1372.11036539896,29.9850074962519
489.684315187671,837.683320904797,14.9925037481259
494.655729555058,1354.7104151131,14.9925037481259
502.11285110614,768.083519761372,29.9850074962519
499.627143922446,815.311956251554,29.9850074962519
499.627143922446,755.654983842903,14.9925037481259
514.541387024609,1332.33905045986,14.9925037481259
531.941337310465,1337.31046482724,29.9850074962519
695.998011434253,318.170519512801,29.9850074962519
728.312204822272,939.597315436242,44.9775112443778
763.112105393985,1556.05269699229,29.9850074962519
830.226199353716,1595.82401193139,14.9925037481259
852.59756400696,1608.25254784986,14.9925037481259
872.48322147651,1754.9092716878,14.9925037481259
877.454635843898,1737.50932140194,14.9925037481259
919.711657966692,1655.48098434004,14.9925037481259
947.054436987323,1665.42381307482,14.9925037481259
1016.65423813075,1705.19512801392,14.9925037481259
1048.96843151877,1603.28113348248,29.9850074962519
1093.71116082525,956.997265722098,29.9850074962519
1111.11111111111,927.168779517773,14.9925037481259
1126.02535421327,959.482972905792,29.9850074962519
1168.28237633607,1034.0541884166,29.9850074962519
1203.08227690778,1481.48148148148,29.9850074962519
1208.05369127517,1712.652249565,14.9925037481259
1384.53890131742,1498.88143176734,29.9850074962519
1434.2530449913,1501.36713895103,29.9850074962519
1588.36689038031,1794.6805866269,29.9850074962519
2015.90852597564,504.598558289833,29.9850074962519
2023.36564752672,514.541387024609,29.9850074962519
2257.02212279394,715.883668903803,29.9850074962519
817.797663435247,1583.39547601293,29.9850074962519
862.540392741735,1804.62341536167,44.9775112443778
877.454635843898,1812.08053691275,44.9775112443778
894.854586129754,1752.4235645041,44.9775112443778
919.711657966692,1754.9092716878,44.9775112443778
929.654486701467,1762.36639323888,29.9850074962519
986.825751926423,780.512055679841,44.9775112443778
1066.36838180462,576.684066616953,59.9700149925037
1158.33954760129,1282.62490678598,44.9775112443778
1188.16803380562,1478.99577429779,29.9850074962519
1195.6251553567,1474.0243599304,29.9850074962519
1444.19587372608,1478.99577429779,29.9850074962519
1451.65299527716,1481.48148148148,29.9850074962519
1471.53865274671,852.59756400696,59.9700149925037
1593.3383047477,1580.90976882923,29.9850074962519
2018.39423315933,526.969922943077,29.9850074962519
2269.4506587124,641.31245339299,29.9850074962519
2286.85060899826,643.798160576684,29.9850074962519
2326.62192393736,1255.28212776535,44.9775112443778
2426.05021128511,830.226199353716,44.9775112443778
7.45712155108128,1215.51081282625,74.9625187406297
357.941834451902,1595.82401193139,59.9700149925037
507.084265473527,1441.71016654238,44.9775112443778
581.65548098434,1588.36689038031,44.9775112443778
666.169525229928,1098.68257519264,44.9775112443778
693.512304250559,365.398956002983,59.9700149925037
869.997514292816,1819.53765846383,44.9775112443778
874.968928660204,1824.50907283122,44.9775112443778
897.340293313448,2120.30822769078,44.9775112443778
952.02585135471,984.340044742729,44.9775112443778
1078.79691772309,551.826994780015,59.9700149925037
1210.53939845886,1712.652249565,44.9775112443778
1362.16753666418,1603.28113348248,59.9700149925037
1476.51006711409,867.511807109123,59.9700149925037
1543.62416107383,1424.31021625653,44.9775112443778
1553.5669898086,1414.36738752175,44.9775112443778
2336.56475267214,1237.88217747949,44.9775112443778
2344.02187422322,1250.31071339796,44.9775112443778
2378.82177479493,589.112602535421,44.9775112443778
42.2570221227939,1222.96793437733,74.9625187406297
248.570718369376,638.826746209297,59.9700149925037
479.741486452896,1956.25155356699,74.9625187406297
556.798409147402,1595.82401193139,59.9700149925037
705.940840169028,387.770320656227,59.9700149925037
715.883668903803,942.083022619935,74.9625187406297
745.712155108128,934.625901068854,59.9700149925037
869.997514292816,1792.1948794432,74.9625187406297
887.397464578673,1772.30922197365,59.9700149925037
904.797414864529,1787.22346507581,59.9700149925037
907.283122048223,1767.33780760626,74.9625187406297
937.111608252548,989.311459110117,74.9625187406297
999.254287844892,770.569226945066,59.9700149925037
1001.73999502859,1630.62391250311,89.9550224887556
1071.33979617201,1680.33805617698,74.9625187406297
1359.68182948049,1590.85259756401,59.9700149925037
1401.93885160328,1593.3383047477,59.9700149925037
1506.33855331842,1702.70942083023,89.9550224887556
1630.62391250311,1804.62341536167,59.9700149925037
1692.76659209545,1058.91126025354,89.9550224887556
425.055928411633,944.568729803629,74.9625187406297
512.055679840915,1911.5088242605,89.9550224887556
658.712403678847,1063.88267462093,74.9625187406297
656.226696495153,1086.25403927417,74.9625187406297
676.112353964703,1076.3112105394,74.9625187406297
686.055182699478,387.770320656227,74.9625187406297
817.797663435247,1026.59706686552,74.9625187406297
817.797663435247,1183.19661943823,74.9625187406297
855.083271190654,1312.45339299031,89.9550224887556
884.911757394979,1787.22346507581,74.9625187406297
892.36887894606,1794.6805866269,74.9625187406297
927.168779517773,1764.85210042257,74.9625187406297
1158.33954760129,2102.90827740492,74.9625187406297
1178.22520507084,2083.02261993537,74.9625187406297
1580.90976882923,1690.28088491176,74.9625187406297
1603.28113348248,1267.71066368382,104.947526236882
1623.16679095203,2197.36515038528,89.9550224887556
19.8856574695501,1235.3964702958,104.947526236882
253.542132736764,658.712403678847,104.947526236882
357.941834451902,1344.76758637832,104.947526236882
365.398956002983,937.111608252548,104.947526236882
427.541635595327,907.283122048223,104.947526236882
452.398707432264,954.511558538404,104.947526236882
464.827243350733,917.225950782998,89.9550224887556
686.055182699478,1081.28262490679,89.9550224887556
765.597812577678,825.254784986329,134.932533733133
812.82624906786,840.169028088491,134.932533733133
959.482972905792,2222.22222222222,104.947526236882
959.482972905792,1638.08103405419,89.9550224887556
971.911508824261,1304.99627143922,104.947526236882
996.768580661198,1257.76783494904,104.947526236882
999.254287844892,1590.85259756401,89.9550224887556
1014.16853094705,1280.13919960229,104.947526236882
1071.33979617201,1359.68182948049,104.947526236882
1133.48247576436,2363.90753169277,119.940029985007
1133.48247576436,2386.27889634601,104.947526236882
1163.31096196868,1889.13745960726,119.940029985007
1349.73900074571,917.225950782998,119.940029985007
1431.76733780761,1784.73775789212,89.9550224887556
1511.30996768581,1662.93810589113,104.947526236882
1580.90976882923,1260.25354213274,104.947526236882
1610.73825503356,1250.31071339796,104.947526236882
1700.22371364653,2207.30797912006,119.940029985007
241.113596818295,1046.48272433507,119.940029985007
300.770569226945,621.42679592344,119.940029985007
323.141933880189,569.226945065871,119.940029985007
449.913000248571,937.111608252548,104.947526236882
472.284364901815,919.711657966692,134.932533733133
477.255779269202,1747.45215013671,134.932533733133
489.684315187671,1314.939100174,149.925037481259
504.598558289833,2110.365398956,119.940029985007
653.740989311459,1106.13969674372,104.947526236882
812.82624906786,837.683320904797,104.947526236882
820.283370618941,1029.08277404922,104.947526236882
842.654735272185,1319.91051454139,104.947526236882
986.825751926423,1322.39622172508,104.947526236882
1014.16853094705,1620.68108376833,104.947526236882
1024.11135968183,1267.71066368382,104.947526236882
1081.28262490679,1372.11036539896,104.947526236882
1123.53964702958,2396.22172508079,104.947526236882
1143.42530449913,1881.68033805618,119.940029985007
1160.82525478499,1859.30897340293,119.940029985007
1247.82500621427,2247.07929405916,104.947526236882
1290.08202833706,2219.73651503853,104.947526236882
1491.42431021626,1702.70942083023,104.947526236882
1516.28138205319,1652.99527715635,104.947526236882
1523.73850360428,1685.30947054437,119.940029985007
1588.36689038031,1242.85359184688,104.947526236882
1648.02386278896,2242.10787969177,134.932533733133
116.828237633607,884.911757394979,134.932533733133
278.399204573701,1429.28163062391,134.932533733133
293.313447675864,1434.2530449913,134.932533733133
313.199105145414,599.055431270196,134.932533733133
420.084514044246,947.054436987323,119.940029985007
464.827243350733,942.083022619935,119.940029985007
469.798657718121,894.854586129754,149.925037481259
469.798657718121,1762.36639323888,119.940029985007
504.598558289833,2117.82252050708,134.932533733133
559.284116331096,1558.53840417599,134.932533733133
1170.76808351976,1046.48272433507,134.932533733133
1225.45364156102,273.427790206314,134.932533733133
1282.62490678598,2222.22222222222,119.940029985007
1314.939100174,2294.30773054934,119.940029985007
1483.96718866518,1690.28088491176,134.932533733133
1556.05269699229,1265.22495650012,134.932533733133
1553.5669898086,1250.31071339796,134.932533733133
1578.42406164554,1247.82500621427,119.940029985007
1588.36689038031,1225.45364156102,134.932533733133
1595.82401193139,1252.79642058166,119.940029985007
1623.16679095203,310.71339796172,134.932533733133
1640.56674123788,343.027591349739,119.940029985007
1648.02386278896,333.084762614964,119.940029985007
1648.02386278896,345.513298533433,119.940029985007
1712.652249565,2219.73651503853,119.940029985007
1854.33755903555,1551.08128262491,134.932533733133
39.7713149391002,1295.05344270445,134.932533733133
129.256773552076,1272.68207805121,149.925037481259
196.370867511807,1730.05219985086,149.925037481259
198.856574695501,1754.9092716878,149.925037481259
293.313447675864,1826.99478001491,134.932533733133
303.256276410639,1836.93760874969,149.925037481259
454.884414615958,887.397464578673,149.925037481259
472.284364901815,874.968928660204,149.925037481259
474.770072085508,1324.88192890877,134.932533733133
494.655729555058,1650.50956997266,149.925037481259
586.626895351728,1578.42406164554,134.932533733133
604.026845637584,256.027839920457,134.932533733133
613.969674372359,218.742232165051,134.932533733133
613.969674372359,258.513547104151,134.932533733133
613.969674372359,251.05642555307,134.932533733133
710.912254536416,2120.30822769078,134.932533733133
713.397961720109,2135.22247079294,134.932533733133
718.369376087497,2160.07954262988,149.925037481259
725.826497638578,2127.76534924186,134.932533733133
740.740740740741,2127.76534924186,134.932533733133
748.197862291822,805.369127516779,149.925037481259
745.712155108128,1036.5398956003,149.925037481259
758.140691026597,2152.6224210788,134.932533733133
780.512055679841,2356.45041014169,134.932533733133
787.969177230922,2329.10763112105,149.925037481259
782.997762863535,2368.87894606015,134.932533733133
797.912005965697,1265.22495650012,134.932533733133
802.883420333085,2344.02187422322,134.932533733133
817.797663435247,812.82624906786,149.925037481259
820.283370618941,822.769077802635,134.932533733133
981.854337559036,1322.39622172508,134.932533733133
1153.36813323391,2217.25080785483,134.932533733133
1225.45364156102,1240.36788466319,149.925037481259
1595.82401193139,1240.36788466319,134.932533733133
1623.16679095203,278.399204573701,134.932533733133
1665.42381307482,338.056176982351,134.932533733133
1675.36664180959,2219.73651503853,134.932533733133
1814.56624409645,765.597812577678,134.932533733133
1817.05195128014,763.112105393985,134.932533733133
1829.48048719861,1583.39547601293,134.932533733133
1854.33755903555,1538.65274670644,134.932533733133
149.142431021626,1275.1677852349,149.925037481259
246.085011185682,1749.93785732041,179.910044977511
330.59905543127,1814.56624409645,164.917541229385
402.684563758389,2023.36564752672,149.925037481259
405.170270942083,2018.39423315933,149.925037481259
467.312950534427,949.540144171017,149.925037481259
521.99850857569,894.854586129754,149.925037481259
571.712652249565,273.427790206314,179.910044977511
606.512552821278,293.313447675864,164.917541229385
633.855331841909,256.027839920457,164.917541229385
773.05493412876,795.426298782004,149.925037481259
787.969177230922,810.340541884166,164.917541229385
787.969177230922,2361.42182450907,149.925037481259
802.883420333085,2321.65050956997,149.925037481259
802.883420333085,1265.22495650012,149.925037481259
810.340541884166,810.340541884166,149.925037481259
820.283370618941,795.426298782004,164.917541229385
825.254784986329,303.256276410639,164.917541229385
949.540144171017,1911.5088242605,164.917541229385
1128.51106139697,2453.39299030574,179.910044977511
1135.96818294805,2431.0216256525,149.925037481259
1143.42530449913,857.568978374347,149.925037481259
1145.91101168282,1884.16604523987,149.925037481259
1155.8538404176,2416.10738255034,164.917541229385
1155.8538404176,835.197613721104,164.917541229385
1158.33954760129,2475.76435495899,149.925037481259
1188.16803380562,1772.30922197365,149.925037481259
1235.3964702958,1225.45364156102,149.925037481259
1260.25354213274,1225.45364156102,164.917541229385
1329.85334327616,2291.82202336565,149.925037481259
1364.65324384787,914.740243599304,149.925037481259
1568.48123291076,1270.19637086751,149.925037481259
1600.79542629878,1227.93934874472,149.925037481259
1640.56674123788,275.913497390007,149.925037481259
1657.96669152374,330.59905543127,149.925037481259
1675.36664180959,343.027591349739,164.917541229385
1680.33805617698,335.570469798658,149.925037481259
1782.25205070843,2229.6793437733,179.910044977511
1814.56624409645,1889.13745960726,164.917541229385
1826.99478001491,1558.53840417599,149.925037481259
1846.88043748446,1585.88118319662,149.925037481259
1851.85185185185,1304.99627143922,149.925037481259
1874.2232165051,1541.13845389013,149.925037481259
2269.4506587124,728.312204822272,164.917541229385
228.685060899826,1859.30897340293,194.902548725637
251.05642555307,1812.08053691275,179.910044977511
253.542132736764,1836.93760874969,164.917541229385
422.570221227939,2038.27989062888,164.917541229385
472.284364901815,1364.65324384787,164.917541229385
504.598558289833,1638.08103405419,164.917541229385
514.541387024609,2212.27939348745,164.917541229385
524.484215759384,2202.33656475267,179.910044977511
561.76982351479,265.970668655232,179.910044977511
581.65548098434,345.513298533433,194.902548725637
591.598309719115,1565.99552572707,164.917541229385
599.055431270196,251.05642555307,164.917541229385
606.512552821278,258.513547104151,164.917541229385
611.483967188665,273.427790206314,164.917541229385
626.398210290828,594.084016902809,179.910044977511
728.312204822272,1068.85408898832,164.917541229385
782.997762863535,315.684812329108,164.917541229385
956.997265722098,1899.08028834203,164.917541229385
971.911508824261,253.542132736764,164.917541229385
1140.93959731544,2413.62167536664,164.917541229385
1148.39671886652,2443.45016157097,179.910044977511
1163.31096196868,847.626149639573,179.910044977511
1173.25379070346,817.797663435247,164.917541229385
1173.25379070346,1889.13745960726,164.917541229385
1270.19637086751,2311.7076808352,179.910044977511
1404.42455878698,305.741983594333,194.902548725637
1411.88168033806,211.28511061397,164.917541229385
1416.85309470544,221.227939348745,164.917541229385
1501.36713895103,2388.7646035297,179.910044977511
1575.93835446184,1742.48073576933,164.917541229385
1705.19512801392,1923.93736017897,164.917541229385
1715.13795674869,991.797166293811,164.917541229385
1725.08078548347,2286.85060899826,179.910044977511
1804.62341536167,1906.53740989311,179.910044977511
1822.02336564753,2105.39398458862,164.917541229385
1836.93760874969,2102.90827740492,179.910044977511
1854.33755903555,1896.59458115834,179.910044977511
1861.79468058663,1583.39547601293,164.917541229385
1871.7375093214,2078.05120556798,194.902548725637
1869.25180213771,1548.59557544121,164.917541229385
1871.7375093214,1918.96594581158,179.910044977511
2065.62266964952,795.426298782004,179.910044977511
2264.47924434502,656.226696495153,164.917541229385
263.484961471539,1772.30922197365,179.910044977511
293.313447675864,1864.28038777032,179.910044977511
305.741983594333,1859.30897340293,194.902548725637
308.227690778026,1807.10912254536,194.902548725637
457.370121799652,865.026099925429,179.910044977511
534.427044494159,2217.25080785483,179.910044977511
554.312701963709,298.284862043251,194.902548725637
599.055431270196,305.741983594333,179.910044977511
648.769574944072,231.17076808352,179.910044977511
902.311707680835,236.142182450907,179.910044977511
1083.76833209048,2070.5940840169,209.895052473763
1272.68207805121,2284.36490181457,209.895052473763
1362.16753666418,310.71339796172,179.910044977511
1359.68182948049,305.741983594333,179.910044977511
1362.16753666418,1650.50956997266,179.910044977511
1662.93810589113,340.541884166045,179.910044977511
1682.82376336068,1551.08128262491,194.902548725637
1700.22371364653,1918.96594581158,179.910044977511
1789.70917225951,1899.08028834203,194.902548725637
1826.99478001491,1901.56599552573,179.910044977511
1849.36614466816,2073.0797912006,194.902548725637
1861.79468058663,2075.56549838429,179.910044977511
1871.7375093214,2068.10837683321,179.910044977511
1943.82301764852,981.854337559036,194.902548725637
1953.7658463833,1043.99701715138,179.910044977511
1953.7658463833,1406.91026597067,194.902548725637
1983.59433258762,999.254287844892,179.910044977511
452.398707432264,860.054685558041,194.902548725637
502.11285110614,313.199105145414,194.902548725637
502.11285110614,335.570469798658,224.887556221889
512.055679840915,2179.96520009943,194.902548725637
519.512801391996,2174.99378573204,194.902548725637
566.741237882178,328.113348247576,194.902548725637
584.141188168034,298.284862043251,209.895052473763
596.569724086503,584.141188168034,209.895052473763
596.569724086503,228.685060899826,209.895052473763
608.998260004971,631.369624658215,194.902548725637
994.282873477504,601.54113845389,209.895052473763
1009.19711657967,191.39945314442,209.895052473763
1058.91126025354,1203.08227690778,209.895052473763
1073.8255033557,2090.47974148645,209.895052473763
1076.3112105394,1225.45364156102,194.902548725637
1230.42505592841,2301.76485210042,209.895052473763
1230.42505592841,2224.70792940592,209.895052473763
1247.82500621427,2219.73651503853,194.902548725637
1354.7104151131,268.456375838926,209.895052473763
1389.51031568481,2068.10837683321,194.902548725637
1409.39597315436,221.227939348745,194.902548725637
1682.82376336068,989.311459110117,194.902548725637
1794.6805866269,1881.68033805618,194.902548725637
1839.42331593338,1886.65175242356,194.902548725637
1866.76609495401,1257.76783494904,209.895052473763
1943.82301764852,1968.68008948546,209.895052473763
1946.30872483221,991.797166293811,194.902548725637
2028.33706189411,758.140691026597,209.895052473763
2043.25130499627,795.426298782004,194.902548725637
2050.70842654735,778.026348496147,194.902548725637
2050.70842654735,748.197862291822,209.895052473763
2157.59383544618,1026.59706686552,209.895052473763
2165.05095699727,1235.3964702958,209.895052473763
2254.53641561024,651.255282127765,209.895052473763
2279.39348744718,1625.65249813572,209.895052473763
519.512801391996,347.999005717127,224.887556221889
584.141188168034,233.656475267214,209.895052473763
611.483967188665,1210.53939845886,224.887556221889
760.626398210291,2107.87969177231,224.887556221889
795.426298782004,2080.53691275168,224.887556221889
857.568978374347,213.770817797663,224.887556221889
874.968928660204,208.799403430276,224.887556221889
961.968680089485,601.54113845389,224.887556221889
976.882923191648,646.283867760378,209.895052473763
1078.79691772309,1237.88217747949,224.887556221889
1150.88242605021,832.71190653741,209.895052473763
1250.31071339796,2227.19363658961,209.895052473763
1255.28212776535,2266.96495152871,224.887556221889
1275.1677852349,2179.96520009943,209.895052473763
1317.42480735769,1618.19537658464,224.887556221889
1387.02460850112,285.856326124783,209.895052473763
1414.36738752175,280.884911757395,224.887556221889
1476.51006711409,1603.28113348248,209.895052473763
1506.33855331842,7.45712155108128,224.887556221889
1662.93810589113,1548.59557544121,209.895052473763
1665.42381307482,1541.13845389013,209.895052473763
1841.90902311708,1267.71066368382,224.887556221889
1874.2232165051,1856.82326621924,209.895052473763
1881.68033805618,2063.13696246582,209.895052473763
1886.65175242356,2060.65125528213,209.895052473763
1971.16579666915,1946.30872483221,224.887556221889
1988.56574695501,1961.22296793438,209.895052473763
1991.0514541387,1031.56848123291,224.887556221889
2018.39423315933,1978.62291822023,224.887556221889
2028.33706189411,1953.7658463833,239.880059970015
2035.79418344519,743.226447924435,209.895052473763
2040.76559781258,750.683569475516,209.895052473763
2043.25130499627,1996.02286850609,224.887556221889
2162.56524981357,1081.28262490679,209.895052473763
2187.42232165051,1011.68282376336,209.895052473763
2194.87944320159,1697.73800646284,209.895052473763
2276.90778026349,656.226696495153,224.887556221889
2366.39323887646,792.94059159831,209.895052473763
415.113099676858,763.112105393985,239.880059970015
531.941337310465,1841.90902311708,254.872563718141
564.255530698484,270.94208302262,224.887556221889
628.883917474521,1215.51081282625,224.887556221889
671.140939597315,606.512552821278,254.872563718141
700.969425801641,837.683320904797,239.880059970015
705.940840169028,815.311956251554,239.880059970015
860.054685558041,457.370121799652,239.880059970015
969.425801640567,628.883917474521,224.887556221889
1024.11135968183,2038.27989062888,224.887556221889
1036.5398956003,2053.19413373105,224.887556221889
1066.36838180462,2078.05120556798,224.887556221889
1277.65349241859,2257.02212279394,239.880059970015
1394.4817300522,260.999254287845,224.887556221889
1409.39597315436,265.970668655232,224.887556221889
1441.71016654238,285.856326124783,224.887556221889
1556.05269699229,596.569724086503,239.880059970015
1881.68033805618,1851.85185185185,239.880059970015
1943.82301764852,1996.02286850609,224.887556221889
1971.16579666915,1981.10862540393,239.880059970015
1996.02286850609,1981.10862540393,239.880059970015
2063.13696246582,1707.68083519761,239.880059970015
2179.96520009943,1717.62366393239,239.880059970015
2194.87944320159,1026.59706686552,224.887556221889
2319.16480238628,1459.11011682824,239.880059970015
489.684315187671,1824.50907283122,239.880059970015
499.627143922446,1826.99478001491,239.880059970015
517.027094208302,1807.10912254536,239.880059970015
531.941337310465,986.825751926423,239.880059970015
638.826746209297,1222.96793437733,239.880059970015
850.111856823266,1461.59582401193,239.880059970015
872.48322147651,449.913000248571,239.880059970015
984.340044742729,626.398210290828,239.880059970015
1014.16853094705,2020.87994034303,254.872563718141
1016.65423813075,2045.73701217997,254.872563718141
1091.22545364156,1220.48222719364,239.880059970015
1098.68257519264,835.197613721104,239.880059970015
1123.53964702958,188.913745960726,239.880059970015
1126.02535421327,193.885160328113,239.880059970015
1145.91101168282,1024.11135968183,239.880059970015
1697.73800646284,211.28511061397,254.872563718141
1722.59507829978,223.713646532438,254.872563718141
1807.10912254536,626.398210290828,254.872563718141
1856.82326621924,1784.73775789212,269.865067466267
1866.76609495401,1879.19463087248,239.880059970015
1926.42306736266,1220.48222719364,254.872563718141
1933.88018891375,1978.62291822023,239.880059970015
1953.7658463833,193.885160328113,239.880059970015
2023.36564752672,2030.8227690778,254.872563718141
2025.85135471042,1871.7375093214,269.865067466267
2170.02237136465,705.940840169028,254.872563718141
2304.25055928412,1471.53865274671,239.880059970015
494.655729555058,1834.451901566,254.872563718141
524.484215759384,994.282873477504,254.872563718141
524.484215759384,1856.82326621924,254.872563718141
536.912751677852,1063.88267462093,269.865067466267
807.854834700472,260.999254287845,254.872563718141
807.854834700472,275.913497390007,254.872563718141
847.626149639573,1451.65299527716,254.872563718141
862.540392741735,447.427293064877,269.865067466267
889.883171762366,1459.11011682824,254.872563718141
929.654486701467,1419.33880188914,254.872563718141
939.597315436242,1401.93885160328,254.872563718141
1039.02560278399,146.656723837932,269.865067466267
1053.93984588615,146.656723837932,254.872563718141
1081.28262490679,154.113845389013,284.857571214393
1091.22545364156,119.313944817301,254.872563718141
1108.62540392742,159.085259756401,269.865067466267
1135.96818294805,1048.96843151877,254.872563718141
1260.25354213274,213.770817797663,269.865067466267
1735.02361421825,221.227939348745,254.872563718141
1735.02361421825,2100.42257022123,269.865067466267
1794.6805866269,641.31245339299,269.865067466267
1802.13770817798,611.483967188665,254.872563718141
1819.53765846383,613.969674372359,284.857571214393
1856.82326621924,1859.30897340293,254.872563718141
1894.10887397465,1854.33755903555,254.872563718141
1941.33731046483,186.428038777032,254.872563718141
2023.36564752672,2010.93711160825,254.872563718141
2060.65125528213,1841.90902311708,269.865067466267
2102.90827740492,800.397713149391,254.872563718141
2120.30822769078,787.969177230922,254.872563718141
2165.05095699727,1697.73800646284,254.872563718141
2294.30773054934,1466.56723837932,254.872563718141
2329.10763112105,1474.0243599304,254.872563718141
2331.59333830475,1459.11011682824,254.872563718141
412.627392493164,1106.13969674372,269.865067466267
611.483967188665,1297.53914988814,284.857571214393
618.941088739746,1285.11061396967,269.865067466267
628.883917474521,1260.25354213274,269.865067466267
840.169028088491,1491.42431021626,269.865067466267
847.626149639573,656.226696495153,284.857571214393
850.111856823266,1464.08153119563,269.865067466267
1073.8255033557,144.171016654238,269.865067466267
1073.8255033557,173.999502858563,269.865067466267
1280.13919960229,1680.33805617698,284.857571214393
1344.76758637832,1570.96694009446,284.857571214393
1389.51031568481,1620.68108376833,269.865067466267
1406.91026597067,1565.99552572707,269.865067466267
1409.39597315436,360.427541635595,269.865067466267
1541.13845389013,1009.19711657967,269.865067466267
1546.10986825752,1009.19711657967,269.865067466267
1563.50981854338,1009.19711657967,284.857571214393
1610.73825503356,1026.59706686552,269.865067466267
1655.48098434004,268.456375838926,299.850074962519
1687.79517772806,208.799403430276,269.865067466267
1702.70942083023,2105.39398458862,269.865067466267
1707.68083519761,2105.39398458862,269.865067466267
1744.96644295302,608.998260004971,269.865067466267
1757.39497887149,618.941088739746,299.850074962519
1881.68033805618,1354.7104151131,269.865067466267
1896.59458115834,288.342033308476,284.857571214393
2003.47999005717,1720.10937111608,299.850074962519
2050.70842654735,1846.88043748446,269.865067466267
2055.67984091474,1849.36614466816,269.865067466267
2105.39398458862,1270.19637086751,284.857571214393
2117.82252050708,817.797663435247,269.865067466267
2152.6224210788,1232.91076311211,269.865067466267
2184.93661446682,638.826746209297,284.857571214393
2224.70792940592,725.826497638578,284.857571214393
2232.165050957,740.740740740741,284.857571214393
2232.165050957,728.312204822272,269.865067466267
2314.19338801889,1464.08153119563,284.857571214393
420.084514044246,1024.11135968183,299.850074962519
427.541635595327,1066.36838180462,299.850074962519
594.084016902809,1260.25354213274,299.850074962519
604.026845637584,1252.79642058166,284.857571214393
879.940343027591,611.483967188665,284.857571214393
996.768580661198,1727.56649266716,284.857571214393
1011.68282376336,1744.96644295302,284.857571214393
1275.1677852349,1665.42381307482,284.857571214393
1277.65349241859,1660.45239870743,284.857571214393
1344.76758637832,785.483470047228,314.842578710645
1369.62465821526,1210.53939845886,314.842578710645
1521.25279642058,989.311459110117,284.857571214393
1633.1096196868,1456.62440964454,299.850074962519
1677.85234899329,275.913497390007,314.842578710645
1697.73800646284,392.741735023614,284.857571214393
1712.652249565,357.941834451902,314.842578710645
1712.652249565,208.799403430276,284.857571214393
1722.59507829978,392.741735023614,314.842578710645
1769.82351478996,1309.96768580661,284.857571214393
1849.36614466816,1620.68108376833,284.857571214393
1851.85185185185,1625.65249813572,314.842578710645
1933.88018891375,551.826994780015,314.842578710645
2010.93711160825,1710.16654238131,284.857571214393
2050.70842654735,1856.82326621924,284.857571214393
2078.05120556798,1275.1677852349,299.850074962519
2155.10812826249,1208.05369127517,299.850074962519
2157.59383544618,621.42679592344,299.850074962519
2194.87944320159,703.455132985334,299.850074962519
2197.36515038528,681.08376833209,299.850074962519
2197.36515038528,584.141188168034,299.850074962519
2197.36515038528,693.512304250559,284.857571214393
2199.85085756898,618.941088739746,299.850074962519
2199.85085756898,1342.28187919463,284.857571214393
2232.165050957,718.369376087497,299.850074962519
2264.47924434502,681.08376833209,299.850074962519
444.941585881183,1068.85408898832,314.842578710645
544.369873228934,924.683072334079,299.850074962519
621.42679592344,1163.31096196868,314.842578710645
626.398210290828,1260.25354213274,299.850074962519
1071.33979617201,173.999502858563,299.850074962519
1073.8255033557,166.542381307482,299.850074962519
1220.48222719364,1956.25155356699,314.842578710645
1240.36788466319,1956.25155356699,299.850074962519
1250.31071339796,1963.70867511807,329.835082458771
1257.76783494904,1928.90877454636,299.850074962519
1285.11061396967,437.484464330102,314.842578710645
1295.05344270445,432.513049962714,314.842578710645
1334.82475764355,822.769077802635,299.850074962519
1546.10986825752,1019.13994531444,314.842578710645
1583.39547601293,236.142182450907,314.842578710645
1687.79517772806,400.198856574696,299.850074962519
1695.25229927915,668.655232413622,314.842578710645
1695.25229927915,213.770817797663,299.850074962519
1700.22371364653,407.655978125777,314.842578710645
1720.10937111608,599.055431270196,329.835082458771
1904.05170270942,1024.11135968183,299.850074962519
1926.42306736266,937.111608252548,299.850074962519
1931.39448173005,1029.08277404922,299.850074962519
1948.79443201591,544.369873228934,314.842578710645
2100.42257022123,430.027342779021,314.842578710645
2137.70817797663,636.341039025603,314.842578710645
2162.56524981357,636.341039025603,299.850074962519
2204.82227193637,658.712403678847,329.835082458771
2227.19363658961,633.855331841909,329.835082458771
2224.70792940592,661.19811086254,314.842578710645
2242.10787969177,671.140939597315,299.850074962519
2254.53641561024,735.769326373353,314.842578710645
2321.65050956997,663.683818046234,314.842578710645
2324.13621675367,676.112353964703,299.850074962519
556.798409147402,1160.82525478499,329.835082458771
785.483470047228,1911.5088242605,329.835082458771
852.59756400696,1894.10887397465,329.835082458771
894.854586129754,700.969425801641,314.842578710645
909.768829231916,934.625901068854,329.835082458771
1103.65398956003,524.484215759384,314.842578710645
1135.96818294805,1986.08003977131,329.835082458771
1215.51081282625,1941.33731046483,314.842578710645
1237.88217747949,1976.13721103654,329.835082458771
1262.73924931643,432.513049962714,314.842578710645
1270.19637086751,1973.65150385285,314.842578710645
1272.68207805121,1966.19438230176,329.835082458771
1317.42480735769,832.71190653741,329.835082458771
1317.42480735769,822.769077802635,314.842578710645
1322.39622172508,840.169028088491,329.835082458771
1354.7104151131,778.026348496147,314.842578710645
1429.28163062391,661.19811086254,314.842578710645
1548.59557544121,509.569972657221,329.835082458771
1561.02411135968,1019.13994531444,314.842578710645
1677.85234899329,298.284862043251,314.842578710645
1715.13795674869,1250.31071339796,329.835082458771
1789.70917225951,1394.4817300522,329.835082458771
1792.1948794432,1374.59607258265,329.835082458771
1854.33755903555,628.883917474521,329.835082458771
1861.79468058663,1615.70966940094,314.842578710645
1948.79443201591,549.341287596321,314.842578710645
2209.79368630375,710.912254536416,314.842578710645
2289.33631618195,691.026597066866,314.842578710645
2331.59333830475,683.569475515784,314.842578710645
2331.59333830475,695.998011434253,314.842578710645
589.112602535421,1215.51081282625,329.835082458771
606.512552821278,1155.8538404176,329.835082458771
613.969674372359,1155.8538404176,329.835082458771
773.05493412876,1662.93810589113,344.827586206897
802.883420333085,1817.05195128014,359.820089955023
827.740492170022,1812.08053691275,329.835082458771
882.426050211285,698.483718617947,329.835082458771
887.397464578673,877.454635843898,359.820089955023
927.168779517773,897.340293313448,344.827586206897
981.854337559036,1981.10862540393,344.827586206897
1332.33905045986,825.254784986329,329.835082458771
1374.59607258265,1682.82376336068,344.827586206897
1565.99552572707,1680.33805617698,329.835082458771
1575.93835446184,1675.36664180959,359.820089955023
1680.33805617698,395.227442207308,344.827586206897
1705.19512801392,631.369624658215,344.827586206897
1730.05219985086,1789.70917225951,329.835082458771
1727.56649266716,1247.82500621427,329.835082458771
1735.02361421825,1250.31071339796,329.835082458771
1747.45215013671,1384.53890131742,344.827586206897
1812.08053691275,1411.88168033806,344.827586206897
1826.99478001491,1739.99502858563,344.827586206897
1846.88043748446,1391.99602286851,329.835082458771
1921.45165299528,1076.3112105394,329.835082458771
1938.85160328113,1073.8255033557,329.835082458771
2296.79343773304,683.569475515784,329.835082458771
579.169773800646,1235.3964702958,344.827586206897
740.740740740741,1824.50907283122,344.827586206897
765.597812577678,1088.73974645787,359.820089955023
785.483470047228,1650.50956997266,359.820089955023
1068.85408898832,1061.39696743724,359.820089955023
1076.3112105394,1789.70917225951,374.812593703148
1220.48222719364,1951.2801391996,344.827586206897
1252.79642058166,1941.33731046483,344.827586206897
1314.939100174,2060.65125528213,344.827586206897
1374.59607258265,1670.39522744221,344.827586206897
1635.59532687049,437.484464330102,359.820089955023
1717.62366393239,1327.36763609247,359.820089955023
1735.02361421825,1339.79617201094,359.820089955023
1735.02361421825,1374.59607258265,344.827586206897
1754.9092716878,1374.59607258265,344.827586206897
1759.88068605518,1359.68182948049,344.827586206897
1804.62341536167,581.65548098434,344.827586206897
1844.39473030077,656.226696495153,344.827586206897
1879.19463087248,546.855580412627,344.827586206897
2284.36490181457,700.969425801641,344.827586206897
648.769574944072,874.968928660204,374.812593703148
668.655232413622,872.48322147651,374.812593703148
773.05493412876,1672.8809346259,374.812593703148
787.969177230922,1103.65398956003,374.812593703148
817.797663435247,1809.59482972906,359.820089955023
907.283122048223,902.311707680835,374.812593703148
929.654486701467,765.597812577678,389.805097451274
989.311459110117,1595.82401193139,374.812593703148
1093.71116082525,1789.70917225951,359.820089955023
1098.68257519264,1859.30897340293,359.820089955023
1200.59656972409,1168.28237633607,359.820089955023
1205.56798409147,1173.25379070346,359.820089955023
1227.93934874472,1302.51056425553,374.812593703148
1257.76783494904,1334.82475764355,389.805097451274
1309.96768580661,1575.93835446184,374.812593703148
1369.62465821526,1170.76808351976,374.812593703148
1498.88143176734,1652.99527715635,359.820089955023
1568.48123291076,529.455630126771,404.7976011994
1615.70966940094,1543.62416107383,374.812593703148
1635.59532687049,1575.93835446184,359.820089955023
1767.33780760626,1357.19612229679,359.820089955023
1839.42331593338,949.540144171017,404.7976011994
1886.65175242356,678.598061148397,404.7976011994
1918.96594581158,1590.85259756401,374.812593703148
887.397464578673,753.16927665921,374.812593703148
892.36887894606,743.226447924435,434.782608695652
929.654486701467,892.36887894606,374.812593703148
984.340044742729,1583.39547601293,374.812593703148
1041.51130996769,1794.6805866269,389.805097451274
1056.42555306985,1802.13770817798,389.805097451274
1103.65398956003,1439.22445935869,404.7976011994
1103.65398956003,1451.65299527716,374.812593703148
1106.13969674372,1732.53790703455,404.7976011994
1185.68232662192,1635.59532687049,404.7976011994
1230.42505592841,1245.33929903057,374.812593703148
1513.7956748695,1710.16654238131,389.805097451274
1516.28138205319,1749.93785732041,389.805097451274
1536.16703952274,1456.62440964454,404.7976011994
1546.10986825752,671.140939597315,374.812593703148
1598.30971911509,1464.08153119563,389.805097451274
1603.28113348248,1488.93860303256,374.812593703148
1630.62391250311,1516.28138205319,389.805097451274
1834.451901566,1101.16828237634,389.805097451274
1859.30897340293,952.02585135471,389.805097451274
2090.47974148645,1205.56798409147,389.805097451274
2110.365398956,1225.45364156102,389.805097451274
984.340044742729,1578.42406164554,404.7976011994
1076.3112105394,1583.39547601293,419.790104947526
1130.99676858066,1754.9092716878,419.790104947526
1556.05269699229,467.312950534427,389.805097451274
1563.50981854338,469.798657718121,389.805097451274
1593.3383047477,589.112602535421,404.7976011994
1600.79542629878,1441.71016654238,404.7976011994
1620.68108376833,1414.36738752175,404.7976011994
1640.56674123788,1424.31021625653,404.7976011994
1648.02386278896,1541.13845389013,389.805097451274
1889.13745960726,700.969425801641,404.7976011994
1909.02311707681,850.111856823266,389.805097451274
2087.99403430276,1232.91076311211,389.805097451274
765.597812577678,1078.79691772309,404.7976011994
812.82624906786,1503.85284613473,419.790104947526
1096.19686800895,1411.88168033806,449.775112443778
1541.13845389013,1486.45289584887,404.7976011994
1846.88043748446,917.225950782998,404.7976011994
1854.33755903555,932.14019388516,404.7976011994
1889.13745960726,860.054685558041,404.7976011994
1906.53740989311,1580.90976882923,404.7976011994
2085.50832711907,1319.91051454139,419.790104947526
894.854586129754,1140.93959731544,419.790104947526
1041.51130996769,1548.59557544121,419.790104947526
1086.25403927417,1588.36689038031,419.790104947526
1106.13969674372,1451.65299527716,419.790104947526
1307.48197862292,1737.50932140194,449.775112443778
1411.88168033806,1449.16728809346,419.790104947526
1491.42431021626,1488.93860303256,419.790104947526
1508.82426050211,1474.0243599304,434.782608695652
1511.30996768581,1431.76733780761,419.790104947526
1521.25279642058,1421.82450907283,419.790104947526
1531.19562515536,855.083271190654,419.790104947526
1613.22396221725,889.883171762366,434.782608695652
1836.93760874969,1344.76758637832,419.790104947526
1869.25180213771,678.598061148397,419.790104947526
1026.59706686552,1436.73875217499,464.767616191904
1503.85284613473,820.283370618941,434.782608695652
1521.25279642058,857.568978374347,434.782608695652
1526.22421078797,865.026099925429,434.782608695652
1556.05269699229,879.940343027591,464.767616191904
1618.19537658464,869.997514292816,434.782608695652
1643.05244842158,879.940343027591,449.775112443778
1856.82326621924,760.626398210291,434.782608695652
902.311707680835,1135.96818294805,464.767616191904
1270.19637086751,1270.19637086751,479.76011994003
1625.65249813572,1108.62540392742,449.775112443778
1633.1096196868,889.883171762366,464.767616191904
1707.68083519761,1327.36763609247,464.767616191904
1043.99701715138,1446.68158090977,464.767616191904
1058.91126025354,1436.73875217499,464.767616191904
1148.39671886652,1290.08202833706,479.76011994003
1198.11086254039,1024.11135968183,464.767616191904
1528.70991797166,852.59756400696,464.767616191904
1615.70966940094,879.940343027591,464.767616191904
1618.19537658464,1372.11036539896,479.76011994003
1623.16679095203,860.054685558041,464.767616191904
1633.1096196868,1101.16828237634,479.76011994003
1648.02386278896,874.968928660204,464.767616191904
1633.1096196868,1222.96793437733,479.76011994003
927.168779517773,817.797663435247,494.752623688156
