67.1140939597315,54.6855580412627,29.9850074962519
288.342033308476,2177.47949291573,14.9925037481259
310.71339796172,1337.31046482724,14.9925037481259
330.59905543127,1419.33880188914,14.9925037481259
335.570469798658,1394.4817300522,14.9925037481259
347.999005717127,355.456127268208,14.9925037481259
347.999005717127,1474.0243599304,14.9925037481259
360.427541635595,345.513298533433,14.9925037481259
362.913248819289,1466.56723837932,14.9925037481259
367.884663186677,1638.08103405419,14.9925037481259
380.313199105145,2080.53691275168,14.9925037481259
392.741735023614,2083.02261993537,14.9925037481259
392.741735023614,1600.79542629878,14.9925037481259
400.198856574696,2063.13696246582,14.9925037481259
407.655978125777,2087.99403430276,14.9925037481259
415.113099676858,2068.10837683321,14.9925037481259
415.113099676858,1431.76733780761,14.9925037481259
417.598806860552,1411.88168033806,14.9925037481259
425.055928411633,1434.2530449913,14.9925037481259
432.513049962714,1421.82450907283,14.9925037481259
462.34153616704,1421.82450907283,14.9925037481259
474.770072085508,2160.07954262988,14.9925037481259
482.22719363659,1854.33755903555,14.9925037481259
579.169773800646,482.22719363659,14.9925037481259
589.112602535421,497.141436738752,14.9925037481259
656.226696495153,1195.6251553567,29.9850074962519
656.226696495153,1787.22346507581,14.9925037481259
663.683818046234,1784.73775789212,14.9925037481259
668.655232413622,1809.59482972906,14.9925037481259
735.769326373353,380.313199105145,29.9850074962519
852.59756400696,144.171016654238,14.9925037481259
862.540392741735,154.113845389013,14.9925037481259
877.454635843898,161.570966940094,14.9925037481259
937.111608252548,1966.19438230176,14.9925037481259
937.111608252548,1956.25155356699,29.9850074962519
942.083022619935,526.969922943077,29.9850074962519
947.054436987323,1963.70867511807,14.9925037481259
964.454387273179,531.941337310465,14.9925037481259
969.425801640567,1906.53740989311,14.9925037481259
971.911508824261,1881.68033805618,14.9925037481259
986.825751926423,1866.76609495401,14.9925037481259
981.854337559036,512.055679840915,14.9925037481259
991.797166293811,1879.19463087248,14.9925037481259
996.768580661198,1886.65175242356,14.9925037481259
1001.73999502859,1899.08028834203,29.9850074962519
1021.62565249814,1814.56624409645,14.9925037481259
1024.11135968183,1941.33731046483,14.9925037481259
1041.51130996769,1744.96644295302,14.9925037481259
1043.99701715138,126.771066368382,29.9850074962519
1048.96843151877,1953.7658463833,29.9850074962519
1111.11111111111,1787.22346507581,14.9925037481259
1111.11111111111,1491.42431021626,14.9925037481259
1118.56823266219,1772.30922197365,14.9925037481259
1133.48247576436,1735.02361421825,14.9925037481259
1133.48247576436,1665.42381307482,14.9925037481259
1148.39671886652,1645.53815560527,14.9925037481259
1173.25379070346,243.599304001989,14.9925037481259
1190.65374098931,1493.91001739995,29.9850074962519
1193.13944817301,248.570718369376,14.9925037481259
1257.76783494904,241.113596818295,14.9925037481259
1255.28212776535,1267.71066368382,29.9850074962519
1265.22495650012,1247.82500621427,14.9925037481259
1302.51056425553,69.5998011434253,14.9925037481259
1312.45339299031,765.597812577678,44.9775112443778
1327.36763609247,360.427541635595,14.9925037481259
1329.85334327616,790.454884414616,29.9850074962519
1327.36763609247,770.569226945066,14.9925037481259
1334.82475764355,765.597812577678,14.9925037481259
1337.31046482724,360.427541635595,29.9850074962519
1334.82475764355,347.999005717127,14.9925037481259
1404.42455878698,19.8856574695501,14.9925037481259
1409.39597315436,1899.08028834203,29.9850074962519
1451.65299527716,407.655978125777,14.9925037481259
1454.13870246085,417.598806860552,14.9925037481259
1511.30996768581,479.741486452896,14.9925037481259
1538.65274670644,797.912005965697,14.9925037481259
1541.13845389013,735.769326373353,14.9925037481259
1546.10986825752,805.369127516779,14.9925037481259
1548.59557544121,810.340541884166,14.9925037481259
1556.05269699229,740.740740740741,14.9925037481259
1558.53840417599,534.427044494159,14.9925037481259
1565.99552572707,797.912005965697,14.9925037481259
1600.79542629878,82.0283370618941,14.9925037481259
1600.79542629878,763.112105393985,29.9850074962519
1615.70966940094,89.4854586129754,14.9925037481259
1620.68108376833,817.797663435247,14.9925037481259
1618.19537658464,300.770569226945,14.9925037481259
1630.62391250311,825.254784986329,14.9925037481259
1628.13820531941,72.0855083271191,14.9925037481259
1630.62391250311,1993.5371613224,14.9925037481259
1643.05244842158,2040.76559781258,14.9925037481259
1652.99527715635,2030.8227690778,14.9925037481259
1660.45239870743,2045.73701217997,14.9925037481259
1667.90952025851,502.11285110614,14.9925037481259
1672.8809346259,425.055928411633,14.9925037481259
1675.36664180959,517.027094208302,14.9925037481259
1690.28088491176,952.02585135471,29.9850074962519
1687.79517772806,979.368630375342,29.9850074962519
1695.25229927915,929.654486701467,14.9925037481259
1690.28088491176,877.454635843898,29.9850074962519
1700.22371364653,964.454387273179,29.9850074962519
1707.68083519761,335.570469798658,29.9850074962519
1712.652249565,330.59905543127,14.9925037481259
1712.652249565,745.712155108128,14.9925037481259
1717.62366393239,129.256773552076,14.9925037481259
1717.62366393239,325.627641063883,14.9925037481259
1725.08078548347,780.512055679841,14.9925037481259
1725.08078548347,320.656226696495,14.9925037481259
1722.59507829978,330.59905543127,14.9925037481259
1722.59507829978,850.111856823266,29.9850074962519
1730.05219985086,959.482972905792,14.9925037481259
1735.02361421825,765.597812577678,14.9925037481259
1742.48073576933,855.083271190654,14.9925037481259
1742.48073576933,415.113099676858,14.9925037481259
1747.45215013671,989.311459110117,14.9925037481259
1752.4235645041,333.084762614964,14.9925037481259
1757.39497887149,994.282873477504,14.9925037481259
1757.39497887149,842.654735272185,14.9925037481259
1757.39497887149,2117.82252050708,14.9925037481259
1762.36639323888,2130.25105642555,14.9925037481259
1764.85210042257,2393.73601789709,14.9925037481259
1784.73775789212,1270.19637086751,44.9775112443778
1777.28063634104,1039.02560278399,14.9925037481259
1787.22346507581,656.226696495153,29.9850074962519
1787.22346507581,2391.2503107134,14.9925037481259
1792.1948794432,676.112353964703,14.9925037481259
1797.16629381059,1063.88267462093,14.9925037481259
1799.65200099428,815.311956251554,29.9850074962519
1817.05195128014,981.854337559036,29.9850074962519
1869.25180213771,832.71190653741,14.9925037481259
1871.7375093214,295.799154859558,29.9850074962519
1889.13745960726,2172.50807854835,14.9925037481259
1901.56599552573,1712.652249565,29.9850074962519
1911.5088242605,2162.56524981357,14.9925037481259
1913.9945314442,1722.59507829978,29.9850074962519
1923.93736017897,2078.05120556798,14.9925037481259
1918.96594581158,2095.45115585384,14.9925037481259
1938.85160328113,2083.02261993537,14.9925037481259
1946.30872483221,792.94059159831,29.9850074962519
1973.65150385285,2264.47924434502,14.9925037481259
1986.08003977131,2048.22271936366,14.9925037481259
1991.0514541387,395.227442207308,14.9925037481259
2000.99428287348,2033.3084762615,29.9850074962519
2013.42281879195,2065.62266964952,14.9925037481259
2018.39423315933,2045.73701217997,14.9925037481259
2157.59383544618,1889.13745960726,29.9850074962519
2174.99378573204,1899.08028834203,29.9850074962519
2222.22222222222,837.683320904797,29.9850074962519
2227.19363658961,1662.93810589113,14.9925037481259
2232.165050957,1657.96669152374,14.9925037481259
2234.65075814069,837.683320904797,29.9850074962519
2266.96495152871,929.654486701467,44.9775112443778
2271.9363658961,1702.70942083023,29.9850074962519
2284.36490181457,912.25453641561,14.9925037481259
2284.36490181457,2242.10787969177,29.9850074962519
2294.30773054934,1168.28237633607,29.9850074962519
2336.56475267214,1173.25379070346,44.9775112443778
2346.50758140691,1153.36813323391,14.9925037481259
2435.99304001989,1103.65398956003,14.9925037481259
648.769574944072,1208.05369127517,29.9850074962519
1272.68207805121,1257.76783494904,29.9850074962519
1300.02485707184,792.94059159831,44.9775112443778
1334.82475764355,755.654983842903,29.9850074962519
1615.70966940094,74.5712155108128,29.9850074962519
1640.56674123788,825.254784986329,29.9850074962519
1725.08078548347,755.654983842903,29.9850074962519
1754.9092716878,1314.939100174,29.9850074962519
1772.30922197365,2383.79318916232,29.9850074962519
1787.22346507581,1029.08277404922,29.9850074962519
1799.65200099428,1270.19637086751,29.9850074962519
1812.08053691275,812.82624906786,29.9850074962519
1913.9945314442,820.283370618941,29.9850074962519
1918.96594581158,815.311956251554,29.9850074962519
1931.39448173005,790.454884414616,44.9775112443778
1991.0514541387,2045.73701217997,29.9850074962519
2276.90778026349,1717.62366393239,29.9850074962519
2289.33631618195,929.654486701467,29.9850074962519
2344.02187422322,1175.73949788715,29.9850074962519
2371.36465324385,1275.1677852349,29.9850074962519
616.455381556053,1444.19587372608,59.9700149925037
621.42679592344,1401.93885160328,74.9625187406297
636.341039025603,1411.88168033806,59.9700149925037
646.283867760378,1449.16728809346,59.9700149925037
643.798160576684,1203.08227690778,44.9775112443778
678.598061148397,2040.76559781258,74.9625187406297
723.340790454884,1921.45165299528,44.9775112443778
778.026348496147,1906.53740989311,74.9625187406297
1091.22545364156,474.770072085508,59.9700149925037
1103.65398956003,1784.73775789212,44.9775112443778
1188.16803380562,251.05642555307,44.9775112443778
1247.82500621427,243.599304001989,44.9775112443778
1319.91051454139,785.483470047228,59.9700149925037
1322.39622172508,758.140691026597,44.9775112443778
1394.4817300522,24.8570718369376,44.9775112443778
1399.45314441959,1896.59458115834,44.9775112443778
1496.39572458364,417.598806860552,59.9700149925037
1523.73850360428,434.998757146408,59.9700149925037
1531.19562515536,452.398707432264,59.9700149925037
1538.65274670644,469.798657718121,59.9700149925037
1608.25254784986,305.741983594333,44.9775112443778
1618.19537658464,1988.56574695501,44.9775112443778
1648.02386278896,902.311707680835,44.9775112443778
1657.96669152374,514.541387024609,44.9775112443778
1657.96669152374,442.455878697489,44.9775112443778
1657.96669152374,499.627143922446,44.9775112443778
1660.45239870743,430.027342779021,44.9775112443778
1687.79517772806,969.425801640567,44.9775112443778
1705.19512801392,842.654735272185,44.9775112443778
1707.68083519761,134.228187919463,44.9775112443778
1712.652249565,852.59756400696,44.9775112443778
1735.02361421825,410.141685309471,44.9775112443778
1742.48073576933,1312.45339299031,59.9700149925037
1762.36639323888,1270.19637086751,59.9700149925037
1779.76634352473,1297.53914988814,59.9700149925037
1774.79492915735,1031.56848123291,44.9775112443778
1779.76634352473,676.112353964703,44.9775112443778
1792.1948794432,1088.73974645787,44.9775112443778
1802.13770817798,981.854337559036,44.9775112443778
1844.39473030077,1078.79691772309,59.9700149925037
1856.82326621924,1056.42555306985,44.9775112443778
1886.65175242356,1071.33979617201,59.9700149925037
1913.9945314442,2063.13696246582,44.9775112443778
1926.42306736266,800.397713149391,44.9775112443778
1951.2801391996,894.854586129754,74.9625187406297
1958.73726075068,2261.99353716132,44.9775112443778
1978.62291822023,397.713149391002,44.9775112443778
2008.45140442456,1652.99527715635,74.9625187406297
2040.76559781258,1665.42381307482,74.9625187406297
2053.19413373105,1657.96669152374,59.9700149925037
2145.16529952772,1886.65175242356,44.9775112443778
2214.76510067114,840.169028088491,59.9700149925037
2259.50782997763,1700.22371364653,44.9775112443778
2266.96495152871,1180.71091225454,59.9700149925037
2269.4506587124,2239.62217250808,44.9775112443778
2276.90778026349,1170.76808351976,44.9775112443778
2329.10763112105,1128.51106139697,44.9775112443778
2356.45041014169,1275.1677852349,44.9775112443778
2421.07879691772,1103.65398956003,44.9775112443778
653.740989311459,1200.59656972409,59.9700149925037
683.569475515784,2050.70842654735,59.9700149925037
700.969425801641,2020.87994034303,89.9550224887556
698.483718617947,1906.53740989311,89.9550224887556
703.455132985334,1943.82301764852,74.9625187406297
710.912254536416,1931.39448173005,59.9700149925037
735.769326373353,1896.59458115834,59.9700149925037
738.255033557047,1928.90877454636,74.9625187406297
733.283619189659,1881.68033805618,74.9625187406297
942.083022619935,2212.27939348745,59.9700149925037
979.368630375342,2003.47999005717,89.9550224887556
986.825751926423,1976.13721103654,59.9700149925037
1061.39696743724,477.255779269202,74.9625187406297
1071.33979617201,464.827243350733,59.9700149925037
1086.25403927417,489.684315187671,59.9700149925037
1287.59632115337,1324.88192890877,74.9625187406297
1498.88143176734,452.398707432264,74.9625187406297
1501.36713895103,430.027342779021,74.9625187406297
1513.7956748695,417.598806860552,59.9700149925037
1523.73850360428,755.654983842903,59.9700149925037
1546.10986825752,449.913000248571,59.9700149925037
1558.53840417599,422.570221227939,74.9625187406297
1568.48123291076,439.970171513796,74.9625187406297
1570.96694009446,430.027342779021,74.9625187406297
1615.70966940094,755.654983842903,89.9550224887556
1685.30947054437,1854.33755903555,59.9700149925037
1712.652249565,2110.365398956,74.9625187406297
1717.62366393239,2115.33681332339,59.9700149925037
1722.59507829978,959.482972905792,59.9700149925037
1762.36639323888,1300.02485707184,59.9700149925037
1797.16629381059,1300.02485707184,59.9700149925037
1817.05195128014,1093.71116082525,74.9625187406297
1817.05195128014,1173.25379070346,74.9625187406297
2020.87994034303,1672.8809346259,74.9625187406297
2025.85135471042,1630.62391250311,74.9625187406297
2035.79418344519,1677.85234899329,74.9625187406297
2063.13696246582,1675.36664180959,89.9550224887556
2170.02237136465,1093.71116082525,59.9700149925037
2266.96495152871,942.083022619935,59.9700149925037
2271.9363658961,1130.99676858066,74.9625187406297
2271.9363658961,1158.33954760129,74.9625187406297
2274.42207307979,956.997265722098,59.9700149925037
2286.85060899826,939.597315436242,59.9700149925037
2289.33631618195,1145.91101168282,74.9625187406297
2286.85060899826,929.654486701467,59.9700149925037
2306.73626646781,1155.8538404176,74.9625187406297
2428.5359184688,1103.65398956003,59.9700149925037
387.770320656227,1680.33805617698,104.947526236882
395.227442207308,1700.22371364653,89.9550224887556
683.569475515784,2020.87994034303,89.9550224887556
710.912254536416,1861.79468058663,89.9550224887556
748.197862291822,1894.10887397465,74.9625187406297
775.540641312453,1876.70892368879,89.9550224887556
807.854834700472,457.370121799652,74.9625187406297
919.711657966692,1203.08227690778,74.9625187406297
939.597315436242,1866.76609495401,89.9550224887556
956.997265722098,2003.47999005717,89.9550224887556
969.425801640567,1983.59433258762,74.9625187406297
984.340044742729,1976.13721103654,89.9550224887556
1071.33979617201,459.855828983346,74.9625187406297
1275.1677852349,1277.65349241859,89.9550224887556
1290.08202833706,1277.65349241859,89.9550224887556
1327.36763609247,265.970668655232,89.9550224887556
1329.85334327616,278.399204573701,89.9550224887556
1334.82475764355,273.427790206314,74.9625187406297
1401.93885160328,1844.39473030077,74.9625187406297
1508.82426050211,750.683569475516,89.9550224887556
1521.25279642058,743.226447924435,104.947526236882
1551.08128262491,442.455878697489,89.9550224887556
1556.05269699229,442.455878697489,74.9625187406297
1558.53840417599,430.027342779021,74.9625187406297
1561.02411135968,444.941585881183,74.9625187406297
1707.68083519761,2117.82252050708,74.9625187406297
1725.08078548347,2117.82252050708,74.9625187406297
1757.39497887149,1309.96768580661,89.9550224887556
1784.73775789212,1280.13919960229,74.9625187406297
1787.22346507581,1327.36763609247,89.9550224887556
1948.79443201591,882.426050211285,74.9625187406297
1973.65150385285,1073.8255033557,104.947526236882
2035.79418344519,1655.48098434004,74.9625187406297
2053.19413373105,1635.59532687049,89.9550224887556
2058.16554809843,1618.19537658464,89.9550224887556
2070.5940840169,1650.50956997266,89.9550224887556
2177.47949291573,817.797663435247,104.947526236882
355.456127268208,1687.79517772806,104.947526236882
526.969922943077,1130.99676858066,104.947526236882
646.283867760378,1449.16728809346,89.9550224887556
671.140939597315,2008.45140442456,104.947526236882
899.826000497141,1217.99652000994,89.9550224887556
932.14019388516,1836.93760874969,119.940029985007
934.625901068854,1213.02510564256,134.932533733133
934.625901068854,1921.45165299528,119.940029985007
952.02585135471,1941.33731046483,89.9550224887556
959.482972905792,1921.45165299528,104.947526236882
961.968680089485,1981.10862540393,104.947526236882
964.454387273179,1956.25155356699,89.9550224887556
969.425801640567,1163.31096196868,89.9550224887556
1006.71140939597,2035.79418344519,119.940029985007
1006.71140939597,1140.93959731544,89.9550224887556
1029.08277404922,1782.25205070843,134.932533733133
1048.96843151877,1593.3383047477,104.947526236882
1121.05393984589,1769.82351478996,119.940029985007
1198.11086254039,954.511558538404,119.940029985007
1225.45364156102,971.911508824261,119.940029985007
1285.11061396967,1334.82475764355,104.947526236882
1292.56773552076,1297.53914988814,89.9550224887556
1295.05344270445,1337.31046482724,89.9550224887556
1295.05344270445,1292.56773552076,89.9550224887556
1312.45339299031,1349.73900074571,119.940029985007
1324.88192890877,385.284613472533,119.940029985007
1379.56748695004,2132.73676360925,119.940029985007
1508.82426050211,775.540641312453,89.9550224887556
1533.68133233905,773.05493412876,89.9550224887556
1628.13820531941,2107.87969177231,89.9550224887556
1635.59532687049,2125.27964205817,104.947526236882
1643.05244842158,2090.47974148645,104.947526236882
1660.45239870743,2092.96544867015,89.9550224887556
1662.93810589113,2115.33681332339,89.9550224887556
1744.96644295302,536.912751677852,119.940029985007
1956.25155356699,1111.11111111111,89.9550224887556
2040.76559781258,1643.05244842158,89.9550224887556
2055.67984091474,1660.45239870743,89.9550224887556
2224.70792940592,1188.16803380562,119.940029985007
2239.62217250808,1205.56798409147,104.947526236882
2279.39348744718,1200.59656972409,89.9550224887556
497.141436738752,671.140939597315,104.947526236882
509.569972657221,688.540889883172,104.947526236882
514.541387024609,1128.51106139697,119.940029985007
517.027094208302,698.483718617947,104.947526236882
514.541387024609,705.940840169028,104.947526236882
561.76982351479,700.969425801641,104.947526236882
566.741237882178,710.912254536416,104.947526236882
591.598309719115,676.112353964703,119.940029985007
626.398210290828,1869.25180213771,119.940029985007
683.569475515784,1901.56599552573,134.932533733133
705.940840169028,1876.70892368879,104.947526236882
710.912254536416,1891.62316679095,104.947526236882
914.740243599304,1849.36614466816,134.932533733133
984.340044742729,1946.30872483221,119.940029985007
984.340044742729,2038.27989062888,119.940029985007
991.797166293811,323.141933880189,119.940029985007
994.282873477504,1108.62540392742,104.947526236882
1004.22570221228,1946.30872483221,104.947526236882
1009.19711657967,303.256276410639,104.947526236882
1016.65423813075,335.570469798658,119.940029985007
1019.13994531444,1121.05393984589,104.947526236882
1041.51130996769,1772.30922197365,104.947526236882
1048.96843151877,1797.16629381059,134.932533733133
1061.39696743724,1762.36639323888,119.940029985007
1096.19686800895,1787.22346507581,134.932533733133
1121.05393984589,1794.6805866269,104.947526236882
1138.45389013174,773.05493412876,104.947526236882
1163.31096196868,2033.3084762615,119.940029985007
1302.51056425553,422.570221227939,104.947526236882
1304.99627143922,360.427541635595,134.932533733133
1352.22470792941,422.570221227939,119.940029985007
1466.56723837932,1767.33780760626,104.947526236882
1518.76708923689,763.112105393985,104.947526236882
1563.50981854338,2058.16554809843,134.932533733133
1573.45264727815,2040.76559781258,134.932533733133
1595.82401193139,2107.87969177231,119.940029985007
1648.02386278896,2102.90827740492,119.940029985007
1744.96644295302,700.969425801641,119.940029985007
1752.4235645041,710.912254536416,104.947526236882
1844.39473030077,787.969177230922,104.947526236882
1881.68033805618,812.82624906786,104.947526236882
1891.62316679095,763.112105393985,104.947526236882
1911.5088242605,805.369127516779,104.947526236882
1943.82301764852,1093.71116082525,104.947526236882
1961.22296793438,817.797663435247,149.925037481259
1993.5371613224,1066.36838180462,104.947526236882
2005.96569724086,1048.96843151877,134.932533733133
2028.33706189411,1662.93810589113,104.947526236882
2053.19413373105,1625.65249813572,104.947526236882
2063.13696246582,1648.02386278896,104.947526236882
2187.42232165051,852.59756400696,119.940029985007
2266.96495152871,1190.65374098931,104.947526236882
517.027094208302,1116.0825254785,134.932533733133
519.512801391996,708.426547352722,119.940029985007
549.341287596321,723.340790454884,134.932533733133
571.712652249565,663.683818046234,119.940029985007
608.998260004971,1881.68033805618,119.940029985007
616.455381556053,2060.65125528213,119.940029985007
628.883917474521,2058.16554809843,134.932533733133
892.36887894606,1193.13944817301,119.940029985007
917.225950782998,1881.68033805618,134.932533733133
966.940094456873,2239.62217250808,119.940029985007
984.340044742729,1222.96793437733,134.932533733133
981.854337559036,1195.6251553567,134.932533733133
1001.73999502859,1200.59656972409,149.925037481259
1026.59706686552,1762.36639323888,134.932533733133
1026.59706686552,2152.6224210788,134.932533733133
1068.85408898832,1777.28063634104,134.932533733133
1173.25379070346,2013.42281879195,134.932533733133
1178.22520507084,2043.25130499627,134.932533733133
1225.45364156102,944.568729803629,119.940029985007
1240.36788466319,956.997265722098,119.940029985007
1287.59632115337,427.541635595327,134.932533733133
1292.56773552076,355.456127268208,134.932533733133
1424.31021625653,2117.82252050708,134.932533733133
1439.22445935869,2140.19388516033,134.932533733133
1464.08153119563,1809.59482972906,149.925037481259
1615.70966940094,2127.76534924186,119.940029985007
1759.88068605518,695.998011434253,119.940029985007
1762.36639323888,700.969425801641,119.940029985007
1812.08053691275,2142.67959234402,134.932533733133
1876.70892368879,790.454884414616,119.940029985007
1891.62316679095,755.654983842903,134.932533733133
1933.88018891375,782.997762863535,134.932533733133
1953.7658463833,1058.91126025354,119.940029985007
1953.7658463833,1103.65398956003,119.940029985007
1981.10862540393,778.026348496147,149.925037481259
2311.7076808352,1334.82475764355,134.932533733133
2311.7076808352,1354.7104151131,134.932533733133
395.227442207308,1697.73800646284,134.932533733133
529.455630126771,1111.11111111111,134.932533733133
606.512552821278,1727.56649266716,164.917541229385
745.712155108128,1349.73900074571,164.917541229385
815.311956251554,2204.82227193637,164.917541229385
847.626149639573,2192.3937360179,134.932533733133
919.711657966692,1911.5088242605,134.932533733133
924.683072334079,1822.02336564753,164.917541229385
944.568729803629,1255.28212776535,149.925037481259
954.511558538404,1846.88043748446,149.925037481259
944.568729803629,1889.13745960726,134.932533733133
942.083022619935,1814.56624409645,149.925037481259
952.02585135471,1222.96793437733,134.932533733133
954.511558538404,1208.05369127517,134.932533733133
971.911508824261,1237.88217747949,149.925037481259
976.882923191648,2018.39423315933,134.932533733133
976.882923191648,1809.59482972906,149.925037481259
979.368630375342,1834.451901566,149.925037481259
1014.16853094705,1188.16803380562,149.925037481259
1024.11135968183,308.227690778026,134.932533733133
1061.39696743724,2194.87944320159,149.925037481259
1083.76833209048,2199.85085756898,149.925037481259
1091.22545364156,1772.30922197365,134.932533733133
1138.45389013174,2028.33706189411,134.932533733133
1135.96818294805,2043.25130499627,134.932533733133
1178.22520507084,2075.56549838429,134.932533733133
1185.68232662192,2063.13696246582,134.932533733133
1183.19661943823,2070.5940840169,134.932533733133
1185.68232662192,2331.59333830475,149.925037481259
1247.82500621427,2388.7646035297,134.932533733133
1260.25354213274,2416.10738255034,134.932533733133
1302.51056425553,415.113099676858,149.925037481259
1309.96768580661,430.027342779021,134.932533733133
1409.39597315436,2122.79393487447,134.932533733133
1431.76733780761,1797.16629381059,149.925037481259
1444.19587372608,2105.39398458862,149.925037481259
1459.11011682824,1767.33780760626,149.925037481259
1469.05294556301,1757.39497887149,149.925037481259
1478.99577429779,1764.85210042257,134.932533733133
1533.68133233905,1956.25155356699,149.925037481259
1546.10986825752,1921.45165299528,149.925037481259
1605.76684066617,2120.30822769078,134.932533733133
1812.08053691275,2184.93661446682,149.925037481259
1826.99478001491,2187.42232165051,134.932533733133
1978.62291822023,807.854834700472,134.932533733133
2244.59358687547,956.997265722098,149.925037481259
2259.50782997763,753.16927665921,149.925037481259
2257.02212279394,961.968680089485,134.932533733133
2264.47924434502,971.911508824261,164.917541229385
2326.62192393736,1369.62465821526,149.925037481259
236.142182450907,1406.91026597067,164.917541229385
243.599304001989,1404.42455878698,149.925037481259
256.027839920457,1396.96743723589,164.917541229385
293.313447675864,1396.96743723589,164.917541229385
328.113348247576,1280.13919960229,164.917541229385
350.48471290082,1297.53914988814,179.910044977511
380.313199105145,1270.19637086751,194.902548725637
422.570221227939,1364.65324384787,179.910044977511
430.027342779021,569.226945065871,179.910044977511
474.770072085508,1178.22520507084,149.925037481259
574.198359433259,1961.22296793438,164.917541229385
631.369624658215,2000.99428287348,164.917541229385
631.369624658215,2050.70842654735,149.925037481259
633.855331841909,2063.13696246582,149.925037481259
638.826746209297,2055.67984091474,149.925037481259
775.540641312453,1349.73900074571,164.917541229385
884.911757394979,1300.02485707184,179.910044977511
922.197365150385,1190.65374098931,149.925037481259
922.197365150385,1859.30897340293,149.925037481259
929.654486701467,1896.59458115834,149.925037481259
937.111608252548,1861.79468058663,149.925037481259
984.340044742729,1856.82326621924,149.925037481259
1068.85408898832,2229.6793437733,164.917541229385
1066.36838180462,422.570221227939,179.910044977511
1073.8255033557,1809.59482972906,164.917541229385
1083.76833209048,1804.62341536167,164.917541229385
1093.71116082525,1884.16604523987,164.917541229385
1133.48247576436,2366.39323887646,164.917541229385
1168.28237633607,2063.13696246582,149.925037481259
1180.71091225454,2361.42182450907,164.917541229385
1190.65374098931,2361.42182450907,149.925037481259
1222.96793437733,2356.45041014169,164.917541229385
1242.85359184688,270.94208302262,149.925037481259
1252.79642058166,2336.56475267214,164.917541229385
1270.19637086751,2391.2503107134,149.925037481259
1272.68207805121,355.456127268208,149.925037481259
1272.68207805121,439.970171513796,164.917541229385
1277.65349241859,2376.33606761124,164.917541229385
1312.45339299031,437.484464330102,149.925037481259
1411.88168033806,1804.62341536167,164.917541229385
1416.85309470544,1772.30922197365,164.917541229385
1439.22445935869,2182.45090728312,164.917541229385
1439.22445935869,1812.08053691275,149.925037481259
1459.11011682824,2192.3937360179,179.910044977511
1526.22421078797,1916.48023862789,149.925037481259
1822.02336564753,2182.45090728312,149.925037481259
2083.02261993537,1178.22520507084,164.917541229385
2105.39398458862,1158.33954760129,164.917541229385
2187.42232165051,932.14019388516,149.925037481259
2378.82177479493,1411.88168033806,164.917541229385
275.913497390007,1359.68182948049,194.902548725637
325.627641063883,1297.53914988814,179.910044977511
347.999005717127,1275.1677852349,164.917541229385
360.427541635595,1277.65349241859,164.917541229385
417.598806860552,1347.25329356202,164.917541229385
420.084514044246,551.826994780015,164.917541229385
425.055928411633,1337.31046482724,164.917541229385
434.998757146408,579.169773800646,164.917541229385
439.970171513796,539.398458861546,194.902548725637
452.398707432264,1374.59607258265,194.902548725637
454.884414615958,1329.85334327616,179.910044977511
462.34153616704,1359.68182948049,164.917541229385
479.741486452896,1387.02460850112,164.917541229385
546.855580412627,728.312204822272,164.917541229385
648.769574944072,1633.1096196868,179.910044977511
745.712155108128,1580.90976882923,164.917541229385
815.311956251554,1414.36738752175,179.910044977511
805.369127516779,2199.85085756898,164.917541229385
820.283370618941,1551.08128262491,179.910044977511
847.626149639573,1292.56773552076,179.910044977511
850.111856823266,2187.42232165051,164.917541229385
917.225950782998,1230.42505592841,164.917541229385
927.168779517773,1262.73924931643,164.917541229385
942.083022619935,1270.19637086751,164.917541229385
979.368630375342,1789.70917225951,164.917541229385
981.854337559036,1250.31071339796,164.917541229385
1036.5398956003,1817.05195128014,194.902548725637
1024.11135968183,1213.02510564256,164.917541229385
1031.56848123291,1846.88043748446,194.902548725637
1043.99701715138,1918.96594581158,179.910044977511
1041.51130996769,437.484464330102,179.910044977511
1056.42555306985,449.913000248571,164.917541229385
1068.85408898832,1916.48023862789,194.902548725637
1076.3112105394,1896.59458115834,179.910044977511
1081.28262490679,447.427293064877,179.910044977511
1086.25403927417,1909.02311707681,164.917541229385
1096.19686800895,1869.25180213771,194.902548725637
1108.62540392742,1921.45165299528,209.895052473763
1135.96818294805,387.770320656227,164.917541229385
1140.93959731544,2358.93611732538,179.910044977511
1168.28237633607,2329.10763112105,179.910044977511
1237.88217747949,345.513298533433,164.917541229385
1272.68207805121,2358.93611732538,179.910044977511
1270.19637086751,310.71339796172,164.917541229385
1280.13919960229,2344.02187422322,179.910044977511
1277.65349241859,1225.45364156102,179.910044977511
1282.62490678598,2388.7646035297,179.910044977511
1290.08202833706,1250.31071339796,194.902548725637
1297.53914988814,2383.79318916232,179.910044977511
1359.68182948049,1804.62341536167,179.910044977511
1384.53890131742,1772.30922197365,164.917541229385
1396.96743723589,1762.36639323888,179.910044977511
1396.96743723589,1802.13770817798,179.910044977511
1429.28163062391,2120.30822769078,164.917541229385
1436.73875217499,1764.85210042257,164.917541229385
1478.99577429779,1757.39497887149,164.917541229385
1817.05195128014,1491.42431021626,179.910044977511
1829.48048719861,1546.10986825752,179.910044977511
1839.42331593338,606.512552821278,179.910044977511
1849.36614466816,1558.53840417599,194.902548725637
1881.68033805618,2102.90827740492,164.917541229385
1988.56574695501,1685.30947054437,179.910044977511
2078.05120556798,1165.79666915237,164.917541229385
2075.56549838429,1175.73949788715,164.917541229385
2097.93686303753,1175.73949788715,164.917541229385
2107.87969177231,1188.16803380562,179.910044977511
2110.365398956,912.25453641561,164.917541229385
2204.82227193637,1449.16728809346,194.902548725637
2242.10787969177,944.568729803629,164.917541229385
2334.07904548844,1461.59582401193,179.910044977511
256.027839920457,1344.76758637832,194.902548725637
263.484961471539,1347.25329356202,194.902548725637
275.913497390007,1384.53890131742,194.902548725637
410.141685309471,561.76982351479,179.910044977511
417.598806860552,579.169773800646,179.910044977511
449.913000248571,559.284116331096,194.902548725637
477.255779269202,986.825751926423,179.910044977511
482.22719363659,1009.19711657967,179.910044977511
653.740989311459,1996.02286850609,194.902548725637
820.283370618941,1394.4817300522,179.910044977511
884.911757394979,1314.939100174,194.902548725637
899.826000497141,1247.82500621427,179.910044977511
909.768829231916,1260.25354213274,194.902548725637
932.14019388516,1822.02336564753,179.910044977511
942.083022619935,1824.50907283122,179.910044977511
991.797166293811,2172.50807854835,179.910044977511
1053.93984588615,1901.56599552573,179.910044977511
1061.39696743724,2184.93661446682,179.910044977511
1081.28262490679,427.541635595327,179.910044977511
1093.71116082525,1936.36589609744,194.902548725637
1128.51106139697,1692.76659209545,179.910044977511
1193.13944817301,459.855828983346,209.895052473763
1198.11086254039,400.198856574696,194.902548725637
1195.6251553567,2321.65050956997,179.910044977511
1205.56798409147,1389.51031568481,179.910044977511
1215.51081282625,1252.79642058166,194.902548725637
1240.36788466319,1242.85359184688,194.902548725637
1242.85359184688,2331.59333830475,194.902548725637
1245.33929903057,1705.19512801392,179.910044977511
1245.33929903057,343.027591349739,179.910044977511
1290.08202833706,1270.19637086751,194.902548725637
1295.05344270445,2391.2503107134,179.910044977511
1317.42480735769,2368.87894606015,179.910044977511
1329.85334327616,2351.4789957743,194.902548725637
1337.31046482724,2366.39323887646,179.910044977511
1352.22470792941,1792.1948794432,179.910044977511
1359.68182948049,1782.25205070843,179.910044977511
1359.68182948049,1794.6805866269,179.910044977511
1374.59607258265,1812.08053691275,179.910044977511
1374.59607258265,1777.28063634104,179.910044977511
1399.45314441959,1782.25205070843,179.910044977511
1411.88168033806,1762.36639323888,179.910044977511
1802.13770817798,1498.88143176734,194.902548725637
1807.10912254536,1533.68133233905,179.910044977511
1831.9661943823,1889.13745960726,179.910044977511
1836.93760874969,1884.16604523987,179.910044977511
1861.79468058663,1543.62416107383,179.910044977511
1899.08028834203,1158.33954760129,194.902548725637
1971.16579666915,1638.08103405419,179.910044977511
1976.13721103654,1690.28088491176,179.910044977511
2102.90827740492,1829.48048719861,209.895052473763
2339.05045985583,1329.85334327616,179.910044977511
2341.53616703952,1334.82475764355,179.910044977511
360.427541635595,715.883668903803,224.887556221889
372.856077554064,569.226945065871,209.895052473763
402.684563758389,539.398458861546,209.895052473763
407.655978125777,1439.22445935869,209.895052473763
410.141685309471,581.65548098434,194.902548725637
410.141685309471,549.341287596321,194.902548725637
417.598806860552,1344.76758637832,209.895052473763
425.055928411633,1334.82475764355,209.895052473763
442.455878697489,586.626895351728,209.895052473763
494.655729555058,1374.59607258265,209.895052473763
594.084016902809,1981.10862540393,209.895052473763
608.998260004971,1988.56574695501,194.902548725637
651.255282127765,790.454884414616,209.895052473763
653.740989311459,805.369127516779,194.902548725637
656.226696495153,800.397713149391,194.902548725637
678.598061148397,1493.91001739995,209.895052473763
688.540889883172,765.597812577678,209.895052473763
807.854834700472,673.626646781009,224.887556221889
882.426050211285,1260.25354213274,194.902548725637
974.397216007954,2197.36515038528,194.902548725637
979.368630375342,2199.85085756898,194.902548725637
1009.19711657967,1237.88217747949,209.895052473763
1051.45413870246,1876.70892368879,224.887556221889
1101.16828237634,2254.53641561024,194.902548725637
1150.88242605021,1282.62490678598,209.895052473763
1155.8538404176,427.541635595327,209.895052473763
1170.76808351976,400.198856574696,194.902548725637
1190.65374098931,489.684315187671,209.895052473763
1188.16803380562,444.941585881183,194.902548725637
1217.99652000994,2068.10837683321,194.902548725637
1237.88217747949,2381.30748197862,194.902548725637
1237.88217747949,1267.71066368382,194.902548725637
1240.36788466319,2376.33606761124,194.902548725637
1287.59632115337,2383.79318916232,194.902548725637
1300.02485707184,2371.36465324385,194.902548725637
1302.51056425553,2361.42182450907,194.902548725637
1317.42480735769,2344.02187422322,194.902548725637
1531.19562515536,1948.79443201591,194.902548725637
1690.28088491176,1998.50857568978,194.902548725637
1799.65200099428,1620.68108376833,194.902548725637
1807.10912254536,1618.19537658464,194.902548725637
1809.59482972906,1640.56674123788,194.902548725637
1817.05195128014,1568.48123291076,194.902548725637
1824.50907283122,1523.73850360428,209.895052473763
1831.9661943823,1533.68133233905,194.902548725637
1834.451901566,1518.76708923689,194.902548725637
1906.53740989311,2043.25130499627,224.887556221889
2058.16554809843,1737.50932140194,209.895052473763
2078.05120556798,1715.13795674869,209.895052473763
2112.8511061397,1841.90902311708,194.902548725637
2112.8511061397,1846.88043748446,194.902548725637
2150.1367138951,1846.88043748446,209.895052473763
2189.9080288342,1441.71016654238,194.902548725637
2264.47924434502,961.968680089485,194.902548725637
2346.50758140691,1362.16753666418,209.895052473763
2351.4789957743,1394.4817300522,194.902548725637
2376.33606761124,1379.56748695004,209.895052473763
253.542132736764,1252.79642058166,224.887556221889
295.799154859558,1342.28187919463,224.887556221889
298.284862043251,1307.48197862292,224.887556221889
300.770569226945,1347.25329356202,209.895052473763
310.71339796172,1374.59607258265,224.887556221889
305.741983594333,1344.76758637832,209.895052473763
303.256276410639,1332.33905045986,239.880059970015
347.999005717127,691.026597066866,209.895052473763
352.970420084514,1357.19612229679,224.887556221889
365.398956002983,534.427044494159,239.880059970015
367.884663186677,1339.79617201094,224.887556221889
397.713149391002,740.740740740741,239.880059970015
400.198856574696,556.798409147402,209.895052473763
417.598806860552,529.455630126771,209.895052473763
417.598806860552,564.255530698484,209.895052473763
422.570221227939,584.141188168034,224.887556221889
427.541635595327,693.512304250559,224.887556221889
452.398707432264,1332.33905045986,209.895052473763
459.855828983346,1334.82475764355,209.895052473763
469.798657718121,1352.22470792941,209.895052473763
477.255779269202,1389.51031568481,209.895052473763
492.170022371365,671.140939597315,239.880059970015
631.369624658215,1953.7658463833,209.895052473763
638.826746209297,2025.85135471042,209.895052473763
648.769574944072,810.340541884166,209.895052473763
676.112353964703,810.340541884166,209.895052473763
700.969425801641,1474.0243599304,224.887556221889
710.912254536416,1242.85359184688,224.887556221889
710.912254536416,1260.25354213274,209.895052473763
718.369376087497,1270.19637086751,209.895052473763
720.855083271191,1493.91001739995,209.895052473763
730.797912005966,1240.36788466319,209.895052473763
735.769326373353,1242.85359184688,209.895052473763
738.255033557047,1603.28113348248,224.887556221889
745.712155108128,1998.50857568978,209.895052473763
745.712155108128,1993.5371613224,209.895052473763
860.054685558041,1230.42505592841,224.887556221889
924.683072334079,2174.99378573204,224.887556221889
942.083022619935,2212.27939348745,209.895052473763
947.054436987323,2197.36515038528,224.887556221889
1029.08277404922,1245.33929903057,209.895052473763
1068.85408898832,1881.68033805618,209.895052473763
1138.45389013174,1272.68207805121,209.895052473763
1178.22520507084,2418.59308973403,209.895052473763
1180.71091225454,422.570221227939,209.895052473763
1203.08227690778,512.055679840915,209.895052473763
1213.02510564256,517.027094208302,224.887556221889
1215.51081282625,2005.96569724086,209.895052473763
1220.48222719364,2010.93711160825,209.895052473763
1222.96793437733,499.627143922446,224.887556221889
1222.96793437733,1290.08202833706,224.887556221889
1232.91076311211,2005.96569724086,209.895052473763
1232.91076311211,2028.33706189411,209.895052473763
1240.36788466319,2314.19338801889,209.895052473763
1272.68207805121,1232.91076311211,209.895052473763
1282.62490678598,1275.1677852349,209.895052473763
1280.13919960229,2386.27889634601,224.887556221889
1302.51056425553,2033.3084762615,224.887556221889
1329.85334327616,2366.39323887646,209.895052473763
1352.22470792941,338.056176982351,239.880059970015
1359.68182948049,1551.08128262491,224.887556221889
1391.99602286851,1774.79492915735,209.895052473763
1409.39597315436,2194.87944320159,209.895052473763
1411.88168033806,2170.02237136465,224.887556221889
1451.65299527716,2217.25080785483,209.895052473763
1461.59582401193,2199.85085756898,209.895052473763
1466.56723837932,1953.7658463833,209.895052473763
1474.0243599304,544.369873228934,209.895052473763
1501.36713895103,546.855580412627,224.887556221889
1682.82376336068,2003.47999005717,209.895052473763
1802.13770817798,1556.05269699229,209.895052473763
1804.62341536167,1648.02386278896,209.895052473763
1804.62341536167,1652.99527715635,209.895052473763
1824.50907283122,1541.13845389013,209.895052473763
1826.99478001491,1575.93835446184,209.895052473763
1874.2232165051,2023.36564752672,224.887556221889
1876.70892368879,2100.42257022123,224.887556221889
1884.16604523987,2035.79418344519,224.887556221889
1886.65175242356,1993.5371613224,224.887556221889
2060.65125528213,1836.93760874969,224.887556221889
2063.13696246582,1715.13795674869,224.887556221889
2073.0797912006,1757.39497887149,239.880059970015
2085.50832711907,1732.53790703455,254.872563718141
2085.50832711907,1799.65200099428,254.872563718141
2107.87969177231,1531.19562515536,209.895052473763
2110.365398956,1851.85185185185,209.895052473763
2117.82252050708,860.054685558041,224.887556221889
2127.76534924186,822.769077802635,224.887556221889
2140.19388516033,1538.65274670644,224.887556221889
2152.6224210788,889.883171762366,224.887556221889
2167.53666418096,1508.82426050211,224.887556221889
2179.96520009943,865.026099925429,224.887556221889
2187.42232165051,787.969177230922,224.887556221889
2324.13621675367,1469.05294556301,209.895052473763
2336.56475267214,1339.79617201094,224.887556221889
2344.02187422322,1401.93885160328,209.895052473763
2346.50758140691,1379.56748695004,224.887556221889
2366.39323887646,1364.65324384787,209.895052473763
2373.85036042754,1416.85309470544,224.887556221889
2381.30748197862,1414.36738752175,209.895052473763
253.542132736764,1277.65349241859,224.887556221889
275.913497390007,1277.65349241859,239.880059970015
285.856326124783,1153.36813323391,239.880059970015
300.770569226945,1282.62490678598,224.887556221889
310.71339796172,1307.48197862292,224.887556221889
352.970420084514,554.312701963709,224.887556221889
362.913248819289,1327.36763609247,239.880059970015
365.398956002983,521.99850857569,224.887556221889
397.713149391002,718.369376087497,239.880059970015
402.684563758389,686.055182699478,239.880059970015
427.541635595327,509.569972657221,239.880059970015
454.884414615958,693.512304250559,224.887556221889
447.427293064877,768.083519761372,284.857571214393
459.855828983346,753.16927665921,224.887556221889
457.370121799652,720.855083271191,284.857571214393
484.712900820283,688.540889883172,239.880059970015
507.084265473527,683.569475515784,239.880059970015
564.255530698484,494.655729555058,224.887556221889
566.741237882178,509.569972657221,224.887556221889
601.54113845389,1943.82301764852,239.880059970015
636.341039025603,1936.36589609744,239.880059970015
646.283867760378,300.770569226945,239.880059970015
666.169525229928,300.770569226945,224.887556221889
673.626646781009,325.627641063883,224.887556221889
691.026597066866,835.197613721104,254.872563718141
688.540889883172,315.684812329108,239.880059970015
681.08376833209,862.540392741735,254.872563718141
695.998011434253,412.627392493164,239.880059970015
686.055182699478,845.140442455879,224.887556221889
693.512304250559,802.883420333085,239.880059970015
691.026597066866,425.055928411633,239.880059970015
703.455132985334,439.970171513796,224.887556221889
705.940840169028,1516.28138205319,224.887556221889
718.369376087497,1506.33855331842,224.887556221889
738.255033557047,517.027094208302,239.880059970015
748.197862291822,1628.13820531941,254.872563718141
763.112105393985,1640.56674123788,239.880059970015
825.254784986329,668.655232413622,224.887556221889
845.140442455879,1232.91076311211,239.880059970015
879.940343027591,922.197365150385,224.887556221889
907.283122048223,1508.82426050211,254.872563718141
952.02585135471,2207.30797912006,224.887556221889
1006.71140939597,1570.96694009446,239.880059970015
1014.16853094705,1829.48048719861,239.880059970015
1026.59706686552,1864.28038777032,224.887556221889
1158.33954760129,2416.10738255034,224.887556221889
1165.79666915237,2406.16455381556,224.887556221889
1242.85359184688,1247.82500621427,224.887556221889
1267.71066368382,2023.36564752672,224.887556221889
1267.71066368382,2055.67984091474,224.887556221889
1275.1677852349,2050.70842654735,239.880059970015
1282.62490678598,2060.65125528213,239.880059970015
1280.13919960229,2018.39423315933,224.887556221889
1290.08202833706,2013.42281879195,239.880059970015
1290.08202833706,300.770569226945,224.887556221889
1295.05344270445,295.799154859558,224.887556221889
1319.91051454139,407.655978125777,224.887556221889
1334.82475764355,310.71339796172,224.887556221889
1382.05319413373,382.798906288839,224.887556221889
1391.99602286851,377.827491921452,254.872563718141
1439.22445935869,397.713149391002,254.872563718141
1471.53865274671,529.455630126771,224.887556221889
1493.91001739995,1928.90877454636,254.872563718141
1491.42431021626,529.455630126771,224.887556221889
1677.85234899329,2055.67984091474,239.880059970015
1687.79517772806,2107.87969177231,239.880059970015
1854.33755903555,2033.3084762615,239.880059970015
1928.90877454636,1998.50857568978,239.880059970015
2080.53691275168,1844.39473030077,254.872563718141
2087.99403430276,1707.68083519761,239.880059970015
2092.96544867015,1799.65200099428,224.887556221889
2102.90827740492,1526.22421078797,224.887556221889
2115.33681332339,1799.65200099428,224.887556221889
2137.70817797663,1812.08053691275,224.887556221889
2165.05095699727,1921.45165299528,224.887556221889
2177.47949291573,1382.05319413373,254.872563718141
2192.3937360179,812.82624906786,224.887556221889
2202.33656475267,792.94059159831,224.887556221889
275.913497390007,1240.36788466319,254.872563718141
293.313447675864,1352.22470792941,239.880059970015
300.770569226945,1265.22495650012,254.872563718141
323.141933880189,1349.73900074571,239.880059970015
328.113348247576,1332.33905045986,239.880059970015
333.084762614964,1369.62465821526,269.865067466267
335.570469798658,551.826994780015,254.872563718141
362.913248819289,581.65548098434,254.872563718141
352.970420084514,1068.85408898832,254.872563718141
370.37037037037,1039.02560278399,254.872563718141
377.827491921452,517.027094208302,254.872563718141
422.570221227939,678.598061148397,239.880059970015
420.084514044246,1565.99552572707,269.865067466267
494.655729555058,691.026597066866,239.880059970015
539.398458861546,561.76982351479,284.857571214393
618.941088739746,1943.82301764852,239.880059970015
631.369624658215,1287.59632115337,254.872563718141
668.655232413622,855.083271190654,254.872563718141
673.626646781009,1968.68008948546,254.872563718141
686.055182699478,825.254784986329,239.880059970015
708.426547352722,860.054685558041,269.865067466267
703.455132985334,775.540641312453,254.872563718141
705.940840169028,800.397713149391,239.880059970015
822.769077802635,678.598061148397,239.880059970015
884.911757394979,1511.30996768581,254.872563718141
922.197365150385,865.026099925429,254.872563718141
974.397216007954,355.456127268208,254.872563718141
994.282873477504,912.25453641561,269.865067466267
1009.19711657967,1538.65274670644,239.880059970015
1006.71140939597,924.683072334079,269.865067466267
1016.65423813075,1575.93835446184,254.872563718141
1029.08277404922,1575.93835446184,239.880059970015
1034.0541884166,1561.02411135968,254.872563718141
1061.39696743724,1841.90902311708,239.880059970015
1265.22495650012,2038.27989062888,239.880059970015
1342.28187919463,1615.70966940094,239.880059970015
1342.28187919463,402.684563758389,254.872563718141
1362.16753666418,1561.02411135968,239.880059970015
1364.65324384787,1516.28138205319,239.880059970015
1379.56748695004,352.970420084514,239.880059970015
1409.39597315436,226.199353716132,239.880059970015
1414.36738752175,213.770817797663,239.880059970015
1469.05294556301,1951.2801391996,254.872563718141
1578.42406164554,1454.13870246085,239.880059970015
1575.93835446184,1536.16703952274,239.880059970015
1613.22396221725,1486.45289584887,239.880059970015
1628.13820531941,1526.22421078797,269.865067466267
1630.62391250311,2075.56549838429,239.880059970015
1640.56674123788,1633.1096196868,239.880059970015
1633.1096196868,1665.42381307482,254.872563718141
1635.59532687049,1645.53815560527,239.880059970015
1645.53815560527,1501.36713895103,254.872563718141
1660.45239870743,1993.5371613224,239.880059970015
1670.39522744221,1998.50857568978,239.880059970015
1692.76659209545,2033.3084762615,239.880059970015
1864.28038777032,2030.8227690778,239.880059970015
1911.5088242605,1973.65150385285,254.872563718141
1923.93736017897,1986.08003977131,239.880059970015
1928.90877454636,1143.42530449913,239.880059970015
1946.30872483221,1143.42530449913,269.865067466267
2095.45115585384,1749.93785732041,239.880059970015
2097.93686303753,1784.73775789212,239.880059970015
2102.90827740492,1864.28038777032,254.872563718141
2100.42257022123,1787.22346507581,239.880059970015
2110.365398956,830.226199353716,239.880059970015
2112.8511061397,1541.13845389013,239.880059970015
2117.82252050708,1528.70991797166,239.880059970015
2130.25105642555,1794.6805866269,239.880059970015
2137.70817797663,1757.39497887149,269.865067466267
2137.70817797663,1779.76634352473,239.880059970015
2137.70817797663,1799.65200099428,239.880059970015
2142.67959234402,1789.70917225951,239.880059970015
2179.96520009943,1364.65324384787,254.872563718141
2179.96520009943,1759.88068605518,239.880059970015
2192.3937360179,1739.99502858563,254.872563718141
2194.87944320159,1764.85210042257,269.865067466267
2194.87944320159,850.111856823266,239.880059970015
2371.36465324385,1357.19612229679,239.880059970015
2376.33606761124,1359.68182948049,239.880059970015
300.770569226945,1352.22470792941,254.872563718141
305.741983594333,1309.96768580661,254.872563718141
345.513298533433,673.626646781009,254.872563718141
417.598806860552,1588.36689038031,269.865067466267
437.484464330102,723.340790454884,254.872563718141
454.884414615958,529.455630126771,254.872563718141
474.770072085508,710.912254536416,269.865067466267
479.741486452896,730.797912005966,269.865067466267
497.141436738752,705.940840169028,269.865067466267
499.627143922446,730.797912005966,269.865067466267
519.512801391996,695.998011434253,254.872563718141
519.512801391996,1732.53790703455,299.850074962519
529.455630126771,656.226696495153,269.865067466267
529.455630126771,1685.30947054437,254.872563718141
561.76982351479,1722.59507829978,269.865067466267
591.598309719115,499.627143922446,254.872563718141
596.569724086503,1978.62291822023,254.872563718141
688.540889883172,1901.56599552573,269.865067466267
688.540889883172,820.283370618941,254.872563718141
718.369376087497,842.654735272185,254.872563718141
733.283619189659,802.883420333085,254.872563718141
743.226447924435,996.768580661198,254.872563718141
800.397713149391,1941.33731046483,284.857571214393
830.226199353716,1958.73726075068,269.865067466267
842.654735272185,1913.9945314442,269.865067466267
862.540392741735,1518.76708923689,254.872563718141
894.854586129754,1496.39572458364,254.872563718141
902.311707680835,1449.16728809346,254.872563718141
979.368630375342,929.654486701467,269.865067466267
981.854337559036,981.854337559036,284.857571214393
984.340044742729,942.083022619935,269.865067466267
1158.33954760129,822.769077802635,254.872563718141
1200.59656972409,1429.28163062391,299.850074962519
1235.3964702958,1382.05319413373,269.865067466267
1232.91076311211,1359.68182948049,269.865067466267
1270.19637086751,909.768829231916,254.872563718141
1275.1677852349,236.142182450907,269.865067466267
1302.51056425553,959.482972905792,254.872563718141
1319.91051454139,944.568729803629,269.865067466267
1347.25329356202,357.941834451902,254.872563718141
1349.73900074571,444.941585881183,269.865067466267
1347.25329356202,422.570221227939,269.865067466267
1357.19612229679,1506.33855331842,284.857571214393
1377.08177976634,1613.22396221725,269.865067466267
1379.56748695004,1526.22421078797,269.865067466267
1379.56748695004,300.770569226945,254.872563718141
1384.53890131742,1553.5669898086,269.865067466267
1379.56748695004,253.542132736764,269.865067466267
1387.02460850112,295.799154859558,254.872563718141
1389.51031568481,308.227690778026,254.872563718141
1391.99602286851,285.856326124783,284.857571214393
1394.4817300522,226.199353716132,269.865067466267
1399.45314441959,1613.22396221725,269.865067466267
1396.96743723589,1518.76708923689,269.865067466267
1399.45314441959,1536.16703952274,269.865067466267
1399.45314441959,410.141685309471,269.865067466267
1401.93885160328,211.28511061397,254.872563718141
1406.91026597067,308.227690778026,254.872563718141
1409.39597315436,400.198856574696,269.865067466267
1414.36738752175,1563.50981854338,254.872563718141
1431.76733780761,196.370867511807,269.865067466267
1476.51006711409,335.570469798658,254.872563718141
1481.48148148148,1481.48148148148,254.872563718141
1608.25254784986,2058.16554809843,269.865067466267
1640.56674123788,2018.39423315933,254.872563718141
1640.56674123788,2035.79418344519,254.872563718141
1648.02386278896,1528.70991797166,254.872563718141
1648.02386278896,1667.90952025851,254.872563718141
1652.99527715635,1657.96669152374,254.872563718141
1652.99527715635,1665.42381307482,254.872563718141
1655.48098434004,2048.22271936366,269.865067466267
1665.42381307482,2085.50832711907,269.865067466267
1787.22346507581,1153.36813323391,254.872563718141
1802.13770817798,1163.31096196868,254.872563718141
1859.30897340293,2214.76510067114,254.872563718141
1876.70892368879,2035.79418344519,254.872563718141
2068.10837683321,1826.99478001491,254.872563718141
2085.50832711907,817.797663435247,269.865067466267
2100.42257022123,832.71190653741,254.872563718141
2107.87969177231,1762.36639323888,254.872563718141
2117.82252050708,1784.73775789212,254.872563718141
2115.33681332339,1749.93785732041,254.872563718141
2127.76534924186,1871.7375093214,269.865067466267
2192.3937360179,1812.08053691275,254.872563718141
265.970668655232,1309.96768580661,269.865067466267
263.484961471539,1332.33905045986,284.857571214393
280.884911757395,1307.48197862292,269.865067466267
303.256276410639,1160.82525478499,269.865067466267
325.627641063883,1247.82500621427,269.865067466267
338.056176982351,1250.31071339796,284.857571214393
415.113099676858,745.712155108128,284.857571214393
437.484464330102,748.197862291822,269.865067466267
499.627143922446,653.740989311459,284.857571214393
502.11285110614,795.426298782004,284.857571214393
504.598558289833,718.369376087497,269.865067466267
509.569972657221,628.883917474521,299.850074962519
509.569972657221,780.512055679841,284.857571214393
517.027094208302,623.912503107134,269.865067466267
521.99850857569,539.398458861546,284.857571214393
531.941337310465,710.912254536416,269.865067466267
541.88416604524,512.055679840915,284.857571214393
546.855580412627,1725.08078548347,299.850074962519
561.76982351479,494.655729555058,284.857571214393
569.226945065871,566.741237882178,269.865067466267
574.198359433259,1717.62366393239,284.857571214393
584.141188168034,1720.10937111608,269.865067466267
589.112602535421,482.22719363659,269.865067466267
599.055431270196,1309.96768580661,299.850074962519
638.826746209297,1834.451901566,269.865067466267
643.798160576684,1836.93760874969,269.865067466267
673.626646781009,981.854337559036,299.850074962519
725.826497638578,860.054685558041,269.865067466267
745.712155108128,815.311956251554,269.865067466267
795.426298782004,1928.90877454636,284.857571214393
805.369127516779,1961.22296793438,284.857571214393
820.283370618941,1943.82301764852,269.865067466267
842.654735272185,1943.82301764852,284.857571214393
855.083271190654,1966.19438230176,299.850074962519
867.511807109123,1476.51006711409,269.865067466267
867.511807109123,1493.91001739995,284.857571214393
879.940343027591,1521.25279642058,284.857571214393
892.36887894606,1483.96718866518,269.865067466267
899.826000497141,1483.96718866518,269.865067466267
912.25453641561,1488.93860303256,269.865067466267
976.882923191648,919.711657966692,269.865067466267
1009.19711657967,1533.68133233905,269.865067466267
1009.19711657967,1580.90976882923,269.865067466267
1051.45413870246,919.711657966692,299.850074962519
1058.91126025354,899.826000497141,299.850074962519
1108.62540392742,233.656475267214,299.850074962519
1165.79666915237,564.255530698484,284.857571214393
1178.22520507084,1387.02460850112,299.850074962519
1180.71091225454,1421.82450907283,284.857571214393
1190.65374098931,559.284116331096,299.850074962519
1195.6251553567,1409.39597315436,269.865067466267
1222.96793437733,874.968928660204,284.857571214393
1240.36788466319,869.997514292816,284.857571214393
1302.51056425553,340.541884166045,269.865067466267
1302.51056425553,323.141933880189,284.857571214393
1317.42480735769,914.740243599304,299.850074962519
1339.79617201094,1598.30971911509,269.865067466267
1344.76758637832,298.284862043251,269.865067466267
1354.7104151131,1526.22421078797,284.857571214393
1369.62465821526,226.199353716132,269.865067466267
1377.08177976634,1573.45264727815,269.865067466267
1391.99602286851,343.027591349739,269.865067466267
1399.45314441959,1588.36689038031,269.865067466267
1416.85309470544,313.199105145414,269.865067466267
1416.85309470544,338.056176982351,299.850074962519
1411.88168033806,1556.05269699229,284.857571214393
1421.82450907283,221.227939348745,269.865067466267
1429.28163062391,293.313447675864,299.850074962519
1429.28163062391,181.456624409645,269.865067466267
1436.73875217499,183.942331593338,269.865067466267
1508.82426050211,367.884663186677,299.850074962519
1508.82426050211,300.770569226945,299.850074962519
1600.79542629878,2083.02261993537,269.865067466267
1600.79542629878,1541.13845389013,269.865067466267
1605.76684066617,2115.33681332339,269.865067466267
1608.25254784986,1548.59557544121,269.865067466267
1615.70966940094,2040.76559781258,269.865067466267
1618.19537658464,1491.42431021626,284.857571214393
1628.13820531941,1543.62416107383,284.857571214393
1635.59532687049,1471.53865274671,284.857571214393
1640.56674123788,1491.42431021626,284.857571214393
1645.53815560527,889.883171762366,299.850074962519
1662.93810589113,1625.65249813572,269.865067466267
1680.33805617698,2068.10837683321,269.865067466267
1764.85210042257,1185.68232662192,284.857571214393
1772.30922197365,1165.79666915237,284.857571214393
1794.6805866269,1178.22520507084,269.865067466267
1804.62341536167,1173.25379070346,284.857571214393
1966.19438230176,1638.08103405419,284.857571214393
1988.56574695501,1650.50956997266,284.857571214393
2005.96569724086,1660.45239870743,284.857571214393
2013.42281879195,1628.13820531941,269.865067466267
2053.19413373105,1779.76634352473,269.865067466267
2105.39398458862,1799.65200099428,269.865067466267
2115.33681332339,827.740492170022,269.865067466267
2117.82252050708,840.169028088491,269.865067466267
2125.27964205817,790.454884414616,269.865067466267
2147.65100671141,1846.88043748446,284.857571214393
2174.99378573204,1762.36639323888,269.865067466267
2174.99378573204,1215.51081282625,284.857571214393
2177.47949291573,1737.50932140194,269.865067466267
2174.99378573204,1772.30922197365,284.857571214393
2194.87944320159,1789.70917225951,269.865067466267
387.770320656227,865.026099925429,284.857571214393
487.198608003977,666.169525229928,284.857571214393
487.198608003977,800.397713149391,314.842578710645
504.598558289833,554.312701963709,314.842578710645
512.055679840915,534.427044494159,284.857571214393
514.541387024609,733.283619189659,284.857571214393
519.512801391996,613.969674372359,284.857571214393
519.512801391996,521.99850857569,284.857571214393
531.941337310465,1757.39497887149,299.850074962519
526.969922943077,509.569972657221,284.857571214393
526.969922943077,628.883917474521,299.850074962519
524.484215759384,738.255033557047,314.842578710645
524.484215759384,584.141188168034,299.850074962519
531.941337310465,546.855580412627,284.857571214393
551.826994780015,546.855580412627,299.850074962519
556.798409147402,531.941337310465,299.850074962519
559.284116331096,559.284116331096,284.857571214393
569.226945065871,1739.99502858563,299.850074962519
576.684066616953,521.99850857569,314.842578710645
591.598309719115,1705.19512801392,284.857571214393
608.998260004971,420.084514044246,299.850074962519
648.769574944072,1856.82326621924,284.857571214393
648.769574944072,434.998757146408,329.835082458771
668.655232413622,845.140442455879,284.857571214393
698.483718617947,971.911508824261,299.850074962519
718.369376087497,360.427541635595,299.850074962519
832.71190653741,1864.28038777032,299.850074962519
845.140442455879,1849.36614466816,314.842578710645
922.197365150385,869.997514292816,284.857571214393
929.654486701467,874.968928660204,284.857571214393
979.368630375342,879.940343027591,284.857571214393
999.254287844892,872.48322147651,284.857571214393
1001.73999502859,882.426050211285,314.842578710645
1011.68282376336,1280.13919960229,284.857571214393
1016.65423813075,902.311707680835,299.850074962519
1026.59706686552,882.426050211285,299.850074962519
1168.28237633607,822.769077802635,299.850074962519
1165.79666915237,581.65548098434,299.850074962519
1190.65374098931,1364.65324384787,284.857571214393
1203.08227690778,1396.96743723589,284.857571214393
1297.53914988814,338.056176982351,284.857571214393
1304.99627143922,243.599304001989,299.850074962519
1322.39622172508,367.884663186677,284.857571214393
1324.88192890877,1536.16703952274,314.842578710645
1344.76758637832,1533.68133233905,284.857571214393
1347.25329356202,325.627641063883,284.857571214393
1352.22470792941,290.82774049217,284.857571214393
1367.13895103157,280.884911757395,284.857571214393
1367.13895103157,318.170519512801,284.857571214393
1374.59607258265,295.799154859558,284.857571214393
1374.59607258265,355.456127268208,284.857571214393
1377.08177976634,347.999005717127,284.857571214393
1384.53890131742,1511.30996768581,299.850074962519
1389.51031568481,1583.39547601293,284.857571214393
1391.99602286851,1585.88118319662,284.857571214393
1401.93885160328,352.970420084514,284.857571214393
1411.88168033806,357.941834451902,284.857571214393
1414.36738752175,372.856077554064,284.857571214393
1454.13870246085,300.770569226945,299.850074962519
1488.93860303256,273.427790206314,284.857571214393
1528.70991797166,410.141685309471,299.850074962519
1543.62416107383,352.970420084514,314.842578710645
1595.82401193139,1531.19562515536,284.857571214393
1595.82401193139,1541.13845389013,284.857571214393
1605.76684066617,1523.73850360428,299.850074962519
1618.19537658464,897.340293313448,299.850074962519
1635.59532687049,1511.30996768581,284.857571214393
1650.50956997266,1633.1096196868,284.857571214393
1657.96669152374,2085.50832711907,284.857571214393
1665.42381307482,2080.53691275168,284.857571214393
1665.42381307482,1583.39547601293,299.850074962519
1787.22346507581,1150.88242605021,284.857571214393
1802.13770817798,1145.91101168282,284.857571214393
1986.08003977131,1362.16753666418,299.850074962519
1993.5371613224,835.197613721104,299.850074962519
2075.56549838429,1774.79492915735,284.857571214393
2090.47974148645,1789.70917225951,299.850074962519
2102.90827740492,1730.05219985086,284.857571214393
2165.05095699727,1777.28063634104,284.857571214393
2179.96520009943,1797.16629381059,284.857571214393
2202.33656475267,1802.13770817798,284.857571214393
258.513547104151,1317.42480735769,314.842578710645
422.570221227939,691.026597066866,299.850074962519
430.027342779021,688.540889883172,299.850074962519
472.284364901815,815.311956251554,314.842578710645
489.684315187671,1727.56649266716,299.850074962519
489.684315187671,579.169773800646,314.842578710645
492.170022371365,713.397961720109,299.850074962519
492.170022371365,1707.68083519761,314.842578710645
494.655729555058,586.626895351728,299.850074962519
497.141436738752,526.969922943077,314.842578710645
507.084265473527,758.140691026597,299.850074962519
499.627143922446,591.598309719115,299.850074962519
507.084265473527,594.084016902809,299.850074962519
519.512801391996,1782.25205070843,299.850074962519
519.512801391996,1707.68083519761,314.842578710645
526.969922943077,1712.652249565,314.842578710645
546.855580412627,1692.76659209545,299.850074962519
554.312701963709,1752.4235645041,314.842578710645
564.255530698484,546.855580412627,299.850074962519
584.141188168034,469.798657718121,314.842578710645
601.54113845389,464.827243350733,299.850074962519
805.369127516779,1864.28038777032,329.835082458771
830.226199353716,1958.73726075068,299.850074962519
850.111856823266,1118.56823266219,314.842578710645
862.540392741735,1106.13969674372,314.842578710645
894.854586129754,1498.88143176734,299.850074962519
1158.33954760129,822.769077802635,299.850074962519
1170.76808351976,551.826994780015,314.842578710645
1185.68232662192,521.99850857569,329.835082458771
1178.22520507084,586.626895351728,299.850074962519
1198.11086254039,574.198359433259,314.842578710645
1265.22495650012,673.626646781009,344.827586206897
1307.48197862292,300.770569226945,299.850074962519
1307.48197862292,253.542132736764,299.850074962519
1312.45339299031,934.625901068854,299.850074962519
1322.39622172508,270.94208302262,299.850074962519
1369.62465821526,1503.85284613473,299.850074962519
1374.59607258265,1498.88143176734,299.850074962519
1488.93860303256,377.827491921452,314.842578710645
1496.39572458364,323.141933880189,314.842578710645
1628.13820531941,1533.68133233905,299.850074962519
1633.1096196868,1590.85259756401,314.842578710645
1732.53790703455,1401.93885160328,329.835082458771
1752.4235645041,835.197613721104,314.842578710645
1744.96644295302,812.82624906786,299.850074962519
1779.76634352473,1175.73949788715,299.850074962519
1792.1948794432,922.197365150385,329.835082458771
2008.45140442456,1633.1096196868,299.850074962519
2107.87969177231,1752.4235645041,299.850074962519
2115.33681332339,1737.50932140194,299.850074962519
2187.42232165051,1807.10912254536,299.850074962519
464.827243350733,797.912005965697,314.842578710645
489.684315187671,780.512055679841,329.835082458771
487.198608003977,753.16927665921,314.842578710645
494.655729555058,474.770072085508,329.835082458771
502.11285110614,1779.76634352473,329.835082458771
544.369873228934,584.141188168034,329.835082458771
556.798409147402,1111.11111111111,344.827586206897
559.284116331096,559.284116331096,314.842578710645
571.712652249565,1083.76833209048,329.835082458771
584.141188168034,434.998757146408,329.835082458771
599.055431270196,1048.96843151877,344.827586206897
621.42679592344,1093.71116082525,329.835082458771
638.826746209297,454.884414615958,329.835082458771
633.855331841909,382.798906288839,344.827586206897
646.283867760378,937.111608252548,314.842578710645
656.226696495153,387.770320656227,314.842578710645
688.540889883172,464.827243350733,344.827586206897
782.997762863535,410.141685309471,329.835082458771
815.311956251554,1364.65324384787,344.827586206897
827.740492170022,1357.19612229679,314.842578710645
837.683320904797,1377.08177976634,329.835082458771
840.169028088491,1394.4817300522,329.835082458771
840.169028088491,1469.05294556301,329.835082458771
845.140442455879,1456.62440964454,329.835082458771
860.054685558041,1123.53964702958,314.842578710645
902.311707680835,1357.19612229679,329.835082458771
1031.56848123291,892.36887894606,314.842578710645
1031.56848123291,907.283122048223,314.842578710645
1034.0541884166,914.740243599304,314.842578710645
1036.5398956003,375.341784737758,329.835082458771
1093.71116082525,479.741486452896,314.842578710645
1138.45389013174,867.511807109123,314.842578710645
1155.8538404176,807.854834700472,314.842578710645
1225.45364156102,676.112353964703,359.820089955023
1344.76758637832,584.141188168034,344.827586206897
1401.93885160328,303.256276410639,314.842578710645
1411.88168033806,278.399204573701,314.842578710645
1461.59582401193,509.569972657221,329.835082458771
1486.45289584887,278.399204573701,314.842578710645
1496.39572458364,285.856326124783,314.842578710645
1533.68133233905,333.084762614964,329.835082458771
1623.16679095203,1570.96694009446,344.827586206897
1732.53790703455,778.026348496147,359.820089955023
1774.79492915735,822.769077802635,314.842578710645
1779.76634352473,825.254784986329,314.842578710645
1794.6805866269,907.283122048223,314.842578710645
1797.16629381059,912.25453641561,314.842578710645
467.312950534427,768.083519761372,329.835082458771
531.941337310465,1747.45215013671,329.835082458771
666.169525229928,407.655978125777,344.827586206897
666.169525229928,1041.51130996769,329.835082458771
703.455132985334,380.313199105145,329.835082458771
820.283370618941,1456.62440964454,329.835082458771
827.740492170022,1426.79592344022,359.820089955023
852.59756400696,1446.68158090977,329.835082458771
869.997514292816,966.940094456873,344.827586206897
865.026099925429,1434.2530449913,329.835082458771
865.026099925429,1401.93885160328,359.820089955023
865.026099925429,981.854337559036,359.820089955023
999.254287844892,554.312701963709,359.820089955023
1011.68282376336,1051.45413870246,344.827586206897
1026.59706686552,407.655978125777,344.827586206897
1138.45389013174,462.34153616704,359.820089955023
1165.79666915237,521.99850857569,329.835082458771
1198.11086254039,887.397464578673,329.835082458771
1203.08227690778,1227.93934874472,344.827586206897
1262.73924931643,708.426547352722,359.820089955023
1285.11061396967,728.312204822272,359.820089955023
1347.25329356202,551.826994780015,329.835082458771
1377.08177976634,564.255530698484,359.820089955023
1747.45215013671,810.340541884166,329.835082458771
1807.10912254536,932.14019388516,344.827586206897
1881.68033805618,1048.96843151877,344.827586206897
1933.88018891375,1158.33954760129,344.827586206897
529.455630126771,586.626895351728,344.827586206897
611.483967188665,1088.73974645787,344.827586206897
621.42679592344,1076.3112105394,359.820089955023
671.140939597315,397.713149391002,344.827586206897
827.740492170022,1396.96743723589,344.827586206897
842.654735272185,1344.76758637832,344.827586206897
850.111856823266,1347.25329356202,344.827586206897
857.568978374347,1426.79592344022,344.827586206897
872.48322147651,653.740989311459,374.812593703148
1019.13994531444,417.598806860552,344.827586206897
1091.22545364156,1831.9661943823,344.827586206897
1116.0825254785,487.198608003977,374.812593703148
1150.88242605021,1108.62540392742,374.812593703148
1158.33954760129,1126.02535421327,374.812593703148
1175.73949788715,1121.05393984589,359.820089955023
1188.16803380562,1260.25354213274,344.827586206897
1193.13944817301,1255.28212776535,344.827586206897
1198.11086254039,1071.33979617201,344.827586206897
1193.13944817301,1242.85359184688,344.827586206897
1198.11086254039,1242.85359184688,344.827586206897
1190.65374098931,1121.05393984589,374.812593703148
1235.3964702958,653.740989311459,359.820089955023
1260.25354213274,718.369376087497,344.827586206897
1285.11061396967,695.998011434253,359.820089955023
1309.96768580661,698.483718617947,359.820089955023
1364.65324384787,1419.33880188914,359.820089955023
1538.65274670644,343.027591349739,344.827586206897
1538.65274670644,350.48471290082,344.827586206897
1613.22396221725,857.568978374347,374.812593703148
1774.79492915735,912.25453641561,344.827586206897
1787.22346507581,937.111608252548,359.820089955023
1817.05195128014,929.654486701467,359.820089955023
579.169773800646,1043.99701715138,374.812593703148
621.42679592344,1106.13969674372,359.820089955023
628.883917474521,1103.65398956003,374.812593703148
681.08376833209,392.741735023614,359.820089955023
683.569475515784,1491.42431021626,374.812593703148
708.426547352722,444.941585881183,359.820089955023
797.912005965697,1866.76609495401,359.820089955023
810.340541884166,994.282873477504,374.812593703148
817.797663435247,1406.91026597067,359.820089955023
817.797663435247,1014.16853094705,359.820089955023
857.568978374347,1006.71140939597,389.805097451274
860.054685558041,663.683818046234,374.812593703148
865.026099925429,1451.65299527716,359.820089955023
892.36887894606,1354.7104151131,359.820089955023
974.397216007954,559.284116331096,359.820089955023
974.397216007954,551.826994780015,359.820089955023
976.882923191648,546.855580412627,359.820089955023
1081.28262490679,1834.451901566,374.812593703148
1138.45389013174,1797.16629381059,374.812593703148
1140.93959731544,862.540392741735,359.820089955023
1160.82525478499,1735.02361421825,374.812593703148
1170.76808351976,1247.82500621427,359.820089955023
1180.71091225454,1747.45215013671,389.805097451274
1175.73949788715,1267.71066368382,374.812593703148
1190.65374098931,1856.82326621924,389.805097451274
1208.05369127517,1103.65398956003,374.812593703148
1232.91076311211,1227.93934874472,359.820089955023
1285.11061396967,681.08376833209,374.812593703148
1295.05344270445,710.912254536416,359.820089955023
1342.28187919463,718.369376087497,404.7976011994
1357.19612229679,728.312204822272,389.805097451274
1387.02460850112,599.055431270196,389.805097451274
1506.33855331842,328.113348247576,359.820089955023
1506.33855331842,678.598061148397,389.805097451274
1513.7956748695,320.656226696495,359.820089955023
1513.7956748695,325.627641063883,359.820089955023
1593.3383047477,1590.85259756401,359.820089955023
1603.28113348248,1635.59532687049,389.805097451274
1628.13820531941,840.169028088491,374.812593703148
1655.48098434004,1257.76783494904,389.805097451274
1707.68083519761,1257.76783494904,389.805097451274
1725.08078548347,1225.45364156102,374.812593703148
1725.08078548347,1389.51031568481,359.820089955023
1727.56649266716,1406.91026597067,359.820089955023
1879.19463087248,1031.56848123291,359.820089955023
596.569724086503,1101.16828237634,374.812593703148
1021.62565249814,415.113099676858,374.812593703148
1111.11111111111,1812.08053691275,374.812593703148
1111.11111111111,1799.65200099428,374.812593703148
1118.56823266219,1814.56624409645,389.805097451274
1133.48247576436,1749.93785732041,389.805097451274
1135.96818294805,1824.50907283122,389.805097451274
1150.88242605021,1812.08053691275,374.812593703148
1165.79666915237,666.169525229928,404.7976011994
1203.08227690778,618.941088739746,404.7976011994
1252.79642058166,691.026597066866,389.805097451274
1344.76758637832,554.312701963709,374.812593703148
1513.7956748695,671.140939597315,374.812593703148
1643.05244842158,1232.91076311211,374.812593703148
1650.50956997266,1222.96793437733,374.812593703148
1712.652249565,1630.62391250311,389.805097451274
1739.99502858563,1257.76783494904,389.805097451274
1757.39497887149,1481.48148148148,374.812593703148
594.084016902809,1073.8255033557,389.805097451274
611.483967188665,1058.91126025354,404.7976011994
686.055182699478,1503.85284613473,389.805097451274
832.71190653741,996.768580661198,389.805097451274
847.626149639573,631.369624658215,419.790104947526
882.426050211285,671.140939597315,389.805097451274
1076.3112105394,1071.33979617201,434.782608695652
1106.13969674372,1076.3112105394,434.782608695652
1123.53964702958,1036.5398956003,419.790104947526
1145.91101168282,1757.39497887149,389.805097451274
1165.79666915237,1799.65200099428,419.790104947526
1153.36813323391,1762.36639323888,404.7976011994
1170.76808351976,1841.90902311708,404.7976011994
1180.71091225454,671.140939597315,404.7976011994
1178.22520507084,1739.99502858563,389.805097451274
1185.68232662192,1106.13969674372,389.805097451274
1237.88217747949,1841.90902311708,419.790104947526
1250.31071339796,1784.73775789212,434.782608695652
1362.16753666418,1451.65299527716,389.805097451274
1421.82450907283,1523.73850360428,419.790104947526
1454.13870246085,1474.0243599304,404.7976011994
1461.59582401193,1488.93860303256,434.782608695652
1481.48148148148,273.427790206314,404.7976011994
1491.42431021626,253.542132736764,419.790104947526
1590.85259756401,1675.36664180959,404.7976011994
1625.65249813572,1257.76783494904,404.7976011994
1660.45239870743,1578.42406164554,404.7976011994
574.198359433259,1043.99701715138,404.7976011994
877.454635843898,1029.08277404922,449.775112443778
1116.0825254785,1752.4235645041,419.790104947526
1150.88242605021,1817.05195128014,404.7976011994
1153.36813323391,1707.68083519761,434.782608695652
1150.88242605021,1747.45215013671,404.7976011994
1153.36813323391,1782.25205070843,404.7976011994
1163.31096196868,1752.4235645041,419.790104947526
1163.31096196868,1817.05195128014,404.7976011994
1165.79666915237,638.826746209297,404.7976011994
1165.79666915237,646.283867760378,404.7976011994
1222.96793437733,1725.08078548347,449.775112443778
1230.42505592841,1749.93785732041,449.775112443778
1332.33905045986,730.797912005966,404.7976011994
1347.25329356202,705.940840169028,404.7976011994
1357.19612229679,688.540889883172,419.790104947526
1369.62465821526,1421.82450907283,404.7976011994
1419.33880188914,1501.36713895103,434.782608695652
1434.2530449913,1483.96718866518,434.782608695652
1441.71016654238,1459.11011682824,434.782608695652
1513.7956748695,691.026597066866,404.7976011994
1573.45264727815,1635.59532687049,434.782608695652
1598.30971911509,1660.45239870743,404.7976011994
1643.05244842158,1230.42505592841,419.790104947526
782.997762863535,902.311707680835,419.790104947526
797.912005965697,887.397464578673,434.782608695652
797.912005965697,907.283122048223,449.775112443778
865.026099925429,1140.93959731544,449.775112443778
1039.02560278399,1240.36788466319,419.790104947526
1056.42555306985,1108.62540392742,419.790104947526
1078.79691772309,1043.99701715138,434.782608695652
1083.76833209048,1053.93984588615,419.790104947526
1116.0825254785,1021.62565249814,434.782608695652
1126.02535421327,1829.48048719861,419.790104947526
1133.48247576436,1844.39473030077,464.767616191904
1148.39671886652,1737.50932140194,434.782608695652
1175.73949788715,1722.59507829978,419.790104947526
1183.19661943823,1812.08053691275,449.775112443778
1220.48222719364,1804.62341536167,434.782608695652
1411.88168033806,1483.96718866518,449.775112443778
1702.70942083023,1073.8255033557,464.767616191904
1116.0825254785,1096.19686800895,434.782608695652
1173.25379070346,1846.88043748446,449.775112443778
1190.65374098931,1839.42331593338,479.76011994003
1225.45364156102,1826.99478001491,449.775112443778
1496.39572458364,1255.28212776535,464.767616191904
1590.85259756401,1667.90952025851,434.782608695652
1710.16654238131,1039.02560278399,449.775112443778
780.512055679841,879.940343027591,449.775112443778
1073.8255033557,1056.42555306985,449.775112443778
1106.13969674372,1789.70917225951,449.775112443778
1111.11111111111,1048.96843151877,449.775112443778
1158.33954760129,1844.39473030077,464.767616191904
1170.76808351976,1702.70942083023,449.775112443778
1185.68232662192,1754.9092716878,464.767616191904
1210.53939845886,1767.33780760626,479.76011994003
1220.48222719364,1792.1948794432,464.767616191904
1267.71066368382,1198.11086254039,494.752623688156
1387.02460850112,1143.42530449913,479.76011994003
1434.2530449913,1498.88143176734,449.775112443778
1441.71016654238,1506.33855331842,449.775112443778
1474.0243599304,1265.22495650012,479.76011994003
1478.99577429779,1309.96768580661,479.76011994003
1488.93860303256,1280.13919960229,464.767616191904
1488.93860303256,1295.05344270445,479.76011994003
1498.88143176734,1322.39622172508,479.76011994003
1508.82426050211,1277.65349241859,464.767616191904
1575.93835446184,1287.59632115337,479.76011994003
1096.19686800895,1792.1948794432,464.767616191904
1101.16828237634,1749.93785732041,494.752623688156
1116.0825254785,1767.33780760626,464.767616191904
1126.02535421327,1707.68083519761,464.767616191904
1130.99676858066,1707.68083519761,464.767616191904
1382.05319413373,1180.71091225454,479.76011994003
1409.39597315436,1170.76808351976,479.76011994003
1523.73850360428,1265.22495650012,494.752623688156
1108.62540392742,1727.56649266716,494.752623688156
1153.36813323391,1466.56723837932,494.752623688156
1175.73949788715,1772.30922197365,494.752623688156
1205.56798409147,1727.56649266716,494.752623688156
1379.56748695004,1163.31096196868,494.752623688156
1466.56723837932,1272.68207805121,479.76011994003
1511.30996768581,1290.08202833706,494.752623688156
1715.13795674869,1041.51130996769,494.752623688156
1121.05393984589,1735.02361421825,509.745127436282
1173.25379070346,1844.39473030077,494.752623688156
