89.4854586129754,1483.96718866518,29.9850074962519
201.342281879195,927.168779517773,14.9925037481259
300.770569226945,1705.19512801392,29.9850074962519
345.513298533433,874.968928660204,14.9925037481259
350.48471290082,852.59756400696,14.9925037481259
352.970420084514,723.340790454884,14.9925037481259
352.970420084514,887.397464578673,14.9925037481259
360.427541635595,877.454635843898,14.9925037481259
504.598558289833,2480.73576932637,14.9925037481259
735.769326373353,1623.16679095203,29.9850074962519
733.283619189659,1603.28113348248,29.9850074962519
750.683569475516,1541.13845389013,14.9925037481259
750.683569475516,1565.99552572707,14.9925037481259
763.112105393985,1610.73825503356,29.9850074962519
770.569226945066,2314.19338801889,14.9925037481259
773.05493412876,2319.16480238628,14.9925037481259
778.026348496147,2306.73626646781,14.9925037481259
785.483470047228,72.0855083271191,29.9850074962519
797.912005965697,79.5426298782003,29.9850074962519
797.912005965697,1767.33780760626,44.9775112443778
837.683320904797,1640.56674123788,14.9925037481259
845.140442455879,753.16927665921,44.9775112443778
850.111856823266,1302.51056425553,29.9850074962519
855.083271190654,19.8856574695501,29.9850074962519
857.568978374347,1630.62391250311,14.9925037481259
862.540392741735,1623.16679095203,29.9850074962519
882.426050211285,1185.68232662192,14.9925037481259
892.36887894606,47.2284364901815,29.9850074962519
897.340293313448,330.59905543127,29.9850074962519
899.826000497141,285.856326124783,14.9925037481259
919.711657966692,323.141933880189,29.9850074962519
927.168779517773,1170.76808351976,14.9925037481259
927.168779517773,340.541884166045,29.9850074962519
942.083022619935,1638.08103405419,14.9925037481259
942.083022619935,320.656226696495,14.9925037481259
942.083022619935,315.684812329108,14.9925037481259
952.02585135471,318.170519512801,14.9925037481259
956.997265722098,335.570469798658,14.9925037481259
976.882923191648,2388.7646035297,14.9925037481259
994.282873477504,2393.73601789709,14.9925037481259
1001.73999502859,2383.79318916232,14.9925037481259
1091.22545364156,554.312701963709,29.9850074962519
1101.16828237634,2351.4789957743,14.9925037481259
1108.62540392742,2361.42182450907,14.9925037481259
1108.62540392742,2351.4789957743,14.9925037481259
1128.51106139697,1180.71091225454,44.9775112443778
1344.76758637832,206.313696246582,29.9850074962519
1404.42455878698,576.684066616953,29.9850074962519
1493.91001739995,223.713646532438,29.9850074962519
1521.25279642058,1429.28163062391,29.9850074962519
1548.59557544121,2145.16529952772,29.9850074962519
1657.96669152374,1267.71066368382,29.9850074962519
1834.451901566,1508.82426050211,14.9925037481259
1839.42331593338,1531.19562515536,29.9850074962519
1839.42331593338,1516.28138205319,14.9925037481259
1861.79468058663,1531.19562515536,29.9850074962519
1876.70892368879,1486.45289584887,44.9775112443778
2018.39423315933,1046.48272433507,29.9850074962519
2202.33656475267,2440.96445438727,29.9850074962519
221.227939348745,802.883420333085,44.9775112443778
298.284862043251,1732.53790703455,44.9775112443778
355.456127268208,869.997514292816,29.9850074962519
748.197862291822,1635.59532687049,29.9850074962519
887.397464578673,1620.68108376833,29.9850074962519
892.36887894606,315.684812329108,29.9850074962519
929.654486701467,308.227690778026,29.9850074962519
1300.02485707184,1183.19661943823,29.9850074962519
1302.51056425553,1185.68232662192,29.9850074962519
1374.59607258265,201.342281879195,29.9850074962519
1419.33880188914,1379.56748695004,29.9850074962519
1454.13870246085,1324.88192890877,29.9850074962519
1483.96718866518,1451.65299527716,29.9850074962519
1493.91001739995,1312.45339299031,29.9850074962519
1578.42406164554,1991.0514541387,44.9775112443778
1777.28063634104,594.084016902809,29.9850074962519
1859.30897340293,1511.30996768581,29.9850074962519
2005.96569724086,1076.3112105394,29.9850074962519
2010.93711160825,1068.85408898832,29.9850074962519
2015.90852597564,1073.8255033557,29.9850074962519
2182.45090728312,1250.31071339796,44.9775112443778
2192.3937360179,1237.88217747949,44.9775112443778
2453.39299030574,1180.71091225454,44.9775112443778
285.856326124783,1409.39597315436,44.9775112443778
303.256276410639,778.026348496147,59.9700149925037
318.170519512801,1409.39597315436,59.9700149925037
345.513298533433,1387.02460850112,59.9700149925037
447.427293064877,1752.4235645041,59.9700149925037
775.540641312453,1623.16679095203,44.9775112443778
800.397713149391,1774.79492915735,44.9775112443778
840.169028088491,22.3713646532438,59.9700149925037
845.140442455879,32.3141933880189,44.9775112443778
1118.56823266219,1590.85259756401,59.9700149925037
1471.53865274671,1314.939100174,44.9775112443778
1476.51006711409,1339.79617201094,44.9775112443778
1478.99577429779,1314.939100174,44.9775112443778
1648.02386278896,909.768829231916,59.9700149925037
1727.56649266716,599.055431270196,59.9700149925037
1841.90902311708,1518.76708923689,44.9775112443778
2465.82152622421,1183.19661943823,44.9775112443778
32.3141933880189,847.626149639573,74.9625187406297
218.742232165051,1787.22346507581,74.9625187406297
280.884911757395,1359.68182948049,74.9625187406297
288.342033308476,939.597315436242,74.9625187406297
303.256276410639,949.540144171017,59.9700149925037
308.227690778026,961.968680089485,59.9700149925037
310.71339796172,1391.99602286851,74.9625187406297
330.59905543127,1441.71016654238,74.9625187406297
415.113099676858,1717.62366393239,59.9700149925037
432.513049962714,613.969674372359,89.9550224887556
492.170022371365,1854.33755903555,59.9700149925037
564.255530698484,1481.48148148148,59.9700149925037
586.626895351728,1747.45215013671,74.9625187406297
594.084016902809,1759.88068605518,74.9625187406297
604.026845637584,984.340044742729,74.9625187406297
628.883917474521,989.311459110117,74.9625187406297
656.226696495153,1053.93984588615,74.9625187406297
735.769326373353,1603.28113348248,59.9700149925037
758.140691026597,1573.45264727815,74.9625187406297
778.026348496147,1148.39671886652,59.9700149925037
782.997762863535,1150.88242605021,59.9700149925037
832.71190653741,2209.79368630375,74.9625187406297
850.111856823266,2194.87944320159,59.9700149925037
867.511807109123,1638.08103405419,74.9625187406297
937.111608252548,2003.47999005717,74.9625187406297
956.997265722098,1981.10862540393,74.9625187406297
954.511558538404,1913.9945314442,74.9625187406297
1056.42555306985,1553.5669898086,59.9700149925037
1106.13969674372,1593.3383047477,59.9700149925037
1213.02510564256,837.683320904797,59.9700149925037
1471.53865274671,1175.73949788715,74.9625187406297
1478.99577429779,1163.31096196868,74.9625187406297
1533.68133233905,1190.65374098931,59.9700149925037
1556.05269699229,2048.22271936366,59.9700149925037
1662.93810589113,939.597315436242,59.9700149925037
1702.70942083023,1561.02411135968,59.9700149925037
1757.39497887149,621.42679592344,59.9700149925037
1948.79443201591,1123.53964702958,74.9625187406297
1986.08003977131,1091.22545364156,89.9550224887556
131.742480735769,1158.33954760129,74.9625187406297
193.885160328113,1598.30971911509,104.947526236882
293.313447675864,959.482972905792,74.9625187406297
300.770569226945,917.225950782998,74.9625187406297
305.741983594333,924.683072334079,74.9625187406297
313.199105145414,929.654486701467,74.9625187406297
335.570469798658,1421.82450907283,74.9625187406297
367.884663186677,1377.08177976634,74.9625187406297
551.826994780015,1712.652249565,74.9625187406297
556.798409147402,531.941337310465,74.9625187406297
564.255530698484,519.512801391996,74.9625187406297
586.626895351728,1732.53790703455,74.9625187406297
611.483967188665,1727.56649266716,89.9550224887556
616.455381556053,979.368630375342,74.9625187406297
663.683818046234,1071.33979617201,89.9550224887556
683.569475515784,1831.9661943823,89.9550224887556
735.769326373353,1548.59557544121,74.9625187406297
738.255033557047,715.883668903803,74.9625187406297
768.083519761372,1143.42530449913,74.9625187406297
845.140442455879,2217.25080785483,89.9550224887556
897.340293313448,2137.70817797663,89.9550224887556
904.797414864529,1613.22396221725,74.9625187406297
929.654486701467,1991.0514541387,74.9625187406297
1071.33979617201,2048.22271936366,89.9550224887556
1135.96818294805,1573.45264727815,89.9550224887556
1208.05369127517,847.626149639573,74.9625187406297
1232.91076311211,842.654735272185,89.9550224887556
1409.39597315436,529.455630126771,74.9625187406297
1610.73825503356,1324.88192890877,74.9625187406297
1645.53815560527,966.940094456873,89.9550224887556
1739.99502858563,937.111608252548,89.9550224887556
1968.68008948546,1101.16828237634,89.9550224887556
29.8284862043251,837.683320904797,89.9550224887556
34.7999005717127,832.71190653741,89.9550224887556
44.7427293064877,765.597812577678,104.947526236882
54.6855580412627,770.569226945066,89.9550224887556
89.4854586129754,1165.79666915237,89.9550224887556
124.285359184688,591.598309719115,104.947526236882
223.713646532438,536.912751677852,104.947526236882
243.599304001989,1610.73825503356,104.947526236882
303.256276410639,852.59756400696,89.9550224887556
325.627641063883,949.540144171017,89.9550224887556
335.570469798658,914.740243599304,89.9550224887556
377.827491921452,949.540144171017,89.9550224887556
544.369873228934,489.684315187671,104.947526236882
551.826994780015,581.65548098434,89.9550224887556
621.42679592344,1764.85210042257,89.9550224887556
643.798160576684,999.254287844892,89.9550224887556
656.226696495153,1831.9661943823,89.9550224887556
668.655232413622,1610.73825503356,104.947526236882
681.08376833209,1558.53840417599,89.9550224887556
683.569475515784,1051.45413870246,119.940029985007
681.08376833209,1819.53765846383,89.9550224887556
688.540889883172,355.456127268208,104.947526236882
695.998011434253,1543.62416107383,104.947526236882
703.455132985334,1553.5669898086,89.9550224887556
733.283619189659,1563.50981854338,89.9550224887556
857.568978374347,2197.36515038528,89.9550224887556
879.940343027591,2117.82252050708,89.9550224887556
1073.8255033557,477.255779269202,119.940029985007
1205.56798409147,835.197613721104,89.9550224887556
1220.48222719364,1652.99527715635,89.9550224887556
1232.91076311211,1938.85160328113,104.947526236882
1237.88217747949,1710.16654238131,119.940029985007
1237.88217747949,862.540392741735,104.947526236882
1247.82500621427,894.854586129754,119.940029985007
1272.68207805121,1817.05195128014,104.947526236882
1275.1677852349,1836.93760874969,104.947526236882
1290.08202833706,1804.62341536167,104.947526236882
1486.45289584887,1163.31096196868,89.9550224887556
1533.68133233905,1185.68232662192,89.9550224887556
1665.42381307482,934.625901068854,89.9550224887556
1737.50932140194,927.168779517773,89.9550224887556
1747.45215013671,917.225950782998,89.9550224887556
1757.39497887149,952.02585135471,89.9550224887556
1876.70892368879,1518.76708923689,89.9550224887556
2018.39423315933,1091.22545364156,89.9550224887556
9.94282873477504,805.369127516779,119.940029985007
29.8284862043251,740.740740740741,119.940029985007
52.199850857569,618.941088739746,104.947526236882
59.6569724086503,780.512055679841,104.947526236882
91.9711657966692,661.19811086254,119.940029985007
149.142431021626,569.226945065871,119.940029985007
183.942331593338,1864.28038777032,119.940029985007
328.113348247576,902.311707680835,104.947526236882
345.513298533433,942.083022619935,119.940029985007
345.513298533433,961.968680089485,104.947526236882
352.970420084514,959.482972905792,104.947526236882
397.713149391002,273.427790206314,119.940029985007
415.113099676858,1620.68108376833,119.940029985007
534.427044494159,1208.05369127517,119.940029985007
564.255530698484,1707.68083519761,104.947526236882
596.569724086503,1769.82351478996,104.947526236882
613.969674372359,1707.68083519761,104.947526236882
626.398210290828,1712.652249565,119.940029985007
626.398210290828,1759.88068605518,119.940029985007
651.255282127765,1739.99502858563,119.940029985007
673.626646781009,1053.93984588615,104.947526236882
693.512304250559,365.398956002983,104.947526236882
700.969425801641,1777.28063634104,104.947526236882
775.540641312453,352.970420084514,104.947526236882
827.740492170022,2207.30797912006,104.947526236882
971.911508824261,1605.76684066617,119.940029985007
1066.36838180462,464.827243350733,104.947526236882
1111.11111111111,457.370121799652,119.940029985007
1210.53939845886,1687.79517772806,104.947526236882
1217.99652000994,832.71190653741,104.947526236882
1222.96793437733,1695.25229927915,119.940029985007
1272.68207805121,939.597315436242,104.947526236882
1285.11061396967,1849.36614466816,104.947526236882
1396.96743723589,507.084265473527,104.947526236882
1439.22445935869,1247.82500621427,119.940029985007
1454.13870246085,2344.02187422322,134.932533733133
1615.70966940094,720.855083271191,119.940029985007
1856.82326621924,1511.30996768581,104.947526236882
2.48570718369376,966.940094456873,119.940029985007
49.7141436738752,1260.25354213274,134.932533733133
154.113845389013,658.712403678847,134.932533733133
156.599552572707,591.598309719115,119.940029985007
169.028088491176,1063.88267462093,134.932533733133
246.085011185682,1650.50956997266,119.940029985007
268.456375838926,1911.5088242605,119.940029985007
340.541884166045,971.911508824261,119.940029985007
402.684563758389,1585.88118319662,134.932533733133
405.170270942083,260.999254287845,149.925037481259
434.998757146408,663.683818046234,134.932533733133
452.398707432264,673.626646781009,119.940029985007
601.54113845389,1652.99527715635,134.932533733133
613.969674372359,1648.02386278896,134.932533733133
618.941088739746,1817.05195128014,119.940029985007
628.883917474521,1784.73775789212,119.940029985007
668.655232413622,1757.39497887149,119.940029985007
695.998011434253,1769.82351478996,119.940029985007
718.369376087497,310.71339796172,119.940029985007
755.654983842903,1677.85234899329,119.940029985007
815.311956251554,1498.88143176734,119.940029985007
937.111608252548,1615.70966940094,119.940029985007
947.054436987323,1628.13820531941,119.940029985007
966.940094456873,1620.68108376833,119.940029985007
986.825751926423,1043.99701715138,134.932533733133
1006.71140939597,710.912254536416,134.932533733133
1029.08277404922,656.226696495153,149.925037481259
1039.02560278399,671.140939597315,134.932533733133
1086.25403927417,472.284364901815,119.940029985007
1205.56798409147,1715.13795674869,119.940029985007
1220.48222719364,1933.88018891375,119.940029985007
1290.08202833706,335.570469798658,134.932533733133
1387.02460850112,482.22719363659,119.940029985007
1474.0243599304,2018.39423315933,149.925037481259
1625.65249813572,730.797912005966,119.940029985007
1744.96644295302,2147.65100671141,119.940029985007
1841.90902311708,1575.93835446184,134.932533733133
2.48570718369376,1439.22445935869,134.932533733133
32.3141933880189,1222.96793437733,134.932533733133
39.7713149391002,1245.33929903057,134.932533733133
246.085011185682,1643.05244842158,134.932533733133
265.970668655232,1904.05170270942,134.932533733133
273.427790206314,1916.48023862789,134.932533733133
275.913497390007,1652.99527715635,134.932533733133
278.399204573701,1687.79517772806,134.932533733133
432.513049962714,1605.76684066617,134.932533733133
449.913000248571,646.283867760378,149.925037481259
482.22719363659,243.599304001989,134.932533733133
487.198608003977,241.113596818295,134.932533733133
509.569972657221,1337.31046482724,149.925037481259
512.055679840915,1304.99627143922,149.925037481259
663.683818046234,1543.62416107383,134.932533733133
676.112353964703,1752.4235645041,149.925037481259
857.568978374347,1687.79517772806,149.925037481259
865.026099925429,367.884663186677,134.932533733133
961.968680089485,1623.16679095203,134.932533733133
966.940094456873,1623.16679095203,134.932533733133
1011.68282376336,656.226696495153,134.932533733133
1203.08227690778,549.341287596321,134.932533733133
1280.13919960229,822.769077802635,149.925037481259
1538.65274670644,507.084265473527,134.932533733133
1563.50981854338,2224.70792940592,149.925037481259
1667.90952025851,1292.56773552076,149.925037481259
49.7141436738752,1210.53939845886,149.925037481259
330.59905543127,996.768580661198,149.925037481259
372.856077554064,1906.53740989311,149.925037481259
375.341784737758,974.397216007954,149.925037481259
380.313199105145,1896.59458115834,149.925037481259
385.284613472533,984.340044742729,149.925037481259
392.741735023614,1918.96594581158,164.917541229385
449.913000248571,678.598061148397,164.917541229385
457.370121799652,658.712403678847,149.925037481259
512.055679840915,1314.939100174,149.925037481259
521.99850857569,1329.85334327616,164.917541229385
519.512801391996,231.17076808352,149.925037481259
536.912751677852,1352.22470792941,164.917541229385
549.341287596321,1332.33905045986,149.925037481259
611.483967188665,1799.65200099428,164.917541229385
638.826746209297,1645.53815560527,149.925037481259
646.283867760378,1849.36614466816,149.925037481259
653.740989311459,1638.08103405419,149.925037481259
691.026597066866,1742.48073576933,149.925037481259
708.426547352722,1754.9092716878,149.925037481259
715.883668903803,1784.73775789212,164.917541229385
820.283370618941,1700.22371364653,164.917541229385
820.283370618941,1493.91001739995,149.925037481259
837.683320904797,1722.59507829978,164.917541229385
874.968928660204,1715.13795674869,149.925037481259
902.311707680835,1702.70942083023,164.917541229385
1021.62565249814,686.055182699478,149.925037481259
1213.02510564256,1715.13795674869,149.925037481259
1282.62490678598,835.197613721104,149.925037481259
1304.99627143922,1083.76833209048,164.917541229385
1309.96768580661,770.569226945066,179.910044977511
1322.39622172508,909.768829231916,149.925037481259
1324.88192890877,1093.71116082525,164.917541229385
1324.88192890877,937.111608252548,149.925037481259
1344.76758637832,907.283122048223,164.917541229385
1332.33905045986,922.197365150385,164.917541229385
1339.79617201094,927.168779517773,149.925037481259
1347.25329356202,1066.36838180462,164.917541229385
1347.25329356202,822.769077802635,164.917541229385
1486.45289584887,2013.42281879195,149.925037481259
1551.08128262491,497.141436738752,149.925037481259
1685.30947054437,1295.05344270445,149.925037481259
1807.10912254536,1988.56574695501,179.910044977511
1809.59482972906,1193.13944817301,164.917541229385
1822.02336564753,1983.59433258762,149.925037481259
1826.99478001491,1193.13944817301,164.917541229385
208.799403430276,882.426050211285,194.902548725637
357.941834451902,1913.9945314442,164.917541229385
357.941834451902,1904.05170270942,164.917541229385
489.684315187671,382.798906288839,179.910044977511
507.084265473527,387.770320656227,194.902548725637
512.055679840915,1290.08202833706,164.917541229385
536.912751677852,1297.53914988814,164.917541229385
544.369873228934,974.397216007954,194.902548725637
551.826994780015,1322.39622172508,164.917541229385
559.284116331096,1416.85309470544,164.917541229385
594.084016902809,1854.33755903555,164.917541229385
596.569724086503,1814.56624409645,194.902548725637
611.483967188665,1866.76609495401,164.917541229385
611.483967188665,2132.73676360925,179.910044977511
643.798160576684,1759.88068605518,164.917541229385
671.140939597315,1541.13845389013,164.917541229385
686.055182699478,1735.02361421825,179.910044977511
686.055182699478,1720.10937111608,194.902548725637
710.912254536416,1739.99502858563,179.910044977511
723.340790454884,1757.39497887149,179.910044977511
768.083519761372,2162.56524981357,179.910044977511
835.197613721104,604.026845637584,179.910044977511
840.169028088491,1846.88043748446,179.910044977511
855.083271190654,1707.68083519761,164.917541229385
872.48322147651,1700.22371364653,164.917541229385
924.683072334079,2010.93711160825,194.902548725637
986.825751926423,1943.82301764852,179.910044977511
994.282873477504,1066.36838180462,164.917541229385
1026.59706686552,740.740740740741,179.910044977511
1053.93984588615,668.655232413622,164.917541229385
1051.45413870246,1093.71116082525,179.910044977511
1140.93959731544,305.741983594333,179.910044977511
1183.19661943823,1302.51056425553,164.917541229385
1307.48197862292,1056.42555306985,164.917541229385
1317.42480735769,805.369127516779,164.917541229385
1314.939100174,944.568729803629,164.917541229385
1319.91051454139,1066.36838180462,179.910044977511
1324.88192890877,899.826000497141,164.917541229385
1327.36763609247,1046.48272433507,179.910044977511
1394.4817300522,678.598061148397,164.917541229385
1429.28163062391,778.026348496147,164.917541229385
1521.25279642058,2075.56549838429,179.910044977511
1526.22421078797,2212.27939348745,194.902548725637
1548.59557544121,2075.56549838429,179.910044977511
1565.99552572707,1961.22296793438,179.910044977511
1583.39547601293,1986.08003977131,179.910044977511
1605.76684066617,1973.65150385285,179.910044977511
37.2856077554064,1215.51081282625,179.910044977511
574.198359433259,303.256276410639,179.910044977511
708.426547352722,1792.1948794432,179.910044977511
733.283619189659,1774.79492915735,179.910044977511
730.797912005966,2127.76534924186,209.895052473763
733.283619189659,1712.652249565,194.902548725637
743.226447924435,1749.93785732041,194.902548725637
753.16927665921,479.741486452896,179.910044977511
755.654983842903,499.627143922446,179.910044977511
758.140691026597,489.684315187671,179.910044977511
817.797663435247,335.570469798658,179.910044977511
879.940343027591,1715.13795674869,194.902548725637
932.14019388516,1884.16604523987,209.895052473763
937.111608252548,1941.33731046483,194.902548725637
969.425801640567,1881.68033805618,194.902548725637
1153.36813323391,283.370618941089,179.910044977511
1235.3964702958,872.48322147651,179.910044977511
1307.48197862292,1093.71116082525,179.910044977511
1319.91051454139,855.083271190654,194.902548725637
1339.79617201094,865.026099925429,194.902548725637
1349.73900074571,1056.42555306985,179.910044977511
1396.96743723589,693.512304250559,179.910044977511
1461.59582401193,2264.47924434502,179.910044977511
1563.50981854338,2000.99428287348,194.902548725637
1610.73825503356,2000.99428287348,194.902548725637
1712.652249565,750.683569475516,194.902548725637
1814.56624409645,1963.70867511807,179.910044977511
1836.93760874969,1968.68008948546,179.910044977511
1968.68008948546,2033.3084762615,194.902548725637
2110.365398956,1864.28038777032,209.895052473763
2130.25105642555,1613.22396221725,194.902548725637
2130.25105642555,1598.30971911509,209.895052473763
2286.85060899826,1521.25279642058,179.910044977511
246.085011185682,671.140939597315,194.902548725637
256.027839920457,1501.36713895103,209.895052473763
380.313199105145,1362.16753666418,209.895052473763
549.341287596321,390.25602783992,209.895052473763
564.255530698484,981.854337559036,209.895052473763
599.055431270196,355.456127268208,194.902548725637
606.512552821278,335.570469798658,209.895052473763
616.455381556053,2125.27964205817,194.902548725637
641.31245339299,405.170270942083,209.895052473763
673.626646781009,1707.68083519761,194.902548725637
738.255033557047,2174.99378573204,209.895052473763
730.797912005966,2160.07954262988,209.895052473763
860.054685558041,2174.99378573204,194.902548725637
877.454635843898,2177.47949291573,209.895052473763
954.511558538404,1971.16579666915,194.902548725637
971.911508824261,1941.33731046483,209.895052473763
986.825751926423,1971.16579666915,209.895052473763
1004.22570221228,847.626149639573,194.902548725637
1093.71116082525,226.199353716132,209.895052473763
1130.99676858066,2281.87919463087,209.895052473763
1135.96818294805,2259.50782997763,224.887556221889
1185.68232662192,1334.82475764355,194.902548725637
1208.05369127517,2348.9932885906,194.902548725637
1282.62490678598,536.912751677852,194.902548725637
1317.42480735769,268.456375838926,194.902548725637
1304.99627143922,273.427790206314,194.902548725637
1314.939100174,738.255033557047,194.902548725637
1324.88192890877,820.283370618941,194.902548725637
1342.28187919463,845.140442455879,194.902548725637
1449.16728809346,2271.9363658961,194.902548725637
1449.16728809346,2259.50782997763,194.902548725637
1511.30996768581,2080.53691275168,194.902548725637
1561.02411135968,1988.56574695501,194.902548725637
1595.82401193139,1973.65150385285,194.902548725637
1613.22396221725,1988.56574695501,194.902548725637
1700.22371364653,1088.73974645787,194.902548725637
1764.85210042257,1227.93934874472,209.895052473763
1779.76634352473,392.741735023614,194.902548725637
1789.70917225951,372.856077554064,194.902548725637
1824.50907283122,1986.08003977131,194.902548725637
1921.45165299528,2137.70817797663,194.902548725637
1936.36589609744,2132.73676360925,209.895052473763
2018.39423315933,1076.3112105394,194.902548725637
2115.33681332339,1590.85259756401,209.895052473763
2115.33681332339,1570.96694009446,194.902548725637
2182.45090728312,601.54113845389,194.902548725637
2194.87944320159,604.026845637584,209.895052473763
2252.05070842655,1511.30996768581,194.902548725637
2259.50782997763,1526.22421078797,194.902548725637
2276.90778026349,1503.85284613473,194.902548725637
2279.39348744718,1523.73850360428,194.902548725637
2431.0216256525,1486.45289584887,194.902548725637
2435.99304001989,1483.96718866518,194.902548725637
253.542132736764,671.140939597315,209.895052473763
606.512552821278,355.456127268208,209.895052473763
608.998260004971,367.884663186677,224.887556221889
626.398210290828,345.513298533433,224.887556221889
631.369624658215,318.170519512801,224.887556221889
656.226696495153,405.170270942083,209.895052473763
686.055182699478,380.313199105145,224.887556221889
693.512304250559,365.398956002983,224.887556221889
698.483718617947,352.970420084514,209.895052473763
718.369376087497,1700.22371364653,209.895052473763
738.255033557047,1762.36639323888,209.895052473763
797.912005965697,2127.76534924186,224.887556221889
790.454884414616,1588.36689038031,224.887556221889
939.597315436242,1933.88018891375,209.895052473763
942.083022619935,1973.65150385285,209.895052473763
974.397216007954,1956.25155356699,209.895052473763
994.282873477504,847.626149639573,224.887556221889
1014.16853094705,847.626149639573,224.887556221889
1056.42555306985,544.369873228934,209.895052473763
1078.79691772309,1548.59557544121,209.895052473763
1096.19686800895,238.627889634601,209.895052473763
1118.56823266219,206.313696246582,224.887556221889
1148.39671886652,1302.51056425553,209.895052473763
1163.31096196868,2239.62217250808,224.887556221889
1190.65374098931,1334.82475764355,209.895052473763
1292.56773552076,539.398458861546,209.895052473763
1334.82475764355,820.283370618941,209.895052473763
1352.22470792941,847.626149639573,209.895052473763
1372.11036539896,2329.10763112105,209.895052473763
1404.42455878698,693.512304250559,209.895052473763
1608.25254784986,2192.3937360179,209.895052473763
1625.65249813572,1988.56574695501,209.895052473763
1672.8809346259,2219.73651503853,209.895052473763
1712.652249565,1091.22545364156,209.895052473763
1722.59507829978,760.626398210291,209.895052473763
1725.08078548347,768.083519761372,209.895052473763
1794.6805866269,395.227442207308,209.895052473763
1799.65200099428,370.37037037037,209.895052473763
1916.48023862789,2162.56524981357,224.887556221889
1928.90877454636,2000.99428287348,209.895052473763
2025.85135471042,1076.3112105394,224.887556221889
2102.90827740492,1575.93835446184,224.887556221889
2140.19388516033,1603.28113348248,209.895052473763
2162.56524981357,1615.70966940094,224.887556221889
2204.82227193637,611.483967188665,209.895052473763
2266.96495152871,1511.30996768581,224.887556221889
2281.87919463087,1548.59557544121,209.895052473763
2445.93586875466,1483.96718866518,224.887556221889
539.398458861546,551.826994780015,239.880059970015
601.54113845389,315.684812329108,239.880059970015
611.483967188665,345.513298533433,239.880059970015
616.455381556053,320.656226696495,239.880059970015
623.912503107134,360.427541635595,224.887556221889
631.369624658215,330.59905543127,224.887556221889
638.826746209297,345.513298533433,224.887556221889
646.283867760378,320.656226696495,224.887556221889
653.740989311459,273.427790206314,239.880059970015
663.683818046234,285.856326124783,239.880059970015
695.998011434253,2107.87969177231,239.880059970015
760.626398210291,2127.76534924186,224.887556221889
782.997762863535,2115.33681332339,224.887556221889
800.397713149391,2105.39398458862,239.880059970015
827.740492170022,892.36887894606,224.887556221889
832.71190653741,2160.07954262988,239.880059970015
835.197613721104,892.36887894606,239.880059970015
845.140442455879,2085.50832711907,239.880059970015
984.340044742729,1725.08078548347,239.880059970015
1014.16853094705,1963.70867511807,239.880059970015
1267.71066368382,2344.02187422322,239.880059970015
1280.13919960229,879.940343027591,224.887556221889
1282.62490678598,872.48322147651,224.887556221889
1292.56773552076,504.598558289833,239.880059970015
1329.85334327616,869.997514292816,224.887556221889
1561.02411135968,352.970420084514,239.880059970015
1633.1096196868,2286.85060899826,239.880059970015
1638.08103405419,2242.10787969177,239.880059970015
1705.19512801392,1078.79691772309,224.887556221889
1759.88068605518,2229.6793437733,239.880059970015
1784.73775789212,902.311707680835,239.880059970015
1812.08053691275,372.856077554064,224.887556221889
1906.53740989311,1769.82351478996,239.880059970015
1913.9945314442,1568.48123291076,224.887556221889
1921.45165299528,2055.67984091474,224.887556221889
1918.96594581158,2035.79418344519,239.880059970015
1931.39448173005,2018.39423315933,239.880059970015
2083.02261993537,1730.05219985086,239.880059970015
2110.365398956,1610.73825503356,224.887556221889
2125.27964205817,1580.90976882923,224.887556221889
2122.79393487447,1834.451901566,224.887556221889
2269.4506587124,1280.13919960229,239.880059970015
2344.02187422322,1710.16654238131,239.880059970015
2353.96470295799,1692.76659209545,239.880059970015
2438.47874720358,1707.68083519761,239.880059970015
365.398956002983,1538.65274670644,254.872563718141
427.541635595327,1071.33979617201,254.872563718141
524.484215759384,526.969922943077,239.880059970015
546.855580412627,991.797166293811,239.880059970015
566.741237882178,745.712155108128,254.872563718141
584.141188168034,730.797912005966,254.872563718141
594.084016902809,345.513298533433,254.872563718141
631.369624658215,1901.56599552573,239.880059970015
643.798160576684,338.056176982351,239.880059970015
653.740989311459,360.427541635595,239.880059970015
748.197862291822,832.71190653741,239.880059970015
763.112105393985,832.71190653741,239.880059970015
763.112105393985,1548.59557544121,239.880059970015
768.083519761372,1543.62416107383,239.880059970015
802.883420333085,2202.33656475267,239.880059970015
820.283370618941,2043.25130499627,254.872563718141
850.111856823266,1081.28262490679,254.872563718141
860.054685558041,889.883171762366,239.880059970015
869.997514292816,1135.96818294805,239.880059970015
986.825751926423,1735.02361421825,269.865067466267
1001.73999502859,845.140442455879,239.880059970015
1016.65423813075,1759.88068605518,269.865067466267
1041.51130996769,1735.02361421825,254.872563718141
1158.33954760129,181.456624409645,269.865067466267
1280.13919960229,2361.42182450907,239.880059970015
1312.45339299031,509.569972657221,239.880059970015
1337.31046482724,2306.73626646781,254.872563718141
1349.73900074571,2309.2219736515,254.872563718141
1352.22470792941,2326.62192393736,254.872563718141
1364.65324384787,1016.65423813075,254.872563718141
1568.48123291076,362.913248819289,254.872563718141
1595.82401193139,2353.96470295799,269.865067466267
1598.30971911509,2269.4506587124,239.880059970015
1613.22396221725,2294.30773054934,254.872563718141
1628.13820531941,2252.05070842655,239.880059970015
1648.02386278896,1635.59532687049,269.865067466267
1680.33805617698,268.456375838926,239.880059970015
1725.08078548347,544.369873228934,239.880059970015
1722.59507829978,529.455630126771,239.880059970015
1909.02311707681,1762.36639323888,239.880059970015
1933.88018891375,2140.19388516033,239.880059970015
2048.22271936366,914.740243599304,254.872563718141
2055.67984091474,934.625901068854,239.880059970015
2125.27964205817,1598.30971911509,239.880059970015
2150.1367138951,1720.10937111608,239.880059970015
2254.53641561024,1267.71066368382,239.880059970015
2363.90753169277,1712.652249565,239.880059970015
2440.96445438727,1511.30996768581,239.880059970015
2458.36440467313,1374.59607258265,254.872563718141
529.455630126771,529.455630126771,254.872563718141
745.712155108128,825.254784986329,254.872563718141
790.454884414616,2160.07954262988,254.872563718141
795.426298782004,2157.59383544618,254.872563718141
802.883420333085,2028.33706189411,269.865067466267
812.82624906786,2038.27989062888,269.865067466267
855.083271190654,1103.65398956003,254.872563718141
862.540392741735,1093.71116082525,269.865067466267
874.968928660204,1145.91101168282,254.872563718141
877.454635843898,837.683320904797,254.872563718141
1046.48272433507,1769.82351478996,254.872563718141
1053.93984588615,1739.99502858563,269.865067466267
1227.93934874472,186.428038777032,254.872563718141
1359.68182948049,275.913497390007,254.872563718141
1446.68158090977,181.456624409645,269.865067466267
1551.08128262491,1593.3383047477,254.872563718141
1570.96694009446,2264.47924434502,254.872563718141
1573.45264727815,233.656475267214,254.872563718141
1588.36689038031,432.513049962714,269.865067466267
1662.93810589113,1643.05244842158,254.872563718141
1680.33805617698,1364.65324384787,254.872563718141
1866.76609495401,1332.33905045986,254.872563718141
1884.16604523987,2003.47999005717,254.872563718141
1894.10887397465,1337.31046482724,269.865067466267
1906.53740989311,1332.33905045986,254.872563718141
2053.19413373105,974.397216007954,254.872563718141
2058.16554809843,944.568729803629,254.872563718141
2125.27964205817,758.140691026597,254.872563718141
2125.27964205817,743.226447924435,254.872563718141
2127.76534924186,748.197862291822,254.872563718141
2130.25105642555,758.140691026597,254.872563718141
2145.16529952772,1004.22570221228,269.865067466267
2157.59383544618,1004.22570221228,254.872563718141
2170.02237136465,1021.62565249814,254.872563718141
2252.05070842655,1280.13919960229,254.872563718141
2274.42207307979,1265.22495650012,254.872563718141
2329.10763112105,1111.11111111111,254.872563718141
2331.59333830475,1247.82500621427,254.872563718141
2378.82177479493,1710.16654238131,254.872563718141
2421.07879691772,1163.31096196868,254.872563718141
338.056176982351,1538.65274670644,269.865067466267
350.48471290082,1546.10986825752,269.865067466267
352.970420084514,1536.16703952274,269.865067466267
375.341784737758,1203.08227690778,284.857571214393
556.798409147402,738.255033557047,284.857571214393
599.055431270196,1401.93885160328,269.865067466267
641.31245339299,357.941834451902,269.865067466267
730.797912005966,663.683818046234,269.865067466267
738.255033557047,832.71190653741,269.865067466267
753.16927665921,681.08376833209,284.857571214393
748.197862291822,820.283370618941,269.865067466267
750.683569475516,832.71190653741,269.865067466267
785.483470047228,2120.30822769078,269.865067466267
822.769077802635,2100.42257022123,269.865067466267
822.769077802635,2155.10812826249,269.865067466267
830.226199353716,2030.8227690778,269.865067466267
837.683320904797,1083.76833209048,269.865067466267
842.654735272185,1101.16828237634,269.865067466267
1026.59706686552,512.055679840915,284.857571214393
1041.51130996769,1767.33780760626,284.857571214393
1133.48247576436,1001.73999502859,284.857571214393
1213.02510564256,178.970917225951,269.865067466267
1255.28212776535,2341.53616703952,269.865067466267
1302.51056425553,2301.76485210042,269.865067466267
1307.48197862292,2296.79343773304,269.865067466267
1317.42480735769,2304.25055928412,269.865067466267
1339.79617201094,2324.13621675367,269.865067466267
1347.25329356202,275.913497390007,269.865067466267
1367.13895103157,253.542132736764,269.865067466267
1367.13895103157,258.513547104151,269.865067466267
1491.42431021626,698.483718617947,284.857571214393
1541.13845389013,330.59905543127,269.865067466267
1546.10986825752,270.94208302262,299.850074962519
1556.05269699229,2264.47924434502,269.865067466267
1563.50981854338,233.656475267214,269.865067466267
1568.48123291076,1043.99701715138,284.857571214393
1578.42406164554,427.541635595327,269.865067466267
1585.88118319662,2264.47924434502,269.865067466267
1623.16679095203,2274.42207307979,269.865067466267
1628.13820531941,2266.96495152871,269.865067466267
1680.33805617698,2269.4506587124,284.857571214393
1702.70942083023,2232.165050957,284.857571214393
1725.08078548347,765.597812577678,269.865067466267
1727.56649266716,2234.65075814069,284.857571214393
1737.50932140194,919.711657966692,284.857571214393
1739.99502858563,1073.8255033557,269.865067466267
1747.45215013671,947.054436987323,284.857571214393
1749.93785732041,1372.11036539896,269.865067466267
1856.82326621924,1332.33905045986,284.857571214393
1881.68033805618,1344.76758637832,284.857571214393
1886.65175242356,1784.73775789212,269.865067466267
1894.10887397465,1772.30922197365,269.865067466267
1896.59458115834,1807.10912254536,299.850074962519
1901.56599552573,2033.3084762615,269.865067466267
1904.05170270942,1787.22346507581,284.857571214393
1921.45165299528,2018.39423315933,269.865067466267
2038.27989062888,1620.68108376833,299.850074962519
2035.79418344519,914.740243599304,269.865067466267
2040.76559781258,974.397216007954,269.865067466267
2075.56549838429,1628.13820531941,284.857571214393
2112.8511061397,750.683569475516,269.865067466267
2112.8511061397,589.112602535421,269.865067466267
2117.82252050708,594.084016902809,269.865067466267
2130.25105642555,1004.22570221228,269.865067466267
2137.70817797663,1710.16654238131,284.857571214393
2155.10812826249,1019.13994531444,284.857571214393
2232.165050957,1722.59507829978,284.857571214393
2237.13646532438,1275.1677852349,269.865067466267
2239.62217250808,1280.13919960229,269.865067466267
2242.10787969177,1267.71066368382,269.865067466267
2264.47924434502,1267.71066368382,269.865067466267
2281.87919463087,1118.56823266219,269.865067466267
2314.19338801889,1111.11111111111,269.865067466267
2331.59333830475,1705.19512801392,269.865067466267
2331.59333830475,1712.652249565,269.865067466267
2344.02187422322,1215.51081282625,284.857571214393
2346.50758140691,1277.65349241859,269.865067466267
2411.13596818295,1165.79666915237,284.857571214393
2438.47874720358,1675.36664180959,269.865067466267
2438.47874720358,1682.82376336068,269.865067466267
2440.96445438727,1377.08177976634,269.865067466267
2445.93586875466,1682.82376336068,269.865067466267
2463.33581904052,1782.25205070843,284.857571214393
636.341039025603,1379.56748695004,284.857571214393
865.026099925429,1078.79691772309,284.857571214393
1111.11111111111,390.25602783992,284.857571214393
1128.51106139697,966.940094456873,284.857571214393
1153.36813323391,989.311459110117,284.857571214393
1170.76808351976,976.882923191648,284.857571214393
1195.6251553567,1588.36689038031,284.857571214393
1205.56798409147,1603.28113348248,284.857571214393
1213.02510564256,196.370867511807,284.857571214393
1446.68158090977,270.94208302262,284.857571214393
1488.93860303256,285.856326124783,299.850074962519
1513.7956748695,295.799154859558,299.850074962519
1521.25279642058,360.427541635595,284.857571214393
1521.25279642058,352.970420084514,284.857571214393
1523.73850360428,345.513298533433,284.857571214393
1551.08128262491,238.627889634601,284.857571214393
1715.13795674869,2247.07929405916,284.857571214393
1732.53790703455,773.05493412876,299.850074962519
1767.33780760626,807.854834700472,299.850074962519
1787.22346507581,1354.7104151131,299.850074962519
1799.65200099428,1354.7104151131,284.857571214393
1817.05195128014,1362.16753666418,299.850074962519
1826.99478001491,2179.96520009943,284.857571214393
1859.30897340293,755.654983842903,284.857571214393
1904.05170270942,2252.05070842655,284.857571214393
1946.30872483221,2242.10787969177,299.850074962519
2005.96569724086,643.798160576684,299.850074962519
2075.56549838429,1645.53815560527,299.850074962519
2142.67959234402,596.569724086503,284.857571214393
2199.85085756898,1705.19512801392,284.857571214393
2239.62217250808,1812.08053691275,284.857571214393
2314.19338801889,1739.99502858563,299.850074962519
2319.16480238628,1217.99652000994,284.857571214393
2344.02187422322,1203.08227690778,284.857571214393
2381.30748197862,884.911757394979,284.857571214393
2388.7646035297,899.826000497141,299.850074962519
2398.70743226448,887.397464578673,284.857571214393
2465.82152622421,1446.68158090977,284.857571214393
733.283619189659,678.598061148397,299.850074962519
1026.59706686552,1759.88068605518,299.850074962519
1046.48272433507,417.598806860552,314.842578710645
1048.96843151877,1476.51006711409,314.842578710645
1053.93984588615,415.113099676858,299.850074962519
1068.85408898832,1739.99502858563,299.850074962519
1103.65398956003,380.313199105145,299.850074962519
1138.45389013174,966.940094456873,299.850074962519
1140.93959731544,1011.68282376336,299.850074962519
1178.22520507084,979.368630375342,314.842578710645
1185.68232662192,1568.48123291076,314.842578710645
1205.56798409147,638.826746209297,299.850074962519
1501.36713895103,305.741983594333,299.850074962519
1501.36713895103,710.912254536416,314.842578710645
1538.65274670644,651.255282127765,314.842578710645
1548.59557544121,1513.7956748695,299.850074962519
1548.59557544121,1486.45289584887,299.850074962519
1588.36689038031,350.48471290082,299.850074962519
1605.76684066617,325.627641063883,299.850074962519
1682.82376336068,343.027591349739,329.835082458771
1705.19512801392,1841.90902311708,314.842578710645
1707.68083519761,952.02585135471,314.842578710645
1717.62366393239,1856.82326621924,299.850074962519
1730.05219985086,1111.11111111111,314.842578710645
1744.96644295302,1133.48247576436,329.835082458771
1744.96644295302,1078.79691772309,299.850074962519
1752.4235645041,608.998260004971,314.842578710645
1779.76634352473,340.541884166045,314.842578710645
1854.33755903555,529.455630126771,299.850074962519
1874.2232165051,2252.05070842655,299.850074962519
1896.59458115834,1394.4817300522,299.850074962519
1918.96594581158,1384.53890131742,314.842578710645
1913.9945314442,1406.91026597067,314.842578710645
1936.36589609744,2247.07929405916,299.850074962519
1956.25155356699,1585.88118319662,314.842578710645
2083.02261993537,1817.05195128014,299.850074962519
2083.02261993537,1016.65423813075,329.835082458771
2085.50832711907,691.026597066866,329.835082458771
2087.99403430276,1190.65374098931,299.850074962519
2090.47974148645,1628.13820531941,299.850074962519
2117.82252050708,641.31245339299,299.850074962519
2294.30773054934,1722.59507829978,314.842578710645
457.370121799652,1257.76783494904,314.842578710645
1068.85408898832,999.254287844892,314.842578710645
1145.91101168282,1004.22570221228,314.842578710645
1158.33954760129,994.282873477504,314.842578710645
1389.51031568481,1904.05170270942,344.827586206897
1523.73850360428,1528.70991797166,314.842578710645
1521.25279642058,539.398458861546,344.827586206897
1605.76684066617,1277.65349241859,344.827586206897
1645.53815560527,330.59905543127,314.842578710645
1650.50956997266,1334.82475764355,344.827586206897
1662.93810589113,1608.25254784986,344.827586206897
1675.36664180959,330.59905543127,314.842578710645
1705.19512801392,1874.2232165051,329.835082458771
1739.99502858563,621.42679592344,344.827586206897
1749.93785732041,1106.13969674372,329.835082458771
1747.45215013671,584.141188168034,344.827586206897
1759.88068605518,1135.96818294805,329.835082458771
1774.79492915735,1111.11111111111,344.827586206897
1789.70917225951,579.169773800646,329.835082458771
1826.99478001491,464.827243350733,329.835082458771
1856.82326621924,509.569972657221,329.835082458771
1886.65175242356,489.684315187671,329.835082458771
2105.39398458862,1053.93984588615,329.835082458771
2284.36490181457,1357.19612229679,314.842578710645
2391.2503107134,986.825751926423,314.842578710645
449.913000248571,1240.36788466319,329.835082458771
447.427293064877,1225.45364156102,329.835082458771
452.398707432264,1230.42505592841,329.835082458771
459.855828983346,1235.3964702958,344.827586206897
469.798657718121,1222.96793437733,344.827586206897
1198.11086254039,556.798409147402,329.835082458771
1208.05369127517,1556.05269699229,329.835082458771
1618.19537658464,1290.08202833706,344.827586206897
1638.08103405419,1613.22396221725,344.827586206897
1730.05219985086,586.626895351728,344.827586206897
1735.02361421825,1906.53740989311,359.820089955023
1759.88068605518,1116.0825254785,329.835082458771
1871.7375093214,1762.36639323888,329.835082458771
1879.19463087248,1409.39597315436,329.835082458771
1921.45165299528,1419.33880188914,329.835082458771
2008.45140442456,566.741237882178,359.820089955023
2055.67984091474,581.65548098434,329.835082458771
2060.65125528213,574.198359433259,329.835082458771
626.398210290828,1526.22421078797,374.812593703148
638.826746209297,1543.62416107383,344.827586206897
715.883668903803,1593.3383047477,344.827586206897
720.855083271191,1590.85259756401,344.827586206897
792.94059159831,897.340293313448,374.812593703148
1051.45413870246,989.311459110117,344.827586206897
1106.13969674372,695.998011434253,359.820089955023
1148.39671886652,643.798160576684,359.820089955023
1153.36813323391,966.940094456873,344.827586206897
1180.71091225454,1391.99602286851,359.820089955023
1183.19661943823,561.76982351479,344.827586206897
1198.11086254039,539.398458861546,344.827586206897
1220.48222719364,1826.99478001491,359.820089955023
1232.91076311211,1565.99552572707,344.827586206897
1245.33929903057,797.912005965697,344.827586206897
1784.73775789212,564.255530698484,344.827586206897
1797.16629381059,591.598309719115,344.827586206897
1807.10912254536,686.055182699478,374.812593703148
1812.08053691275,802.883420333085,359.820089955023
1889.13745960726,1725.08078548347,344.827586206897
1951.2801391996,894.854586129754,359.820089955023
2045.73701217997,591.598309719115,344.827586206897
2117.82252050708,1516.28138205319,359.820089955023
2252.05070842655,1406.91026597067,359.820089955023
608.998260004971,1528.70991797166,359.820089955023
636.341039025603,1570.96694009446,374.812593703148
733.283619189659,949.540144171017,374.812593703148
800.397713149391,914.740243599304,374.812593703148
892.36887894606,693.512304250559,374.812593703148
907.283122048223,693.512304250559,374.812593703148
1066.36838180462,1001.73999502859,374.812593703148
1071.33979617201,683.569475515784,374.812593703148
1106.13969674372,683.569475515784,359.820089955023
1116.0825254785,671.140939597315,389.805097451274
1123.53964702958,1404.42455878698,389.805097451274
1252.79642058166,822.769077802635,374.812593703148
1399.45314441959,1098.68257519264,359.820089955023
1409.39597315436,1140.93959731544,374.812593703148
1583.39547601293,1327.36763609247,374.812593703148
1593.3383047477,1314.939100174,374.812593703148
1643.05244842158,976.882923191648,359.820089955023
1687.79517772806,1319.91051454139,359.820089955023
1692.76659209545,1314.939100174,359.820089955023
1747.45215013671,653.740989311459,374.812593703148
1752.4235645041,636.341039025603,374.812593703148
1792.1948794432,792.94059159831,359.820089955023
1792.1948794432,698.483718617947,374.812593703148
1879.19463087248,1789.70917225951,374.812593703148
1904.05170270942,1697.73800646284,374.812593703148
1936.36589609744,912.25453641561,359.820089955023
2055.67984091474,594.084016902809,359.820089955023
599.055431270196,1531.19562515536,374.812593703148
631.369624658215,1493.91001739995,374.812593703148
633.855331841909,1511.30996768581,374.812593703148
641.31245339299,1511.30996768581,374.812593703148
666.169525229928,1556.05269699229,389.805097451274
673.626646781009,1533.68133233905,389.805097451274
686.055182699478,1543.62416107383,374.812593703148
733.283619189659,1029.08277404922,374.812593703148
959.482972905792,1401.93885160328,404.7976011994
1300.02485707184,947.054436987323,374.812593703148
1461.59582401193,1163.31096196868,404.7976011994
1583.39547601293,964.454387273179,374.812593703148
1575.93835446184,912.25453641561,374.812593703148
1618.19537658464,1309.96768580661,374.812593703148
1715.13795674869,1466.56723837932,389.805097451274
1717.62366393239,1548.59557544121,404.7976011994
1792.1948794432,668.655232413622,374.812593703148
1792.1948794432,681.08376833209,374.812593703148
1799.65200099428,656.226696495153,389.805097451274
1809.59482972906,713.397961720109,374.812593703148
1831.9661943823,708.426547352722,389.805097451274
1988.56574695501,1292.56773552076,374.812593703148
1996.02286850609,1287.59632115337,374.812593703148
2048.22271936366,591.598309719115,374.812593703148
2050.70842654735,1369.62465821526,404.7976011994
2254.53641561024,1426.79592344022,374.812593703148
807.854834700472,862.540392741735,389.805097451274
820.283370618941,867.511807109123,404.7976011994
832.71190653741,897.340293313448,389.805097451274
897.340293313448,1409.39597315436,389.805097451274
902.311707680835,1374.59607258265,389.805097451274
1034.0541884166,919.711657966692,389.805097451274
1066.36838180462,954.511558538404,419.790104947526
1096.19686800895,1483.96718866518,389.805097451274
1098.68257519264,1469.05294556301,389.805097451274
1103.65398956003,1466.56723837932,389.805097451274
1108.62540392742,686.055182699478,389.805097451274
1150.88242605021,1419.33880188914,404.7976011994
1282.62490678598,966.940094456873,404.7976011994
1285.11061396967,976.882923191648,404.7976011994
1295.05344270445,961.968680089485,389.805097451274
1416.85309470544,1595.82401193139,419.790104947526
1459.11011682824,1180.71091225454,389.805097451274
1491.42431021626,1190.65374098931,419.790104947526
1575.93835446184,907.283122048223,404.7976011994
1620.68108376833,1292.56773552076,389.805097451274
1697.73800646284,1625.65249813572,389.805097451274
1737.50932140194,1474.0243599304,404.7976011994
1752.4235645041,1508.82426050211,404.7976011994
1752.4235645041,1486.45289584887,389.805097451274
1757.39497887149,1501.36713895103,389.805097451274
1804.62341536167,1491.42431021626,419.790104947526
1856.82326621924,703.455132985334,419.790104947526
2043.25130499627,1367.13895103157,389.805097451274
1096.19686800895,1421.82450907283,419.790104947526
1143.42530449913,1456.62440964454,449.775112443778
1175.73949788715,1414.36738752175,464.767616191904
1287.59632115337,1513.7956748695,419.790104947526
1309.96768580661,1491.42431021626,404.7976011994
1339.79617201094,1449.16728809346,419.790104947526
1474.0243599304,1198.11086254039,404.7976011994
1563.50981854338,922.197365150385,419.790104947526
1568.48123291076,927.168779517773,404.7976011994
1615.70966940094,1309.96768580661,419.790104947526
1707.68083519761,1511.30996768581,419.790104947526
1720.10937111608,1456.62440964454,434.782608695652
1739.99502858563,1439.22445935869,419.790104947526
1782.25205070843,1481.48148148148,419.790104947526
1988.56574695501,1290.08202833706,404.7976011994
1998.50857568978,1285.11061396967,404.7976011994
887.397464578673,1230.42505592841,449.775112443778
1116.0825254785,1635.59532687049,419.790104947526
1121.05393984589,1638.08103405419,419.790104947526
1203.08227690778,1421.82450907283,449.775112443778
1347.25329356202,1464.08153119563,419.790104947526
1349.73900074571,1439.22445935869,434.782608695652
1436.73875217499,1570.96694009446,419.790104947526
1695.25229927915,1618.19537658464,419.790104947526
1697.73800646284,1633.1096196868,434.782608695652
1717.62366393239,1503.85284613473,419.790104947526
1735.02361421825,1486.45289584887,419.790104947526
1367.13895103157,1421.82450907283,464.767616191904
1396.96743723589,1399.45314441959,449.775112443778
1431.76733780761,1570.96694009446,449.775112443778
1697.73800646284,1501.36713895103,449.775112443778
1732.53790703455,1474.0243599304,434.782608695652
1772.30922197365,1469.05294556301,449.775112443778
879.940343027591,1242.85359184688,449.775112443778
994.282873477504,1357.19612229679,479.76011994003
1185.68232662192,1424.31021625653,449.775112443778
1190.65374098931,1399.45314441959,464.767616191904
1337.31046482724,1464.08153119563,479.76011994003
1344.76758637832,1449.16728809346,449.775112443778
1369.62465821526,1434.2530449913,449.775112443778
1404.42455878698,1538.65274670644,449.775112443778
1558.53840417599,1280.13919960229,464.767616191904
1580.90976882923,1255.28212776535,449.775112443778
1615.70966940094,1270.19637086751,479.76011994003
1630.62391250311,1257.76783494904,479.76011994003
1016.65423813075,2353.96470295799,479.76011994003
1148.39671886652,2356.45041014169,479.76011994003
1575.93835446184,1260.25354213274,479.76011994003
