7.45712155108128,1695.25229927915,14.9925037481259
19.8856574695501,857.568978374347,14.9925037481259
357.941834451902,1128.51106139697,14.9925037481259
415.113099676858,1130.99676858066,14.9925037481259
417.598806860552,1148.39671886652,14.9925037481259
442.455878697489,1143.42530449913,14.9925037481259
442.455878697489,320.656226696495,14.9925037481259
442.455878697489,333.084762614964,14.9925037481259
487.198608003977,1091.22545364156,14.9925037481259
559.284116331096,1901.56599552573,14.9925037481259
566.741237882178,1909.02311707681,14.9925037481259
641.31245339299,479.741486452896,29.9850074962519
695.998011434253,1988.56574695501,14.9925037481259
698.483718617947,1190.65374098931,29.9850074962519
800.397713149391,1814.56624409645,29.9850074962519
820.283370618941,2244.59358687547,44.9775112443778
825.254784986329,1429.28163062391,14.9925037481259
837.683320904797,1419.33880188914,14.9925037481259
857.568978374347,397.713149391002,14.9925037481259
860.054685558041,2269.4506587124,14.9925037481259
865.026099925429,400.198856574696,14.9925037481259
912.25453641561,733.283619189659,14.9925037481259
922.197365150385,676.112353964703,29.9850074962519
922.197365150385,728.312204822272,14.9925037481259
934.625901068854,733.283619189659,29.9850074962519
956.997265722098,482.22719363659,44.9775112443778
969.425801640567,566.741237882178,29.9850074962519
989.311459110117,686.055182699478,14.9925037481259
994.282873477504,676.112353964703,29.9850074962519
1039.02560278399,526.969922943077,14.9925037481259
1046.48272433507,641.31245339299,14.9925037481259
1053.93984588615,541.88416604524,29.9850074962519
1056.42555306985,678.598061148397,14.9925037481259
1061.39696743724,529.455630126771,14.9925037481259
1071.33979617201,524.484215759384,14.9925037481259
1086.25403927417,646.283867760378,14.9925037481259
1091.22545364156,653.740989311459,14.9925037481259
1101.16828237634,646.283867760378,14.9925037481259
1103.65398956003,658.712403678847,29.9850074962519
1118.56823266219,663.683818046234,29.9850074962519
1118.56823266219,1896.59458115834,14.9925037481259
1140.93959731544,1894.10887397465,44.9775112443778
1150.88242605021,1948.79443201591,29.9850074962519
1165.79666915237,1921.45165299528,29.9850074962519
1160.82525478499,1943.82301764852,14.9925037481259
1185.68232662192,1866.76609495401,29.9850074962519
1190.65374098931,507.084265473527,14.9925037481259
1200.59656972409,1896.59458115834,29.9850074962519
1200.59656972409,1859.30897340293,14.9925037481259
1200.59656972409,499.627143922446,14.9925037481259
1208.05369127517,512.055679840915,14.9925037481259
1215.51081282625,517.027094208302,14.9925037481259
1240.36788466319,584.141188168034,29.9850074962519
1250.31071339796,410.141685309471,14.9925037481259
1357.19612229679,1175.73949788715,14.9925037481259
1367.13895103157,484.712900820283,29.9850074962519
1396.96743723589,1163.31096196868,14.9925037481259
1521.25279642058,1275.1677852349,29.9850074962519
1523.73850360428,69.5998011434253,29.9850074962519
1526.22421078797,412.627392493164,14.9925037481259
1533.68133233905,494.655729555058,29.9850074962519
1541.13845389013,1270.19637086751,29.9850074962519
1543.62416107383,422.570221227939,29.9850074962519
1570.96694009446,1200.59656972409,14.9925037481259
1565.99552572707,1265.22495650012,44.9775112443778
1570.96694009446,1317.42480735769,14.9925037481259
1578.42406164554,1215.51081282625,14.9925037481259
1578.42406164554,367.884663186677,14.9925037481259
1578.42406164554,347.999005717127,14.9925037481259
1585.88118319662,57.1712652249565,14.9925037481259
1593.3383047477,1302.51056425553,29.9850074962519
1605.76684066617,357.941834451902,14.9925037481259
1635.59532687049,1334.82475764355,29.9850074962519
1645.53815560527,365.398956002983,29.9850074962519
1725.08078548347,1976.13721103654,14.9925037481259
1739.99502858563,1973.65150385285,14.9925037481259
1754.9092716878,1973.65150385285,14.9925037481259
1754.9092716878,1956.25155356699,44.9775112443778
1789.70917225951,434.998757146408,29.9850074962519
1804.62341536167,1498.88143176734,14.9925037481259
1864.28038777032,1478.99577429779,14.9925037481259
1938.85160328113,1429.28163062391,14.9925037481259
1946.30872483221,1655.48098434004,14.9925037481259
1951.2801391996,1630.62391250311,14.9925037481259
1986.08003977131,1747.45215013671,14.9925037481259
1993.5371613224,1812.08053691275,29.9850074962519
2003.47999005717,1630.62391250311,29.9850074962519
2010.93711160825,1553.5669898086,29.9850074962519
2018.39423315933,1645.53815560527,14.9925037481259
2073.0797912006,1483.96718866518,29.9850074962519
2214.76510067114,800.397713149391,29.9850074962519
2232.165050957,810.340541884166,29.9850074962519
2257.02212279394,810.340541884166,29.9850074962519
2286.85060899826,626.398210290828,29.9850074962519
2299.27914491673,616.455381556053,29.9850074962519
2336.56475267214,62.142679592344,29.9850074962519
2428.5359184688,999.254287844892,29.9850074962519
2435.99304001989,2294.30773054934,29.9850074962519
2453.39299030574,986.825751926423,29.9850074962519
2460.85011185682,974.397216007954,29.9850074962519
2473.27864777529,981.854337559036,44.9775112443778
425.055928411633,1116.0825254785,29.9850074962519
686.055182699478,497.141436738752,59.9700149925037
815.311956251554,1824.50907283122,44.9775112443778
959.482972905792,1369.62465821526,44.9775112443778
976.882923191648,698.483718617947,44.9775112443778
1061.39696743724,546.855580412627,29.9850074962519
1188.16803380562,1891.62316679095,29.9850074962519
1518.76708923689,497.141436738752,29.9850074962519
1551.08128262491,365.398956002983,29.9850074962519
1593.3383047477,347.999005717127,29.9850074962519
1610.73825503356,370.37037037037,29.9850074962519
1777.28063634104,1961.22296793438,29.9850074962519
1782.25205070843,2005.96569724086,44.9775112443778
2045.73701217997,1772.30922197365,44.9775112443778
2219.73651503853,785.483470047228,29.9850074962519
2222.22222222222,792.94059159831,29.9850074962519
2331.59333830475,47.2284364901815,29.9850074962519
2470.7929405916,1034.0541884166,44.9775112443778
2468.3072334079,971.911508824261,29.9850074962519
181.456624409645,862.540392741735,59.9700149925037
318.170519512801,1531.19562515536,59.9700149925037
355.456127268208,1533.68133233905,59.9700149925037
457.370121799652,1096.19686800895,44.9775112443778
546.855580412627,1195.6251553567,74.9625187406297
666.169525229928,507.084265473527,59.9700149925037
723.340790454884,487.198608003977,44.9775112443778
728.312204822272,472.284364901815,44.9775112443778
768.083519761372,1799.65200099428,74.9625187406297
782.997762863535,1814.56624409645,59.9700149925037
869.997514292816,372.856077554064,59.9700149925037
887.397464578673,432.513049962714,59.9700149925037
969.425801640567,678.598061148397,44.9775112443778
974.397216007954,678.598061148397,44.9775112443778
979.368630375342,681.08376833209,44.9775112443778
1063.88267462093,976.882923191648,44.9775112443778
1096.19686800895,646.283867760378,44.9775112443778
1130.99676858066,2003.47999005717,74.9625187406297
1170.76808351976,2045.73701217997,74.9625187406297
1208.05369127517,2048.22271936366,59.9700149925037
1230.42505592841,2234.65075814069,59.9700149925037
1411.88168033806,1471.53865274671,44.9775112443778
1424.31021625653,1456.62440964454,44.9775112443778
1511.30996768581,126.771066368382,59.9700149925037
1513.7956748695,410.141685309471,44.9775112443778
1518.76708923689,427.541635595327,44.9775112443778
1583.39547601293,370.37037037037,44.9775112443778
2160.07954262988,1317.42480735769,59.9700149925037
2244.59358687547,787.969177230922,44.9775112443778
2475.76435495899,1009.19711657967,59.9700149925037
54.6855580412627,1200.59656972409,59.9700149925037
59.6569724086503,1215.51081282625,59.9700149925037
72.0855083271191,1193.13944817301,74.9625187406297
211.28511061397,1135.96818294805,59.9700149925037
216.256524981357,1130.99676858066,59.9700149925037
325.627641063883,1585.88118319662,59.9700149925037
347.999005717127,1573.45264727815,59.9700149925037
427.541635595327,482.22719363659,74.9625187406297
457.370121799652,638.826746209297,74.9625187406297
638.826746209297,1971.16579666915,89.9550224887556
648.769574944072,504.598558289833,59.9700149925037
656.226696495153,1968.68008948546,74.9625187406297
668.655232413622,1958.73726075068,59.9700149925037
733.283619189659,2351.4789957743,89.9550224887556
745.712155108128,2314.19338801889,59.9700149925037
835.197613721104,233.656475267214,74.9625187406297
874.968928660204,452.398707432264,59.9700149925037
887.397464578673,449.913000248571,59.9700149925037
1039.02560278399,976.882923191648,89.9550224887556
1071.33979617201,959.482972905792,59.9700149925037
1068.85408898832,2423.56450410142,74.9625187406297
1128.51106139697,2038.27989062888,89.9550224887556
1133.48247576436,2030.8227690778,59.9700149925037
1143.42530449913,2048.22271936366,89.9550224887556
1183.19661943823,1889.13745960726,59.9700149925037
1190.65374098931,2254.53641561024,74.9625187406297
1193.13944817301,2038.27989062888,74.9625187406297
1257.76783494904,531.941337310465,74.9625187406297
1277.65349241859,529.455630126771,74.9625187406297
1314.939100174,1068.85408898832,59.9700149925037
1608.25254784986,1575.93835446184,74.9625187406297
1744.96644295302,1193.13944817301,89.9550224887556
1881.68033805618,1556.05269699229,59.9700149925037
1894.10887397465,1548.59557544121,59.9700149925037
1904.05170270942,1580.90976882923,74.9625187406297
1916.48023862789,2013.42281879195,59.9700149925037
1918.96594581158,1993.5371613224,74.9625187406297
1923.93736017897,1991.0514541387,59.9700149925037
1943.82301764852,2018.39423315933,74.9625187406297
1953.7658463833,1526.22421078797,89.9550224887556
2068.10837683321,705.940840169028,59.9700149925037
2140.19388516033,1300.02485707184,59.9700149925037
47.2284364901815,1210.53939845886,74.9625187406297
196.370867511807,894.854586129754,74.9625187406297
206.313696246582,914.740243599304,89.9550224887556
298.284862043251,1583.39547601293,74.9625187406297
298.284862043251,1578.42406164554,74.9625187406297
300.770569226945,1590.85259756401,74.9625187406297
541.88416604524,1210.53939845886,74.9625187406297
561.76982351479,1205.56798409147,89.9550224887556
708.426547352722,509.569972657221,74.9625187406297
708.426547352722,862.540392741735,104.947526236882
792.94059159831,1782.25205070843,89.9550224887556
820.283370618941,474.770072085508,74.9625187406297
837.683320904797,213.770817797663,74.9625187406297
845.140442455879,218.742232165051,74.9625187406297
852.59756400696,479.741486452896,74.9625187406297
1041.51130996769,2391.2503107134,74.9625187406297
1048.96843151877,2396.22172508079,89.9550224887556
1051.45413870246,2361.42182450907,89.9550224887556
1056.42555306985,944.568729803629,89.9550224887556
1106.13969674372,2043.25130499627,89.9550224887556
1113.5968182948,2398.70743226448,74.9625187406297
1155.8538404176,2048.22271936366,74.9625187406297
1190.65374098931,2030.8227690778,74.9625187406297
1193.13944817301,2013.42281879195,74.9625187406297
1213.02510564256,2008.45140442456,74.9625187406297
1441.71016654238,1506.33855331842,89.9550224887556
1605.76684066617,1528.70991797166,74.9625187406297
1605.76684066617,1521.25279642058,74.9625187406297
1737.50932140194,1178.22520507084,74.9625187406297
1749.93785732041,1170.76808351976,74.9625187406297
1759.88068605518,1190.65374098931,74.9625187406297
1938.85160328113,1272.68207805121,104.947526236882
2008.45140442456,643.798160576684,89.9550224887556
2073.0797912006,678.598061148397,89.9550224887556
2085.50832711907,700.969425801641,74.9625187406297
2125.27964205817,1307.48197862292,89.9550224887556
2296.79343773304,1168.28237633607,104.947526236882
2321.65050956997,1173.25379070346,89.9550224887556
2336.56475267214,1195.6251553567,104.947526236882
2371.36465324385,1292.56773552076,89.9550224887556
2383.79318916232,1250.31071339796,74.9625187406297
52.199850857569,1242.85359184688,119.940029985007
191.39945314442,894.854586129754,89.9550224887556
305.741983594333,1563.50981854338,104.947526236882
541.88416604524,1217.99652000994,89.9550224887556
646.283867760378,512.055679840915,89.9550224887556
668.655232413622,1958.73726075068,89.9550224887556
755.654983842903,2341.53616703952,89.9550224887556
845.140442455879,489.684315187671,104.947526236882
847.626149639573,502.11285110614,89.9550224887556
872.48322147651,464.827243350733,104.947526236882
1056.42555306985,969.425801640567,104.947526236882
1071.33979617201,2391.2503107134,89.9550224887556
1093.71116082525,2055.67984091474,89.9550224887556
1133.48247576436,2030.8227690778,89.9550224887556
1222.96793437733,2048.22271936366,89.9550224887556
1598.30971911509,1546.10986825752,89.9550224887556
1722.59507829978,1178.22520507084,119.940029985007
1762.36639323888,1175.73949788715,89.9550224887556
1871.7375093214,1290.08202833706,104.947526236882
1874.2232165051,1282.62490678598,89.9550224887556
1874.2232165051,1575.93835446184,89.9550224887556
1881.68033805618,1570.96694009446,89.9550224887556
1884.16604523987,1563.50981854338,89.9550224887556
1923.93736017897,2025.85135471042,104.947526236882
2137.70817797663,1282.62490678598,89.9550224887556
2222.22222222222,902.311707680835,104.947526236882
2291.82202336565,586.626895351728,104.947526236882
2314.19338801889,1138.45389013174,119.940029985007
2311.7076808352,1170.76808351976,89.9550224887556
2334.07904548844,1180.71091225454,89.9550224887556
325.627641063883,1272.68207805121,119.940029985007
420.084514044246,464.827243350733,104.947526236882
420.084514044246,479.741486452896,104.947526236882
601.54113845389,633.855331841909,104.947526236882
800.397713149391,1717.62366393239,134.932533733133
797.912005965697,482.22719363659,104.947526236882
855.083271190654,484.712900820283,119.940029985007
889.883171762366,437.484464330102,104.947526236882
1024.11135968183,2408.65026099925,119.940029985007
1026.59706686552,949.540144171017,104.947526236882
1046.48272433507,2015.90852597564,104.947526236882
1088.73974645787,2401.19313944817,104.947526236882
1170.76808351976,1081.28262490679,104.947526236882
1178.22520507084,2363.90753169277,104.947526236882
1732.53790703455,1200.59656972409,104.947526236882
1869.25180213771,559.284116331096,134.932533733133
1899.08028834203,1996.02286850609,119.940029985007
1951.2801391996,1749.93785732041,104.947526236882
2107.87969177231,1011.68282376336,104.947526236882
2140.19388516033,981.854337559036,104.947526236882
2170.02237136465,1295.05344270445,104.947526236882
2319.16480238628,1148.39671886652,104.947526236882
2391.2503107134,862.540392741735,119.940029985007
2393.73601789709,850.111856823266,119.940029985007
37.2856077554064,1312.45339299031,134.932533733133
305.741983594333,932.14019388516,119.940029985007
310.71339796172,952.02585135471,119.940029985007
315.684812329108,1359.68182948049,119.940029985007
315.684812329108,942.083022619935,134.932533733133
385.284613472533,594.084016902809,119.940029985007
459.855828983346,715.883668903803,119.940029985007
469.798657718121,728.312204822272,134.932533733133
566.741237882178,325.627641063883,149.925037481259
576.684066616953,1536.16703952274,134.932533733133
596.569724086503,2329.10763112105,119.940029985007
601.54113845389,2135.22247079294,134.932533733133
636.341039025603,270.94208302262,119.940029985007
678.598061148397,300.770569226945,119.940029985007
713.397961720109,865.026099925429,119.940029985007
715.883668903803,1270.19637086751,149.925037481259
725.826497638578,855.083271190654,119.940029985007
765.597812577678,1570.96694009446,119.940029985007
785.483470047228,1710.16654238131,119.940029985007
830.226199353716,467.312950534427,119.940029985007
842.654735272185,579.169773800646,149.925037481259
879.940343027591,1595.82401193139,134.932533733133
922.197365150385,1598.30971911509,134.932533733133
1004.22570221228,223.713646532438,149.925037481259
1036.5398956003,947.054436987323,119.940029985007
1041.51130996769,2408.65026099925,119.940029985007
1039.02560278399,2433.50733283619,119.940029985007
1051.45413870246,2010.93711160825,119.940029985007
1051.45413870246,2053.19413373105,134.932533733133
1056.42555306985,2416.10738255034,119.940029985007
1058.91126025354,2073.0797912006,119.940029985007
1061.39696743724,964.454387273179,119.940029985007
1068.85408898832,2353.96470295799,119.940029985007
1411.88168033806,154.113845389013,134.932533733133
1478.99577429779,2421.07879691772,134.932533733133
1488.93860303256,2418.59308973403,119.940029985007
1493.91001739995,2435.99304001989,119.940029985007
1541.13845389013,1998.50857568978,119.940029985007
1561.02411135968,375.341784737758,134.932533733133
1600.79542629878,1541.13845389013,119.940029985007
1660.45239870743,1782.25205070843,119.940029985007
1675.36664180959,1205.56798409147,134.932533733133
1697.73800646284,1160.82525478499,134.932533733133
1961.22296793438,1744.96644295302,119.940029985007
1961.22296793438,1720.10937111608,119.940029985007
1963.70867511807,1523.73850360428,119.940029985007
2068.10837683321,1819.53765846383,119.940029985007
2083.02261993537,604.026845637584,119.940029985007
2127.76534924186,952.02585135471,119.940029985007
2125.27964205817,1009.19711657967,134.932533733133
2135.22247079294,1304.99627143922,119.940029985007
2147.65100671141,1282.62490678598,119.940029985007
2165.05095699727,1312.45339299031,119.940029985007
2192.3937360179,1307.48197862292,134.932533733133
2229.6793437733,899.826000497141,119.940029985007
2378.82177479493,1536.16703952274,149.925037481259
2431.0216256525,1411.88168033806,119.940029985007
2435.99304001989,1384.53890131742,119.940029985007
173.999502858563,1503.85284613473,134.932533733133
221.227939348745,1941.33731046483,164.917541229385
365.398956002983,601.54113845389,149.925037481259
449.913000248571,758.140691026597,149.925037481259
584.141188168034,340.541884166045,149.925037481259
631.369624658215,273.427790206314,134.932533733133
643.798160576684,1217.99652000994,149.925037481259
648.769574944072,273.427790206314,164.917541229385
723.340790454884,1645.53815560527,149.925037481259
728.312204822272,1605.76684066617,134.932533733133
735.769326373353,1620.68108376833,134.932533733133
748.197862291822,1635.59532687049,149.925037481259
904.797414864529,263.484961471539,134.932533733133
909.768829231916,268.456375838926,134.932533733133
912.25453641561,233.656475267214,134.932533733133
979.368630375342,596.569724086503,149.925037481259
974.397216007954,258.513547104151,134.932533733133
999.254287844892,626.398210290828,149.925037481259
1009.19711657967,1135.96818294805,164.917541229385
1001.73999502859,1287.59632115337,149.925037481259
1066.36838180462,2413.62167536664,134.932533733133
1160.82525478499,47.2284364901815,164.917541229385
1180.71091225454,2358.93611732538,134.932533733133
1372.11036539896,1302.51056425553,134.932533733133
1476.51006711409,1643.05244842158,164.917541229385
1474.0243599304,2217.25080785483,149.925037481259
1501.36713895103,397.713149391002,149.925037481259
1498.88143176734,2271.9363658961,134.932533733133
1528.70991797166,417.598806860552,164.917541229385
1528.70991797166,375.341784737758,134.932533733133
1533.68133233905,1998.50857568978,149.925037481259
1546.10986825752,405.170270942083,149.925037481259
1551.08128262491,1998.50857568978,134.932533733133
1570.96694009446,1948.79443201591,164.917541229385
1565.99552572707,395.227442207308,134.932533733133
1573.45264727815,1956.25155356699,134.932533733133
1685.30947054437,1148.39671886652,149.925037481259
1956.25155356699,1720.10937111608,149.925037481259
2058.16554809843,1814.56624409645,134.932533733133
2120.30822769078,1762.36639323888,164.917541229385
2165.05095699727,1300.02485707184,134.932533733133
2197.36515038528,1747.45215013671,134.932533733133
2199.85085756898,1764.85210042257,134.932533733133
2276.90778026349,606.512552821278,134.932533733133
2289.33631618195,586.626895351728,134.932533733133
2336.56475267214,1605.76684066617,149.925037481259
2393.73601789709,1193.13944817301,134.932533733133
2406.16455381556,872.48322147651,149.925037481259
2426.05021128511,1411.88168033806,134.932533733133
2423.56450410142,1391.99602286851,134.932533733133
2431.0216256525,1389.51031568481,134.932533733133
2440.96445438727,1081.28262490679,134.932533733133
315.684812329108,1257.76783494904,149.925037481259
375.341784737758,566.741237882178,149.925037481259
507.084265473527,1518.76708923689,149.925037481259
536.912751677852,765.597812577678,149.925037481259
556.798409147402,343.027591349739,149.925037481259
691.026597066866,315.684812329108,149.925037481259
720.855083271191,1580.90976882923,149.925037481259
802.883420333085,1598.30971911509,164.917541229385
986.825751926423,1804.62341536167,149.925037481259
991.797166293811,258.513547104151,164.917541229385
1006.71140939597,1103.65398956003,164.917541229385
1011.68282376336,1270.19637086751,164.917541229385
1011.68282376336,1116.0825254785,149.925037481259
1021.62565249814,2426.05021128511,164.917541229385
1024.11135968183,397.713149391002,149.925037481259
1051.45413870246,2428.5359184688,149.925037481259
1300.02485707184,1715.13795674869,149.925037481259
1304.99627143922,1478.99577429779,164.917541229385
1317.42480735769,1459.11011682824,164.917541229385
1344.76758637832,1483.96718866518,164.917541229385
1347.25329356202,1270.19637086751,149.925037481259
1349.73900074571,1710.16654238131,149.925037481259
1486.45289584887,1665.42381307482,149.925037481259
1503.85284613473,1588.36689038031,164.917541229385
1503.85284613473,2060.65125528213,149.925037481259
1518.76708923689,422.570221227939,149.925037481259
1543.62416107383,2015.90852597564,149.925037481259
1541.13845389013,1978.62291822023,179.910044977511
1841.90902311708,2204.82227193637,179.910044977511
1958.73726075068,2254.53641561024,179.910044977511
1966.19438230176,1916.48023862789,164.917541229385
2102.90827740492,1752.4235645041,164.917541229385
2120.30822769078,1742.48073576933,149.925037481259
2324.13621675367,1429.28163062391,149.925037481259
2341.53616703952,802.883420333085,149.925037481259
2341.53616703952,807.854834700472,149.925037481259
2356.45041014169,1466.56723837932,164.917541229385
2363.90753169277,1486.45289584887,164.917541229385
2361.42182450907,865.026099925429,164.917541229385
2371.36465324385,1493.91001739995,149.925037481259
2445.93586875466,1101.16828237634,164.917541229385
2440.96445438727,1108.62540392742,149.925037481259
2455.87869748944,1056.42555306985,149.925037481259
2468.3072334079,1073.8255033557,164.917541229385
2480.73576932637,1056.42555306985,149.925037481259
139.199602286851,1312.45339299031,179.910044977511
345.513298533433,626.398210290828,179.910044977511
387.770320656227,591.598309719115,164.917541229385
472.284364901815,1165.79666915237,194.902548725637
594.084016902809,365.398956002983,179.910044977511
613.969674372359,333.084762614964,179.910044977511
636.341039025603,1165.79666915237,179.910044977511
671.140939597315,1068.85408898832,194.902548725637
725.826497638578,1098.68257519264,179.910044977511
733.283619189659,1777.28063634104,164.917541229385
740.740740740741,1595.82401193139,164.917541229385
919.711657966692,270.94208302262,164.917541229385
944.568729803629,2386.27889634601,179.910044977511
971.911508824261,1113.5968182948,179.910044977511
976.882923191648,251.05642555307,164.917541229385
979.368630375342,256.027839920457,164.917541229385
991.797166293811,1143.42530449913,164.917541229385
1173.25379070346,67.1140939597315,179.910044977511
1304.99627143922,1715.13795674869,164.917541229385
1309.96768580661,1508.82426050211,179.910044977511
1317.42480735769,1491.42431021626,164.917541229385
1327.36763609247,1496.39572458364,164.917541229385
1329.85334327616,1456.62440964454,164.917541229385
1374.59607258265,1290.08202833706,164.917541229385
1382.05319413373,1300.02485707184,179.910044977511
1387.02460850112,2314.19338801889,179.910044977511
1391.99602286851,2314.19338801889,164.917541229385
1416.85309470544,2309.2219736515,179.910044977511
1429.28163062391,2306.73626646781,179.910044977511
1434.2530449913,2284.36490181457,164.917541229385
1444.19587372608,2299.27914491673,164.917541229385
1483.96718866518,1652.99527715635,164.917541229385
1488.93860303256,2090.47974148645,164.917541229385
1508.82426050211,2058.16554809843,179.910044977511
1518.76708923689,2003.47999005717,179.910044977511
1568.48123291076,800.397713149391,164.917541229385
1819.53765846383,2271.9363658961,194.902548725637
1894.10887397465,2249.56500124285,179.910044977511
1936.36589609744,2202.33656475267,179.910044977511
1966.19438230176,1019.13994531444,164.917541229385
2112.8511061397,1727.56649266716,179.910044977511
2249.56500124285,1088.73974645787,179.910044977511
2281.87919463087,611.483967188665,164.917541229385
2319.16480238628,1451.65299527716,164.917541229385
2321.65050956997,1419.33880188914,179.910044977511
2331.59333830475,1426.79592344022,164.917541229385
2344.02187422322,733.283619189659,164.917541229385
2351.4789957743,1508.82426050211,179.910044977511
2348.9932885906,1623.16679095203,164.917541229385
2363.90753169277,1610.73825503356,179.910044977511
2381.30748197862,999.254287844892,179.910044977511
2418.59308973403,1526.22421078797,194.902548725637
2413.62167536664,1506.33855331842,179.910044977511
2416.10738255034,1543.62416107383,179.910044977511
2448.42157593835,1073.8255033557,179.910044977511
134.228187919463,1563.50981854338,194.902548725637
139.199602286851,1595.82401193139,209.895052473763
256.027839920457,937.111608252548,179.910044977511
260.999254287845,1016.65423813075,179.910044977511
320.656226696495,1255.28212776535,194.902548725637
328.113348247576,1943.82301764852,194.902548725637
357.941834451902,623.912503107134,179.910044977511
372.856077554064,601.54113845389,179.910044977511
397.713149391002,986.825751926423,194.902548725637
641.31245339299,1203.08227690778,179.910044977511
638.826746209297,1043.99701715138,194.902548725637
641.31245339299,1083.76833209048,194.902548725637
643.798160576684,1235.3964702958,179.910044977511
648.769574944072,315.684812329108,179.910044977511
648.769574944072,1073.8255033557,194.902548725637
658.712403678847,1058.91126025354,179.910044977511
723.340790454884,1056.42555306985,194.902548725637
733.283619189659,1717.62366393239,194.902548725637
787.969177230922,1580.90976882923,194.902548725637
934.625901068854,2401.19313944817,194.902548725637
966.940094456873,1150.88242605021,179.910044977511
984.340044742729,1160.82525478499,179.910044977511
1006.71140939597,497.141436738752,179.910044977511
1227.93934874472,502.11285110614,179.910044977511
1287.59632115337,1536.16703952274,179.910044977511
1302.51056425553,1493.91001739995,194.902548725637
1367.13895103157,2324.13621675367,194.902548725637
1387.02460850112,1715.13795674869,194.902548725637
1528.70991797166,2095.45115585384,194.902548725637
1531.19562515536,2015.90852597564,179.910044977511
1692.76659209545,1337.31046482724,194.902548725637
1700.22371364653,258.513547104151,194.902548725637
1921.45165299528,1481.48148148148,194.902548725637
1946.30872483221,1931.39448173005,194.902548725637
1948.79443201591,2212.27939348745,194.902548725637
1951.2801391996,2234.65075814069,194.902548725637
1976.13721103654,651.255282127765,179.910044977511
2055.67984091474,1411.88168033806,179.910044977511
2140.19388516033,1026.59706686552,194.902548725637
2150.1367138951,1019.13994531444,194.902548725637
2331.59333830475,1464.08153119563,179.910044977511
2329.10763112105,1441.71016654238,194.902548725637
2351.4789957743,1605.76684066617,179.910044977511
2368.87894606015,1456.62440964454,179.910044977511
2393.73601789709,1471.53865274671,179.910044977511
2396.22172508079,1543.62416107383,179.910044977511
196.370867511807,1300.02485707184,194.902548725637
203.827989062888,1280.13919960229,224.887556221889
216.256524981357,1287.59632115337,194.902548725637
228.685060899826,1886.65175242356,209.895052473763
228.685060899826,976.882923191648,224.887556221889
238.627889634601,974.397216007954,194.902548725637
253.542132736764,1869.25180213771,209.895052473763
258.513547104151,1004.22570221228,194.902548725637
256.027839920457,1016.65423813075,194.902548725637
258.513547104151,1881.68033805618,194.902548725637
260.999254287845,1918.96594581158,194.902548725637
275.913497390007,1906.53740989311,194.902548725637
303.256276410639,1009.19711657967,194.902548725637
362.913248819289,611.483967188665,194.902548725637
397.713149391002,549.341287596321,209.895052473763
402.684563758389,571.712652249565,209.895052473763
556.798409147402,1856.82326621924,209.895052473763
569.226945065871,1817.05195128014,209.895052473763
574.198359433259,402.684563758389,209.895052473763
618.941088739746,1135.96818294805,194.902548725637
621.42679592344,285.856326124783,209.895052473763
673.626646781009,1016.65423813075,194.902548725637
691.026597066866,1705.19512801392,209.895052473763
703.455132985334,661.19811086254,194.902548725637
703.455132985334,641.31245339299,194.902548725637
705.940840169028,1053.93984588615,209.895052473763
720.855083271191,666.169525229928,194.902548725637
715.883668903803,1720.10937111608,209.895052473763
730.797912005966,656.226696495153,194.902548725637
733.283619189659,1088.73974645787,194.902548725637
773.05493412876,477.255779269202,194.902548725637
780.512055679841,469.798657718121,194.902548725637
867.511807109123,869.997514292816,194.902548725637
872.48322147651,2075.56549838429,194.902548725637
872.48322147651,2070.5940840169,194.902548725637
984.340044742729,504.598558289833,209.895052473763
994.282873477504,519.512801391996,194.902548725637
999.254287844892,492.170022371365,194.902548725637
1019.13994531444,494.655729555058,209.895052473763
1043.99701715138,502.11285110614,224.887556221889
1081.28262490679,1073.8255033557,209.895052473763
1178.22520507084,1369.62465821526,209.895052473763
1188.16803380562,1409.39597315436,209.895052473763
1198.11086254039,1551.08128262491,194.902548725637
1200.59656972409,1434.2530449913,194.902548725637
1227.93934874472,198.856574695501,194.902548725637
1232.91076311211,206.313696246582,194.902548725637
1406.91026597067,2274.42207307979,194.902548725637
1441.71016654238,1981.10862540393,194.902548725637
1478.99577429779,1996.02286850609,194.902548725637
1483.96718866518,2102.90827740492,194.902548725637
1518.76708923689,2070.5940840169,194.902548725637
1521.25279642058,2075.56549838429,194.902548725637
1556.05269699229,519.512801391996,224.887556221889
1600.79542629878,514.541387024609,224.887556221889
1672.8809346259,251.05642555307,194.902548725637
1667.90952025851,260.999254287845,209.895052473763
1702.70942083023,246.085011185682,194.902548725637
1752.4235645041,355.456127268208,194.902548725637
1841.90902311708,2294.30773054934,194.902548725637
1896.59458115834,350.48471290082,209.895052473763
1973.65150385285,1953.7658463833,194.902548725637
1991.0514541387,1424.31021625653,194.902548725637
2028.33706189411,1426.79592344022,194.902548725637
2068.10837683321,1735.02361421825,194.902548725637
2182.45090728312,1048.96843151877,194.902548725637
2423.56450410142,1513.7956748695,194.902548725637
101.913994531444,1697.73800646284,224.887556221889
106.885408898832,1553.5669898086,239.880059970015
154.113845389013,1588.36689038031,209.895052473763
181.456624409645,1290.08202833706,224.887556221889
196.370867511807,1839.42331593338,224.887556221889
201.342281879195,1314.939100174,224.887556221889
246.085011185682,1923.93736017897,209.895052473763
265.970668655232,1931.39448173005,224.887556221889
283.370618941089,1909.02311707681,239.880059970015
295.799154859558,1009.19711657967,209.895052473763
318.170519512801,1951.2801391996,209.895052473763
390.25602783992,571.712652249565,209.895052473763
390.25602783992,564.255530698484,209.895052473763
392.741735023614,556.798409147402,209.895052473763
586.626895351728,2120.30822769078,239.880059970015
584.141188168034,365.398956002983,209.895052473763
606.512552821278,695.998011434253,239.880059970015
643.798160576684,1071.33979617201,209.895052473763
693.512304250559,402.684563758389,224.887556221889
720.855083271191,1043.99701715138,224.887556221889
775.540641312453,1573.45264727815,209.895052473763
897.340293313448,2075.56549838429,209.895052473763
991.797166293811,484.712900820283,224.887556221889
1016.65423813075,512.055679840915,224.887556221889
1222.96793437733,203.827989062888,209.895052473763
1344.76758637832,1483.96718866518,224.887556221889
1357.19612229679,1464.08153119563,224.887556221889
1362.16753666418,1715.13795674869,209.895052473763
1359.68182948049,2224.70792940592,209.895052473763
1379.56748695004,1715.13795674869,209.895052473763
1409.39597315436,2261.99353716132,209.895052473763
1431.76733780761,2261.99353716132,209.895052473763
1511.30996768581,2070.5940840169,209.895052473763
1605.76684066617,499.627143922446,224.887556221889
1625.65249813572,285.856326124783,209.895052473763
1625.65249813572,298.284862043251,209.895052473763
1635.59532687049,1799.65200099428,224.887556221889
1635.59532687049,290.82774049217,224.887556221889
1648.02386278896,305.741983594333,224.887556221889
1648.02386278896,1869.25180213771,209.895052473763
1648.02386278896,1876.70892368879,209.895052473763
1652.99527715635,260.999254287845,224.887556221889
1662.93810589113,243.599304001989,224.887556221889
1677.85234899329,243.599304001989,209.895052473763
1677.85234899329,318.170519512801,254.872563718141
1695.25229927915,238.627889634601,209.895052473763
1697.73800646284,1506.33855331842,209.895052473763
1712.652249565,300.770569226945,224.887556221889
1732.53790703455,273.427790206314,224.887556221889
1749.93785732041,688.540889883172,239.880059970015
1831.9661943823,1958.73726075068,239.880059970015
1826.99478001491,1936.36589609744,239.880059970015
1856.82326621924,2247.07929405916,209.895052473763
1884.16604523987,2244.59358687547,209.895052473763
1938.85160328113,1928.90877454636,209.895052473763
2015.90852597564,1411.88168033806,209.895052473763
2023.36564752672,1001.73999502859,239.880059970015
2025.85135471042,989.311459110117,224.887556221889
49.7141436738752,1702.70942083023,224.887556221889
221.227939348745,1282.62490678598,239.880059970015
283.370618941089,1859.30897340293,224.887556221889
293.313447675864,1931.39448173005,224.887556221889
328.113348247576,1948.79443201591,224.887556221889
328.113348247576,1936.36589609744,224.887556221889
442.455878697489,676.112353964703,224.887556221889
541.88416604524,1782.25205070843,239.880059970015
616.455381556053,2120.30822769078,239.880059970015
628.883917474521,1116.0825254785,224.887556221889
666.169525229928,529.455630126771,224.887556221889
713.397961720109,1744.96644295302,224.887556221889
835.197613721104,2209.79368630375,239.880059970015
835.197613721104,2083.02261993537,269.865067466267
860.054685558041,2003.47999005717,224.887556221889
862.540392741735,2083.02261993537,239.880059970015
937.111608252548,2080.53691275168,224.887556221889
939.597315436242,2122.79393487447,239.880059970015
989.311459110117,514.541387024609,224.887556221889
1014.16853094705,521.99850857569,239.880059970015
1076.3112105394,2207.30797912006,239.880059970015
1175.73949788715,1419.33880188914,224.887556221889
1195.6251553567,1546.10986825752,224.887556221889
1210.53939845886,1595.82401193139,224.887556221889
1240.36788466319,1528.70991797166,239.880059970015
1324.88192890877,909.768829231916,239.880059970015
1332.33905045986,1879.19463087248,224.887556221889
1334.82475764355,1918.96594581158,239.880059970015
1354.7104151131,917.225950782998,239.880059970015
1359.68182948049,1498.88143176734,224.887556221889
1362.16753666418,897.340293313448,224.887556221889
1414.36738752175,1958.73726075068,224.887556221889
1439.22445935869,2264.47924434502,224.887556221889
1446.68158090977,1133.48247576436,239.880059970015
1588.36689038031,507.084265473527,239.880059970015
1620.68108376833,278.399204573701,239.880059970015
1638.08103405419,1546.10986825752,224.887556221889
1720.10937111608,688.540889883172,239.880059970015
1744.96644295302,270.94208302262,224.887556221889
1772.30922197365,265.970668655232,254.872563718141
1809.59482972906,1943.82301764852,239.880059970015
1943.82301764852,1928.90877454636,224.887556221889
2005.96569724086,1406.91026597067,224.887556221889
2025.85135471042,1426.79592344022,224.887556221889
2030.8227690778,996.768580661198,224.887556221889
2043.25130499627,994.282873477504,239.880059970015
2053.19413373105,1034.0541884166,224.887556221889
2078.05120556798,1826.99478001491,254.872563718141
2147.65100671141,1029.08277404922,224.887556221889
2381.30748197862,1561.02411135968,224.887556221889
188.913745960726,1309.96768580661,239.880059970015
238.627889634601,1916.48023862789,254.872563718141
248.570718369376,1854.33755903555,239.880059970015
251.05642555307,1906.53740989311,239.880059970015
253.542132736764,1901.56599552573,239.880059970015
256.027839920457,1841.90902311708,239.880059970015
256.027839920457,1043.99701715138,254.872563718141
457.370121799652,710.912254536416,239.880059970015
549.341287596321,1772.30922197365,239.880059970015
554.312701963709,1757.39497887149,269.865067466267
805.369127516779,2199.85085756898,269.865067466267
825.254784986329,2107.87969177231,269.865067466267
899.826000497141,2112.8511061397,239.880059970015
947.054436987323,2087.99403430276,239.880059970015
1063.88267462093,340.541884166045,269.865067466267
1066.36838180462,2187.42232165051,254.872563718141
1073.8255033557,2152.6224210788,269.865067466267
1093.71116082525,2132.73676360925,239.880059970015
1106.13969674372,2140.19388516033,239.880059970015
1111.11111111111,2137.70817797663,239.880059970015
1329.85334327616,1861.79468058663,239.880059970015
1451.65299527716,1118.56823266219,254.872563718141
1483.96718866518,425.055928411633,254.872563718141
1600.79542629878,273.427790206314,269.865067466267
1700.22371364653,198.856574695501,239.880059970015
1968.68008948546,1861.79468058663,239.880059970015
2053.19413373105,1822.02336564753,254.872563718141
2105.39398458862,1469.05294556301,254.872563718141
2130.25105642555,1449.16728809346,269.865067466267
2184.93661446682,857.568978374347,239.880059970015
2192.3937360179,882.426050211285,239.880059970015
2194.87944320159,860.054685558041,239.880059970015
2194.87944320159,852.59756400696,239.880059970015
2217.25080785483,855.083271190654,254.872563718141
2266.96495152871,1173.25379070346,269.865067466267
228.685060899826,1926.42306736266,254.872563718141
236.142182450907,1931.39448173005,254.872563718141
243.599304001989,1931.39448173005,254.872563718141
248.570718369376,1901.56599552573,254.872563718141
295.799154859558,1394.4817300522,299.850074962519
305.741983594333,1675.36664180959,269.865067466267
541.88416604524,1774.79492915735,254.872563718141
596.569724086503,571.712652249565,269.865067466267
795.426298782004,1312.45339299031,269.865067466267
792.94059159831,1297.53914988814,254.872563718141
807.854834700472,2184.93661446682,254.872563718141
907.283122048223,2013.42281879195,254.872563718141
1006.71140939597,517.027094208302,254.872563718141
1081.28262490679,2192.3937360179,254.872563718141
1135.96818294805,2075.56549838429,284.857571214393
1140.93959731544,2033.3084762615,269.865067466267
1200.59656972409,1372.11036539896,254.872563718141
1205.56798409147,1372.11036539896,254.872563718141
1217.99652000994,285.856326124783,269.865067466267
1327.36763609247,556.798409147402,254.872563718141
1324.88192890877,1876.70892368879,254.872563718141
1339.79617201094,571.712652249565,284.857571214393
1367.13895103157,576.684066616953,254.872563718141
1603.28113348248,1222.96793437733,269.865067466267
1623.16679095203,1210.53939845886,269.865067466267
1638.08103405419,1213.02510564256,269.865067466267
1643.05244842158,1638.08103405419,284.857571214393
1648.02386278896,1198.11086254039,269.865067466267
1650.50956997266,1208.05369127517,269.865067466267
1662.93810589113,300.770569226945,269.865067466267
1660.45239870743,1630.62391250311,269.865067466267
1657.96669152374,1946.30872483221,284.857571214393
1667.90952025851,283.370618941089,254.872563718141
1682.82376336068,206.313696246582,269.865067466267
1685.30947054437,335.570469798658,254.872563718141
1707.68083519761,303.256276410639,254.872563718141
1774.79492915735,695.998011434253,269.865067466267
1906.53740989311,728.312204822272,284.857571214393
1923.93736017897,718.369376087497,284.857571214393
1976.13721103654,1869.25180213771,269.865067466267
1981.10862540393,1851.85185185185,269.865067466267
2058.16554809843,1180.71091225454,254.872563718141
2102.90827740492,800.397713149391,254.872563718141
2107.87969177231,795.426298782004,254.872563718141
2192.3937360179,877.454635843898,269.865067466267
290.82774049217,1894.10887397465,284.857571214393
574.198359433259,559.284116331096,284.857571214393
581.65548098434,566.741237882178,269.865067466267
661.19811086254,733.283619189659,299.850074962519
795.426298782004,2018.39423315933,284.857571214393
805.369127516779,2045.73701217997,269.865067466267
807.854834700472,1307.48197862292,269.865067466267
807.854834700472,2020.87994034303,269.865067466267
817.797663435247,2155.10812826249,269.865067466267
820.283370618941,2018.39423315933,269.865067466267
842.654735272185,2095.45115585384,269.865067466267
845.140442455879,2060.65125528213,284.857571214393
897.340293313448,1367.13895103157,299.850074962519
899.826000497141,2107.87969177231,269.865067466267
934.625901068854,1812.08053691275,284.857571214393
944.568729803629,1824.50907283122,299.850074962519
956.997265722098,1779.76634352473,284.857571214393
1116.0825254785,2112.8511061397,284.857571214393
1307.48197862292,352.970420084514,284.857571214393
1307.48197862292,338.056176982351,269.865067466267
1322.39622172508,360.427541635595,284.857571214393
1379.56748695004,1536.16703952274,269.865067466267
1588.36689038031,1804.62341536167,299.850074962519
1630.62391250311,1292.56773552076,269.865067466267
1630.62391250311,1595.82401193139,284.857571214393
1635.59532687049,1190.65374098931,284.857571214393
1650.50956997266,1580.90976882923,269.865067466267
1670.39522744221,260.999254287845,284.857571214393
1675.36664180959,218.742232165051,269.865067466267
1682.82376336068,283.370618941089,269.865067466267
1707.68083519761,318.170519512801,284.857571214393
1976.13721103654,1625.65249813572,299.850074962519
1988.56574695501,974.397216007954,299.850074962519
2060.65125528213,1153.36813323391,284.857571214393
2068.10837683321,1180.71091225454,269.865067466267
2075.56549838429,934.625901068854,269.865067466267
2087.99403430276,797.912005965697,284.857571214393
2092.96544867015,1419.33880188914,284.857571214393
2097.93686303753,815.311956251554,299.850074962519
2269.4506587124,1135.96818294805,299.850074962519
2289.33631618195,1123.53964702958,299.850074962519
283.370618941089,1372.11036539896,314.842578710645
566.741237882178,956.997265722098,299.850074962519
604.026845637584,952.02585135471,284.857571214393
782.997762863535,899.826000497141,284.857571214393
810.340541884166,932.14019388516,284.857571214393
865.026099925429,2030.8227690778,284.857571214393
874.968928660204,974.397216007954,284.857571214393
899.826000497141,442.455878697489,299.850074962519
899.826000497141,1749.93785732041,314.842578710645
924.683072334079,1735.02361421825,329.835082458771
924.683072334079,1782.25205070843,284.857571214393
932.14019388516,1767.33780760626,299.850074962519
952.02585135471,1752.4235645041,299.850074962519
1165.79666915237,2065.62266964952,314.842578710645
1441.71016654238,1757.39497887149,284.857571214393
1573.45264727815,1794.6805866269,284.857571214393
1585.88118319662,1200.59656972409,299.850074962519
1633.1096196868,544.369873228934,284.857571214393
1680.33805617698,618.941088739746,329.835082458771
1697.73800646284,243.599304001989,284.857571214393
1707.68083519761,1695.25229927915,299.850074962519
1717.62366393239,1715.13795674869,284.857571214393
1717.62366393239,688.540889883172,284.857571214393
1831.9661943823,1190.65374098931,284.857571214393
1864.28038777032,1767.33780760626,314.842578710645
1861.79468058663,561.76982351479,284.857571214393
1869.25180213771,556.798409147402,284.857571214393
2008.45140442456,971.911508824261,284.857571214393
2010.93711160825,643.798160576684,314.842578710645
2055.67984091474,952.02585135471,284.857571214393
671.140939597315,1411.88168033806,299.850074962519
773.05493412876,952.02585135471,299.850074962519
780.512055679841,1769.82351478996,314.842578710645
792.94059159831,892.36887894606,314.842578710645
867.511807109123,944.568729803629,299.850074962519
899.826000497141,417.598806860552,314.842578710645
1009.19711657967,877.454635843898,314.842578710645
1039.02560278399,795.426298782004,314.842578710645
1101.16828237634,457.370121799652,314.842578710645
1307.48197862292,907.283122048223,329.835082458771
1426.79592344022,1101.16828237634,329.835082458771
1628.13820531941,1558.53840417599,299.850074962519
1667.90952025851,579.169773800646,299.850074962519
1680.33805617698,574.198359433259,299.850074962519
1682.82376336068,330.59905543127,299.850074962519
1705.19512801392,576.684066616953,329.835082458771
1859.30897340293,1807.10912254536,314.842578710645
1869.25180213771,981.854337559036,299.850074962519
1973.65150385285,1531.19562515536,314.842578710645
1993.5371613224,956.997265722098,299.850074962519
2005.96569724086,1508.82426050211,314.842578710645
2065.62266964952,1183.19661943823,299.850074962519
646.283867760378,1411.88168033806,329.835082458771
661.19811086254,1976.13721103654,314.842578710645
748.197862291822,636.341039025603,344.827586206897
763.112105393985,1879.19463087248,314.842578710645
780.512055679841,1871.7375093214,314.842578710645
787.969177230922,904.797414864529,329.835082458771
812.82624906786,924.683072334079,314.842578710645
827.740492170022,1262.73924931643,329.835082458771
924.683072334079,1779.76634352473,314.842578710645
929.654486701467,1757.39497887149,314.842578710645
964.454387273179,1774.79492915735,314.842578710645
966.940094456873,1769.82351478996,314.842578710645
1036.5398956003,778.026348496147,329.835082458771
1039.02560278399,805.369127516779,329.835082458771
1056.42555306985,730.797912005966,329.835082458771
1068.85408898832,773.05493412876,329.835082458771
1339.79617201094,482.22719363659,314.842578710645
1357.19612229679,497.141436738752,344.827586206897
1406.91026597067,1086.25403927417,329.835082458771
1436.73875217499,561.76982351479,344.827586206897
1528.70991797166,1444.19587372608,329.835082458771
1551.08128262491,1257.76783494904,314.842578710645
1583.39547601293,1272.68207805121,314.842578710645
1600.79542629878,1188.16803380562,314.842578710645
1625.65249813572,1928.90877454636,329.835082458771
1675.36664180959,636.341039025603,314.842578710645
1700.22371364653,1675.36664180959,329.835082458771
1881.68033805618,969.425801640567,344.827586206897
1901.56599552573,1516.28138205319,314.842578710645
1913.9945314442,979.368630375342,329.835082458771
1968.68008948546,971.911508824261,314.842578710645
1971.16579666915,956.997265722098,314.842578710645
2013.42281879195,989.311459110117,314.842578710645
2025.85135471042,1623.16679095203,314.842578710645
623.912503107134,1307.48197862292,344.827586206897
621.42679592344,1275.1677852349,344.827586206897
683.569475515784,1379.56748695004,329.835082458771
688.540889883172,1377.08177976634,329.835082458771
693.512304250559,1379.56748695004,329.835082458771
733.283619189659,611.483967188665,329.835082458771
733.283619189659,596.569724086503,329.835082458771
738.255033557047,601.54113845389,329.835082458771
745.712155108128,611.483967188665,329.835082458771
753.16927665921,1782.25205070843,329.835082458771
765.597812577678,584.141188168034,329.835082458771
780.512055679841,889.883171762366,329.835082458771
825.254784986329,1909.02311707681,329.835082458771
835.197613721104,1252.79642058166,329.835082458771
840.169028088491,1257.76783494904,329.835082458771
847.626149639573,1933.88018891375,344.827586206897
855.083271190654,1921.45165299528,344.827586206897
869.997514292816,1717.62366393239,344.827586206897
902.311707680835,1715.13795674869,344.827586206897
954.511558538404,1752.4235645041,329.835082458771
964.454387273179,1762.36639323888,329.835082458771
1061.39696743724,1901.56599552573,329.835082458771
1066.36838180462,1896.59458115834,329.835082458771
1093.71116082525,519.512801391996,329.835082458771
1106.13969674372,477.255779269202,329.835082458771
1116.0825254785,2107.87969177231,329.835082458771
1121.05393984589,2100.42257022123,329.835082458771
1347.25329356202,1441.71016654238,344.827586206897
1421.82450907283,564.255530698484,344.827586206897
1429.28163062391,524.484215759384,344.827586206897
1466.56723837932,1715.13795674869,329.835082458771
1486.45289584887,1725.08078548347,329.835082458771
1508.82426050211,1444.19587372608,329.835082458771
1590.85259756401,1272.68207805121,329.835082458771
1608.25254784986,1190.65374098931,329.835082458771
1648.02386278896,1113.5968182948,329.835082458771
1667.90952025851,1953.7658463833,329.835082458771
1672.8809346259,1121.05393984589,329.835082458771
1672.8809346259,574.198359433259,329.835082458771
1677.85234899329,581.65548098434,329.835082458771
1687.79517772806,1108.62540392742,329.835082458771
1695.25229927915,1096.19686800895,329.835082458771
1695.25229927915,1133.48247576436,344.827586206897
1705.19512801392,1083.76833209048,329.835082458771
1717.62366393239,1697.73800646284,329.835082458771
1742.48073576933,1130.99676858066,329.835082458771
1784.73775789212,986.825751926423,344.827586206897
1812.08053691275,713.397961720109,359.820089955023
1812.08053691275,740.740740740741,344.827586206897
1869.25180213771,1593.3383047477,344.827586206897
1869.25180213771,1610.73825503356,359.820089955023
1876.70892368879,981.854337559036,329.835082458771
1909.02311707681,1536.16703952274,344.827586206897
1913.9945314442,1518.76708923689,344.827586206897
1983.59433258762,1633.1096196868,329.835082458771
2279.39348744718,1135.96818294805,329.835082458771
551.826994780015,1471.53865274671,374.812593703148
604.026845637584,1307.48197862292,359.820089955023
611.483967188665,1322.39622172508,344.827586206897
628.883917474521,1424.31021625653,344.827586206897
636.341039025603,1411.88168033806,344.827586206897
673.626646781009,1379.56748695004,344.827586206897
673.626646781009,802.883420333085,374.812593703148
710.912254536416,743.226447924435,359.820089955023
740.740740740741,1705.19512801392,359.820089955023
802.883420333085,1280.13919960229,344.827586206897
837.683320904797,1001.73999502859,359.820089955023
837.683320904797,1904.05170270942,359.820089955023
842.654735272185,939.597315436242,359.820089955023
850.111856823266,994.282873477504,344.827586206897
847.626149639573,1262.73924931643,344.827586206897
877.454635843898,1014.16853094705,374.812593703148
897.340293313448,1277.65349241859,359.820089955023
1471.53865274671,556.798409147402,344.827586206897
1496.39572458364,1404.42455878698,344.827586206897
1498.88143176734,1725.08078548347,344.827586206897
1687.79517772806,991.797166293811,389.805097451274
1707.68083519761,1004.22570221228,359.820089955023
1707.68083519761,618.941088739746,344.827586206897
1762.36639323888,1056.42555306985,344.827586206897
1767.33780760626,966.940094456873,344.827586206897
1802.13770817798,1262.73924931643,344.827586206897
2008.45140442456,1272.68207805121,374.812593703148
497.141436738752,1317.42480735769,389.805097451274
574.198359433259,1421.82450907283,374.812593703148
594.084016902809,1217.99652000994,389.805097451274
594.084016902809,1272.68207805121,359.820089955023
601.54113845389,1295.05344270445,359.820089955023
631.369624658215,1297.53914988814,359.820089955023
720.855083271191,611.483967188665,359.820089955023
725.826497638578,594.084016902809,359.820089955023
745.712155108128,1777.28063634104,359.820089955023
770.569226945066,606.512552821278,359.820089955023
807.854834700472,1255.28212776535,374.812593703148
832.71190653741,1304.99627143922,359.820089955023
832.71190653741,1923.93736017897,374.812593703148
840.169028088491,1240.36788466319,389.805097451274
840.169028088491,1255.28212776535,374.812593703148
847.626149639573,1359.68182948049,359.820089955023
857.568978374347,1272.68207805121,389.805097451274
877.454635843898,1302.51056425553,389.805097451274
879.940343027591,1349.73900074571,389.805097451274
884.911757394979,1252.79642058166,359.820089955023
892.36887894606,984.340044742729,374.812593703148
964.454387273179,1252.79642058166,359.820089955023
1029.08277404922,773.05493412876,359.820089955023
1034.0541884166,785.483470047228,359.820089955023
1051.45413870246,765.597812577678,359.820089955023
1063.88267462093,768.083519761372,359.820089955023
1103.65398956003,1603.28113348248,359.820089955023
1304.99627143922,909.768829231916,359.820089955023
1406.91026597067,1742.48073576933,389.805097451274
1414.36738752175,566.741237882178,374.812593703148
1483.96718866518,1419.33880188914,389.805097451274
1513.7956748695,1394.4817300522,404.7976011994
1643.05244842158,1113.5968182948,359.820089955023
1695.25229927915,1078.79691772309,374.812593703148
1777.28063634104,986.825751926423,359.820089955023
1829.48048719861,723.340790454884,359.820089955023
1871.7375093214,979.368630375342,359.820089955023
1909.02311707681,1300.02485707184,389.805097451274
2013.42281879195,1290.08202833706,374.812593703148
524.484215759384,1250.31071339796,389.805097451274
554.312701963709,1431.76733780761,374.812593703148
638.826746209297,1312.45339299031,389.805097451274
641.31245339299,1208.05369127517,389.805097451274
780.512055679841,606.512552821278,374.812593703148
827.740492170022,1334.82475764355,389.805097451274
820.283370618941,1909.02311707681,374.812593703148
842.654735272185,1300.02485707184,389.805097451274
842.654735272185,1931.39448173005,374.812593703148
842.654735272185,1916.48023862789,374.812593703148
842.654735272185,1923.93736017897,374.812593703148
850.111856823266,1926.42306736266,374.812593703148
874.968928660204,1324.88192890877,374.812593703148
879.940343027591,1941.33731046483,374.812593703148
969.425801640567,1227.93934874472,374.812593703148
989.311459110117,1217.99652000994,374.812593703148
1056.42555306985,765.597812577678,374.812593703148
1396.96743723589,1416.85309470544,404.7976011994
1424.31021625653,882.426050211285,404.7976011994
1476.51006711409,1687.79517772806,389.805097451274
1493.91001739995,1372.11036539896,389.805097451274
1493.91001739995,1434.2530449913,389.805097451274
1506.33855331842,1429.28163062391,374.812593703148
1521.25279642058,1409.39597315436,389.805097451274
1695.25229927915,1029.08277404922,374.812593703148
1747.45215013671,1300.02485707184,374.812593703148
1792.1948794432,1088.73974645787,404.7976011994
1797.16629381059,1265.22495650012,374.812593703148
1794.6805866269,1113.5968182948,404.7976011994
1812.08053691275,1672.8809346259,389.805097451274
1846.88043748446,1409.39597315436,374.812593703148
1916.48023862789,1513.7956748695,374.812593703148
1921.45165299528,1508.82426050211,374.812593703148
586.626895351728,1461.59582401193,389.805097451274
855.083271190654,996.768580661198,389.805097451274
860.054685558041,1319.91051454139,389.805097451274
892.36887894606,1302.51056425553,389.805097451274
971.911508824261,1255.28212776535,389.805097451274
1108.62540392742,1670.39522744221,389.805097451274
1394.4817300522,1533.68133233905,419.790104947526
1424.31021625653,902.311707680835,389.805097451274
1429.28163062391,1809.59482972906,404.7976011994
1436.73875217499,1749.93785732041,404.7976011994
1444.19587372608,1712.652249565,389.805097451274
1451.65299527716,1814.56624409645,404.7976011994
1464.08153119563,1369.62465821526,404.7976011994
1486.45289584887,1409.39597315436,389.805097451274
1493.91001739995,1396.96743723589,404.7976011994
1511.30996768581,1434.2530449913,389.805097451274
1531.19562515536,1377.08177976634,404.7976011994
1650.50956997266,850.111856823266,404.7976011994
1695.25229927915,1036.5398956003,404.7976011994
1707.68083519761,1051.45413870246,389.805097451274
1720.10937111608,1043.99701715138,404.7976011994
1720.10937111608,1406.91026597067,434.782608695652
1782.25205070843,1106.13969674372,389.805097451274
487.198608003977,1267.71066368382,404.7976011994
1063.88267462093,855.083271190654,419.790104947526
1140.93959731544,606.512552821278,419.790104947526
1359.68182948049,862.540392741735,419.790104947526
1369.62465821526,845.140442455879,404.7976011994
1382.05319413373,1665.42381307482,419.790104947526
1391.99602286851,1613.22396221725,419.790104947526
1409.39597315436,1697.73800646284,404.7976011994
1446.68158090977,1789.70917225951,419.790104947526
1451.65299527716,894.854586129754,404.7976011994
1459.11011682824,882.426050211285,419.790104947526
1461.59582401193,1424.31021625653,404.7976011994
1501.36713895103,914.740243599304,434.782608695652
1513.7956748695,874.968928660204,419.790104947526
1570.96694009446,971.911508824261,404.7976011994
1697.73800646284,1026.59706686552,404.7976011994
1730.05219985086,1409.39597315436,404.7976011994
1787.22346507581,1133.48247576436,419.790104947526
1817.05195128014,1098.68257519264,434.782608695652
1819.53765846383,1111.11111111111,419.790104947526
484.712900820283,1300.02485707184,419.790104947526
514.541387024609,1300.02485707184,419.790104947526
691.026597066866,1481.48148148148,434.782608695652
698.483718617947,1491.42431021626,419.790104947526
840.169028088491,1379.56748695004,449.775112443778
850.111856823266,1396.96743723589,434.782608695652
1071.33979617201,867.511807109123,449.775112443778
1116.0825254785,969.425801640567,419.790104947526
1143.42530449913,1605.76684066617,434.782608695652
1208.05369127517,815.311956251554,419.790104947526
1220.48222719364,1650.50956997266,419.790104947526
1282.62490678598,1165.79666915237,464.767616191904
1295.05344270445,1155.8538404176,449.775112443778
1344.76758637832,1645.53815560527,419.790104947526
1364.65324384787,678.598061148397,449.775112443778
1391.99602286851,1802.13770817798,419.790104947526
1394.4817300522,1819.53765846383,434.782608695652
1426.79592344022,1419.33880188914,419.790104947526
1434.2530449913,1797.16629381059,419.790104947526
1436.73875217499,1772.30922197365,449.775112443778
1439.22445935869,1851.85185185185,464.767616191904
1478.99577429779,865.026099925429,434.782608695652
1491.42431021626,904.797414864529,434.782608695652
1583.39547601293,991.797166293811,419.790104947526
1588.36689038031,1019.13994531444,419.790104947526
1727.56649266716,1424.31021625653,434.782608695652
1735.02361421825,1416.85309470544,419.790104947526
904.797414864529,1481.48148148148,449.775112443778
937.111608252548,1203.08227690778,479.76011994003
959.482972905792,1096.19686800895,434.782608695652
961.968680089485,1265.22495650012,434.782608695652
1014.16853094705,845.140442455879,449.775112443778
1145.91101168282,1590.85259756401,449.775112443778
1170.76808351976,1628.13820531941,449.775112443778
1280.13919960229,1073.8255033557,434.782608695652
1285.11061396967,1123.53964702958,464.767616191904
1287.59632115337,1391.99602286851,449.775112443778
1359.68182948049,1834.451901566,464.767616191904
1359.68182948049,1784.73775789212,479.76011994003
1377.08177976634,1804.62341536167,449.775112443778
1409.39597315436,1521.25279642058,434.782608695652
1414.36738752175,1849.36614466816,434.782608695652
1521.25279642058,927.168779517773,479.76011994003
678.598061148397,1493.91001739995,449.775112443778
914.740243599304,1466.56723837932,449.775112443778
932.14019388516,1155.8538404176,494.752623688156
1329.85334327616,1391.99602286851,449.775112443778
1406.91026597067,1772.30922197365,464.767616191904
1511.30996768581,1046.48272433507,494.752623688156
1526.22421078797,857.568978374347,449.775112443778
1804.62341536167,1108.62540392742,464.767616191904
879.940343027591,1185.68232662192,494.752623688156
917.225950782998,1217.99652000994,479.76011994003
1195.6251553567,1257.76783494904,494.752623688156
1232.91076311211,1280.13919960229,479.76011994003
1240.36788466319,1198.11086254039,494.752623688156
1240.36788466319,1257.76783494904,494.752623688156
1255.28212776535,1292.56773552076,494.752623688156
1516.28138205319,874.968928660204,464.767616191904
1667.90952025851,1498.88143176734,479.76011994003
889.883171762366,1170.76808351976,494.752623688156
1041.51130996769,1195.6251553567,494.752623688156
1091.22545364156,927.168779517773,494.752623688156
1225.45364156102,1252.79642058166,479.76011994003
1230.42505592841,1257.76783494904,479.76011994003
1232.91076311211,1250.31071339796,479.76011994003
1252.79642058166,1046.48272433507,509.745127436282
1317.42480735769,1091.22545364156,479.76011994003
1404.42455878698,1799.65200099428,509.745127436282
1041.51130996769,1175.73949788715,494.752623688156
1093.71116082525,1203.08227690778,494.752623688156
1225.45364156102,1185.68232662192,509.745127436282
1270.19637086751,1048.96843151877,524.737631184408
