17.3999502858563,663.683818046234,14.9925037481259
27.3427790206314,688.540889883172,14.9925037481259
52.199850857569,1926.42306736266,29.9850074962519
288.342033308476,86.9997514292816,29.9850074962519
320.656226696495,671.140939597315,14.9925037481259
507.084265473527,1081.28262490679,44.9775112443778
653.740989311459,32.3141933880189,29.9850074962519
656.226696495153,12.4285359184688,14.9925037481259
691.026597066866,1257.76783494904,29.9850074962519
718.369376087497,1551.08128262491,14.9925037481259
758.140691026597,1590.85259756401,14.9925037481259
785.483470047228,375.341784737758,29.9850074962519
847.626149639573,293.313447675864,29.9850074962519
860.054685558041,278.399204573701,14.9925037481259
944.568729803629,482.22719363659,14.9925037481259
949.540144171017,489.684315187671,14.9925037481259
981.854337559036,509.569972657221,14.9925037481259
1019.13994531444,1143.42530449913,29.9850074962519
1021.62565249814,1976.13721103654,14.9925037481259
1024.11135968183,1155.8538404176,29.9850074962519
1046.48272433507,1078.79691772309,14.9925037481259
1048.96843151877,1113.5968182948,29.9850074962519
1210.53939845886,1215.51081282625,29.9850074962519
1220.48222719364,191.39945314442,29.9850074962519
1247.82500621427,201.342281879195,29.9850074962519
1309.96768580661,546.855580412627,29.9850074962519
1319.91051454139,561.76982351479,29.9850074962519
1364.65324384787,2475.76435495899,29.9850074962519
1538.65274670644,1140.93959731544,29.9850074962519
1546.10986825752,1570.96694009446,14.9925037481259
1556.05269699229,1565.99552572707,29.9850074962519
1926.42306736266,792.94059159831,29.9850074962519
1953.7658463833,835.197613721104,29.9850074962519
2040.76559781258,725.826497638578,29.9850074962519
2120.30822769078,2252.05070842655,14.9925037481259
2132.73676360925,484.712900820283,29.9850074962519
2182.45090728312,449.913000248571,29.9850074962519
2214.76510067114,482.22719363659,29.9850074962519
2217.25080785483,439.970171513796,29.9850074962519
2219.73651503853,2450.90728312205,14.9925037481259
2224.70792940592,2261.99353716132,14.9925037481259
2242.10787969177,1155.8538404176,29.9850074962519
2266.96495152871,1126.02535421327,29.9850074962519
2281.87919463087,1193.13944817301,29.9850074962519
2286.85060899826,1111.11111111111,29.9850074962519
2334.07904548844,1153.36813323391,29.9850074962519
2386.27889634601,1886.65175242356,14.9925037481259
2438.47874720358,1886.65175242356,29.9850074962519
134.228187919463,77.0569226945066,44.9775112443778
251.05642555307,850.111856823266,44.9775112443778
320.656226696495,2445.93586875466,44.9775112443778
400.198856574696,2406.16455381556,44.9775112443778
497.141436738752,1066.36838180462,44.9775112443778
626.398210290828,1210.53939845886,44.9775112443778
939.597315436242,2319.16480238628,44.9775112443778
1046.48272433507,581.65548098434,44.9775112443778
1051.45413870246,101.913994531444,44.9775112443778
1208.05369127517,206.313696246582,29.9850074962519
1215.51081282625,208.799403430276,29.9850074962519
1252.79642058166,191.39945314442,29.9850074962519
1441.71016654238,2092.96544867015,44.9775112443778
1623.16679095203,566.741237882178,59.9700149925037
2470.7929405916,1774.79492915735,44.9775112443778
72.0855083271191,2281.87919463087,59.9700149925037
94.4568729803629,954.511558538404,59.9700149925037
198.856574695501,604.026845637584,59.9700149925037
231.17076808352,837.683320904797,44.9775112443778
330.59905543127,2433.50733283619,59.9700149925037
338.056176982351,2448.42157593835,44.9775112443778
613.969674372359,2003.47999005717,59.9700149925037
628.883917474521,668.655232413622,44.9775112443778
636.341039025603,681.08376833209,59.9700149925037
643.798160576684,1926.42306736266,59.9700149925037
656.226696495153,1879.19463087248,59.9700149925037
780.512055679841,1091.22545364156,59.9700149925037
860.054685558041,606.512552821278,59.9700149925037
917.225950782998,2346.50758140691,44.9775112443778
1031.56848123291,581.65548098434,59.9700149925037
1155.8538404176,504.598558289833,59.9700149925037
1168.28237633607,502.11285110614,59.9700149925037
1290.08202833706,275.913497390007,59.9700149925037
1372.11036539896,1339.79617201094,74.9625187406297
1389.51031568481,1334.82475764355,59.9700149925037
1486.45289584887,1851.85185185185,59.9700149925037
1568.48123291076,1536.16703952274,59.9700149925037
1568.48123291076,1546.10986825752,59.9700149925037
1580.90976882923,1541.13845389013,59.9700149925037
1799.65200099428,1570.96694009446,59.9700149925037
1933.88018891375,1424.31021625653,44.9775112443778
1983.59433258762,2132.73676360925,44.9775112443778
2060.65125528213,2455.87869748944,59.9700149925037
2361.42182450907,1255.28212776535,74.9625187406297
2366.39323887646,2252.05070842655,59.9700149925037
2391.2503107134,1329.85334327616,74.9625187406297
7.45712155108128,546.855580412627,59.9700149925037
79.5426298782003,1849.36614466816,74.9625187406297
84.5140442455879,954.511558538404,74.9625187406297
91.9711657966692,1849.36614466816,59.9700149925037
136.713895103157,1861.79468058663,59.9700149925037
196.370867511807,79.5426298782003,74.9625187406297
211.28511061397,44.7427293064877,59.9700149925037
228.685060899826,52.199850857569,59.9700149925037
258.513547104151,1737.50932140194,59.9700149925037
278.399204573701,39.7713149391002,59.9700149925037
293.313447675864,49.7141436738752,59.9700149925037
392.741735023614,994.282873477504,59.9700149925037
569.226945065871,1906.53740989311,59.9700149925037
621.42679592344,1973.65150385285,89.9550224887556
618.941088739746,2346.50758140691,59.9700149925037
646.283867760378,1891.62316679095,59.9700149925037
656.226696495153,1891.62316679095,59.9700149925037
695.998011434253,2224.70792940592,74.9625187406297
713.397961720109,2224.70792940592,74.9625187406297
750.683569475516,2085.50832711907,59.9700149925037
770.569226945066,1098.68257519264,59.9700149925037
775.540641312453,2413.62167536664,74.9625187406297
862.540392741735,618.941088739746,59.9700149925037
1200.59656972409,171.513795674869,74.9625187406297
1387.02460850112,1349.73900074571,59.9700149925037
1456.62440964454,74.5712155108128,59.9700149925037
1695.25229927915,119.313944817301,59.9700149925037
1700.22371364653,116.828237633607,59.9700149925037
1794.6805866269,1409.39597315436,74.9625187406297
1802.13770817798,1416.85309470544,59.9700149925037
1841.90902311708,1130.99676858066,74.9625187406297
2063.13696246582,1213.02510564256,74.9625187406297
2351.4789957743,425.055928411633,59.9700149925037
2388.7646035297,1317.42480735769,59.9700149925037
2386.27889634601,887.397464578673,74.9625187406297
64.6283867760378,1846.88043748446,89.9550224887556
59.6569724086503,1834.451901566,74.9625187406297
72.0855083271191,954.511558538404,74.9625187406297
74.5712155108128,1856.82326621924,89.9550224887556
124.285359184688,1861.79468058663,74.9625187406297
164.056674123788,1690.28088491176,74.9625187406297
183.942331593338,67.1140939597315,74.9625187406297
198.856574695501,44.7427293064877,74.9625187406297
248.570718369376,1737.50932140194,89.9550224887556
270.94208302262,24.8570718369376,74.9625187406297
283.370618941089,47.2284364901815,74.9625187406297
285.856326124783,27.3427790206314,74.9625187406297
310.71339796172,2443.45016157097,74.9625187406297
370.37037037037,181.456624409645,89.9550224887556
380.313199105145,181.456624409645,89.9550224887556
382.798906288839,989.311459110117,89.9550224887556
390.25602783992,2403.67884663187,74.9625187406297
452.398707432264,2478.25006214268,74.9625187406297
556.798409147402,1901.56599552573,74.9625187406297
571.712652249565,1130.99676858066,89.9550224887556
576.684066616953,2331.59333830475,89.9550224887556
584.141188168034,1126.02535421327,89.9550224887556
604.026845637584,2346.50758140691,89.9550224887556
608.998260004971,1210.53939845886,74.9625187406297
631.369624658215,1921.45165299528,74.9625187406297
703.455132985334,2214.76510067114,74.9625187406297
740.740740740741,1630.62391250311,89.9550224887556
735.769326373353,2087.99403430276,74.9625187406297
740.740740740741,2078.05120556798,74.9625187406297
760.626398210291,1096.19686800895,74.9625187406297
820.283370618941,111.856823266219,89.9550224887556
852.59756400696,613.969674372359,74.9625187406297
1121.05393984589,917.225950782998,89.9550224887556
1133.48247576436,919.711657966692,89.9550224887556
1188.16803380562,139.199602286851,74.9625187406297
1185.68232662192,253.542132736764,89.9550224887556
1195.6251553567,161.570966940094,89.9550224887556
1210.53939845886,146.656723837932,89.9550224887556
1247.82500621427,154.113845389013,104.947526236882
1354.7104151131,1996.02286850609,89.9550224887556
1444.19587372608,1478.99577429779,89.9550224887556
1446.68158090977,72.0855083271191,89.9550224887556
1476.51006711409,1846.88043748446,74.9625187406297
1493.91001739995,1297.53914988814,89.9550224887556
1541.13845389013,2125.27964205817,89.9550224887556
1556.05269699229,1541.13845389013,74.9625187406297
1608.25254784986,360.427541635595,104.947526236882
1682.82376336068,124.285359184688,74.9625187406297
1844.39473030077,1145.91101168282,74.9625187406297
1976.13721103654,2127.76534924186,74.9625187406297
1996.02286850609,2040.76559781258,89.9550224887556
2050.70842654735,2450.90728312205,74.9625187406297
2145.16529952772,952.02585135471,89.9550224887556
2344.02187422322,422.570221227939,89.9550224887556
2356.45041014169,2244.59358687547,74.9625187406297
2366.39323887646,887.397464578673,89.9550224887556
2378.82177479493,1312.45339299031,74.9625187406297
2460.85011185682,1767.33780760626,74.9625187406297
54.6855580412627,295.799154859558,104.947526236882
89.4854586129754,676.112353964703,89.9550224887556
94.4568729803629,681.08376833209,89.9550224887556
173.999502858563,1707.68083519761,89.9550224887556
201.342281879195,2363.90753169277,89.9550224887556
280.884911757395,32.3141933880189,89.9550224887556
308.227690778026,2279.39348744718,104.947526236882
333.084762614964,1918.96594581158,119.940029985007
551.826994780015,656.226696495153,104.947526236882
574.198359433259,2339.05045985583,89.9550224887556
591.598309719115,2341.53616703952,104.947526236882
735.769326373353,136.713895103157,89.9550224887556
745.712155108128,121.799652000994,104.947526236882
830.226199353716,101.913994531444,89.9550224887556
904.797414864529,1558.53840417599,89.9550224887556
917.225950782998,1558.53840417599,104.947526236882
1106.13969674372,1871.7375093214,104.947526236882
1332.33905045986,2112.8511061397,89.9550224887556
1416.85309470544,1334.82475764355,104.947526236882
1449.16728809346,1327.36763609247,104.947526236882
1491.42431021626,1285.11061396967,89.9550224887556
1583.39547601293,728.312204822272,89.9550224887556
1583.39547601293,718.369376087497,89.9550224887556
1792.1948794432,2269.4506587124,104.947526236882
1836.93760874969,313.199105145414,104.947526236882
2030.8227690778,544.369873228934,89.9550224887556
2068.10837683321,1735.02361421825,89.9550224887556
2068.10837683321,1725.08078548347,89.9550224887556
2381.30748197862,877.454635843898,89.9550224887556
2450.90728312205,1889.13745960726,104.947526236882
96.9425801640567,671.140939597315,104.947526236882
183.942331593338,1705.19512801392,104.947526236882
211.28511061397,2361.42182450907,104.947526236882
213.770817797663,526.969922943077,134.932533733133
216.256524981357,2351.4789957743,119.940029985007
260.999254287845,1732.53790703455,104.947526236882
357.941834451902,484.712900820283,119.940029985007
392.741735023614,181.456624409645,104.947526236882
395.227442207308,989.311459110117,104.947526236882
422.570221227939,308.227690778026,119.940029985007
526.969922943077,1605.76684066617,119.940029985007
561.76982351479,651.255282127765,104.947526236882
589.112602535421,2324.13621675367,104.947526236882
594.084016902809,1126.02535421327,104.947526236882
606.512552821278,181.456624409645,119.940029985007
626.398210290828,1953.7658463833,104.947526236882
703.455132985334,2224.70792940592,104.947526236882
713.397961720109,2212.27939348745,104.947526236882
745.712155108128,136.713895103157,104.947526236882
753.16927665921,1635.59532687049,104.947526236882
753.16927665921,1630.62391250311,104.947526236882
830.226199353716,678.598061148397,119.940029985007
842.654735272185,101.913994531444,104.947526236882
922.197365150385,2110.365398956,119.940029985007
929.654486701467,1227.93934874472,119.940029985007
942.083022619935,1638.08103405419,119.940029985007
1088.73974645787,850.111856823266,149.925037481259
1116.0825254785,1866.76609495401,104.947526236882
1118.56823266219,1874.2232165051,104.947526236882
1138.45389013174,146.656723837932,104.947526236882
1143.42530449913,917.225950782998,104.947526236882
1180.71091225454,1210.53939845886,119.940029985007
1205.56798409147,156.599552572707,104.947526236882
1210.53939845886,171.513795674869,104.947526236882
1222.96793437733,149.142431021626,104.947526236882
1334.82475764355,1066.36838180462,119.940029985007
1339.79617201094,1046.48272433507,119.940029985007
1344.76758637832,2107.87969177231,104.947526236882
1367.13895103157,1991.0514541387,104.947526236882
1436.73875217499,2331.59333830475,119.940029985007
1459.11011682824,1474.0243599304,104.947526236882
1501.36713895103,1280.13919960229,104.947526236882
1548.59557544121,2117.82252050708,104.947526236882
1593.3383047477,715.883668903803,104.947526236882
1667.90952025851,1116.0825254785,119.940029985007
1730.05219985086,2065.62266964952,134.932533733133
1851.85185185185,323.141933880189,119.940029985007
2005.96569724086,2035.79418344519,104.947526236882
2033.3084762615,1968.68008948546,119.940029985007
2043.25130499627,541.88416604524,119.940029985007
2083.02261993537,1730.05219985086,104.947526236882
2087.99403430276,2346.50758140691,119.940029985007
2112.8511061397,1899.08028834203,119.940029985007
2155.10812826249,949.540144171017,104.947526236882
2189.9080288342,1493.91001739995,119.940029985007
2376.33606761124,884.911757394979,104.947526236882
2393.73601789709,877.454635843898,104.947526236882
9.94282873477504,129.256773552076,149.925037481259
136.713895103157,1295.05344270445,134.932533733133
365.398956002983,9.94282873477504,134.932533733133
382.798906288839,1143.42530449913,134.932533733133
392.741735023614,1063.88267462093,134.932533733133
415.113099676858,2426.05021128511,119.940029985007
420.084514044246,2431.0216256525,119.940029985007
430.027342779021,2418.59308973403,119.940029985007
454.884414615958,298.284862043251,134.932533733133
529.455630126771,1595.82401193139,119.940029985007
703.455132985334,216.256524981357,134.932533733133
755.654983842903,1682.82376336068,134.932533733133
847.626149639573,760.626398210291,134.932533733133
1029.08277404922,7.45712155108128,134.932533733133
1046.48272433507,2035.79418344519,134.932533733133
1078.79691772309,439.970171513796,149.925037481259
1143.42530449913,1682.82376336068,134.932533733133
1401.93885160328,2207.30797912006,134.932533733133
1580.90976882923,2085.50832711907,149.925037481259
1906.53740989311,760.626398210291,119.940029985007
1913.9945314442,748.197862291822,119.940029985007
1933.88018891375,1036.5398956003,134.932533733133
1943.82301764852,1048.96843151877,134.932533733133
2028.33706189411,472.284364901815,134.932533733133
2068.10837683321,1600.79542629878,134.932533733133
2222.22222222222,2356.45041014169,119.940029985007
198.856574695501,2179.96520009943,149.925037481259
233.656475267214,1662.93810589113,149.925037481259
370.37037037037,1459.11011682824,134.932533733133
370.37037037037,385.284613472533,149.925037481259
380.313199105145,1451.65299527716,134.932533733133
420.084514044246,1384.53890131742,134.932533733133
462.34153616704,34.7999005717127,164.917541229385
479.741486452896,929.654486701467,164.917541229385
561.76982351479,2304.25055928412,149.925037481259
705.940840169028,201.342281879195,149.925037481259
730.797912005966,753.16927665921,134.932533733133
820.283370618941,1590.85259756401,149.925037481259
820.283370618941,1779.76634352473,149.925037481259
976.882923191648,2416.10738255034,149.925037481259
1024.11135968183,2411.13596818295,134.932533733133
1148.39671886652,1695.25229927915,134.932533733133
1302.51056425553,1208.05369127517,149.925037481259
1332.33905045986,2418.59308973403,134.932533733133
1337.31046482724,2408.65026099925,134.932533733133
1339.79617201094,857.568978374347,149.925037481259
1372.11036539896,1488.93860303256,149.925037481259
1459.11011682824,2217.25080785483,149.925037481259
1866.76609495401,2393.73601789709,149.925037481259
1904.05170270942,2105.39398458862,149.925037481259
2025.85135471042,494.655729555058,134.932533733133
2239.62217250808,422.570221227939,149.925037481259
2249.56500124285,412.627392493164,149.925037481259
2252.05070842655,382.798906288839,149.925037481259
2254.53641561024,402.684563758389,134.932533733133
2368.87894606015,1019.13994531444,134.932533733133
0,124.285359184688,149.925037481259
104.399701715138,815.311956251554,164.917541229385
109.371116082525,837.683320904797,164.917541229385
258.513547104151,1722.59507829978,164.917541229385
263.484961471539,1735.02361421825,149.925037481259
355.456127268208,2261.99353716132,164.917541229385
377.827491921452,1794.6805866269,164.917541229385
492.170022371365,1595.82401193139,164.917541229385
673.626646781009,1498.88143176734,164.917541229385
678.598061148397,1486.45289584887,149.925037481259
695.998011434253,79.5426298782003,149.925037481259
713.397961720109,213.770817797663,149.925037481259
949.540144171017,313.199105145414,149.925037481259
961.968680089485,310.71339796172,164.917541229385
1088.73974645787,1707.68083519761,164.917541229385
1362.16753666418,1483.96718866518,149.925037481259
1359.68182948049,1101.16828237634,164.917541229385
1389.51031568481,2321.65050956997,164.917541229385
1496.39572458364,611.483967188665,164.917541229385
1531.19562515536,939.597315436242,164.917541229385
1608.25254784986,1936.36589609744,164.917541229385
1660.45239870743,755.654983842903,164.917541229385
1680.33805617698,847.626149639573,164.917541229385
1697.73800646284,1096.19686800895,164.917541229385
1749.93785732041,206.313696246582,149.925037481259
1928.90877454636,1210.53939845886,164.917541229385
2080.53691275168,1250.31071339796,149.925037481259
2174.99378573204,658.712403678847,164.917541229385
2187.42232165051,79.5426298782003,149.925037481259
2261.99353716132,395.227442207308,149.925037481259
2289.33631618195,778.026348496147,149.925037481259
136.713895103157,1558.53840417599,164.917541229385
328.113348247576,994.282873477504,164.917541229385
457.370121799652,1404.42455878698,164.917541229385
601.54113845389,1625.65249813572,164.917541229385
894.854586129754,2478.25006214268,179.910044977511
1056.42555306985,1695.25229927915,179.910044977511
1257.76783494904,1227.93934874472,164.917541229385
1272.68207805121,372.856077554064,164.917541229385
1280.13919960229,357.941834451902,164.917541229385
1344.76758637832,686.055182699478,179.910044977511
1364.65324384787,693.512304250559,164.917541229385
1536.16703952274,477.255779269202,179.910044977511
1615.70966940094,144.171016654238,164.917541229385
1752.4235645041,1570.96694009446,164.917541229385
1846.88043748446,1620.68108376833,164.917541229385
2117.82252050708,1391.99602286851,164.917541229385
2157.59383544618,1831.9661943823,179.910044977511
2179.96520009943,2478.25006214268,164.917541229385
2428.5359184688,1809.59482972906,179.910044977511
2438.47874720358,1822.02336564753,164.917541229385
2443.45016157097,1809.59482972906,164.917541229385
9.94282873477504,606.512552821278,179.910044977511
52.199850857569,678.598061148397,179.910044977511
126.771066368382,1551.08128262491,179.910044977511
166.542381307482,1531.19562515536,194.902548725637
345.513298533433,1337.31046482724,179.910044977511
447.427293064877,1406.91026597067,179.910044977511
472.284364901815,1605.76684066617,179.910044977511
477.255779269202,1600.79542629878,179.910044977511
564.255530698484,1695.25229927915,179.910044977511
591.598309719115,1628.13820531941,179.910044977511
591.598309719115,1633.1096196868,179.910044977511
604.026845637584,2463.33581904052,194.902548725637
661.19811086254,1501.36713895103,179.910044977511
812.82624906786,1595.82401193139,179.910044977511
835.197613721104,1078.79691772309,209.895052473763
956.997265722098,1700.22371364653,179.910044977511
1048.96843151877,1687.79517772806,179.910044977511
1071.33979617201,1705.19512801392,179.910044977511
1088.73974645787,735.769326373353,179.910044977511
1260.25354213274,375.341784737758,179.910044977511
1272.68207805121,2480.73576932637,194.902548725637
1267.71066368382,360.427541635595,179.910044977511
1324.88192890877,860.054685558041,179.910044977511
1354.7104151131,695.998011434253,179.910044977511
1374.59607258265,2321.65050956997,179.910044977511
1404.42455878698,355.456127268208,209.895052473763
1483.96718866518,613.969674372359,179.910044977511
1523.73850360428,372.856077554064,194.902548725637
1523.73850360428,474.770072085508,179.910044977511
1553.5669898086,1227.93934874472,194.902548725637
1593.3383047477,1936.36589609744,179.910044977511
1608.25254784986,149.142431021626,194.902548725637
1650.50956997266,750.683569475516,179.910044977511
1685.30947054437,1096.19686800895,179.910044977511
1739.99502858563,1565.99552572707,179.910044977511
1779.76634352473,2440.96445438727,179.910044977511
1787.22346507581,2435.99304001989,194.902548725637
1839.42331593338,1623.16679095203,194.902548725637
1889.13745960726,2110.365398956,179.910044977511
1918.96594581158,1208.05369127517,194.902548725637
1951.2801391996,2341.53616703952,194.902548725637
1978.62291822023,79.5426298782003,194.902548725637
2003.47999005717,874.968928660204,179.910044977511
2107.87969177231,1391.99602286851,179.910044977511
2137.70817797663,114.342530449913,194.902548725637
2157.59383544618,661.19811086254,179.910044977511
2162.56524981357,666.169525229928,179.910044977511
2165.05095699727,2478.25006214268,179.910044977511
2227.19363658961,919.711657966692,194.902548725637
2244.59358687547,2383.79318916232,194.902548725637
2346.50758140691,1928.90877454636,194.902548725637
2418.59308973403,1814.56624409645,194.902548725637
2475.76435495899,1874.2232165051,194.902548725637
17.3999502858563,604.026845637584,194.902548725637
39.7713149391002,1685.30947054437,209.895052473763
62.142679592344,678.598061148397,194.902548725637
114.342530449913,1538.65274670644,224.887556221889
136.713895103157,1548.59557544121,194.902548725637
164.056674123788,1516.28138205319,194.902548725637
178.970917225951,1526.22421078797,194.902548725637
352.970420084514,1332.33905045986,194.902548725637
357.941834451902,2259.50782997763,194.902548725637
410.141685309471,434.998757146408,194.902548725637
427.541635595327,1389.51031568481,224.887556221889
439.970171513796,74.5712155108128,194.902548725637
489.684315187671,1548.59557544121,224.887556221889
574.198359433259,638.826746209297,209.895052473763
581.65548098434,1690.28088491176,194.902548725637
601.54113845389,1625.65249813572,194.902548725637
618.941088739746,2463.33581904052,194.902548725637
656.226696495153,539.398458861546,209.895052473763
698.483718617947,1941.33731046483,209.895052473763
855.083271190654,183.942331593338,194.902548725637
919.711657966692,1086.25403927417,209.895052473763
969.425801640567,1695.25229927915,194.902548725637
1053.93984588615,2299.27914491673,194.902548725637
1063.88267462093,1692.76659209545,194.902548725637
1091.22545364156,743.226447924435,194.902548725637
1093.71116082525,733.283619189659,194.902548725637
1130.99676858066,260.999254287845,209.895052473763
1133.48247576436,278.399204573701,224.887556221889
1242.85359184688,1553.5669898086,194.902548725637
1359.68182948049,1921.45165299528,209.895052473763
1419.33880188914,372.856077554064,209.895052473763
1528.70991797166,377.827491921452,194.902548725637
1531.19562515536,375.341784737758,194.902548725637
1797.16629381059,2433.50733283619,194.902548725637
2013.42281879195,869.997514292816,209.895052473763
2033.3084762615,865.026099925429,194.902548725637
2040.76559781258,802.883420333085,209.895052473763
2162.56524981357,1831.9661943823,194.902548725637
2172.50807854835,2478.25006214268,194.902548725637
2207.30797912006,434.998757146408,194.902548725637
2348.9932885906,1943.82301764852,194.902548725637
2386.27889634601,1250.31071339796,209.895052473763
32.3141933880189,1677.85234899329,209.895052473763
144.171016654238,492.170022371365,224.887556221889
340.541884166045,2209.79368630375,224.887556221889
382.798906288839,1918.96594581158,239.880059970015
410.141685309471,1891.62316679095,209.895052473763
735.769326373353,323.141933880189,224.887556221889
792.94059159831,12.4285359184688,224.887556221889
855.083271190654,678.598061148397,224.887556221889
865.026099925429,1048.96843151877,224.887556221889
884.911757394979,1041.51130996769,224.887556221889
887.397464578673,1523.73850360428,224.887556221889
892.36887894606,1511.30996768581,209.895052473763
959.482972905792,1707.68083519761,224.887556221889
969.425801640567,201.342281879195,224.887556221889
1088.73974645787,1260.25354213274,224.887556221889
1093.71116082525,1250.31071339796,209.895052473763
1205.56798409147,917.225950782998,224.887556221889
1260.25354213274,1324.88192890877,224.887556221889
1292.56773552076,566.741237882178,224.887556221889
1292.56773552076,579.169773800646,224.887556221889
1493.91001739995,32.3141933880189,209.895052473763
1938.85160328113,183.942331593338,224.887556221889
2219.73651503853,912.25453641561,209.895052473763
2368.87894606015,2053.19413373105,224.887556221889
2475.76435495899,1143.42530449913,209.895052473763
139.199602286851,914.740243599304,224.887556221889
144.171016654238,477.255779269202,224.887556221889
141.685309470544,872.48322147651,239.880059970015
270.94208302262,2038.27989062888,224.887556221889
330.59905543127,2100.42257022123,224.887556221889
370.37037037037,1553.5669898086,239.880059970015
392.741735023614,1896.59458115834,239.880059970015
405.170270942083,1909.02311707681,239.880059970015
499.627143922446,1754.9092716878,239.880059970015
651.255282127765,1551.08128262491,254.872563718141
703.455132985334,94.4568729803629,224.887556221889
710.912254536416,86.9997514292816,224.887556221889
733.283619189659,1998.50857568978,239.880059970015
795.426298782004,1953.7658463833,254.872563718141
889.883171762366,797.912005965697,239.880059970015
897.340293313448,810.340541884166,239.880059970015
902.311707680835,387.770320656227,239.880059970015
1185.68232662192,499.627143922446,239.880059970015
1215.51081282625,904.797414864529,224.887556221889
1300.02485707184,807.854834700472,224.887556221889
1501.36713895103,34.7999005717127,224.887556221889
1600.79542629878,1372.11036539896,224.887556221889
1618.19537658464,1145.91101168282,239.880059970015
1628.13820531941,1419.33880188914,224.887556221889
1630.62391250311,1133.48247576436,224.887556221889
1633.1096196868,1148.39671886652,224.887556221889
1638.08103405419,1198.11086254039,224.887556221889
1730.05219985086,233.656475267214,239.880059970015
1802.13770817798,1660.45239870743,224.887556221889
1904.05170270942,1538.65274670644,224.887556221889
1928.90877454636,1941.33731046483,224.887556221889
1931.39448173005,1951.2801391996,224.887556221889
1931.39448173005,2319.16480238628,224.887556221889
1983.59433258762,728.312204822272,239.880059970015
2005.96569724086,2398.70743226448,224.887556221889
131.742480735769,2038.27989062888,254.872563718141
134.228187919463,912.25453641561,239.880059970015
136.713895103157,477.255779269202,239.880059970015
265.970668655232,2035.79418344519,239.880059970015
320.656226696495,2092.96544867015,239.880059970015
402.684563758389,1931.39448173005,239.880059970015
410.141685309471,1389.51031568481,239.880059970015
489.684315187671,1742.48073576933,239.880059970015
541.88416604524,104.399701715138,254.872563718141
700.969425801641,86.9997514292816,239.880059970015
770.569226945066,1953.7658463833,254.872563718141
778.026348496147,1941.33731046483,254.872563718141
797.912005965697,1488.93860303256,254.872563718141
800.397713149391,1958.73726075068,254.872563718141
879.940343027591,802.883420333085,239.880059970015
884.911757394979,810.340541884166,239.880059970015
1111.11111111111,648.769574944072,254.872563718141
1227.93934874472,72.0855083271191,254.872563718141
1282.62490678598,566.741237882178,239.880059970015
1287.59632115337,810.340541884166,239.880059970015
1406.91026597067,822.769077802635,254.872563718141
1481.48148148148,32.3141933880189,239.880059970015
1488.93860303256,34.7999005717127,239.880059970015
1588.36689038031,1374.59607258265,239.880059970015
1613.22396221725,1419.33880188914,239.880059970015
1618.19537658464,1130.99676858066,239.880059970015
1628.13820531941,1200.59656972409,239.880059970015
1665.42381307482,1205.56798409147,254.872563718141
1672.8809346259,1043.99701715138,239.880059970015
1720.10937111608,233.656475267214,239.880059970015
1794.6805866269,1660.45239870743,254.872563718141
1879.19463087248,2003.47999005717,239.880059970015
1891.62316679095,1536.16703952274,239.880059970015
1891.62316679095,2003.47999005717,254.872563718141
1916.48023862789,1938.85160328113,239.880059970015
1923.93736017897,2214.76510067114,254.872563718141
1918.96594581158,1948.79443201591,239.880059970015
1923.93736017897,2314.19338801889,239.880059970015
1928.90877454636,186.428038777032,239.880059970015
1993.5371613224,2396.22172508079,239.880059970015
2008.45140442456,872.48322147651,239.880059970015
2033.3084762615,805.369127516779,239.880059970015
2147.65100671141,1732.53790703455,239.880059970015
2179.96520009943,434.998757146408,239.880059970015
2286.85060899826,1779.76634352473,239.880059970015
2406.16455381556,1019.13994531444,239.880059970015
2438.47874720358,1188.16803380562,239.880059970015
385.284613472533,1906.53740989311,254.872563718141
420.084514044246,1904.05170270942,254.872563718141
464.827243350733,894.854586129754,254.872563718141
479.741486452896,887.397464578673,254.872563718141
497.141436738752,1742.48073576933,254.872563718141
596.569724086503,382.798906288839,269.865067466267
631.369624658215,390.25602783992,269.865067466267
778.026348496147,2438.47874720358,269.865067466267
862.540392741735,2453.39299030574,269.865067466267
867.511807109123,1235.3964702958,269.865067466267
882.426050211285,181.456624409645,254.872563718141
917.225950782998,1889.13745960726,269.865067466267
1101.16828237634,663.683818046234,269.865067466267
1111.11111111111,226.199353716132,269.865067466267
1130.99676858066,251.05642555307,269.865067466267
1188.16803380562,1809.59482972906,269.865067466267
1213.02510564256,1121.05393984589,269.865067466267
1232.91076311211,1096.19686800895,269.865067466267
1242.85359184688,1272.68207805121,269.865067466267
1240.36788466319,74.5712155108128,254.872563718141
1267.71066368382,765.597812577678,254.872563718141
1401.93885160328,1971.16579666915,269.865067466267
1498.88143176734,211.28511061397,269.865067466267
1600.79542629878,1374.59607258265,254.872563718141
1685.30947054437,1051.45413870246,254.872563718141
1739.99502858563,236.142182450907,254.872563718141
1742.48073576933,231.17076808352,254.872563718141
1901.56599552573,1926.42306736266,269.865067466267
1906.53740989311,2008.45140442456,254.872563718141
1931.39448173005,812.82624906786,254.872563718141
1928.90877454636,1938.85160328113,254.872563718141
1941.33731046483,2319.16480238628,254.872563718141
1946.30872483221,193.885160328113,269.865067466267
2005.96569724086,2398.70743226448,254.872563718141
2035.79418344519,290.82774049217,269.865067466267
2048.22271936366,295.799154859558,269.865067466267
2147.65100671141,420.084514044246,269.865067466267
2145.16529952772,1739.99502858563,254.872563718141
2157.59383544618,1747.45215013671,254.872563718141
2160.07954262988,1732.53790703455,269.865067466267
2189.9080288342,434.998757146408,254.872563718141
2294.30773054934,1652.99527715635,269.865067466267
2301.76485210042,1777.28063634104,269.865067466267
2306.73626646781,618.941088739746,254.872563718141
2309.2219736515,410.141685309471,254.872563718141
2319.16480238628,643.798160576684,269.865067466267
2421.07879691772,1031.56848123291,254.872563718141
2445.93586875466,1185.68232662192,254.872563718141
452.398707432264,1411.88168033806,269.865067466267
616.455381556053,400.198856574696,269.865067466267
862.540392741735,1242.85359184688,269.865067466267
1121.05393984589,231.17076808352,269.865067466267
1185.68232662192,869.997514292816,269.865067466267
1203.08227690778,1116.0825254785,269.865067466267
1242.85359184688,1096.19686800895,269.865067466267
1319.91051454139,1600.79542629878,269.865067466267
1486.45289584887,1578.42406164554,269.865067466267
1511.30996768581,260.999254287845,269.865067466267
1583.39547601293,2162.56524981357,269.865067466267
1730.05219985086,949.540144171017,269.865067466267
1737.50932140194,1662.93810589113,269.865067466267
1807.10912254536,753.16927665921,269.865067466267
1814.56624409645,775.540641312453,269.865067466267
1916.48023862789,1926.42306736266,269.865067466267
2003.47999005717,186.428038777032,284.857571214393
2214.76510067114,2234.65075814069,269.865067466267
2217.25080785483,2249.56500124285,269.865067466267
2291.82202336565,439.970171513796,284.857571214393
2361.42182450907,1317.42480735769,284.857571214393
2368.87894606015,1329.85334327616,284.857571214393
89.4854586129754,270.94208302262,284.857571214393
104.399701715138,270.94208302262,299.850074962519
119.313944817301,2035.79418344519,284.857571214393
270.94208302262,1618.19537658464,284.857571214393
280.884911757395,1630.62391250311,299.850074962519
335.570469798658,1387.02460850112,284.857571214393
437.484464330102,1414.36738752175,284.857571214393
444.941585881183,1411.88168033806,284.857571214393
531.941337310465,111.856823266219,284.857571214393
546.855580412627,1618.19537658464,314.842578710645
606.512552821278,397.713149391002,284.857571214393
671.140939597315,1936.36589609744,284.857571214393
703.455132985334,1936.36589609744,284.857571214393
765.597812577678,1943.82301764852,284.857571214393
768.083519761372,67.1140939597315,284.857571214393
780.512055679841,1943.82301764852,284.857571214393
820.283370618941,1923.93736017897,284.857571214393
852.59756400696,2448.42157593835,284.857571214393
855.083271190654,1235.3964702958,284.857571214393
969.425801640567,2396.22172508079,314.842578710645
1093.71116082525,663.683818046234,284.857571214393
1121.05393984589,246.085011185682,284.857571214393
1168.28237633607,869.997514292816,284.857571214393
1222.96793437733,1093.71116082525,284.857571214393
1227.93934874472,1267.71066368382,284.857571214393
1297.53914988814,1605.76684066617,284.857571214393
1399.45314441959,39.7713149391002,284.857571214393
1399.45314441959,822.769077802635,284.857571214393
1449.16728809346,2440.96445438727,284.857571214393
1486.45289584887,211.28511061397,284.857571214393
1496.39572458364,248.570718369376,284.857571214393
1568.48123291076,1603.28113348248,314.842578710645
1570.96694009446,2150.1367138951,284.857571214393
1573.45264727815,2165.05095699727,284.857571214393
1573.45264727815,2023.36564752672,299.850074962519
1573.45264727815,1334.82475764355,284.857571214393
1660.45239870743,723.340790454884,284.857571214393
1717.62366393239,2336.56475267214,284.857571214393
1717.62366393239,949.540144171017,284.857571214393
1730.05219985086,2319.16480238628,299.850074962519
1725.08078548347,1662.93810589113,284.857571214393
1737.50932140194,2339.05045985583,299.850074962519
1747.45215013671,62.142679592344,284.857571214393
1752.4235645041,52.199850857569,284.857571214393
1779.76634352473,1001.73999502859,284.857571214393
1787.22346507581,1230.42505592841,284.857571214393
1794.6805866269,750.683569475516,284.857571214393
1797.16629381059,1230.42505592841,299.850074962519
1802.13770817798,773.05493412876,284.857571214393
1802.13770817798,1247.82500621427,284.857571214393
1807.10912254536,1235.3964702958,284.857571214393
1809.59482972906,1230.42505592841,284.857571214393
1889.13745960726,1923.93736017897,284.857571214393
1906.53740989311,2217.25080785483,284.857571214393
1926.42306736266,608.998260004971,284.857571214393
1931.39448173005,191.39945314442,284.857571214393
1993.5371613224,186.428038777032,284.857571214393
2140.19388516033,1938.85160328113,299.850074962519
2135.22247079294,417.598806860552,284.857571214393
2147.65100671141,1730.05219985086,284.857571214393
2202.33656475267,2234.65075814069,284.857571214393
2204.82227193637,2249.56500124285,284.857571214393
2279.39348744718,1655.48098434004,284.857571214393
2289.33631618195,1782.25205070843,284.857571214393
67.1140939597315,454.884414615958,314.842578710645
231.17076808352,126.771066368382,314.842578710645
293.313447675864,1933.88018891375,329.835082458771
343.027591349739,1894.10887397465,329.835082458771
347.999005717127,1391.99602286851,299.850074962519
347.999005717127,1909.02311707681,314.842578710645
357.941834451902,1896.59458115834,314.842578710645
462.34153616704,99.4282873477504,314.842578710645
482.22719363659,101.913994531444,314.842578710645
509.569972657221,917.225950782998,314.842578710645
526.969922943077,308.227690778026,314.842578710645
551.826994780015,191.39945314442,314.842578710645
569.226945065871,768.083519761372,314.842578710645
604.026845637584,385.284613472533,299.850074962519
666.169525229928,2426.05021128511,314.842578710645
681.08376833209,1936.36589609744,314.842578710645
718.369376087497,1936.36589609744,299.850074962519
778.026348496147,1812.08053691275,314.842578710645
778.026348496147,67.1140939597315,299.850074962519
792.94059159831,69.5998011434253,299.850074962519
825.254784986329,1928.90877454636,314.842578710645
862.540392741735,2450.90728312205,299.850074962519
981.854337559036,2381.30748197862,314.842578710645
989.311459110117,2403.67884663187,314.842578710645
1153.36813323391,1053.93984588615,329.835082458771
1240.36788466319,370.37037037037,314.842578710645
1255.28212776535,1396.96743723589,314.842578710645
1414.36738752175,39.7713149391002,299.850074962519
1456.62440964454,2435.99304001989,314.842578710645
1469.05294556301,1856.82326621924,299.850074962519
1483.96718866518,1849.36614466816,314.842578710645
1488.93860303256,1578.42406164554,299.850074962519
1551.08128262491,2120.30822769078,314.842578710645
1585.88118319662,2165.05095699727,299.850074962519
1583.39547601293,1334.82475764355,299.850074962519
1583.39547601293,2150.1367138951,299.850074962519
1588.36689038031,1078.79691772309,314.842578710645
1638.08103405419,894.854586129754,314.842578710645
1643.05244842158,850.111856823266,314.842578710645
1677.85234899329,718.369376087497,299.850074962519
1722.59507829978,1466.56723837932,314.842578710645
1735.02361421825,1662.93810589113,299.850074962519
1747.45215013671,2316.67909520259,299.850074962519
1787.22346507581,999.254287844892,314.842578710645
1804.62341536167,753.16927665921,299.850074962519
1809.59482972906,1247.82500621427,299.850074962519
1817.05195128014,1237.88217747949,299.850074962519
1936.36589609744,608.998260004971,314.842578710645
1943.82301764852,193.885160328113,299.850074962519
1988.56574695501,1948.79443201591,314.842578710645
2013.42281879195,188.913745960726,299.850074962519
2080.53691275168,1648.02386278896,314.842578710645
2155.10812826249,1933.88018891375,299.850074962519
2165.05095699727,994.282873477504,314.842578710645
2214.76510067114,2237.13646532438,299.850074962519
2214.76510067114,2247.07929405916,299.850074962519
2242.10787969177,999.254287844892,314.842578710645
2366.39323887646,1650.50956997266,314.842578710645
2426.05021128511,691.026597066866,299.850074962519
62.142679592344,385.284613472533,329.835082458771
377.827491921452,206.313696246582,344.827586206897
407.655978125777,1471.53865274671,344.827586206897
469.798657718121,111.856823266219,329.835082458771
531.941337310465,208.799403430276,329.835082458771
541.88416604524,198.856574695501,314.842578710645
544.369873228934,203.827989062888,329.835082458771
551.826994780015,86.9997514292816,329.835082458771
564.255530698484,213.770817797663,329.835082458771
698.483718617947,2304.25055928412,329.835082458771
755.654983842903,1222.96793437733,329.835082458771
877.454635843898,1652.99527715635,329.835082458771
1185.68232662192,775.540641312453,329.835082458771
1193.13944817301,785.483470047228,329.835082458771
1205.56798409147,947.054436987323,329.835082458771
1362.16753666418,2421.07879691772,329.835082458771
1620.68108376833,1019.13994531444,329.835082458771
1767.33780760626,1404.42455878698,329.835082458771
1779.76634352473,596.569724086503,329.835082458771
1899.08028834203,1416.85309470544,329.835082458771
2015.90852597564,942.083022619935,344.827586206897
2132.73676360925,1712.652249565,344.827586206897
2130.25105642555,2018.39423315933,329.835082458771
2187.42232165051,1170.76808351976,329.835082458771
2259.50782997763,539.398458861546,314.842578710645
2291.82202336565,521.99850857569,329.835082458771
2371.36465324385,1300.02485707184,344.827586206897
34.7999005717127,1812.08053691275,359.820089955023
86.9997514292816,648.769574944072,344.827586206897
298.284862043251,740.740740740741,344.827586206897
298.284862043251,313.199105145414,344.827586206897
318.170519512801,738.255033557047,344.827586206897
412.627392493164,288.342033308476,344.827586206897
507.084265473527,32.3141933880189,344.827586206897
559.284116331096,208.799403430276,344.827586206897
579.169773800646,288.342033308476,344.827586206897
584.141188168034,275.913497390007,359.820089955023
748.197862291822,265.970668655232,329.835082458771
802.883420333085,2097.93686303753,329.835082458771
1222.96793437733,1620.68108376833,329.835082458771
1451.65299527716,499.627143922446,344.827586206897
1464.08153119563,494.655729555058,344.827586206897
1516.28138205319,1282.62490678598,329.835082458771
1521.25279642058,295.799154859558,344.827586206897
1526.22421078797,1285.11061396967,329.835082458771
2174.99378573204,1175.73949788715,329.835082458771
9.94282873477504,492.170022371365,359.820089955023
17.3999502858563,482.22719363659,344.827586206897
504.598558289833,1767.33780760626,359.820089955023
509.569972657221,919.711657966692,344.827586206897
666.169525229928,109.371116082525,359.820089955023
718.369376087497,1086.25403927417,359.820089955023
755.654983842903,260.999254287845,344.827586206897
877.454635843898,2204.82227193637,359.820089955023
984.340044742729,77.0569226945066,374.812593703148
1058.91126025354,2408.65026099925,374.812593703148
1063.88267462093,889.883171762366,374.812593703148
1113.5968182948,653.740989311459,344.827586206897
1126.02535421327,464.827243350733,344.827586206897
1513.7956748695,1280.13919960229,344.827586206897
1677.85234899329,884.911757394979,359.820089955023
2254.53641561024,539.398458861546,344.827586206897
2304.25055928412,1242.85359184688,344.827586206897
2473.27864777529,1031.56848123291,359.820089955023
164.056674123788,1377.08177976634,374.812593703148
365.398956002983,164.056674123788,374.812593703148
507.084265473527,1836.93760874969,374.812593703148
566.741237882178,792.94059159831,374.812593703148
571.712652249565,797.912005965697,374.812593703148
676.112353964703,109.371116082525,359.820089955023
700.969425801641,770.569226945066,374.812593703148
718.369376087497,773.05493412876,359.820089955023
872.48322147651,2115.33681332339,374.812593703148
1024.11135968183,2411.13596818295,374.812593703148
1029.08277404922,2172.50807854835,359.820089955023
1036.5398956003,2157.59383544618,374.812593703148
1039.02560278399,2418.59308973403,374.812593703148
1046.48272433507,2428.5359184688,374.812593703148
1098.68257519264,457.370121799652,359.820089955023
1113.5968182948,452.398707432264,359.820089955023
1135.96818294805,2306.73626646781,374.812593703148
1237.88217747949,263.484961471539,359.820089955023
1242.85359184688,273.427790206314,359.820089955023
1285.11061396967,2130.25105642555,374.812593703148
1536.16703952274,937.111608252548,374.812593703148
1657.96669152374,1834.451901566,359.820089955023
1657.96669152374,1844.39473030077,374.812593703148
1715.13795674869,1439.22445935869,389.805097451274
1884.16604523987,1436.73875217499,389.805097451274
1923.93736017897,467.312950534427,374.812593703148
89.4854586129754,691.026597066866,389.805097451274
106.885408898832,1904.05170270942,389.805097451274
347.999005717127,1988.56574695501,389.805097451274
564.255530698484,430.027342779021,404.7976011994
618.941088739746,422.570221227939,389.805097451274
715.883668903803,765.597812577678,389.805097451274
1036.5398956003,2398.70743226448,389.805097451274
1066.36838180462,604.026845637584,389.805097451274
1180.71091225454,648.769574944072,389.805097451274
1456.62440964454,1464.08153119563,389.805097451274
1561.02411135968,2289.33631618195,389.805097451274
1573.45264727815,2296.79343773304,389.805097451274
1707.68083519761,1429.28163062391,389.805097451274
2038.27989062888,1116.0825254785,404.7976011994
375.341784737758,2105.39398458862,404.7976011994
392.741735023614,611.483967188665,404.7976011994
397.713149391002,626.398210290828,404.7976011994
628.883917474521,969.425801640567,419.790104947526
740.740740740741,1844.39473030077,389.805097451274
1024.11135968183,1290.08202833706,404.7976011994
1081.28262490679,604.026845637584,389.805097451274
1225.45364156102,377.827491921452,404.7976011994
1307.48197862292,2177.47949291573,404.7976011994
1322.39622172508,2179.96520009943,404.7976011994
1429.28163062391,733.283619189659,404.7976011994
1672.8809346259,1971.16579666915,404.7976011994
1675.36664180959,2122.79393487447,404.7976011994
1754.9092716878,2252.05070842655,404.7976011994
1906.53740989311,700.969425801641,404.7976011994
1916.48023862789,718.369376087497,404.7976011994
96.9425801640567,1904.05170270942,404.7976011994
355.456127268208,1836.93760874969,404.7976011994
365.398956002983,2100.42257022123,404.7976011994
407.655978125777,1645.53815560527,434.782608695652
439.970171513796,203.827989062888,419.790104947526
539.398458861546,166.542381307482,419.790104947526
541.88416604524,146.656723837932,419.790104947526
549.341287596321,156.599552572707,404.7976011994
554.312701963709,146.656723837932,419.790104947526
663.683818046234,1652.99527715635,404.7976011994
733.283619189659,1839.42331593338,404.7976011994
740.740740740741,410.141685309471,419.790104947526
827.740492170022,1802.13770817798,419.790104947526
897.340293313448,1493.91001739995,419.790104947526
939.597315436242,278.399204573701,434.782608695652
986.825751926423,211.28511061397,404.7976011994
1039.02560278399,2411.13596818295,404.7976011994
1053.93984588615,2403.67884663187,404.7976011994
1153.36813323391,1628.13820531941,404.7976011994
1227.93934874472,705.940840169028,434.782608695652
1461.59582401193,141.685309470544,419.790104947526
1521.25279642058,270.94208302262,419.790104947526
1595.82401193139,1652.99527715635,419.790104947526
1648.02386278896,2209.79368630375,419.790104947526
1655.48098434004,2224.70792940592,419.790104947526
1735.02361421825,1382.05319413373,434.782608695652
2092.96544867015,1108.62540392742,419.790104947526
2334.07904548844,1404.42455878698,419.790104947526
39.7713149391002,1275.1677852349,419.790104947526
59.6569724086503,1610.73825503356,449.775112443778
206.313696246582,1091.22545364156,449.775112443778
340.541884166045,1841.90902311708,434.782608695652
343.027591349739,1826.99478001491,419.790104947526
360.427541635595,1829.48048719861,419.790104947526
405.170270942083,1635.59532687049,419.790104947526
410.141685309471,1379.56748695004,419.790104947526
420.084514044246,1391.99602286851,419.790104947526
454.884414615958,201.342281879195,419.790104947526
457.370121799652,221.227939348745,419.790104947526
559.284116331096,169.028088491176,434.782608695652
666.169525229928,1655.48098434004,434.782608695652
693.512304250559,1774.79492915735,434.782608695652
999.254287844892,211.28511061397,434.782608695652
1121.05393984589,1978.62291822023,449.775112443778
1456.62440964454,1759.88068605518,449.775112443778
1471.53865274671,1265.22495650012,449.775112443778
1869.25180213771,1797.16629381059,434.782608695652
1909.02311707681,681.08376833209,449.775112443778
42.2570221227939,1285.11061396967,449.775112443778
343.027591349739,1613.22396221725,449.775112443778
352.970420084514,1839.42331593338,434.782608695652
362.913248819289,1846.88043748446,449.775112443778
377.827491921452,1677.85234899329,434.782608695652
489.684315187671,1478.99577429779,464.767616191904
877.454635843898,927.168779517773,449.775112443778
1061.39696743724,1391.99602286851,449.775112443778
1078.79691772309,1533.68133233905,449.775112443778
1304.99627143922,827.740492170022,464.767616191904
1332.33905045986,2179.96520009943,464.767616191904
1570.96694009446,1220.48222719364,449.775112443778
1779.76634352473,1889.13745960726,449.775112443778
1779.76634352473,1904.05170270942,449.775112443778
1789.70917225951,1896.59458115834,434.782608695652
1864.28038777032,1787.22346507581,434.782608695652
1916.48023862789,1866.76609495401,464.767616191904
2003.47999005717,1387.02460850112,464.767616191904
2115.33681332339,1108.62540392742,464.767616191904
2174.99378573204,1730.05219985086,449.775112443778
330.59905543127,345.513298533433,464.767616191904
661.19811086254,1916.48023862789,479.76011994003
882.426050211285,909.768829231916,464.767616191904
969.425801640567,176.485210042257,479.76011994003
974.397216007954,1300.02485707184,464.767616191904
991.797166293811,604.026845637584,464.767616191904
1165.79666915237,676.112353964703,464.767616191904
1250.31071339796,775.540641312453,464.767616191904
1585.88118319662,840.169028088491,464.767616191904
1645.53815560527,1645.53815560527,464.767616191904
1650.50956997266,2095.45115585384,464.767616191904
1660.45239870743,1638.08103405419,449.775112443778
1660.45239870743,1650.50956997266,464.767616191904
1670.39522744221,1205.56798409147,464.767616191904
1762.36639323888,638.826746209297,464.767616191904
1906.53740989311,1881.68033805618,464.767616191904
1904.05170270942,695.998011434253,449.775112443778
1926.42306736266,693.512304250559,449.775112443778
106.885408898832,1153.36813323391,479.76011994003
507.084265473527,1879.19463087248,479.76011994003
554.312701963709,1324.88192890877,479.76011994003
800.397713149391,673.626646781009,464.767616191904
810.340541884166,671.140939597315,479.76011994003
929.654486701467,589.112602535421,479.76011994003
1009.19711657967,608.998260004971,479.76011994003
1014.16853094705,382.798906288839,479.76011994003
1073.8255033557,909.768829231916,479.76011994003
1255.28212776535,782.997762863535,464.767616191904
1287.59632115337,822.769077802635,464.767616191904
1680.33805617698,1203.08227690778,464.767616191904
1866.76609495401,949.540144171017,494.752623688156
1884.16604523987,1732.53790703455,464.767616191904
1884.16604523987,1742.48073576933,464.767616191904
1988.56574695501,1056.42555306985,479.76011994003
1991.0514541387,1068.85408898832,479.76011994003
2005.96569724086,1058.91126025354,479.76011994003
2023.36564752672,790.454884414616,479.76011994003
2157.59383544618,1486.45289584887,479.76011994003
12.4285359184688,1096.19686800895,494.752623688156
288.342033308476,1826.99478001491,494.752623688156
288.342033308476,663.683818046234,479.76011994003
494.655729555058,1183.19661943823,494.752623688156
504.598558289833,1205.56798409147,494.752623688156
601.54113845389,1058.91126025354,479.76011994003
755.654983842903,335.570469798658,479.76011994003
952.02585135471,1001.73999502859,479.76011994003
1029.08277404922,1814.56624409645,509.745127436282
1039.02560278399,961.968680089485,524.737631184408
1071.33979617201,231.17076808352,509.745127436282
1073.8255033557,1921.45165299528,494.752623688156
1091.22545364156,1923.93736017897,494.752623688156
1118.56823266219,1382.05319413373,494.752623688156
1205.56798409147,1739.99502858563,494.752623688156
1287.59632115337,1130.99676858066,494.752623688156
1295.05344270445,1118.56823266219,494.752623688156
1322.39622172508,2023.36564752672,509.745127436282
1329.85334327616,939.597315436242,479.76011994003
1441.71016654238,971.911508824261,479.76011994003
1444.19587372608,956.997265722098,479.76011994003
1585.88118319662,661.19811086254,494.752623688156
1702.70942083023,837.683320904797,494.752623688156
1804.62341536167,996.768580661198,509.745127436282
1953.7658463833,1493.91001739995,494.752623688156
91.9711657966692,937.111608252548,509.745127436282
293.313447675864,661.19811086254,494.752623688156
444.941585881183,882.426050211285,509.745127436282
521.99850857569,1210.53939845886,509.745127436282
738.255033557047,2025.85135471042,524.737631184408
768.083519761372,333.084762614964,494.752623688156
850.111856823266,566.741237882178,509.745127436282
961.968680089485,1006.71140939597,494.752623688156
1029.08277404922,949.540144171017,509.745127436282
1319.91051454139,263.484961471539,509.745127436282
1553.5669898086,1290.08202833706,509.745127436282
1595.82401193139,2038.27989062888,509.745127436282
1737.50932140194,703.455132985334,509.745127436282
1792.1948794432,1006.71140939597,509.745127436282
1822.02336564753,1009.19711657967,509.745127436282
1996.02286850609,1275.1677852349,494.752623688156
2025.85135471042,989.311459110117,494.752623688156
2055.67984091474,1210.53939845886,509.745127436282
2068.10837683321,1217.99652000994,494.752623688156
114.342530449913,1270.19637086751,524.737631184408
621.42679592344,2015.90852597564,524.737631184408
631.369624658215,2008.45140442456,524.737631184408
673.626646781009,1988.56574695501,539.730134932534
1004.22570221228,539.398458861546,539.730134932534
1014.16853094705,1424.31021625653,539.730134932534
1056.42555306985,954.511558538404,509.745127436282
1138.45389013174,1541.13845389013,524.737631184408
1561.02411135968,1759.88068605518,509.745127436282
1563.50981854338,1749.93785732041,509.745127436282
1595.82401193139,879.940343027591,524.737631184408
1720.10937111608,1613.22396221725,524.737631184408
643.798160576684,1889.13745960726,554.72263868066
653.740989311459,1891.62316679095,554.72263868066
683.569475515784,1670.39522744221,554.72263868066
688.540889883172,748.197862291822,539.730134932534
691.026597066866,1983.59433258762,539.730134932534
790.454884414616,1409.39597315436,539.730134932534
795.426298782004,509.569972657221,539.730134932534
1004.22570221228,1528.70991797166,524.737631184408
1039.02560278399,991.797166293811,524.737631184408
1046.48272433507,986.825751926423,524.737631184408
1374.59607258265,1076.3112105394,554.72263868066
1404.42455878698,1623.16679095203,524.737631184408
1533.68133233905,832.71190653741,539.730134932534
1585.88118319662,879.940343027591,524.737631184408
1682.82376336068,1491.42431021626,539.730134932534
1687.79517772806,1953.7658463833,539.730134932534
1682.82376336068,1966.19438230176,524.737631184408
1712.652249565,1603.28113348248,539.730134932534
1879.19463087248,1093.71116082525,554.72263868066
1884.16604523987,1118.56823266219,539.730134932534
1996.02286850609,1280.13919960229,539.730134932534
1996.02286850609,1270.19637086751,524.737631184408
335.570469798658,1665.42381307482,554.72263868066
347.999005717127,1665.42381307482,554.72263868066
449.913000248571,661.19811086254,569.715142428786
636.341039025603,1772.30922197365,569.715142428786
663.683818046234,1682.82376336068,554.72263868066
673.626646781009,1687.79517772806,539.730134932534
678.598061148397,1968.68008948546,539.730134932534
755.654983842903,2023.36564752672,554.72263868066
969.425801640567,1933.88018891375,569.715142428786
1006.71140939597,1518.76708923689,554.72263868066
1153.36813323391,569.226945065871,554.72263868066
1488.93860303256,1416.85309470544,569.715142428786
1687.79517772806,1585.88118319662,554.72263868066
1700.22371364653,1444.19587372608,554.72263868066
1879.19463087248,1123.53964702958,554.72263868066
1891.62316679095,1086.25403927417,554.72263868066
1966.19438230176,1352.22470792941,554.72263868066
686.055182699478,1682.82376336068,569.715142428786
715.883668903803,708.426547352722,569.715142428786
768.083519761372,750.683569475516,599.700149925038
817.797663435247,1682.82376336068,584.707646176912
855.083271190654,564.255530698484,554.72263868066
942.083022619935,927.168779517773,569.715142428786
1208.05369127517,1598.30971911509,584.707646176912
1300.02485707184,1899.08028834203,554.72263868066
1406.91026597067,1620.68108376833,569.715142428786
1551.08128262491,561.76982351479,584.707646176912
1615.70966940094,825.254784986329,569.715142428786
1635.59532687049,1406.91026597067,569.715142428786
1737.50932140194,1411.88168033806,569.715142428786
1752.4235645041,1414.36738752175,569.715142428786
1794.6805866269,1118.56823266219,569.715142428786
1866.76609495401,1101.16828237634,554.72263868066
487.198608003977,1650.50956997266,599.700149925038
534.427044494159,872.48322147651,584.707646176912
586.626895351728,1650.50956997266,584.707646176912
601.54113845389,1657.96669152374,599.700149925038
621.42679592344,559.284116331096,599.700149925038
705.940840169028,1163.31096196868,584.707646176912
770.569226945066,768.083519761372,584.707646176912
810.340541884166,1690.28088491176,584.707646176912
942.083022619935,1916.48023862789,599.700149925038
1046.48272433507,1933.88018891375,614.692653673163
1178.22520507084,740.740740740741,584.707646176912
1444.19587372608,924.683072334079,584.707646176912
1623.16679095203,835.197613721104,584.707646176912
1739.99502858563,1620.68108376833,584.707646176912
1792.1948794432,1031.56848123291,584.707646176912
529.455630126771,1031.56848123291,614.692653673163
596.569724086503,1640.56674123788,599.700149925038
718.369376087497,743.226447924435,614.692653673163
974.397216007954,1697.73800646284,599.700149925038
981.854337559036,1687.79517772806,584.707646176912
1287.59632115337,1869.25180213771,599.700149925038
1655.48098434004,1135.96818294805,614.692653673163
1782.25205070843,1026.59706686552,584.707646176912
845.140442455879,1406.91026597067,614.692653673163
969.425801640567,1685.30947054437,599.700149925038
971.911508824261,817.797663435247,629.685157421289
1029.08277404922,1382.05319413373,629.685157421289
1394.4817300522,1048.96843151877,614.692653673163
1660.45239870743,1063.88267462093,629.685157421289
1667.90952025851,1073.8255033557,599.700149925038
347.999005717127,1272.68207805121,629.685157421289
569.226945065871,1337.31046482724,629.685157421289
601.54113845389,1625.65249813572,629.685157421289
710.912254536416,1160.82525478499,614.692653673163
773.05493412876,1583.39547601293,629.685157421289
984.340044742729,1690.28088491176,614.692653673163
1178.22520507084,740.740740740741,614.692653673163
1252.79642058166,1113.5968182948,644.677661169415
1262.73924931643,1106.13969674372,629.685157421289
1424.31021625653,1628.13820531941,614.692653673163
1628.13820531941,832.71190653741,614.692653673163
1685.30947054437,1464.08153119563,629.685157421289
1749.93785732041,1615.70966940094,614.692653673163
807.854834700472,952.02585135471,644.677661169415
976.882923191648,778.026348496147,644.677661169415
1093.71116082525,947.054436987323,644.677661169415
1103.65398956003,934.625901068854,644.677661169415
1170.76808351976,1071.33979617201,674.662668665667
1285.11061396967,1874.2232165051,629.685157421289
1406.91026597067,1643.05244842158,629.685157421289
1409.39597315436,1633.1096196868,629.685157421289
1675.36664180959,1469.05294556301,629.685157421289
778.026348496147,1188.16803380562,644.677661169415
1200.59656972409,1180.71091225454,644.677661169415
1270.19637086751,1190.65374098931,659.670164917541
1290.08202833706,1531.19562515536,644.677661169415
1292.56773552076,1881.68033805618,644.677661169415
1367.13895103157,1503.85284613473,644.677661169415
1414.36738752175,1652.99527715635,644.677661169415
1419.33880188914,1643.05244842158,644.677661169415
1685.30947054437,1478.99577429779,644.677661169415
1695.25229927915,1476.51006711409,644.677661169415
551.826994780015,1342.28187919463,659.670164917541
753.16927665921,1588.36689038031,659.670164917541
760.626398210291,1188.16803380562,659.670164917541
760.626398210291,1588.36689038031,659.670164917541
835.197613721104,1488.93860303256,689.655172413793
1014.16853094705,1295.05344270445,674.662668665667
1078.79691772309,949.540144171017,659.670164917541
1081.28262490679,939.597315436242,659.670164917541
1091.22545364156,934.625901068854,659.670164917541
1153.36813323391,1091.22545364156,674.662668665667
1193.13944817301,1175.73949788715,674.662668665667
1215.51081282625,919.711657966692,674.662668665667
1237.88217747949,1118.56823266219,659.670164917541
1257.76783494904,1195.6251553567,674.662668665667
1277.65349241859,1516.28138205319,659.670164917541
1352.22470792941,1481.48148148148,674.662668665667
1357.19612229679,1496.39572458364,689.655172413793
1399.45314441959,1638.08103405419,659.670164917541
1645.53815560527,1066.36838180462,659.670164917541
966.940094456873,1302.51056425553,674.662668665667
1034.0541884166,1297.53914988814,689.655172413793
1175.73949788715,1108.62540392742,674.662668665667
1230.42505592841,924.683072334079,674.662668665667
1387.02460850112,1374.59607258265,674.662668665667
773.05493412876,1175.73949788715,689.655172413793
840.169028088491,1506.33855331842,689.655172413793
840.169028088491,1498.88143176734,689.655172413793
976.882923191648,1304.99627143922,704.647676161919
1190.65374098931,1096.19686800895,689.655172413793
1208.05369127517,1163.31096196868,689.655172413793
1225.45364156102,1324.88192890877,689.655172413793
1272.68207805121,1175.73949788715,689.655172413793
1285.11061396967,1180.71091225454,689.655172413793
1364.65324384787,1483.96718866518,689.655172413793
1399.45314441959,1377.08177976634,704.647676161919
