17.3999502858563,1891.62316679095,14.9925037481259
27.3427790206314,2053.19413373105,14.9925037481259
62.142679592344,1859.30897340293,29.9850074962519
74.5712155108128,1822.02336564753,14.9925037481259
288.342033308476,109.371116082525,14.9925037481259
293.313447675864,2040.76559781258,14.9925037481259
335.570469798658,2015.90852597564,14.9925037481259
377.827491921452,919.711657966692,14.9925037481259
430.027342779021,330.59905543127,14.9925037481259
454.884414615958,1441.71016654238,44.9775112443778
459.855828983346,305.741983594333,14.9925037481259
733.283619189659,1759.88068605518,14.9925037481259
775.540641312453,1715.13795674869,14.9925037481259
780.512055679841,208.799403430276,14.9925037481259
800.397713149391,248.570718369376,14.9925037481259
825.254784986329,208.799403430276,14.9925037481259
874.968928660204,2326.62192393736,14.9925037481259
879.940343027591,2314.19338801889,14.9925037481259
887.397464578673,1416.85309470544,44.9775112443778
902.311707680835,2209.79368630375,44.9775112443778
912.25453641561,1665.42381307482,29.9850074962519
1130.99676858066,621.42679592344,14.9925037481259
1133.48247576436,613.969674372359,14.9925037481259
1143.42530449913,608.998260004971,14.9925037481259
1319.91051454139,773.05493412876,29.9850074962519
1379.56748695004,782.997762863535,29.9850074962519
1399.45314441959,1769.82351478996,29.9850074962519
1416.85309470544,1772.30922197365,29.9850074962519
1623.16679095203,1710.16654238131,14.9925037481259
1660.45239870743,1695.25229927915,29.9850074962519
1764.85210042257,34.7999005717127,29.9850074962519
1809.59482972906,1645.53815560527,29.9850074962519
1871.7375093214,698.483718617947,29.9850074962519
1896.59458115834,700.969425801641,29.9850074962519
1913.9945314442,1946.30872483221,29.9850074962519
1936.36589609744,1923.93736017897,14.9925037481259
2339.05045985583,760.626398210291,29.9850074962519
2376.33606761124,765.597812577678,29.9850074962519
2393.73601789709,763.112105393985,29.9850074962519
2418.59308973403,1526.22421078797,29.9850074962519
2421.07879691772,1451.65299527716,29.9850074962519
24.8570718369376,1498.88143176734,44.9775112443778
29.8284862043251,1481.48148148148,44.9775112443778
285.856326124783,89.4854586129754,29.9850074962519
310.71339796172,2085.50832711907,29.9850074962519
328.113348247576,2078.05120556798,44.9775112443778
375.341784737758,902.311707680835,29.9850074962519
427.541635595327,313.199105145414,29.9850074962519
437.484464330102,1958.73726075068,44.9775112443778
447.427293064877,1951.2801391996,44.9775112443778
457.370121799652,290.82774049217,29.9850074962519
633.855331841909,14.9142431021626,44.9775112443778
775.540641312453,188.913745960726,29.9850074962519
780.512055679841,193.885160328113,29.9850074962519
797.912005965697,231.17076808352,29.9850074962519
822.769077802635,196.370867511807,29.9850074962519
865.026099925429,2480.73576932637,29.9850074962519
874.968928660204,1414.36738752175,44.9775112443778
887.397464578673,1399.45314441959,44.9775112443778
1093.71116082525,1006.71140939597,44.9775112443778
1130.99676858066,596.569724086503,29.9850074962519
1130.99676858066,608.998260004971,44.9775112443778
1143.42530449913,599.055431270196,44.9775112443778
1145.91101168282,589.112602535421,29.9850074962519
1265.22495650012,2003.47999005717,44.9775112443778
1272.68207805121,1968.68008948546,59.9700149925037
1300.02485707184,2309.2219736515,29.9850074962519
1369.62465821526,517.027094208302,44.9775112443778
1735.02361421825,370.37037037037,44.9775112443778
2249.56500124285,1222.96793437733,44.9775112443778
285.856326124783,335.570469798658,44.9775112443778
290.82774049217,106.885408898832,44.9775112443778
308.227690778026,2100.42257022123,44.9775112443778
345.513298533433,2122.79393487447,59.9700149925037
345.513298533433,2137.70817797663,59.9700149925037
375.341784737758,912.25453641561,44.9775112443778
430.027342779021,323.141933880189,44.9775112443778
865.026099925429,1794.6805866269,59.9700149925037
1272.68207805121,2013.42281879195,59.9700149925037
1379.56748695004,521.99850857569,44.9775112443778
1911.5088242605,1884.16604523987,59.9700149925037
1926.42306736266,1899.08028834203,44.9775112443778
2174.99378573204,188.913745960726,59.9700149925037
2242.10787969177,1242.85359184688,44.9775112443778
2319.16480238628,392.741735023614,44.9775112443778
2331.59333830475,392.741735023614,59.9700149925037
2358.93611732538,427.541635595327,59.9700149925037
2368.87894606015,439.970171513796,44.9775112443778
2376.33606761124,459.855828983346,59.9700149925037
2381.30748197862,427.541635595327,59.9700149925037
17.3999502858563,554.312701963709,59.9700149925037
144.171016654238,280.884911757395,59.9700149925037
278.399204573701,335.570469798658,59.9700149925037
285.856326124783,1675.36664180959,74.9625187406297
290.82774049217,347.999005717127,59.9700149925037
298.284862043251,2155.10812826249,74.9625187406297
333.084762614964,2105.39398458862,59.9700149925037
367.884663186677,2227.19363658961,74.9625187406297
628.883917474521,2348.9932885906,74.9625187406297
1014.16853094705,1332.33905045986,59.9700149925037
1277.65349241859,1951.2801391996,74.9625187406297
1374.59607258265,611.483967188665,74.9625187406297
1521.25279642058,1956.25155356699,59.9700149925037
1528.70991797166,2242.10787969177,74.9625187406297
1553.5669898086,2095.45115585384,74.9625187406297
1645.53815560527,1416.85309470544,74.9625187406297
2107.87969177231,1968.68008948546,74.9625187406297
2172.50807854835,1098.68257519264,74.9625187406297
2197.36515038528,912.25453641561,59.9700149925037
2247.07929405916,1237.88217747949,59.9700149925037
2363.90753169277,415.113099676858,59.9700149925037
2393.73601789709,1943.82301764852,74.9625187406297
144.171016654238,265.970668655232,74.9625187406297
171.513795674869,2040.76559781258,89.9550224887556
256.027839920457,1836.93760874969,74.9625187406297
290.82774049217,2140.19388516033,89.9550224887556
526.969922943077,325.627641063883,89.9550224887556
996.768580661198,1324.88192890877,89.9550224887556
1372.11036539896,596.569724086503,74.9625187406297
1379.56748695004,596.569724086503,74.9625187406297
1543.62416107383,2252.05070842655,74.9625187406297
1660.45239870743,1406.91026597067,74.9625187406297
1802.13770817798,422.570221227939,74.9625187406297
2431.0216256525,959.482972905792,74.9625187406297
82.0283370618941,648.769574944072,104.947526236882
139.199602286851,1474.0243599304,104.947526236882
136.713895103157,1277.65349241859,89.9550224887556
144.171016654238,280.884911757395,89.9550224887556
141.685309470544,1255.28212776535,104.947526236882
233.656475267214,1518.76708923689,89.9550224887556
273.427790206314,139.199602286851,89.9550224887556
283.370618941089,141.685309470544,89.9550224887556
330.59905543127,116.828237633607,104.947526236882
512.055679840915,1506.33855331842,89.9550224887556
521.99850857569,1513.7956748695,89.9550224887556
524.484215759384,1496.39572458364,89.9550224887556
536.912751677852,315.684812329108,89.9550224887556
613.969674372359,1506.33855331842,89.9550224887556
840.169028088491,1140.93959731544,104.947526236882
852.59756400696,1148.39671886652,89.9550224887556
852.59756400696,1128.51106139697,89.9550224887556
860.054685558041,1135.96818294805,89.9550224887556
909.768829231916,708.426547352722,104.947526236882
927.168779517773,442.455878697489,89.9550224887556
937.111608252548,432.513049962714,89.9550224887556
1014.16853094705,1339.79617201094,104.947526236882
1215.51081282625,1382.05319413373,104.947526236882
1232.91076311211,1387.02460850112,104.947526236882
1304.99627143922,1379.56748695004,89.9550224887556
1384.53890131742,1513.7956748695,104.947526236882
1384.53890131742,330.59905543127,104.947526236882
1528.70991797166,1113.5968182948,104.947526236882
1531.19562515536,2314.19338801889,89.9550224887556
1538.65274670644,2234.65075814069,89.9550224887556
1556.05269699229,805.369127516779,89.9550224887556
1561.02411135968,815.311956251554,89.9550224887556
1578.42406164554,671.140939597315,89.9550224887556
1650.50956997266,2351.4789957743,104.947526236882
1836.93760874969,1068.85408898832,104.947526236882
2010.93711160825,1648.02386278896,89.9550224887556
2010.93711160825,1660.45239870743,89.9550224887556
2426.05021128511,1168.28237633607,104.947526236882
2448.42157593835,519.512801391996,89.9550224887556
14.9142431021626,2165.05095699727,119.940029985007
176.485210042257,415.113099676858,119.940029985007
221.227939348745,1384.53890131742,104.947526236882
226.199353716132,1372.11036539896,104.947526236882
233.656475267214,1364.65324384787,104.947526236882
238.627889634601,1387.02460850112,119.940029985007
402.684563758389,633.855331841909,119.940029985007
477.255779269202,517.027094208302,119.940029985007
628.883917474521,1568.48123291076,119.940029985007
735.769326373353,1648.02386278896,104.947526236882
740.740740740741,1660.45239870743,104.947526236882
755.654983842903,1648.02386278896,119.940029985007
785.483470047228,1697.73800646284,119.940029985007
961.968680089485,1551.08128262491,119.940029985007
1058.91126025354,412.627392493164,104.947526236882
1068.85408898832,390.25602783992,119.940029985007
1076.3112105394,410.141685309471,104.947526236882
1290.08202833706,1456.62440964454,119.940029985007
1295.05344270445,1372.11036539896,104.947526236882
1300.02485707184,1451.65299527716,119.940029985007
1421.82450907283,19.8856574695501,104.947526236882
1568.48123291076,812.82624906786,104.947526236882
1615.70966940094,860.054685558041,104.947526236882
1672.8809346259,1188.16803380562,104.947526236882
1792.1948794432,109.371116082525,104.947526236882
1844.39473030077,1058.91126025354,104.947526236882
1948.79443201591,439.970171513796,119.940029985007
1973.65150385285,2232.165050957,119.940029985007
2063.13696246582,1419.33880188914,104.947526236882
2075.56549838429,1250.31071339796,119.940029985007
2165.05095699727,173.999502858563,119.940029985007
2209.79368630375,2157.59383544618,104.947526236882
144.171016654238,484.712900820283,134.932533733133
146.656723837932,497.141436738752,134.932533733133
159.085259756401,430.027342779021,134.932533733133
176.485210042257,432.513049962714,134.932533733133
241.113596818295,1372.11036539896,119.940029985007
350.48471290082,298.284862043251,119.940029985007
355.456127268208,290.82774049217,119.940029985007
462.34153616704,1486.45289584887,134.932533733133
467.312950534427,1471.53865274671,119.940029985007
763.112105393985,780.512055679841,134.932533733133
773.05493412876,1916.48023862789,119.940029985007
768.083519761372,765.597812577678,134.932533733133
869.997514292816,924.683072334079,134.932533733133
1098.68257519264,1996.02286850609,134.932533733133
1290.08202833706,1063.88267462093,134.932533733133
1369.62465821526,2480.73576932637,119.940029985007
1387.02460850112,2480.73576932637,119.940029985007
1379.56748695004,2470.7929405916,119.940029985007
1396.96743723589,2478.25006214268,134.932533733133
1406.91026597067,1889.13745960726,134.932533733133
1744.96644295302,1349.73900074571,134.932533733133
2147.65100671141,2358.93611732538,134.932533733133
2189.9080288342,1625.65249813572,134.932533733133
2209.79368630375,1650.50956997266,134.932533733133
2212.27939348745,1615.70966940094,149.925037481259
2222.22222222222,2152.6224210788,119.940029985007
2239.62217250808,1623.16679095203,149.925037481259
2247.07929405916,800.397713149391,119.940029985007
7.45712155108128,2073.0797912006,149.925037481259
14.9142431021626,2085.50832711907,149.925037481259
96.9425801640567,2194.87944320159,149.925037481259
156.599552572707,392.741735023614,149.925037481259
226.199353716132,213.770817797663,134.932533733133
241.113596818295,211.28511061397,149.925037481259
544.369873228934,2480.73576932637,134.932533733133
599.055431270196,86.9997514292816,134.932533733133
785.483470047228,1424.31021625653,149.925037481259
1096.19686800895,768.083519761372,134.932533733133
1334.82475764355,454.884414615958,149.925037481259
1342.28187919463,462.34153616704,149.925037481259
1556.05269699229,2242.10787969177,149.925037481259
1588.36689038031,1285.11061396967,149.925037481259
1590.85259756401,1272.68207805121,134.932533733133
1787.22346507581,415.113099676858,134.932533733133
2204.82227193637,1630.62391250311,149.925037481259
2234.65075814069,797.912005965697,134.932533733133
2274.42207307979,2142.67959234402,134.932533733133
2299.27914491673,2199.85085756898,149.925037481259
2455.87869748944,2000.99428287348,149.925037481259
146.656723837932,422.570221227939,149.925037481259
519.512801391996,387.770320656227,164.917541229385
604.026845637584,77.0569226945066,149.925037481259
626.398210290828,1387.02460850112,164.917541229385
646.283867760378,397.713149391002,164.917541229385
698.483718617947,1036.5398956003,164.917541229385
934.625901068854,2480.73576932637,164.917541229385
961.968680089485,2189.9080288342,164.917541229385
1093.71116082525,1516.28138205319,179.910044977511
1121.05393984589,1938.85160328113,164.917541229385
1454.13870246085,188.913745960726,164.917541229385
1680.33805617698,919.711657966692,149.925037481259
1784.73775789212,410.141685309471,149.925037481259
1809.59482972906,1063.88267462093,149.925037481259
1834.451901566,59.6569724086503,164.917541229385
1839.42331593338,84.5140442455879,149.925037481259
1844.39473030077,74.5712155108128,164.917541229385
2025.85135471042,1695.25229927915,164.917541229385
2025.85135471042,1682.82376336068,149.925037481259
2179.96520009943,1618.19537658464,149.925037481259
2184.93661446682,1506.33855331842,149.925037481259
2227.19363658961,1643.05244842158,149.925037481259
2296.79343773304,599.055431270196,149.925037481259
2314.19338801889,2189.9080288342,149.925037481259
2331.59333830475,2018.39423315933,164.917541229385
196.370867511807,705.940840169028,179.910044977511
211.28511061397,718.369376087497,164.917541229385
360.427541635595,1431.76733780761,164.917541229385
365.398956002983,1439.22445935869,164.917541229385
362.913248819289,1444.19587372608,164.917541229385
367.884663186677,502.11285110614,179.910044977511
407.655978125777,509.569972657221,179.910044977511
417.598806860552,504.598558289833,179.910044977511
507.084265473527,395.227442207308,164.917541229385
509.569972657221,377.827491921452,164.917541229385
514.541387024609,328.113348247576,164.917541229385
551.826994780015,303.256276410639,179.910044977511
556.798409147402,318.170519512801,164.917541229385
656.226696495153,385.284613472533,164.917541229385
668.655232413622,400.198856574696,164.917541229385
778.026348496147,1471.53865274671,179.910044977511
899.826000497141,1968.68008948546,179.910044977511
1073.8255033557,1946.30872483221,179.910044977511
1076.3112105394,884.911757394979,179.910044977511
1081.28262490679,489.684315187671,179.910044977511
1101.16828237634,1449.16728809346,179.910044977511
1111.11111111111,1531.19562515536,179.910044977511
1113.5968182948,1454.13870246085,164.917541229385
1466.56723837932,191.39945314442,164.917541229385
1523.73850360428,1441.71016654238,179.910044977511
1558.53840417599,2252.05070842655,164.917541229385
1610.73825503356,802.883420333085,164.917541229385
1685.30947054437,909.768829231916,164.917541229385
1764.85210042257,2165.05095699727,179.910044977511
1814.56624409645,1053.93984588615,164.917541229385
1819.53765846383,2030.8227690778,164.917541229385
1839.42331593338,1068.85408898832,179.910044977511
1851.85185185185,64.6283867760378,164.917541229385
1911.5088242605,472.284364901815,164.917541229385
1918.96594581158,464.827243350733,164.917541229385
1971.16579666915,2189.9080288342,179.910044977511
1973.65150385285,2207.30797912006,164.917541229385
2033.3084762615,1682.82376336068,164.917541229385
2045.73701217997,1700.22371364653,179.910044977511
2179.96520009943,1511.30996768581,179.910044977511
2192.3937360179,1508.82426050211,164.917541229385
2212.27939348745,1633.1096196868,164.917541229385
2232.165050957,1643.05244842158,164.917541229385
2304.25055928412,589.112602535421,164.917541229385
2309.2219736515,594.084016902809,164.917541229385
2438.47874720358,1866.76609495401,179.910044977511
24.8570718369376,2100.42257022123,194.902548725637
191.39945314442,1446.68158090977,194.902548725637
310.71339796172,280.884911757395,194.902548725637
375.341784737758,1285.11061396967,179.910044977511
442.455878697489,171.513795674869,194.902548725637
454.884414615958,164.056674123788,179.910044977511
462.34153616704,173.999502858563,179.910044977511
544.369873228934,313.199105145414,179.910044977511
559.284116331096,2140.19388516033,194.902548725637
643.798160576684,1682.82376336068,194.902548725637
971.911508824261,2219.73651503853,179.910044977511
979.368630375342,2199.85085756898,179.910044977511
991.797166293811,2212.27939348745,179.910044977511
1046.48272433507,1923.93736017897,194.902548725637
1056.42555306985,1938.85160328113,179.910044977511
1101.16828237634,1536.16703952274,179.910044977511
1173.25379070346,1123.53964702958,179.910044977511
1225.45364156102,1250.31071339796,179.910044977511
1347.25329356202,937.111608252548,194.902548725637
1767.33780760626,1538.65274670644,194.902548725637
1792.1948794432,2204.82227193637,194.902548725637
1894.10887397465,2341.53616703952,179.910044977511
1988.56574695501,2207.30797912006,179.910044977511
2023.36564752672,106.885408898832,194.902548725637
2033.3084762615,1672.8809346259,194.902548725637
2075.56549838429,686.055182699478,179.910044977511
2150.1367138951,606.512552821278,179.910044977511
2152.6224210788,1787.22346507581,194.902548725637
2184.93661446682,1501.36713895103,179.910044977511
2249.56500124285,1583.39547601293,179.910044977511
2304.25055928412,581.65548098434,179.910044977511
2475.76435495899,1943.82301764852,179.910044977511
208.799403430276,1449.16728809346,194.902548725637
295.799154859558,206.313696246582,194.902548725637
305.741983594333,201.342281879195,209.895052473763
437.484464330102,231.17076808352,209.895052473763
434.998757146408,1347.25329356202,209.895052473763
444.941585881183,228.685060899826,194.902548725637
454.884414615958,156.599552572707,194.902548725637
477.255779269202,2060.65125528213,194.902548725637
539.398458861546,1287.59632115337,194.902548725637
561.76982351479,47.2284364901815,209.895052473763
566.741237882178,770.569226945066,194.902548725637
643.798160576684,303.256276410639,194.902548725637
643.798160576684,929.654486701467,209.895052473763
802.883420333085,2448.42157593835,209.895052473763
894.854586129754,2433.50733283619,194.902548725637
1043.99701715138,1946.30872483221,209.895052473763
1058.91126025354,1951.2801391996,194.902548725637
1170.76808351976,1106.13969674372,194.902548725637
1220.48222719364,367.884663186677,209.895052473763
1235.3964702958,365.398956002983,194.902548725637
1362.16753666418,1255.28212776535,194.902548725637
1364.65324384787,1260.25354213274,194.902548725637
1464.08153119563,2294.30773054934,194.902548725637
1508.82426050211,847.626149639573,194.902548725637
1692.76659209545,1787.22346507581,194.902548725637
1732.53790703455,124.285359184688,194.902548725637
1779.76634352473,1528.70991797166,194.902548725637
1789.70917225951,2192.3937360179,194.902548725637
2025.85135471042,1697.73800646284,194.902548725637
2050.70842654735,688.540889883172,194.902548725637
2050.70842654735,1682.82376336068,194.902548725637
2204.82227193637,1009.19711657967,194.902548725637
86.9997514292816,596.569724086503,209.895052473763
96.9425801640567,591.598309719115,209.895052473763
191.39945314442,867.511807109123,224.887556221889
223.713646532438,710.912254536416,224.887556221889
288.342033308476,206.313696246582,209.895052473763
305.741983594333,280.884911757395,209.895052473763
407.655978125777,1280.13919960229,239.880059970015
467.312950534427,2060.65125528213,209.895052473763
534.427044494159,1300.02485707184,209.895052473763
549.341287596321,775.540641312453,209.895052473763
559.284116331096,770.569226945066,209.895052473763
631.369624658215,305.741983594333,209.895052473763
651.255282127765,1899.08028834203,224.887556221889
695.998011434253,713.397961720109,224.887556221889
708.426547352722,705.940840169028,209.895052473763
837.683320904797,2075.56549838429,209.895052473763
857.568978374347,2284.36490181457,224.887556221889
1001.73999502859,601.54113845389,224.887556221889
1031.56848123291,1926.42306736266,209.895052473763
1034.0541884166,1941.33731046483,209.895052473763
1056.42555306985,1928.90877454636,209.895052473763
1123.53964702958,700.969425801641,224.887556221889
1133.48247576436,691.026597066866,209.895052473763
1153.36813323391,1384.53890131742,209.895052473763
1165.79666915237,1394.4817300522,224.887556221889
1312.45339299031,862.540392741735,224.887556221889
1322.39622172508,847.626149639573,224.887556221889
1334.82475764355,937.111608252548,209.895052473763
1347.25329356202,1252.79642058166,209.895052473763
1349.73900074571,1260.25354213274,209.895052473763
1449.16728809346,2291.82202336565,209.895052473763
1491.42431021626,845.140442455879,209.895052473763
1573.45264727815,2257.02212279394,224.887556221889
1675.36664180959,1787.22346507581,209.895052473763
1712.652249565,1988.56574695501,224.887556221889
1717.62366393239,121.799652000994,209.895052473763
1727.56649266716,2299.27914491673,209.895052473763
1742.48073576933,2296.79343773304,209.895052473763
1752.4235645041,1536.16703952274,209.895052473763
1759.88068605518,1521.25279642058,209.895052473763
1762.36639323888,2286.85060899826,209.895052473763
1774.79492915735,2189.9080288342,209.895052473763
1809.59482972906,2130.25105642555,224.887556221889
1809.59482972906,2117.82252050708,224.887556221889
1869.25180213771,1006.71140939597,224.887556221889
2008.45140442456,104.399701715138,209.895052473763
2035.79418344519,688.540889883172,209.895052473763
2055.67984091474,882.426050211285,209.895052473763
2063.13696246582,686.055182699478,209.895052473763
2075.56549838429,947.054436987323,224.887556221889
2137.70817797663,1782.25205070843,209.895052473763
2189.9080288342,1006.71140939597,209.895052473763
2202.33656475267,999.254287844892,209.895052473763
2224.70792940592,1434.2530449913,209.895052473763
2336.56475267214,807.854834700472,209.895052473763
176.485210042257,437.484464330102,224.887556221889
226.199353716132,723.340790454884,224.887556221889
231.17076808352,278.399204573701,239.880059970015
238.627889634601,270.94208302262,239.880059970015
420.084514044246,1660.45239870743,224.887556221889
852.59756400696,1029.08277404922,239.880059970015
855.083271190654,1978.62291822023,224.887556221889
1039.02560278399,2013.42281879195,239.880059970015
1297.53914988814,820.283370618941,224.887556221889
1302.51056425553,810.340541884166,239.880059970015
1327.36763609247,862.540392741735,224.887556221889
1588.36689038031,661.19811086254,224.887556221889
1603.28113348248,666.169525229928,239.880059970015
1643.05244842158,519.512801391996,239.880059970015
1772.30922197365,862.540392741735,239.880059970015
1899.08028834203,489.684315187671,239.880059970015
1973.65150385285,1936.36589609744,239.880059970015
2155.10812826249,919.711657966692,224.887556221889
2167.53666418096,922.197365150385,239.880059970015
2222.22222222222,2020.87994034303,224.887556221889
2229.6793437733,1426.79592344022,224.887556221889
2319.16480238628,539.398458861546,239.880059970015
2329.10763112105,549.341287596321,224.887556221889
2336.56475267214,541.88416604524,254.872563718141
134.228187919463,2125.27964205817,254.872563718141
298.284862043251,688.540889883172,239.880059970015
305.741983594333,705.940840169028,254.872563718141
308.227690778026,686.055182699478,254.872563718141
323.141933880189,691.026597066866,254.872563718141
335.570469798658,1836.93760874969,254.872563718141
785.483470047228,1772.30922197365,254.872563718141
805.369127516779,1769.82351478996,239.880059970015
850.111856823266,315.684812329108,254.872563718141
847.626149639573,631.369624658215,239.880059970015
855.083271190654,1973.65150385285,239.880059970015
855.083271190654,638.826746209297,239.880059970015
899.826000497141,417.598806860552,254.872563718141
907.283122048223,469.798657718121,239.880059970015
1101.16828237634,507.084265473527,254.872563718141
1275.1677852349,661.19811086254,254.872563718141
1314.939100174,303.256276410639,254.872563718141
1357.19612229679,1043.99701715138,239.880059970015
1359.68182948049,1048.96843151877,239.880059970015
1404.42455878698,1312.45339299031,239.880059970015
1409.39597315436,1444.19587372608,239.880059970015
1409.39597315436,1426.79592344022,254.872563718141
1478.99577429779,1324.88192890877,254.872563718141
1518.76708923689,529.455630126771,239.880059970015
1675.36664180959,2366.39323887646,239.880059970015
1787.22346507581,72.0855083271191,254.872563718141
2058.16554809843,1357.19612229679,239.880059970015
2137.70817797663,1076.3112105394,239.880059970015
2219.73651503853,2202.33656475267,239.880059970015
2224.70792940592,2013.42281879195,239.880059970015
2316.67909520259,556.798409147402,239.880059970015
2336.56475267214,1516.28138205319,239.880059970015
2346.50758140691,1523.73850360428,254.872563718141
2348.9932885906,559.284116331096,239.880059970015
2353.96470295799,544.369873228934,239.880059970015
2388.7646035297,693.512304250559,239.880059970015
2460.85011185682,710.912254536416,254.872563718141
4.97141436738752,1941.33731046483,269.865067466267
191.39945314442,1921.45165299528,254.872563718141
196.370867511807,1938.85160328113,269.865067466267
223.713646532438,1650.50956997266,269.865067466267
325.627641063883,703.455132985334,254.872563718141
775.540641312453,1787.22346507581,254.872563718141
790.454884414616,1784.73775789212,254.872563718141
800.397713149391,1759.88068605518,269.865067466267
812.82624906786,1772.30922197365,254.872563718141
860.054685558041,1983.59433258762,254.872563718141
862.540392741735,643.798160576684,254.872563718141
909.768829231916,2065.62266964952,269.865067466267
922.197365150385,467.312950534427,254.872563718141
1143.42530449913,99.4282873477504,269.865067466267
1185.68232662192,412.627392493164,269.865067466267
1260.25354213274,2080.53691275168,269.865067466267
1287.59632115337,663.683818046234,254.872563718141
1364.65324384787,1046.48272433507,254.872563718141
1399.45314441959,2319.16480238628,254.872563718141
1419.33880188914,1446.68158090977,254.872563718141
1459.11011682824,2453.39299030574,254.872563718141
1523.73850360428,897.340293313448,254.872563718141
1526.22421078797,529.455630126771,254.872563718141
1620.68108376833,86.9997514292816,269.865067466267
1625.65249813572,1232.91076311211,269.865067466267
1635.59532687049,1242.85359184688,254.872563718141
1682.82376336068,2366.39323887646,254.872563718141
1759.88068605518,2107.87969177231,269.865067466267
1779.76634352473,867.511807109123,254.872563718141
1784.73775789212,54.6855580412627,254.872563718141
1799.65200099428,62.142679592344,254.872563718141
1938.85160328113,1093.71116082525,269.865067466267
1943.82301764852,1111.11111111111,269.865067466267
2145.16529952772,1068.85408898832,254.872563718141
2147.65100671141,1078.79691772309,254.872563718141
2152.6224210788,1126.02535421327,254.872563718141
2396.22172508079,691.026597066866,254.872563718141
4.97141436738752,1349.73900074571,284.857571214393
258.513547104151,1063.88267462093,284.857571214393
872.48322147651,2053.19413373105,269.865067466267
877.454635843898,2040.76559781258,269.865067466267
904.797414864529,2080.53691275168,269.865067466267
919.711657966692,2078.05120556798,269.865067466267
1138.45389013174,89.4854586129754,269.865067466267
1175.73949788715,410.141685309471,269.865067466267
1272.68207805121,2080.53691275168,284.857571214393
1446.68158090977,2448.42157593835,269.865067466267
1603.28113348248,86.9997514292816,269.865067466267
1603.28113348248,79.5426298782003,269.865067466267
1928.90877454636,1106.13969674372,269.865067466267
1948.79443201591,380.313199105145,269.865067466267
1961.22296793438,392.741735023614,269.865067466267
1963.70867511807,2306.73626646781,269.865067466267
196.370867511807,1916.48023862789,284.857571214393
206.313696246582,1941.33731046483,284.857571214393
216.256524981357,1916.48023862789,284.857571214393
405.170270942083,1483.96718866518,299.850074962519
415.113099676858,1491.42431021626,284.857571214393
730.797912005966,862.540392741735,284.857571214393
971.911508824261,1041.51130996769,299.850074962519
1257.76783494904,22.3713646532438,284.857571214393
1449.16728809346,961.968680089485,284.857571214393
1672.8809346259,1304.99627143922,299.850074962519
1779.76634352473,119.313944817301,284.857571214393
1779.76634352473,131.742480735769,284.857571214393
1782.25205070843,139.199602286851,284.857571214393
1794.6805866269,139.199602286851,284.857571214393
1839.42331593338,131.742480735769,284.857571214393
1849.36614466816,139.199602286851,299.850074962519
1869.25180213771,2199.85085756898,299.850074962519
1886.65175242356,2204.82227193637,284.857571214393
2058.16554809843,1911.5088242605,284.857571214393
2085.50832711907,464.827243350733,284.857571214393
2271.9363658961,1275.1677852349,299.850074962519
2306.73626646781,1282.62490678598,299.850074962519
2445.93586875466,1488.93860303256,284.857571214393
313.199105145414,1347.25329356202,314.842578710645
554.312701963709,904.797414864529,314.842578710645
571.712652249565,897.340293313448,314.842578710645
571.712652249565,919.711657966692,299.850074962519
715.883668903803,857.568978374347,299.850074962519
725.826497638578,850.111856823266,299.850074962519
733.283619189659,845.140442455879,299.850074962519
740.740740740741,852.59756400696,299.850074962519
966.940094456873,1051.45413870246,299.850074962519
1135.96818294805,1715.13795674869,314.842578710645
1170.76808351976,469.798657718121,314.842578710645
1230.42505592841,1359.68182948049,299.850074962519
1265.22495650012,544.369873228934,299.850074962519
1481.48148148148,2192.3937360179,299.850074962519
1672.8809346259,1319.91051454139,299.850074962519
1742.48073576933,2070.5940840169,299.850074962519
1742.48073576933,2055.67984091474,299.850074962519
1797.16629381059,2386.27889634601,314.842578710645
1799.65200099428,420.084514044246,299.850074962519
1831.9661943823,1983.59433258762,299.850074962519
1859.30897340293,1841.90902311708,299.850074962519
1854.33755903555,2177.47949291573,314.842578710645
1861.79468058663,2207.30797912006,299.850074962519
1861.79468058663,2219.73651503853,299.850074962519
1871.7375093214,2192.3937360179,299.850074962519
1874.2232165051,1822.02336564753,314.842578710645
1931.39448173005,415.113099676858,299.850074962519
1956.25155356699,390.25602783992,299.850074962519
2294.30773054934,556.798409147402,299.850074962519
17.3999502858563,1856.82326621924,329.835082458771
258.513547104151,1799.65200099428,314.842578710645
521.99850857569,837.683320904797,344.827586206897
559.284116331096,1014.16853094705,314.842578710645
566.741237882178,912.25453641561,329.835082458771
591.598309719115,909.768829231916,314.842578710645
723.340790454884,1190.65374098931,314.842578710645
723.340790454884,842.654735272185,314.842578710645
733.283619189659,1198.11086254039,314.842578710645
773.05493412876,1183.19661943823,314.842578710645
1148.39671886652,1710.16654238131,329.835082458771
1329.85334327616,586.626895351728,329.835082458771
1372.11036539896,1493.91001739995,329.835082458771
1379.56748695004,1481.48148148148,314.842578710645
1488.93860303256,1996.02286850609,314.842578710645
1498.88143176734,1986.08003977131,314.842578710645
1657.96669152374,1744.96644295302,314.842578710645
1672.8809346259,753.16927665921,329.835082458771
1792.1948794432,1986.08003977131,314.842578710645
1933.88018891375,1561.02411135968,329.835082458771
2197.36515038528,1461.59582401193,344.827586206897
2232.165050957,1667.90952025851,329.835082458771
2281.87919463087,564.255530698484,314.842578710645
2286.85060899826,549.341287596321,314.842578710645
313.199105145414,1772.30922197365,344.827586206897
375.341784737758,1280.13919960229,329.835082458771
385.284613472533,874.968928660204,329.835082458771
390.25602783992,1116.0825254785,344.827586206897
400.198856574696,1270.19637086751,329.835082458771
449.913000248571,2145.16529952772,344.827586206897
507.084265473527,415.113099676858,329.835082458771
529.455630126771,621.42679592344,359.820089955023
589.112602535421,2080.53691275168,344.827586206897
763.112105393985,2480.73576932637,344.827586206897
780.512055679841,2475.76435495899,344.827586206897
1304.99627143922,1866.76609495401,344.827586206897
1312.45339299031,1856.82326621924,344.827586206897
1506.33855331842,206.313696246582,344.827586206897
1650.50956997266,1759.88068605518,329.835082458771
1682.82376336068,1553.5669898086,329.835082458771
1861.79468058663,1787.22346507581,329.835082458771
1901.56599552573,1292.56773552076,344.827586206897
1928.90877454636,1583.39547601293,329.835082458771
1933.88018891375,1575.93835446184,329.835082458771
2204.82227193637,1471.53865274671,329.835082458771
492.170022371365,937.111608252548,359.820089955023
526.969922943077,633.855331841909,359.820089955023
534.427044494159,646.283867760378,359.820089955023
534.427044494159,604.026845637584,344.827586206897
586.626895351728,917.225950782998,359.820089955023
591.598309719115,2406.16455381556,359.820089955023
626.398210290828,760.626398210291,359.820089955023
641.31245339299,355.456127268208,344.827586206897
646.283867760378,345.513298533433,359.820089955023
765.597812577678,1531.19562515536,359.820089955023
805.369127516779,2468.3072334079,344.827586206897
919.711657966692,1369.62465821526,344.827586206897
994.282873477504,2058.16554809843,359.820089955023
1031.56848123291,1648.02386278896,344.827586206897
1066.36838180462,196.370867511807,359.820089955023
1096.19686800895,698.483718617947,344.827586206897
1103.65398956003,691.026597066866,344.827586206897
1414.36738752175,529.455630126771,359.820089955023
1456.62440964454,517.027094208302,359.820089955023
1593.3383047477,2117.82252050708,359.820089955023
1735.02361421825,280.884911757395,359.820089955023
1732.53790703455,293.313447675864,359.820089955023
1759.88068605518,1958.73726075068,344.827586206897
1762.36639323888,1963.70867511807,344.827586206897
2279.39348744718,822.769077802635,359.820089955023
2391.2503107134,872.48322147651,359.820089955023
2428.5359184688,1093.71116082525,359.820089955023
211.28511061397,1998.50857568978,374.812593703148
295.799154859558,666.169525229928,374.812593703148
397.713149391002,1220.48222719364,374.812593703148
750.683569475516,1414.36738752175,374.812593703148
800.397713149391,2475.76435495899,359.820089955023
815.311956251554,917.225950782998,389.805097451274
907.283122048223,1374.59607258265,359.820089955023
976.882923191648,2070.5940840169,374.812593703148
971.911508824261,2053.19413373105,359.820089955023
991.797166293811,2075.56549838429,359.820089955023
996.768580661198,2458.36440467313,374.812593703148
1011.68282376336,2254.53641561024,359.820089955023
1091.22545364156,193.885160328113,374.812593703148
1198.11086254039,265.970668655232,389.805097451274
1434.2530449913,387.770320656227,374.812593703148
1528.70991797166,1849.36614466816,374.812593703148
1652.99527715635,1357.19612229679,374.812593703148
1660.45239870743,1349.73900074571,374.812593703148
1722.59507829978,2381.30748197862,359.820089955023
1735.02361421825,1568.48123291076,374.812593703148
1861.79468058663,2309.2219736515,374.812593703148
1913.9945314442,1749.93785732041,374.812593703148
1923.93736017897,1742.48073576933,374.812593703148
2043.25130499627,1466.56723837932,359.820089955023
2289.33631618195,1739.99502858563,359.820089955023
2304.25055928412,1739.99502858563,374.812593703148
437.484464330102,1762.36639323888,389.805097451274
442.455878697489,1772.30922197365,374.812593703148
517.027094208302,1583.39547601293,374.812593703148
539.398458861546,740.740740740741,374.812593703148
561.76982351479,636.341039025603,374.812593703148
564.255530698484,623.912503107134,389.805097451274
648.769574944072,738.255033557047,389.805097451274
698.483718617947,1396.96743723589,374.812593703148
710.912254536416,1399.45314441959,374.812593703148
723.340790454884,159.085259756401,389.805097451274
842.654735272185,894.854586129754,389.805097451274
917.225950782998,1665.42381307482,374.812593703148
929.654486701467,1665.42381307482,374.812593703148
929.654486701467,1173.25379070346,389.805097451274
984.340044742729,2055.67984091474,374.812593703148
1103.65398956003,691.026597066866,374.812593703148
1103.65398956003,193.885160328113,374.812593703148
1486.45289584887,1046.48272433507,389.805097451274
1493.91001739995,1053.93984588615,374.812593703148
1523.73850360428,246.085011185682,389.805097451274
2090.47974148645,2068.10837683321,374.812593703148
2115.33681332339,651.255282127765,374.812593703148
2152.6224210788,1702.70942083023,374.812593703148
2167.53666418096,956.997265722098,389.805097451274
248.570718369376,820.283370618941,389.805097451274
507.084265473527,947.054436987323,389.805097451274
1048.96843151877,626.398210290828,404.7976011994
1406.91026597067,745.712155108128,404.7976011994
1416.85309470544,743.226447924435,404.7976011994
1436.73875217499,778.026348496147,419.790104947526
1481.48148148148,253.542132736764,404.7976011994
1523.73850360428,2329.10763112105,389.805097451274
1523.73850360428,2321.65050956997,419.790104947526
1541.13845389013,2301.76485210042,419.790104947526
1643.05244842158,1869.25180213771,404.7976011994
1777.28063634104,2281.87919463087,389.805097451274
2068.10837683321,822.769077802635,404.7976011994
2073.0797912006,835.197613721104,404.7976011994
2087.99403430276,2080.53691275168,389.805097451274
2087.99403430276,2073.0797912006,389.805097451274
2105.39398458862,1963.70867511807,389.805097451274
2157.59383544618,1918.96594581158,389.805097451274
2222.22222222222,832.71190653741,404.7976011994
2286.85060899826,1213.02510564256,404.7976011994
2289.33631618195,1205.56798409147,389.805097451274
2378.82177479493,1135.96818294805,389.805097451274
509.569972657221,1578.42406164554,404.7976011994
556.798409147402,633.855331841909,404.7976011994
636.341039025603,1344.76758637832,419.790104947526
738.255033557047,2373.85036042754,404.7976011994
750.683569475516,2366.39323887646,404.7976011994
892.36887894606,1086.25403927417,404.7976011994
904.797414864529,2232.165050957,419.790104947526
907.283122048223,2242.10787969177,419.790104947526
1029.08277404922,1153.36813323391,404.7976011994
1034.0541884166,1165.79666915237,404.7976011994
1034.0541884166,1158.33954760129,404.7976011994
1173.25379070346,323.141933880189,419.790104947526
1203.08227690778,258.513547104151,404.7976011994
1506.33855331842,2314.19338801889,404.7976011994
1513.7956748695,2301.76485210042,404.7976011994
1521.25279642058,2281.87919463087,404.7976011994
1536.16703952274,2336.56475267214,419.790104947526
1533.68133233905,2284.36490181457,419.790104947526
1541.13845389013,2329.10763112105,404.7976011994
1548.59557544121,2329.10763112105,404.7976011994
1707.68083519761,2242.10787969177,404.7976011994
1744.96644295302,1677.85234899329,404.7976011994
1752.4235645041,231.17076808352,404.7976011994
1767.33780760626,2274.42207307979,404.7976011994
1767.33780760626,228.685060899826,419.790104947526
1928.90877454636,1874.2232165051,404.7976011994
1933.88018891375,1886.65175242356,404.7976011994
1938.85160328113,1876.70892368879,404.7976011994
2080.53691275168,2070.5940840169,404.7976011994
2095.45115585384,1958.73726075068,404.7976011994
2095.45115585384,1943.82301764852,404.7976011994
2150.1367138951,1909.02311707681,404.7976011994
2162.56524981357,1901.56599552573,404.7976011994
2177.47949291573,894.854586129754,404.7976011994
2366.39323887646,1138.45389013174,404.7976011994
285.856326124783,852.59756400696,434.782608695652
320.656226696495,725.826497638578,434.782608695652
524.484215759384,825.254784986329,434.782608695652
529.455630126771,835.197613721104,419.790104947526
556.798409147402,616.455381556053,419.790104947526
564.255530698484,623.912503107134,419.790104947526
646.283867760378,335.570469798658,434.782608695652
753.16927665921,2371.36465324385,434.782608695652
780.512055679841,671.140939597315,434.782608695652
780.512055679841,862.540392741735,434.782608695652
1053.93984588615,2301.76485210042,449.775112443778
1103.65398956003,1352.22470792941,434.782608695652
1190.65374098931,1446.68158090977,434.782608695652
1208.05369127517,1431.76733780761,419.790104947526
1409.39597315436,1652.99527715635,434.782608695652
1426.79592344022,740.740740740741,419.790104947526
1493.91001739995,253.542132736764,419.790104947526
1498.88143176734,1812.08053691275,434.782608695652
1533.68133233905,246.085011185682,419.790104947526
1541.13845389013,2321.65050956997,419.790104947526
1561.02411135968,2324.13621675367,434.782608695652
1561.02411135968,2294.30773054934,419.790104947526
1720.10937111608,2237.13646532438,434.782608695652
1762.36639323888,1672.8809346259,434.782608695652
1777.28063634104,2274.42207307979,419.790104947526
1779.76634352473,226.199353716132,419.790104947526
1849.36614466816,922.197365150385,419.790104947526
1923.93736017897,427.541635595327,434.782608695652
1958.73726075068,1881.68033805618,419.790104947526
2005.96569724086,507.084265473527,449.775112443778
2078.05120556798,820.283370618941,419.790104947526
2085.50832711907,832.71190653741,419.790104947526
2107.87969177231,1956.25155356699,419.790104947526
2177.47949291573,954.511558538404,419.790104947526
2177.47949291573,1899.08028834203,419.790104947526
2189.9080288342,894.854586129754,419.790104947526
2189.9080288342,1608.25254784986,419.790104947526
2202.33656475267,1613.22396221725,434.782608695652
2234.65075814069,832.71190653741,419.790104947526
2381.30748197862,1135.96818294805,419.790104947526
226.199353716132,1342.28187919463,449.775112443778
633.855331841909,335.570469798658,449.775112443778
641.31245339299,318.170519512801,449.775112443778
676.112353964703,2212.27939348745,449.775112443778
730.797912005966,2279.39348744718,464.767616191904
1041.51130996769,2421.07879691772,434.782608695652
1048.96843151877,2413.62167536664,434.782608695652
1068.85408898832,914.740243599304,449.775112443778
1073.8255033557,924.683072334079,449.775112443778
1190.65374098931,1426.79592344022,434.782608695652
1314.939100174,1752.4235645041,449.775112443778
1409.39597315436,1670.39522744221,434.782608695652
1779.76634352473,335.570469798658,434.782608695652
1839.42331593338,817.797663435247,449.775112443778
1918.96594581158,676.112353964703,449.775112443778
1948.79443201591,1471.53865274671,449.775112443778
425.055928411633,559.284116331096,464.767616191904
519.512801391996,832.71190653741,449.775112443778
618.941088739746,2184.93661446682,464.767616191904
723.340790454884,2187.42232165051,464.767616191904
1101.16828237634,1988.56574695501,464.767616191904
1695.25229927915,325.627641063883,479.76011994003
1747.45215013671,795.426298782004,464.767616191904
1759.88068605518,807.854834700472,464.767616191904
1764.85210042257,333.084762614964,449.775112443778
1936.36589609744,693.512304250559,464.767616191904
1963.70867511807,1237.88217747949,449.775112443778
1976.13721103654,1232.91076311211,464.767616191904
208.799403430276,1436.73875217499,464.767616191904
241.113596818295,1441.71016654238,479.76011994003
283.370618941089,845.140442455879,464.767616191904
290.82774049217,840.169028088491,464.767616191904
320.656226696495,715.883668903803,464.767616191904
410.141685309471,556.798409147402,464.767616191904
425.055928411633,544.369873228934,479.76011994003
437.484464330102,1339.79617201094,464.767616191904
594.084016902809,1486.45289584887,479.76011994003
780.512055679841,852.59756400696,464.767616191904
780.512055679841,663.683818046234,464.767616191904
852.59756400696,1352.22470792941,479.76011994003
857.568978374347,1364.65324384787,479.76011994003
1004.22570221228,2311.7076808352,464.767616191904
1006.71140939597,2299.27914491673,479.76011994003
1066.36838180462,904.797414864529,464.767616191904
1076.3112105394,914.740243599304,464.767616191904
1106.13969674372,2055.67984091474,479.76011994003
1593.3383047477,1864.28038777032,479.76011994003
1787.22346507581,1797.16629381059,464.767616191904
1926.42306736266,1508.82426050211,479.76011994003
1926.42306736266,1521.25279642058,479.76011994003
1926.42306736266,686.055182699478,464.767616191904
1943.82301764852,678.598061148397,464.767616191904
2140.19388516033,852.59756400696,479.76011994003
2155.10812826249,845.140442455879,479.76011994003
2224.70792940592,1546.10986825752,479.76011994003
539.398458861546,1339.79617201094,494.752623688156
698.483718617947,1009.19711657967,479.76011994003
710.912254536416,1175.73949788715,479.76011994003
715.883668903803,1180.71091225454,479.76011994003
718.369376087497,2212.27939348745,494.752623688156
725.826497638578,2204.82227193637,494.752623688156
825.254784986329,1486.45289584887,494.752623688156
830.226199353716,666.169525229928,494.752623688156
837.683320904797,673.626646781009,479.76011994003
1240.36788466319,2329.10763112105,494.752623688156
1242.85359184688,2316.67909520259,479.76011994003
1369.62465821526,1879.19463087248,494.752623688156
1387.02460850112,1205.56798409147,494.752623688156
1528.70991797166,2214.76510067114,494.752623688156
1531.19562515536,2227.19363658961,494.752623688156
1769.82351478996,1819.53765846383,494.752623688156
1769.82351478996,1789.70917225951,509.745127436282
1779.76634352473,1804.62341536167,509.745127436282
1794.6805866269,1807.10912254536,509.745127436282
1794.6805866269,1779.76634352473,494.752623688156
1909.02311707681,822.769077802635,479.76011994003
2018.39423315933,1483.96718866518,509.745127436282
278.399204573701,1483.96718866518,494.752623688156
415.113099676858,877.454635843898,524.737631184408
422.570221227939,867.511807109123,494.752623688156
551.826994780015,1342.28187919463,509.745127436282
683.569475515784,1014.16853094705,509.745127436282
790.454884414616,1652.99527715635,494.752623688156
845.140442455879,1486.45289584887,509.745127436282
976.882923191648,1986.08003977131,509.745127436282
1155.8538404176,857.568978374347,509.745127436282
1369.62465821526,1889.13745960726,494.752623688156
1439.22445935869,651.255282127765,509.745127436282
1665.42381307482,628.883917474521,509.745127436282
1710.16654238131,817.797663435247,509.745127436282
1725.08078548347,822.769077802635,509.745127436282
1757.39497887149,1807.10912254536,509.745127436282
1874.2232165051,1528.70991797166,494.752623688156
1881.68033805618,1531.19562515536,494.752623688156
1916.48023862789,564.255530698484,509.745127436282
1961.22296793438,984.340044742729,509.745127436282
2137.70817797663,837.683320904797,494.752623688156
243.599304001989,1478.99577429779,524.737631184408
442.455878697489,1590.85259756401,524.737631184408
504.598558289833,658.712403678847,524.737631184408
571.712652249565,2030.8227690778,524.737631184408
780.512055679841,917.225950782998,539.730134932534
1101.16828237634,1444.19587372608,509.745127436282
1113.5968182948,1446.68158090977,524.737631184408
1133.48247576436,1879.19463087248,509.745127436282
1387.02460850112,320.656226696495,524.737631184408
1421.82450907283,1772.30922197365,539.730134932534
1677.85234899329,618.941088739746,524.737631184408
1759.88068605518,1829.48048719861,509.745127436282
1782.25205070843,1844.39473030077,539.730134932534
1844.39473030077,1809.59482972906,524.737631184408
1938.85160328113,1011.68282376336,509.745127436282
1953.7658463833,1001.73999502859,509.745127436282
285.856326124783,1215.51081282625,539.730134932534
420.084514044246,1541.13845389013,554.72263868066
561.76982351479,646.283867760378,539.730134932534
914.740243599304,2160.07954262988,539.730134932534
932.14019388516,2160.07954262988,539.730134932534
976.882923191648,1088.73974645787,524.737631184408
1304.99627143922,996.768580661198,539.730134932534
1379.56748695004,325.627641063883,539.730134932534
1643.05244842158,2063.13696246582,524.737631184408
1715.13795674869,1844.39473030077,539.730134932534
1777.28063634104,1185.68232662192,539.730134932534
1876.70892368879,1526.22421078797,524.737631184408
1881.68033805618,1528.70991797166,524.737631184408
293.313447675864,1158.33954760129,554.72263868066
298.284862043251,1140.93959731544,569.715142428786
504.598558289833,1526.22421078797,554.72263868066
521.99850857569,1528.70991797166,554.72263868066
755.654983842903,2005.96569724086,554.72263868066
765.597812577678,1996.02286850609,554.72263868066
815.311956251554,887.397464578673,554.72263868066
820.283370618941,464.827243350733,554.72263868066
830.226199353716,469.798657718121,554.72263868066
1041.51130996769,1414.36738752175,554.72263868066
1043.99701715138,1399.45314441959,539.730134932534
1377.08177976634,887.397464578673,554.72263868066
1416.85309470544,1481.48148148148,554.72263868066
1451.65299527716,2130.25105642555,569.715142428786
1633.1096196868,1140.93959731544,569.715142428786
1635.59532687049,2060.65125528213,554.72263868066
1648.02386278896,1158.33954760129,554.72263868066
390.25602783992,1126.02535421327,569.715142428786
874.968928660204,1111.11111111111,569.715142428786
917.225950782998,2145.16529952772,554.72263868066
1004.22570221228,2075.56549838429,569.715142428786
1217.99652000994,1623.16679095203,569.715142428786
1342.28187919463,2045.73701217997,569.715142428786
1561.02411135968,1369.62465821526,569.715142428786
1643.05244842158,2058.16554809843,554.72263868066
1652.99527715635,1140.93959731544,554.72263868066
1687.79517772806,693.512304250559,554.72263868066
1779.76634352473,932.14019388516,554.72263868066
1797.16629381059,929.654486701467,554.72263868066
1817.05195128014,879.940343027591,569.715142428786
1829.48048719861,1526.22421078797,569.715142428786
1839.42331593338,743.226447924435,569.715142428786
2008.45140442456,1608.25254784986,569.715142428786
392.741735023614,1454.13870246085,584.707646176912
509.569972657221,1513.7956748695,569.715142428786
760.626398210291,1200.59656972409,599.700149925038
775.540641312453,1200.59656972409,584.707646176912
825.254784986329,1851.85185185185,584.707646176912
914.740243599304,636.341039025603,584.707646176912
919.711657966692,626.398210290828,569.715142428786
947.054436987323,1391.99602286851,569.715142428786
976.882923191648,2065.62266964952,584.707646176912
1150.88242605021,1290.08202833706,569.715142428786
1252.79642058166,1737.50932140194,599.700149925038
1352.22470792941,1844.39473030077,584.707646176912
1488.93860303256,827.740492170022,569.715142428786
1595.82401193139,569.226945065871,569.715142428786
1670.39522744221,1548.59557544121,584.707646176912
1677.85234899329,1561.02411135968,584.707646176912
1700.22371364653,700.969425801641,569.715142428786
1784.73775789212,1198.11086254039,569.715142428786
1817.05195128014,889.883171762366,569.715142428786
1826.99478001491,1538.65274670644,569.715142428786
1896.59458115834,1083.76833209048,569.715142428786
487.198608003977,1004.22570221228,584.707646176912
499.627143922446,1036.5398956003,584.707646176912
541.88416604524,1449.16728809346,614.692653673163
755.654983842903,1225.45364156102,614.692653673163
755.654983842903,778.026348496147,614.692653673163
820.283370618941,1116.0825254785,599.700149925038
874.968928660204,1391.99602286851,614.692653673163
959.482972905792,1396.96743723589,584.707646176912
1143.42530449913,611.483967188665,599.700149925038
1150.88242605021,1300.02485707184,584.707646176912
1474.0243599304,812.82624906786,599.700149925038
1585.88118319662,549.341287596321,584.707646176912
1625.65249813572,1123.53964702958,584.707646176912
1648.02386278896,1130.99676858066,584.707646176912
1652.99527715635,1148.39671886652,584.707646176912
1690.28088491176,686.055182699478,584.707646176912
1705.19512801392,1817.05195128014,614.692653673163
1804.62341536167,874.968928660204,584.707646176912
1807.10912254536,867.511807109123,584.707646176912
1831.9661943823,720.855083271191,584.707646176912
1881.68033805618,1066.36838180462,584.707646176912
1889.13745960726,1068.85408898832,584.707646176912
482.22719363659,1021.62565249814,599.700149925038
512.055679840915,1034.0541884166,614.692653673163
797.912005965697,1267.71066368382,614.692653673163
1411.88168033806,942.083022619935,614.692653673163
484.712900820283,1265.22495650012,629.685157421289
499.627143922446,1034.0541884166,614.692653673163
539.398458861546,1367.13895103157,644.677661169415
817.797663435247,1424.31021625653,614.692653673163
1406.91026597067,666.169525229928,629.685157421289
489.684315187671,1006.71140939597,629.685157421289
937.111608252548,1551.08128262491,659.670164917541
1014.16853094705,1899.08028834203,644.677661169415
1031.56848123291,686.055182699478,644.677661169415
1111.11111111111,1951.2801391996,629.685157421289
1454.13870246085,1695.25229927915,644.677661169415
1516.28138205319,1533.68133233905,629.685157421289
673.626646781009,1538.65274670644,659.670164917541
720.855083271191,1322.39622172508,674.662668665667
738.255033557047,1327.36763609247,659.670164917541
1016.65423813075,676.112353964703,644.677661169415
1135.96818294805,1677.85234899329,659.670164917541
1314.939100174,1675.36664180959,659.670164917541
1459.11011682824,1337.31046482724,659.670164917541
1563.50981854338,1275.1677852349,659.670164917541
1600.79542629878,1648.02386278896,674.662668665667
758.140691026597,1101.16828237634,674.662668665667
765.597812577678,1029.08277404922,674.662668665667
780.512055679841,1488.93860303256,674.662668665667
800.397713149391,1498.88143176734,674.662668665667
810.340541884166,1481.48148148148,674.662668665667
1041.51130996769,1797.16629381059,674.662668665667
1183.19661943823,1143.42530449913,674.662668665667
1461.59582401193,1431.76733780761,674.662668665667
787.969177230922,1506.33855331842,674.662668665667
797.912005965697,1476.51006711409,689.655172413793
869.997514292816,1590.85259756401,689.655172413793
1043.99701715138,1787.22346507581,674.662668665667
1165.79666915237,1764.85210042257,689.655172413793
1175.73949788715,1150.88242605021,674.662668665667
1270.19637086751,1222.96793437733,704.647676161919
1280.13919960229,1245.33929903057,704.647676161919
1474.0243599304,1334.82475764355,674.662668665667
1588.36689038031,1048.96843151877,689.655172413793
867.511807109123,979.368630375342,689.655172413793
1155.8538404176,1757.39497887149,689.655172413793
1180.71091225454,1275.1677852349,704.647676161919
1185.68232662192,1300.02485707184,704.647676161919
1302.51056425553,842.654735272185,704.647676161919
1382.05319413373,1449.16728809346,704.647676161919
1399.45314441959,1441.71016654238,704.647676161919
1399.45314441959,1466.56723837932,689.655172413793
1608.25254784986,1143.42530449913,689.655172413793
1613.22396221725,1158.33954760129,689.655172413793
969.425801640567,1068.85408898832,704.647676161919
1130.99676858066,1290.08202833706,719.640179910045
1155.8538404176,1295.05344270445,719.640179910045
1178.22520507084,1314.939100174,704.647676161919
1232.91076311211,1583.39547601293,719.640179910045
1245.33929903057,1583.39547601293,704.647676161919
1280.13919960229,969.425801640567,704.647676161919
1295.05344270445,1237.88217747949,704.647676161919
1404.42455878698,1193.13944817301,704.647676161919
1411.88168033806,1193.13944817301,704.647676161919
1150.88242605021,1275.1677852349,719.640179910045
1165.79666915237,1270.19637086751,719.640179910045
1173.25379070346,1287.59632115337,719.640179910045
1287.59632115337,974.397216007954,719.640179910045
1357.19612229679,1394.4817300522,719.640179910045
1359.68182948049,1374.59607258265,719.640179910045
1372.11036539896,1389.51031568481,719.640179910045
1404.42455878698,1454.13870246085,719.640179910045
