564.255530698484,487.198608003977,29.9850074962519
604.026845637584,2426.05021128511,29.9850074962519
676.112353964703,1613.22396221725,29.9850074962519
700.969425801641,1036.5398956003,14.9925037481259
708.426547352722,1660.45239870743,29.9850074962519
728.312204822272,536.912751677852,29.9850074962519
748.197862291822,1575.93835446184,14.9925037481259
750.683569475516,1590.85259756401,14.9925037481259
874.968928660204,1379.56748695004,14.9925037481259
932.14019388516,188.913745960726,14.9925037481259
944.568729803629,188.913745960726,14.9925037481259
996.768580661198,2463.33581904052,14.9925037481259
1036.5398956003,2373.85036042754,29.9850074962519
1230.42505592841,72.0855083271191,14.9925037481259
1242.85359184688,96.9425801640567,14.9925037481259
1364.65324384787,1056.42555306985,44.9775112443778
1429.28163062391,154.113845389013,14.9925037481259
1444.19587372608,131.742480735769,14.9925037481259
1501.36713895103,141.685309470544,14.9925037481259
1645.53815560527,1991.0514541387,14.9925037481259
1660.45239870743,865.026099925429,14.9925037481259
1667.90952025851,825.254784986329,14.9925037481259
1672.8809346259,887.397464578673,14.9925037481259
1841.90902311708,1088.73974645787,29.9850074962519
1846.88043748446,1282.62490678598,14.9925037481259
1851.85185185185,2117.82252050708,14.9925037481259
1861.79468058663,671.140939597315,29.9850074962519
1864.28038777032,2053.19413373105,14.9925037481259
1876.70892368879,2239.62217250808,14.9925037481259
1876.70892368879,2135.22247079294,14.9925037481259
1881.68033805618,2085.50832711907,14.9925037481259
1901.56599552573,2207.30797912006,14.9925037481259
1906.53740989311,1140.93959731544,29.9850074962519
1913.9945314442,2177.47949291573,14.9925037481259
1913.9945314442,2167.53666418096,14.9925037481259
1916.48023862789,1148.39671886652,29.9850074962519
1933.88018891375,2073.0797912006,29.9850074962519
1938.85160328113,2209.79368630375,14.9925037481259
1938.85160328113,2247.07929405916,14.9925037481259
1943.82301764852,2179.96520009943,14.9925037481259
1948.79443201591,1215.51081282625,14.9925037481259
1951.2801391996,2073.0797912006,14.9925037481259
1953.7658463833,2247.07929405916,14.9925037481259
1956.25155356699,2048.22271936366,14.9925037481259
1966.19438230176,2137.70817797663,14.9925037481259
1973.65150385285,2132.73676360925,14.9925037481259
1983.59433258762,2167.53666418096,14.9925037481259
2068.10837683321,683.569475515784,14.9925037481259
2075.56549838429,700.969425801641,14.9925037481259
2135.22247079294,1324.88192890877,29.9850074962519
2271.9363658961,1116.0825254785,29.9850074962519
2291.82202336565,2140.19388516033,29.9850074962519
2373.85036042754,815.311956251554,29.9850074962519
2388.7646035297,817.797663435247,29.9850074962519
2423.56450410142,1205.56798409147,29.9850074962519
169.028088491176,810.340541884166,44.9775112443778
183.942331593338,1558.53840417599,44.9775112443778
201.342281879195,1563.50981854338,59.9700149925037
362.913248819289,1372.11036539896,59.9700149925037
494.655729555058,2428.5359184688,29.9850074962519
594.084016902809,1309.96768580661,44.9775112443778
613.969674372359,2217.25080785483,44.9775112443778
678.598061148397,1598.30971911509,29.9850074962519
852.59756400696,1762.36639323888,44.9775112443778
922.197365150385,2381.30748197862,29.9850074962519
976.882923191648,1834.451901566,59.9700149925037
999.254287844892,842.654735272185,29.9850074962519
1061.39696743724,559.284116331096,44.9775112443778
1098.68257519264,1029.08277404922,44.9775112443778
1111.11111111111,1024.11135968183,29.9850074962519
1163.31096196868,658.712403678847,44.9775112443778
1280.13919960229,1839.42331593338,44.9775112443778
1329.85334327616,330.59905543127,29.9850074962519
1339.79617201094,131.742480735769,74.9625187406297
1359.68182948049,1076.3112105394,29.9850074962519
1372.11036539896,1590.85259756401,44.9775112443778
1374.59607258265,1086.25403927417,29.9850074962519
1379.56748695004,2015.90852597564,44.9775112443778
1377.08177976634,1046.48272433507,29.9850074962519
1384.53890131742,1071.33979617201,29.9850074962519
1493.91001739995,1173.25379070346,59.9700149925037
1720.10937111608,347.999005717127,44.9775112443778
1737.50932140194,335.570469798658,44.9775112443778
1807.10912254536,763.112105393985,44.9775112443778
1804.62341536167,2252.05070842655,29.9850074962519
1846.88043748446,678.598061148397,29.9850074962519
1938.85160328113,2095.45115585384,44.9775112443778
2137.70817797663,1309.96768580661,29.9850074962519
2135.22247079294,1754.9092716878,44.9775112443778
2145.16529952772,2179.96520009943,59.9700149925037
2284.36490181457,2150.1367138951,44.9775112443778
2291.82202336565,2120.30822769078,44.9775112443778
2294.30773054934,1692.76659209545,59.9700149925037
2306.73626646781,2132.73676360925,44.9775112443778
2309.2219736515,2160.07954262988,29.9850074962519
2316.67909520259,2147.65100671141,29.9850074962519
2438.47874720358,1205.56798409147,44.9775112443778
166.542381307482,1518.76708923689,74.9625187406297
191.39945314442,1573.45264727815,44.9775112443778
305.741983594333,663.683818046234,44.9775112443778
308.227690778026,676.112353964703,44.9775112443778
872.48322147651,1981.10862540393,44.9775112443778
966.940094456873,1849.36614466816,44.9775112443778
1046.48272433507,561.76982351479,44.9775112443778
1056.42555306985,116.828237633607,44.9775112443778
1198.11086254039,47.2284364901815,44.9775112443778
1374.59607258265,1073.8255033557,59.9700149925037
1722.59507829978,325.627641063883,44.9775112443778
1732.53790703455,1754.9092716878,59.9700149925037
1739.99502858563,347.999005717127,44.9775112443778
1772.30922197365,1839.42331593338,59.9700149925037
2010.93711160825,410.141685309471,59.9700149925037
2197.36515038528,352.970420084514,59.9700149925037
2289.33631618195,449.913000248571,59.9700149925037
2314.19338801889,2165.05095699727,44.9775112443778
2336.56475267214,994.282873477504,59.9700149925037
2413.62167536664,1474.0243599304,44.9775112443778
178.970917225951,1528.70991797166,74.9625187406297
181.456624409645,454.884414615958,59.9700149925037
191.39945314442,459.855828983346,59.9700149925037
193.885160328113,1513.7956748695,74.9625187406297
198.856574695501,686.055182699478,59.9700149925037
203.827989062888,1528.70991797166,74.9625187406297
203.827989062888,695.998011434253,74.9625187406297
213.770817797663,1551.08128262491,74.9625187406297
221.227939348745,1561.02411135968,59.9700149925037
305.741983594333,1588.36689038031,74.9625187406297
313.199105145414,263.484961471539,74.9625187406297
318.170519512801,666.169525229928,59.9700149925037
320.656226696495,681.08376833209,59.9700149925037
442.455878697489,2182.45090728312,89.9550224887556
452.398707432264,827.740492170022,59.9700149925037
507.084265473527,2428.5359184688,59.9700149925037
576.684066616953,497.141436738752,59.9700149925037
581.65548098434,2010.93711160825,74.9625187406297
589.112602535421,2023.36564752672,74.9625187406297
606.512552821278,1312.45339299031,59.9700149925037
628.883917474521,2217.25080785483,59.9700149925037
631.369624658215,1516.28138205319,74.9625187406297
666.169525229928,1227.93934874472,59.9700149925037
673.626646781009,1215.51081282625,59.9700149925037
872.48322147651,1759.88068605518,59.9700149925037
884.911757394979,1983.59433258762,59.9700149925037
974.397216007954,1804.62341536167,74.9625187406297
996.768580661198,1824.50907283122,74.9625187406297
1006.71140939597,1841.90902311708,74.9625187406297
1011.68282376336,847.626149639573,59.9700149925037
1066.36838180462,119.313944817301,74.9625187406297
1135.96818294805,636.341039025603,74.9625187406297
1153.36813323391,1314.939100174,74.9625187406297
1175.73949788715,663.683818046234,74.9625187406297
1210.53939845886,52.199850857569,74.9625187406297
1354.7104151131,136.713895103157,74.9625187406297
1464.08153119563,1573.45264727815,74.9625187406297
1469.05294556301,2197.36515038528,74.9625187406297
1605.76684066617,2197.36515038528,74.9625187406297
1802.13770817798,2473.27864777529,74.9625187406297
1822.02336564753,2033.3084762615,59.9700149925037
1923.93736017897,1715.13795674869,89.9550224887556
1953.7658463833,452.398707432264,74.9625187406297
2187.42232165051,343.027591349739,74.9625187406297
2309.2219736515,2157.59383544618,59.9700149925037
2316.67909520259,2145.16529952772,59.9700149925037
2406.16455381556,1483.96718866518,59.9700149925037
149.142431021626,1536.16703952274,74.9625187406297
149.142431021626,1518.76708923689,89.9550224887556
176.485210042257,1548.59557544121,74.9625187406297
216.256524981357,1531.19562515536,74.9625187406297
221.227939348745,1516.28138205319,74.9625187406297
382.798906288839,1200.59656972409,104.947526236882
400.198856574696,1193.13944817301,89.9550224887556
420.084514044246,420.084514044246,89.9550224887556
439.970171513796,432.513049962714,104.947526236882
442.455878697489,2194.87944320159,74.9625187406297
457.370121799652,2182.45090728312,74.9625187406297
472.284364901815,407.655978125777,104.947526236882
611.483967188665,778.026348496147,89.9550224887556
623.912503107134,760.626398210291,89.9550224887556
693.512304250559,343.027591349739,89.9550224887556
785.483470047228,1978.62291822023,104.947526236882
907.283122048223,238.627889634601,89.9550224887556
909.768829231916,268.456375838926,89.9550224887556
1014.16853094705,882.426050211285,89.9550224887556
1118.56823266219,1824.50907283122,89.9550224887556
1145.91101168282,1103.65398956003,89.9550224887556
1314.939100174,569.226945065871,74.9625187406297
1322.39622172508,556.798409147402,74.9625187406297
1339.79617201094,417.598806860552,89.9550224887556
1339.79617201094,559.284116331096,89.9550224887556
1379.56748695004,862.540392741735,89.9550224887556
1488.93860303256,832.71190653741,89.9550224887556
1491.42431021626,847.626149639573,89.9550224887556
1511.30996768581,909.768829231916,89.9550224887556
1608.25254784986,2182.45090728312,89.9550224887556
1615.70966940094,2060.65125528213,89.9550224887556
1620.68108376833,2048.22271936366,89.9550224887556
1638.08103405419,2053.19413373105,89.9550224887556
1633.1096196868,2068.10837683321,89.9550224887556
1655.48098434004,1108.62540392742,89.9550224887556
1730.05219985086,1590.85259756401,89.9550224887556
1807.10912254536,2483.22147651007,74.9625187406297
1831.9661943823,2028.33706189411,89.9550224887556
1953.7658463833,2025.85135471042,89.9550224887556
1978.62291822023,487.198608003977,89.9550224887556
2145.16529952772,2227.19363658961,104.947526236882
2172.50807854835,109.371116082525,89.9550224887556
2224.70792940592,1802.13770817798,89.9550224887556
2239.62217250808,298.284862043251,74.9625187406297
7.45712155108128,1282.62490678598,119.940029985007
64.6283867760378,2237.13646532438,89.9550224887556
94.4568729803629,1630.62391250311,104.947526236882
173.999502858563,2048.22271936366,89.9550224887556
173.999502858563,2030.8227690778,104.947526236882
191.39945314442,683.569475515784,89.9550224887556
313.199105145414,676.112353964703,89.9550224887556
370.37037037037,1066.36838180462,89.9550224887556
447.427293064877,405.170270942083,104.947526236882
447.427293064877,422.570221227939,104.947526236882
464.827243350733,427.541635595327,89.9550224887556
621.42679592344,748.197862291822,89.9550224887556
621.42679592344,2217.25080785483,89.9550224887556
765.597812577678,837.683320904797,119.940029985007
792.94059159831,283.370618941089,104.947526236882
952.02585135471,678.598061148397,89.9550224887556
986.825751926423,865.026099925429,89.9550224887556
1068.85408898832,1163.31096196868,104.947526236882
1088.73974645787,1153.36813323391,104.947526236882
1118.56823266219,1041.51130996769,89.9550224887556
1342.28187919463,72.0855083271191,89.9550224887556
1369.62465821526,872.48322147651,89.9550224887556
1456.62440964454,865.026099925429,104.947526236882
1464.08153119563,1210.53939845886,104.947526236882
1464.08153119563,877.454635843898,89.9550224887556
1481.48148148148,1222.96793437733,104.947526236882
1662.93810589113,1096.19686800895,104.947526236882
1677.85234899329,589.112602535421,104.947526236882
1829.48048719861,959.482972905792,104.947526236882
1826.99478001491,382.798906288839,104.947526236882
1826.99478001491,2040.76559781258,89.9550224887556
1834.451901566,2038.27989062888,89.9550224887556
1896.59458115834,17.3999502858563,104.947526236882
1966.19438230176,482.22719363659,104.947526236882
2165.05095699727,181.456624409645,119.940029985007
2172.50807854835,1918.96594581158,104.947526236882
2244.59358687547,1799.65200099428,89.9550224887556
101.913994531444,183.942331593338,104.947526236882
136.713895103157,477.255779269202,119.940029985007
375.341784737758,19.8856574695501,119.940029985007
434.998757146408,1836.93760874969,119.940029985007
566.741237882178,1210.53939845886,104.947526236882
566.741237882178,415.113099676858,119.940029985007
584.141188168034,402.684563758389,119.940029985007
599.055431270196,1411.88168033806,119.940029985007
725.826497638578,710.912254536416,119.940029985007
800.397713149391,278.399204573701,104.947526236882
820.283370618941,832.71190653741,119.940029985007
1128.51106139697,656.226696495153,119.940029985007
1265.22495650012,765.597812577678,119.940029985007
1431.76733780761,1426.79592344022,119.940029985007
1474.0243599304,773.05493412876,134.932533733133
1605.76684066617,1951.2801391996,134.932533733133
1881.68033805618,1011.68282376336,134.932533733133
2008.45140442456,1752.4235645041,119.940029985007
2207.30797912006,1660.45239870743,119.940029985007
2247.07929405916,1886.65175242356,119.940029985007
2249.56500124285,1909.02311707681,119.940029985007
2291.82202336565,1322.39622172508,119.940029985007
2299.27914491673,1521.25279642058,104.947526236882
2.48570718369376,1270.19637086751,119.940029985007
7.45712155108128,1986.08003977131,134.932533733133
42.2570221227939,1170.76808351976,119.940029985007
141.685309470544,464.827243350733,119.940029985007
430.027342779021,1021.62565249814,134.932533733133
452.398707432264,444.941585881183,119.940029985007
574.198359433259,1215.51081282625,119.940029985007
616.455381556053,1946.30872483221,134.932533733133
807.854834700472,825.254784986329,119.940029985007
817.797663435247,2142.67959234402,134.932533733133
892.36887894606,1993.5371613224,149.925037481259
904.797414864529,1063.88267462093,134.932533733133
1262.73924931643,715.883668903803,134.932533733133
1399.45314441959,2271.9363658961,134.932533733133
1436.73875217499,1414.36738752175,134.932533733133
1670.39522744221,2396.22172508079,134.932533733133
1687.79517772806,2316.67909520259,134.932533733133
1697.73800646284,2319.16480238628,119.940029985007
1727.56649266716,343.027591349739,134.932533733133
1886.65175242356,395.227442207308,149.925037481259
1943.82301764852,211.28511061397,134.932533733133
2085.50832711907,1802.13770817798,134.932533733133
2239.62217250808,2296.79343773304,134.932533733133
2299.27914491673,1312.45339299031,119.940029985007
2304.25055928412,1508.82426050211,134.932533733133
2306.73626646781,1324.88192890877,119.940029985007
2319.16480238628,1518.76708923689,119.940029985007
2373.85036042754,1247.82500621427,119.940029985007
12.4285359184688,1973.65150385285,149.925037481259
39.7713149391002,1165.79666915237,149.925037481259
124.285359184688,469.798657718121,134.932533733133
191.39945314442,144.171016654238,149.925037481259
256.027839920457,1886.65175242356,149.925037481259
258.513547104151,1871.7375093214,149.925037481259
293.313447675864,2468.3072334079,134.932533733133
300.770569226945,671.140939597315,149.925037481259
352.970420084514,2015.90852597564,164.917541229385
362.913248819289,24.8570718369376,134.932533733133
489.684315187671,1140.93959731544,149.925037481259
497.141436738752,1133.48247576436,149.925037481259
514.541387024609,1762.36639323888,164.917541229385
554.312701963709,1886.65175242356,149.925037481259
708.426547352722,499.627143922446,149.925037481259
715.883668903803,487.198608003977,134.932533733133
780.512055679841,405.170270942083,149.925037481259
842.654735272185,2140.19388516033,134.932533733133
855.083271190654,2127.76534924186,134.932533733133
899.826000497141,1973.65150385285,149.925037481259
902.311707680835,1073.8255033557,149.925037481259
922.197365150385,1056.42555306985,149.925037481259
917.225950782998,1068.85408898832,134.932533733133
979.368630375342,243.599304001989,149.925037481259
1165.79666915237,330.59905543127,149.925037481259
1175.73949788715,860.054685558041,164.917541229385
1180.71091225454,305.741983594333,149.925037481259
1185.68232662192,330.59905543127,149.925037481259
1200.59656972409,335.570469798658,149.925037481259
1232.91076311211,646.283867760378,164.917541229385
1314.939100174,2366.39323887646,149.925037481259
1324.88192890877,2373.85036042754,134.932533733133
1677.85234899329,1377.08177976634,149.925037481259
1720.10937111608,2010.93711160825,149.925037481259
1831.9661943823,2411.13596818295,149.925037481259
1896.59458115834,1230.42505592841,149.925037481259
2366.39323887646,1237.88217747949,134.932533733133
2366.39323887646,2030.8227690778,149.925037481259
2366.39323887646,2045.73701217997,149.925037481259
2473.27864777529,1568.48123291076,134.932533733133
2478.25006214268,1578.42406164554,149.925037481259
2478.25006214268,1541.13845389013,149.925037481259
106.885408898832,315.684812329108,179.910044977511
114.342530449913,328.113348247576,179.910044977511
211.28511061397,1876.70892368879,164.917541229385
328.113348247576,1019.13994531444,179.910044977511
340.541884166045,2040.76559781258,164.917541229385
355.456127268208,2003.47999005717,149.925037481259
365.398956002983,2035.79418344519,164.917541229385
377.827491921452,2018.39423315933,149.925037481259
494.655729555058,1767.33780760626,164.917541229385
512.055679840915,1787.22346507581,164.917541229385
517.027094208302,1747.45215013671,164.917541229385
529.455630126771,2401.19313944817,164.917541229385
569.226945065871,1891.62316679095,149.925037481259
571.712652249565,1379.56748695004,164.917541229385
882.426050211285,1976.13721103654,149.925037481259
1113.5968182948,1894.10887397465,164.917541229385
1126.02535421327,1891.62316679095,164.917541229385
1200.59656972409,323.141933880189,149.925037481259
1240.36788466319,377.827491921452,164.917541229385
1265.22495650012,1168.28237633607,164.917541229385
1451.65299527716,1297.53914988814,179.910044977511
1523.73850360428,1220.48222719364,164.917541229385
1720.10937111608,2023.36564752672,164.917541229385
1846.88043748446,865.026099925429,149.925037481259
2085.50832711907,517.027094208302,149.925037481259
2087.99403430276,529.455630126771,149.925037481259
2197.36515038528,1618.19537658464,164.917541229385
2202.33656475267,1633.1096196868,164.917541229385
2276.90778026349,1633.1096196868,164.917541229385
126.771066368382,318.170519512801,179.910044977511
161.570966940094,283.370618941089,179.910044977511
146.656723837932,263.484961471539,179.910044977511
171.513795674869,268.456375838926,179.910044977511
365.398956002983,2346.50758140691,179.910044977511
372.856077554064,2339.05045985583,179.910044977511
561.76982351479,2045.73701217997,179.910044977511
579.169773800646,1439.22445935869,194.902548725637
581.65548098434,1424.31021625653,179.910044977511
944.568729803629,1834.451901566,179.910044977511
959.482972905792,1819.53765846383,179.910044977511
996.768580661198,1953.7658463833,194.902548725637
1180.71091225454,2038.27989062888,179.910044977511
1255.28212776535,1183.19661943823,179.910044977511
1769.82351478996,976.882923191648,194.902548725637
1844.39473030077,877.454635843898,164.917541229385
2105.39398458862,104.399701715138,179.910044977511
2309.2219736515,564.255530698484,179.910044977511
2324.13621675367,546.855580412627,179.910044977511
2324.13621675367,566.741237882178,179.910044977511
372.856077554064,661.19811086254,194.902548725637
444.941585881183,1439.22445935869,194.902548725637
693.512304250559,1123.53964702958,194.902548725637
738.255033557047,1446.68158090977,194.902548725637
909.768829231916,2095.45115585384,209.895052473763
1138.45389013174,1165.79666915237,179.910044977511
1155.8538404176,2073.0797912006,209.895052473763
1265.22495650012,1481.48148148148,209.895052473763
1280.13919960229,507.084265473527,209.895052473763
1531.19562515536,2142.67959234402,194.902548725637
1779.76634352473,969.425801640567,194.902548725637
1836.93760874969,869.997514292816,179.910044977511
1844.39473030077,1906.53740989311,194.902548725637
1963.70867511807,1337.31046482724,209.895052473763
2127.76534924186,1864.28038777032,179.910044977511
2140.19388516033,1869.25180213771,194.902548725637
2217.25080785483,2252.05070842655,209.895052473763
2261.99353716132,1625.65249813572,194.902548725637
2311.7076808352,1826.99478001491,209.895052473763
2475.76435495899,1829.48048719861,194.902548725637
176.485210042257,1996.02286850609,209.895052473763
295.799154859558,412.627392493164,209.895052473763
290.82774049217,390.25602783992,209.895052473763
313.199105145414,2015.90852597564,209.895052473763
372.856077554064,1998.50857568978,209.895052473763
395.227442207308,2003.47999005717,224.887556221889
519.512801391996,564.255530698484,209.895052473763
566.741237882178,2065.62266964952,194.902548725637
613.969674372359,939.597315436242,209.895052473763
636.341039025603,638.826746209297,209.895052473763
638.826746209297,1469.05294556301,209.895052473763
681.08376833209,74.5712155108128,209.895052473763
695.998011434253,315.684812329108,224.887556221889
738.255033557047,1429.28163062391,209.895052473763
782.997762863535,576.684066616953,209.895052473763
894.854586129754,1051.45413870246,224.887556221889
937.111608252548,1297.53914988814,209.895052473763
1260.25354213274,499.627143922446,209.895052473763
1292.56773552076,492.170022371365,194.902548725637
1354.7104151131,2311.7076808352,209.895052473763
1715.13795674869,213.770817797663,209.895052473763
1861.79468058663,2135.22247079294,209.895052473763
1881.68033805618,2030.8227690778,209.895052473763
1981.10862540393,430.027342779021,209.895052473763
2073.0797912006,2162.56524981357,209.895052473763
2224.70792940592,2142.67959234402,209.895052473763
2237.13646532438,2135.22247079294,194.902548725637
2289.33631618195,1966.19438230176,224.887556221889
2316.67909520259,892.36887894606,209.895052473763
2329.10763112105,897.340293313448,209.895052473763
203.827989062888,2023.36564752672,224.887556221889
325.627641063883,1163.31096196868,239.880059970015
325.627641063883,2025.85135471042,209.895052473763
392.741735023614,2028.33706189411,209.895052473763
405.170270942083,49.7141436738752,224.887556221889
420.084514044246,1347.25329356202,224.887556221889
623.912503107134,2155.10812826249,209.895052473763
780.512055679841,566.741237882178,209.895052473763
892.36887894606,1039.02560278399,224.887556221889
902.311707680835,1066.36838180462,209.895052473763
907.283122048223,1043.99701715138,224.887556221889
914.740243599304,1066.36838180462,209.895052473763
981.854337559036,2137.70817797663,224.887556221889
1026.59706686552,1933.88018891375,224.887556221889
1066.36838180462,1503.85284613473,239.880059970015
1133.48247576436,1168.28237633607,209.895052473763
1138.45389013174,1170.76808351976,209.895052473763
1170.76808351976,549.341287596321,224.887556221889
1260.25354213274,509.569972657221,224.887556221889
1262.73924931643,521.99850857569,209.895052473763
1270.19637086751,482.22719363659,224.887556221889
1275.1677852349,526.969922943077,209.895052473763
1434.2530449913,1841.90902311708,224.887556221889
1563.50981854338,1091.22545364156,224.887556221889
1573.45264727815,1106.13969674372,239.880059970015
1595.82401193139,1314.939100174,224.887556221889
1618.19537658464,452.398707432264,239.880059970015
1911.5088242605,1307.48197862292,224.887556221889
1928.90877454636,310.71339796172,224.887556221889
1971.16579666915,1961.22296793438,239.880059970015
1988.56574695501,283.370618941089,224.887556221889
2281.87919463087,1580.90976882923,224.887556221889
2366.39323887646,531.941337310465,224.887556221889
146.656723837932,1066.36838180462,239.880059970015
196.370867511807,2013.42281879195,224.887556221889
246.085011185682,1043.99701715138,239.880059970015
248.570718369376,1063.88267462093,239.880059970015
293.313447675864,631.369624658215,239.880059970015
305.741983594333,613.969674372359,239.880059970015
335.570469798658,2020.87994034303,224.887556221889
370.37037037037,2018.39423315933,254.872563718141
380.313199105145,1993.5371613224,239.880059970015
392.741735023614,1978.62291822023,239.880059970015
407.655978125777,541.88416604524,239.880059970015
576.684066616953,601.54113845389,239.880059970015
735.769326373353,101.913994531444,224.887556221889
740.740740740741,89.4854586129754,224.887556221889
894.854586129754,1071.33979617201,224.887556221889
1061.39696743724,1521.25279642058,239.880059970015
1086.25403927417,596.569724086503,239.880059970015
1173.25379070346,1441.71016654238,254.872563718141
1252.79642058166,492.170022371365,224.887556221889
1262.73924931643,1155.8538404176,224.887556221889
1645.53815560527,845.140442455879,239.880059970015
1648.02386278896,651.255282127765,254.872563718141
1774.79492915735,1906.53740989311,239.880059970015
1784.73775789212,1911.5088242605,239.880059970015
1906.53740989311,387.770320656227,239.880059970015
2090.47974148645,2254.53641561024,239.880059970015
2301.76485210042,1565.99552572707,239.880059970015
2373.85036042754,507.084265473527,239.880059970015
2383.79318916232,497.141436738752,239.880059970015
106.885408898832,1831.9661943823,269.865067466267
161.570966940094,1071.33979617201,254.872563718141
166.542381307482,1046.48272433507,254.872563718141
253.542132736764,1638.08103405419,254.872563718141
263.484961471539,1623.16679095203,254.872563718141
295.799154859558,618.941088739746,239.880059970015
352.970420084514,2018.39423315933,239.880059970015
479.741486452896,425.055928411633,254.872563718141
497.141436738752,1111.11111111111,269.865067466267
504.598558289833,370.37037037037,254.872563718141
623.912503107134,2147.65100671141,239.880059970015
725.826497638578,345.513298533433,254.872563718141
1180.71091225454,2478.25006214268,254.872563718141
1260.25354213274,1692.76659209545,254.872563718141
1270.19637086751,1702.70942083023,254.872563718141
1319.91051454139,59.6569724086503,269.865067466267
1404.42455878698,658.712403678847,254.872563718141
1414.36738752175,643.798160576684,254.872563718141
1446.68158090977,131.742480735769,254.872563718141
1459.11011682824,124.285359184688,269.865067466267
1461.59582401193,144.171016654238,254.872563718141
1662.93810589113,832.71190653741,239.880059970015
1762.36639323888,2408.65026099925,254.872563718141
1814.56624409645,469.798657718121,254.872563718141
1866.76609495401,2416.10738255034,269.865067466267
1881.68033805618,2418.59308973403,254.872563718141
1916.48023862789,375.341784737758,254.872563718141
1936.36589609744,1217.99652000994,269.865067466267
116.828237633607,1826.99478001491,254.872563718141
156.599552572707,1058.91126025354,254.872563718141
233.656475267214,790.454884414616,284.857571214393
246.085011185682,1121.05393984589,284.857571214393
298.284862043251,738.255033557047,254.872563718141
300.770569226945,728.312204822272,254.872563718141
604.026845637584,768.083519761372,269.865067466267
763.112105393985,556.798409147402,284.857571214393
770.569226945066,686.055182699478,269.865067466267
817.797663435247,2284.36490181457,284.857571214393
815.311956251554,2301.76485210042,284.857571214393
1068.85408898832,780.512055679841,269.865067466267
1071.33979617201,2147.65100671141,269.865067466267
1215.51081282625,397.713149391002,269.865067466267
1287.59632115337,2368.87894606015,269.865067466267
1394.4817300522,54.6855580412627,284.857571214393
1431.76733780761,129.256773552076,254.872563718141
1456.62440964454,733.283619189659,269.865067466267
1615.70966940094,405.170270942083,269.865067466267
1702.70942083023,1227.93934874472,269.865067466267
1774.79492915735,2423.56450410142,254.872563718141
2043.25130499627,1016.65423813075,269.865067466267
2259.50782997763,1757.39497887149,284.857571214393
7.45712155108128,949.540144171017,269.865067466267
79.5426298782003,974.397216007954,284.857571214393
258.513547104151,1652.99527715635,269.865067466267
529.455630126771,492.170022371365,299.850074962519
599.055431270196,656.226696495153,299.850074962519
773.05493412876,566.741237882178,269.865067466267
797.912005965697,2276.90778026349,284.857571214393
1297.53914988814,1334.82475764355,284.857571214393
1324.88192890877,589.112602535421,284.857571214393
1449.16728809346,114.342530449913,269.865067466267
1737.50932140194,1419.33880188914,284.857571214393
1841.90902311708,323.141933880189,284.857571214393
2058.16554809843,193.885160328113,284.857571214393
2145.16529952772,586.626895351728,284.857571214393
2194.87944320159,768.083519761372,284.857571214393
2455.87869748944,1046.48272433507,284.857571214393
67.1140939597315,979.368630375342,284.857571214393
201.342281879195,1568.48123291076,284.857571214393
206.313696246582,1563.50981854338,284.857571214393
211.28511061397,1573.45264727815,284.857571214393
231.17076808352,1794.6805866269,314.842578710645
228.685060899826,571.712652249565,314.842578710645
263.484961471539,683.569475515784,299.850074962519
444.941585881183,1163.31096196868,299.850074962519
584.141188168034,671.140939597315,299.850074962519
601.54113845389,683.569475515784,299.850074962519
618.941088739746,1886.65175242356,314.842578710645
822.769077802635,1205.56798409147,299.850074962519
944.568729803629,2217.25080785483,299.850074962519
964.454387273179,1227.93934874472,299.850074962519
966.940094456873,1215.51081282625,299.850074962519
1235.3964702958,1384.53890131742,299.850074962519
1232.91076311211,1396.96743723589,284.857571214393
1250.31071339796,735.769326373353,299.850074962519
1257.76783494904,221.227939348745,299.850074962519
1434.2530449913,740.740740740741,299.850074962519
1715.13795674869,1804.62341536167,314.842578710645
1874.2232165051,375.341784737758,299.850074962519
2050.70842654735,1762.36639323888,314.842578710645
2152.6224210788,591.598309719115,284.857571214393
2468.3072334079,1595.82401193139,314.842578710645
149.142431021626,850.111856823266,314.842578710645
268.456375838926,693.512304250559,314.842578710645
268.456375838926,700.969425801641,299.850074962519
275.913497390007,681.08376833209,299.850074962519
285.856326124783,693.512304250559,314.842578710645
288.342033308476,681.08376833209,299.850074962519
434.998757146408,479.741486452896,299.850074962519
432.513049962714,494.655729555058,299.850074962519
447.427293064877,497.141436738752,314.842578710645
452.398707432264,1173.25379070346,299.850074962519
621.42679592344,646.283867760378,299.850074962519
695.998011434253,1051.45413870246,329.835082458771
857.568978374347,1899.08028834203,314.842578710645
939.597315436242,879.940343027591,314.842578710645
937.111608252548,1620.68108376833,314.842578710645
939.597315436242,899.826000497141,314.842578710645
1021.62565249814,422.570221227939,314.842578710645
1093.71116082525,1625.65249813572,314.842578710645
1116.0825254785,1625.65249813572,314.842578710645
1217.99652000994,1764.85210042257,329.835082458771
1275.1677852349,231.17076808352,299.850074962519
1886.65175242356,2346.50758140691,314.842578710645
2197.36515038528,1735.02361421825,314.842578710645
437.484464330102,492.170022371365,314.842578710645
477.255779269202,782.997762863535,329.835082458771
549.341287596321,442.455878697489,329.835082458771
564.255530698484,144.171016654238,329.835082458771
594.084016902809,2018.39423315933,329.835082458771
623.912503107134,653.740989311459,314.842578710645
666.169525229928,2030.8227690778,329.835082458771
909.768829231916,1600.79542629878,314.842578710645
922.197365150385,1600.79542629878,314.842578710645
922.197365150385,1623.16679095203,314.842578710645
922.197365150385,1414.36738752175,344.827586206897
927.168779517773,872.48322147651,329.835082458771
929.654486701467,1377.08177976634,329.835082458771
996.768580661198,432.513049962714,314.842578710645
996.768580661198,425.055928411633,314.842578710645
1019.13994531444,1434.2530449913,329.835082458771
1039.02560278399,1439.22445935869,344.827586206897
1135.96818294805,1784.73775789212,314.842578710645
1138.45389013174,1794.6805866269,314.842578710645
1208.05369127517,1774.79492915735,344.827586206897
1222.96793437733,1687.79517772806,329.835082458771
1242.85359184688,2264.47924434502,314.842578710645
1280.13919960229,233.656475267214,314.842578710645
1406.91026597067,2.48570718369376,314.842578710645
1424.31021625653,7.45712155108128,329.835082458771
1481.48148148148,1839.42331593338,329.835082458771
1561.02411135968,1352.22470792941,329.835082458771
1605.76684066617,1817.05195128014,329.835082458771
1725.08078548347,1819.53765846383,329.835082458771
1754.9092716878,2035.79418344519,329.835082458771
2150.1367138951,589.112602535421,314.842578710645
126.771066368382,601.54113845389,344.827586206897
283.370618941089,1140.93959731544,344.827586206897
412.627392493164,1384.53890131742,359.820089955023
472.284364901815,534.427044494159,344.827586206897
484.712900820283,521.99850857569,344.827586206897
584.141188168034,442.455878697489,344.827586206897
912.25453641561,1406.91026597067,344.827586206897
917.225950782998,452.398707432264,344.827586206897
1195.6251553567,750.683569475516,359.820089955023
1322.39622172508,12.4285359184688,359.820089955023
1399.45314441959,9.94282873477504,329.835082458771
1702.70942083023,2170.02237136465,344.827586206897
1712.652249565,2172.50807854835,344.827586206897
1769.82351478996,2025.85135471042,329.835082458771
1797.16629381059,1339.79617201094,359.820089955023
59.6569724086503,1190.65374098931,344.827586206897
62.142679592344,1170.76808351976,359.820089955023
136.713895103157,604.026845637584,344.827586206897
258.513547104151,608.998260004971,374.812593703148
656.226696495153,1123.53964702958,359.820089955023
683.569475515784,1046.48272433507,344.827586206897
902.311707680835,1722.59507829978,359.820089955023
999.254287844892,763.112105393985,359.820089955023
1011.68282376336,750.683569475516,374.812593703148
1021.62565249814,1692.76659209545,344.827586206897
1188.16803380562,139.199602286851,359.820089955023
1195.6251553567,149.142431021626,359.820089955023
1205.56798409147,263.484961471539,359.820089955023
1217.99652000994,1752.4235645041,344.827586206897
1217.99652000994,258.513547104151,344.827586206897
1222.96793437733,270.94208302262,344.827586206897
1332.33905045986,1797.16629381059,359.820089955023
1459.11011682824,686.055182699478,359.820089955023
1561.02411135968,188.913745960726,359.820089955023
1561.02411135968,173.999502858563,359.820089955023
1787.22346507581,1349.73900074571,344.827586206897
1799.65200099428,2145.16529952772,344.827586206897
1797.16629381059,2150.1367138951,344.827586206897
59.6569724086503,1183.19661943823,359.820089955023
151.628138205319,1667.90952025851,374.812593703148
181.456624409645,1764.85210042257,374.812593703148
206.313696246582,569.226945065871,389.805097451274
211.28511061397,1749.93785732041,374.812593703148
213.770817797663,1730.05219985086,374.812593703148
213.770817797663,932.14019388516,374.812593703148
216.256524981357,947.054436987323,374.812593703148
270.94208302262,1118.56823266219,374.812593703148
300.770569226945,1337.31046482724,374.812593703148
549.341287596321,437.484464330102,359.820089955023
569.226945065871,484.712900820283,374.812593703148
735.769326373353,2095.45115585384,389.805097451274
763.112105393985,1434.2530449913,374.812593703148
805.369127516779,370.37037037037,374.812593703148
825.254784986329,1742.48073576933,374.812593703148
837.683320904797,1722.59507829978,374.812593703148
845.140442455879,1735.02361421825,374.812593703148
884.911757394979,817.797663435247,374.812593703148
959.482972905792,681.08376833209,374.812593703148
1188.16803380562,196.370867511807,389.805097451274
1198.11086254039,203.827989062888,374.812593703148
1245.33929903057,2264.47924434502,359.820089955023
1275.1677852349,2281.87919463087,374.812593703148
1635.59532687049,2229.6793437733,374.812593703148
1638.08103405419,1367.13895103157,374.812593703148
1643.05244842158,2242.10787969177,374.812593703148
1794.6805866269,2160.07954262988,359.820089955023
1864.28038777032,512.055679840915,374.812593703148
1876.70892368879,1608.25254784986,374.812593703148
1886.65175242356,1593.3383047477,374.812593703148
2112.8511061397,1859.30897340293,374.812593703148
2165.05095699727,1148.39671886652,359.820089955023
2177.47949291573,1150.88242605021,359.820089955023
2197.36515038528,897.340293313448,359.820089955023
2209.79368630375,897.340293313448,374.812593703148
106.885408898832,1210.53939845886,389.805097451274
154.113845389013,1764.85210042257,374.812593703148
164.056674123788,1752.4235645041,374.812593703148
164.056674123788,1769.82351478996,389.805097451274
211.28511061397,556.798409147402,389.805097451274
621.42679592344,1633.1096196868,389.805097451274
643.798160576684,1563.50981854338,389.805097451274
656.226696495153,402.684563758389,389.805097451274
743.226447924435,1516.28138205319,404.7976011994
753.16927665921,1421.82450907283,374.812593703148
760.626398210291,2309.2219736515,389.805097451274
807.854834700472,2254.53641561024,389.805097451274
832.71190653741,2075.56549838429,404.7976011994
850.111856823266,24.8570718369376,404.7976011994
865.026099925429,39.7713149391002,404.7976011994
989.311459110117,2199.85085756898,389.805097451274
989.311459110117,723.340790454884,389.805097451274
1026.59706686552,1687.79517772806,374.812593703148
1068.85408898832,2386.27889634601,404.7976011994
1133.48247576436,2324.13621675367,389.805097451274
1257.76783494904,1193.13944817301,389.805097451274
1304.99627143922,939.597315436242,389.805097451274
1394.4817300522,2063.13696246582,404.7976011994
1516.28138205319,1807.10912254536,404.7976011994
1528.70991797166,546.855580412627,404.7976011994
1588.36689038031,855.083271190654,389.805097451274
1603.28113348248,862.540392741735,389.805097451274
1620.68108376833,385.284613472533,404.7976011994
1628.13820531941,1374.59607258265,374.812593703148
1638.08103405419,894.854586129754,404.7976011994
1670.39522744221,372.856077554064,389.805097451274
1707.68083519761,308.227690778026,389.805097451274
1725.08078548347,303.256276410639,389.805097451274
1744.96644295302,169.028088491176,389.805097451274
1787.22346507581,514.541387024609,404.7976011994
1794.6805866269,529.455630126771,404.7976011994
1802.13770817798,2140.19388516033,374.812593703148
1836.93760874969,427.541635595327,404.7976011994
1983.59433258762,604.026845637584,404.7976011994
2122.79393487447,1909.02311707681,389.805097451274
2170.02237136465,1170.76808351976,374.812593703148
2214.76510067114,656.226696495153,389.805097451274
2252.05070842655,1145.91101168282,389.805097451274
613.969674372359,1625.65249813572,389.805097451274
733.283619189659,1506.33855331842,389.805097451274
842.654735272185,2087.99403430276,404.7976011994
872.48322147651,1702.70942083023,404.7976011994
874.968928660204,1712.652249565,404.7976011994
964.454387273179,1988.56574695501,404.7976011994
991.797166293811,2212.27939348745,404.7976011994
1466.56723837932,2373.85036042754,419.790104947526
1486.45289584887,1700.22371364653,419.790104947526
1543.62416107383,554.312701963709,404.7976011994
1764.85210042257,1232.91076311211,404.7976011994
1983.59433258762,616.455381556053,404.7976011994
1991.0514541387,1732.53790703455,434.782608695652
2122.79393487447,1928.90877454636,404.7976011994
2132.73676360925,1901.56599552573,389.805097451274
2135.22247079294,1933.88018891375,404.7976011994
2199.85085756898,671.140939597315,404.7976011994
89.4854586129754,1327.36763609247,434.782608695652
181.456624409645,1158.33954760129,434.782608695652
193.885160328113,1153.36813323391,434.782608695652
474.770072085508,1536.16703952274,419.790104947526
499.627143922446,989.311459110117,434.782608695652
621.42679592344,733.283619189659,419.790104947526
631.369624658215,738.255033557047,419.790104947526
708.426547352722,226.199353716132,419.790104947526
738.255033557047,1531.19562515536,404.7976011994
758.140691026597,2324.13621675367,404.7976011994
787.969177230922,566.741237882178,419.790104947526
787.969177230922,581.65548098434,419.790104947526
815.311956251554,260.999254287845,434.782608695652
1076.3112105394,902.311707680835,419.790104947526
1098.68257519264,367.884663186677,434.782608695652
1121.05393984589,1285.11061396967,434.782608695652
1824.50907283122,797.912005965697,419.790104947526
2112.8511061397,1138.45389013174,434.782608695652
2224.70792940592,1250.31071339796,419.790104947526
2234.65075814069,1056.42555306985,434.782608695652
2237.13646532438,1250.31071339796,404.7976011994
323.141933880189,502.11285110614,434.782608695652
492.170022371365,1004.22570221228,419.790104947526
790.454884414616,2184.93661446682,449.775112443778
815.311956251554,2194.87944320159,434.782608695652
1118.56823266219,345.513298533433,434.782608695652
1118.56823266219,362.913248819289,434.782608695652
1143.42530449913,2334.07904548844,434.782608695652
1203.08227690778,1339.79617201094,449.775112443778
1265.22495650012,1235.3964702958,434.782608695652
1503.85284613473,370.37037037037,434.782608695652
1764.85210042257,1048.96843151877,434.782608695652
1839.42331593338,1737.50932140194,449.775112443778
1899.08028834203,1772.30922197365,449.775112443778
1963.70867511807,576.684066616953,434.782608695652
1981.10862540393,753.16927665921,434.782608695652
1991.0514541387,745.712155108128,434.782608695652
2296.79343773304,981.854337559036,434.782608695652
258.513547104151,1513.7956748695,449.775112443778
594.084016902809,1707.68083519761,464.767616191904
785.483470047228,2204.82227193637,449.775112443778
909.768829231916,370.37037037037,464.767616191904
1163.31096196868,454.884414615958,464.767616191904
1359.68182948049,2162.56524981357,479.76011994003
1546.10986825752,778.026348496147,449.775112443778
2040.76559781258,1991.0514541387,449.775112443778
2396.22172508079,1292.56773552076,434.782608695652
2396.22172508079,1304.99627143922,434.782608695652
556.798409147402,892.36887894606,479.76011994003
599.055431270196,1866.76609495401,449.775112443778
611.483967188665,1730.05219985086,479.76011994003
606.512552821278,1700.22371364653,464.767616191904
621.42679592344,1712.652249565,479.76011994003
636.341039025603,444.941585881183,479.76011994003
830.226199353716,1056.42555306985,464.767616191904
979.368630375342,2060.65125528213,464.767616191904
984.340044742729,2043.25130499627,464.767616191904
1213.02510564256,2284.36490181457,479.76011994003
1222.96793437733,2271.9363658961,479.76011994003
1464.08153119563,2373.85036042754,449.775112443778
1548.59557544121,743.226447924435,464.767616191904
1556.05269699229,2249.56500124285,479.76011994003
1558.53840417599,775.540641312453,449.775112443778
1630.62391250311,377.827491921452,449.775112443778
1635.59532687049,1188.16803380562,464.767616191904
1822.02336564753,787.969177230922,449.775112443778
2028.33706189411,1988.56574695501,464.767616191904
2048.22271936366,1041.51130996769,494.752623688156
2388.7646035297,1302.51056425553,449.775112443778
352.970420084514,728.312204822272,479.76011994003
549.341287596321,872.48322147651,494.752623688156
681.08376833209,315.684812329108,494.752623688156
999.254287844892,1061.39696743724,509.745127436282
1116.0825254785,2033.3084762615,494.752623688156
1200.59656972409,1874.2232165051,494.752623688156
1240.36788466319,1655.48098434004,494.752623688156
1282.62490678598,131.742480735769,479.76011994003
1327.36763609247,2212.27939348745,494.752623688156
1881.68033805618,1193.13944817301,494.752623688156
2045.73701217997,1024.11135968183,479.76011994003
2073.0797912006,1324.88192890877,494.752623688156
2095.45115585384,1558.53840417599,479.76011994003
251.05642555307,1426.79592344022,509.745127436282
559.284116331096,1573.45264727815,509.745127436282
628.883917474521,608.998260004971,494.752623688156
643.798160576684,616.455381556053,509.745127436282
830.226199353716,1205.56798409147,494.752623688156
879.940343027591,323.141933880189,479.76011994003
882.426050211285,367.884663186677,509.745127436282
922.197365150385,1652.99527715635,509.745127436282
937.111608252548,1648.02386278896,494.752623688156
1275.1677852349,646.283867760378,509.745127436282
1287.59632115337,141.685309470544,494.752623688156
1292.56773552076,1610.73825503356,509.745127436282
1618.19537658464,554.312701963709,509.745127436282
1739.99502858563,1024.11135968183,509.745127436282
360.427541635595,835.197613721104,509.745127436282
549.341287596321,996.768580661198,524.737631184408
646.283867760378,591.598309719115,524.737631184408
812.82624906786,549.341287596321,509.745127436282
815.311956251554,1899.08028834203,524.737631184408
872.48322147651,2107.87969177231,524.737631184408
1061.39696743724,1829.48048719861,509.745127436282
1061.39696743724,1814.56624409645,509.745127436282
1203.08227690778,1936.36589609744,509.745127436282
1290.08202833706,658.712403678847,509.745127436282
1300.02485707184,415.113099676858,524.737631184408
1312.45339299031,787.969177230922,509.745127436282
2184.93661446682,1329.85334327616,509.745127436282
2199.85085756898,1329.85334327616,509.745127436282
402.684563758389,782.997762863535,524.737631184408
444.941585881183,1558.53840417599,539.730134932534
591.598309719115,857.568978374347,539.730134932534
653.740989311459,606.512552821278,509.745127436282
837.683320904797,2035.79418344519,539.730134932534
1185.68232662192,1928.90877454636,524.737631184408
1324.88192890877,787.969177230922,524.737631184408
1700.22371364653,1645.53815560527,539.730134932534
1804.62341536167,812.82624906786,509.745127436282
1819.53765846383,1869.25180213771,554.72263868066
1891.62316679095,623.912503107134,524.737631184408
1998.50857568978,1411.88168033806,539.730134932534
472.284364901815,728.312204822272,554.72263868066
546.855580412627,884.911757394979,524.737631184408
673.626646781009,310.71339796172,524.737631184408
954.511558538404,467.312950534427,554.72263868066
1260.25354213274,787.969177230922,554.72263868066
1396.96743723589,1737.50932140194,554.72263868066
1578.42406164554,1946.30872483221,539.730134932534
1804.62341536167,810.340541884166,539.730134932534
1886.65175242356,613.969674372359,524.737631184408
1946.30872483221,1583.39547601293,554.72263868066
2025.85135471042,1237.88217747949,539.730134932534
2058.16554809843,1563.50981854338,554.72263868066
599.055431270196,877.454635843898,539.730134932534
606.512552821278,869.997514292816,539.730134932534
618.941088739746,837.683320904797,539.730134932534
760.626398210291,708.426547352722,554.72263868066
869.997514292816,357.941834451902,539.730134932534
874.968928660204,357.941834451902,539.730134932534
976.882923191648,728.312204822272,569.715142428786
1009.19711657967,1700.22371364653,569.715142428786
1096.19686800895,1459.11011682824,569.715142428786
1178.22520507084,1854.33755903555,569.715142428786
1394.4817300522,1575.93835446184,569.715142428786
1662.93810589113,668.655232413622,539.730134932534
1739.99502858563,1662.93810589113,569.715142428786
1839.42331593338,1561.02411135968,569.715142428786
1996.02286850609,1573.45264727815,569.715142428786
2043.25130499627,1148.39671886652,569.715142428786
782.997762863535,479.741486452896,584.707646176912
810.340541884166,1899.08028834203,584.707646176912
879.940343027591,961.968680089485,584.707646176912
966.940094456873,479.741486452896,569.715142428786
1046.48272433507,1183.19661943823,584.707646176912
1118.56823266219,686.055182699478,569.715142428786
1158.33954760129,1205.56798409147,584.707646176912
1227.93934874472,909.768829231916,554.72263868066
1314.939100174,586.626895351728,584.707646176912
1662.93810589113,653.740989311459,569.715142428786
1926.42306736266,1322.39622172508,584.707646176912
1938.85160328113,768.083519761372,584.707646176912
2025.85135471042,1155.8538404176,554.72263868066
860.054685558041,641.31245339299,584.707646176912
872.48322147651,2110.365398956,569.715142428786
971.911508824261,1135.96818294805,584.707646176912
1021.62565249814,1250.31071339796,599.700149925038
1071.33979617201,986.825751926423,584.707646176912
1108.62540392742,2018.39423315933,584.707646176912
1108.62540392742,678.598061148397,584.707646176912
1106.13969674372,688.540889883172,569.715142428786
1222.96793437733,924.683072334079,569.715142428786
1237.88217747949,907.283122048223,584.707646176912
1302.51056425553,1794.6805866269,599.700149925038
1332.33905045986,1792.1948794432,614.692653673163
2013.42281879195,1247.82500621427,599.700149925038
785.483470047228,1391.99602286851,614.692653673163
845.140442455879,646.283867760378,584.707646176912
845.140442455879,2030.8227690778,584.707646176912
1004.22570221228,541.88416604524,614.692653673163
1190.65374098931,1638.08103405419,614.692653673163
1245.33929903057,986.825751926423,599.700149925038
1314.939100174,1804.62341536167,614.692653673163
1593.3383047477,1041.51130996769,614.692653673163
1660.45239870743,1851.85185185185,614.692653673163
1700.22371364653,1026.59706686552,614.692653673163
1824.50907283122,1200.59656972409,629.685157421289
691.026597066866,1630.62391250311,644.677661169415
820.283370618941,1203.08227690778,629.685157421289
1319.91051454139,1536.16703952274,599.700149925038
1411.88168033806,889.883171762366,629.685157421289
1533.68133233905,1807.10912254536,644.677661169415
1648.02386278896,1692.76659209545,614.692653673163
599.055431270196,1426.79592344022,644.677661169415
693.512304250559,1508.82426050211,644.677661169415
837.683320904797,1548.59557544121,644.677661169415
847.626149639573,661.19811086254,644.677661169415
1217.99652000994,1894.10887397465,644.677661169415
1304.99627143922,1861.79468058663,644.677661169415
1851.85185185185,1511.30996768581,644.677661169415
765.597812577678,1063.88267462093,674.662668665667
773.05493412876,1046.48272433507,674.662668665667
782.997762863535,1063.88267462093,644.677661169415
1021.62565249814,1615.70966940094,689.655172413793
1217.99652000994,845.140442455879,674.662668665667
1262.73924931643,1285.11061396967,674.662668665667
1262.73924931643,1265.22495650012,674.662668665667
1429.28163062391,1158.33954760129,674.662668665667
1471.53865274671,984.340044742729,674.662668665667
785.483470047228,1058.91126025354,674.662668665667
1113.5968182948,1043.99701715138,689.655172413793
1421.82450907283,887.397464578673,659.670164917541
1441.71016654238,1158.33954760129,674.662668665667
1600.79542629878,1039.02560278399,659.670164917541
1667.90952025851,1856.82326621924,659.670164917541
1667.90952025851,1851.85185185185,659.670164917541
1700.22371364653,1014.16853094705,674.662668665667
1715.13795674869,1031.56848123291,659.670164917541
937.111608252548,1143.42530449913,704.647676161919
1026.59706686552,1478.99577429779,704.647676161919
1389.51031568481,1250.31071339796,719.640179910045
1401.93885160328,1257.76783494904,674.662668665667
1531.19562515536,1342.28187919463,719.640179910045
1247.82500621427,1456.62440964454,719.640179910045
1322.39622172508,1190.65374098931,719.640179910045
1309.96768580661,1190.65374098931,734.632683658171
