77.0569226945066,996.768580661198,29.9850074962519
164.056674123788,256.027839920457,14.9925037481259
171.513795674869,479.741486452896,29.9850074962519
206.313696246582,298.284862043251,14.9925037481259
243.599304001989,989.311459110117,29.9850074962519
355.456127268208,1493.91001739995,14.9925037481259
357.941834451902,1483.96718866518,14.9925037481259
362.913248819289,2204.82227193637,14.9925037481259
367.884663186677,1513.7956748695,14.9925037481259
377.827491921452,2227.19363658961,14.9925037481259
395.227442207308,176.485210042257,29.9850074962519
422.570221227939,1255.28212776535,29.9850074962519
459.855828983346,2055.67984091474,14.9925037481259
477.255779269202,2060.65125528213,14.9925037481259
549.341287596321,1610.73825503356,14.9925037481259
566.741237882178,1618.19537658464,14.9925037481259
591.598309719115,1593.3383047477,14.9925037481259
594.084016902809,2170.02237136465,14.9925037481259
695.998011434253,17.3999502858563,14.9925037481259
700.969425801641,173.999502858563,14.9925037481259
703.455132985334,57.1712652249565,14.9925037481259
787.969177230922,1404.42455878698,14.9925037481259
797.912005965697,1419.33880188914,14.9925037481259
877.454635843898,715.883668903803,14.9925037481259
882.426050211285,695.998011434253,14.9925037481259
959.482972905792,263.484961471539,14.9925037481259
969.425801640567,243.599304001989,14.9925037481259
991.797166293811,260.999254287845,14.9925037481259
1006.71140939597,231.17076808352,14.9925037481259
1019.13994531444,253.542132736764,14.9925037481259
1217.99652000994,425.055928411633,14.9925037481259
1235.3964702958,561.76982351479,14.9925037481259
1242.85359184688,417.598806860552,14.9925037481259
1287.59632115337,830.226199353716,14.9925037481259
1292.56773552076,2455.87869748944,14.9925037481259
1295.05344270445,437.484464330102,14.9925037481259
1302.51056425553,469.798657718121,14.9925037481259
1309.96768580661,410.141685309471,14.9925037481259
1324.88192890877,2406.16455381556,14.9925037481259
1327.36763609247,2386.27889634601,14.9925037481259
1411.88168033806,300.770569226945,14.9925037481259
1434.2530449913,7.45712155108128,29.9850074962519
1449.16728809346,340.541884166045,14.9925037481259
1516.28138205319,2023.36564752672,29.9850074962519
1600.79542629878,648.769574944072,14.9925037481259
1739.99502858563,636.341039025603,14.9925037481259
1767.33780760626,57.1712652249565,14.9925037481259
1774.79492915735,942.083022619935,14.9925037481259
1794.6805866269,959.482972905792,14.9925037481259
1797.16629381059,952.02585135471,14.9925037481259
1797.16629381059,947.054436987323,14.9925037481259
1856.82326621924,24.8570718369376,14.9925037481259
1923.93736017897,2080.53691275168,14.9925037481259
1928.90877454636,2092.96544867015,14.9925037481259
1931.39448173005,2075.56549838429,14.9925037481259
1993.5371613224,1327.36763609247,14.9925037481259
1996.02286850609,1309.96768580661,14.9925037481259
2040.76559781258,1685.30947054437,14.9925037481259
2182.45090728312,805.369127516779,14.9925037481259
2199.85085756898,715.883668903803,14.9925037481259
2209.79368630375,874.968928660204,14.9925037481259
2214.76510067114,733.283619189659,14.9925037481259
2224.70792940592,780.512055679841,14.9925037481259
2234.65075814069,695.998011434253,14.9925037481259
2239.62217250808,822.769077802635,14.9925037481259
2242.10787969177,663.683818046234,14.9925037481259
2252.05070842655,1061.39696743724,14.9925037481259
2257.02212279394,790.454884414616,14.9925037481259
2257.02212279394,738.255033557047,14.9925037481259
2266.96495152871,1043.99701715138,14.9925037481259
2279.39348744718,730.797912005966,14.9925037481259
2279.39348744718,887.397464578673,14.9925037481259
2284.36490181457,656.226696495153,14.9925037481259
2284.36490181457,621.42679592344,14.9925037481259
2289.33631618195,482.22719363659,14.9925037481259
2291.82202336565,531.941337310465,14.9925037481259
2296.79343773304,2090.47974148645,14.9925037481259
2299.27914491673,832.71190653741,14.9925037481259
2301.76485210042,581.65548098434,14.9925037481259
2299.27914491673,755.654983842903,14.9925037481259
2304.25055928412,2095.45115585384,14.9925037481259
2304.25055928412,686.055182699478,14.9925037481259
2301.76485210042,524.484215759384,14.9925037481259
2306.73626646781,780.512055679841,14.9925037481259
2309.2219736515,1491.42431021626,14.9925037481259
2321.65050956997,1506.33855331842,14.9925037481259
2321.65050956997,2100.42257022123,14.9925037481259
2319.16480238628,688.540889883172,14.9925037481259
2326.62192393736,494.655729555058,14.9925037481259
2339.05045985583,474.770072085508,14.9925037481259
2371.36465324385,1546.10986825752,14.9925037481259
2381.30748197862,1543.62416107383,29.9850074962519
2418.59308973403,1511.30996768581,14.9925037481259
2443.45016157097,1533.68133233905,14.9925037481259
57.1712652249565,338.056176982351,44.9775112443778
62.142679592344,2092.96544867015,44.9775112443778
59.6569724086503,2120.30822769078,44.9775112443778
221.227939348745,2038.27989062888,44.9775112443778
241.113596818295,1575.93835446184,44.9775112443778
320.656226696495,869.997514292816,44.9775112443778
432.513049962714,1531.19562515536,29.9850074962519
529.455630126771,1901.56599552573,44.9775112443778
648.769574944072,1006.71140939597,44.9775112443778
651.255282127765,131.742480735769,59.9700149925037
750.683569475516,1312.45339299031,59.9700149925037
827.740492170022,444.941585881183,29.9850074962519
877.454635843898,504.598558289833,44.9775112443778
1208.05369127517,832.71190653741,44.9775112443778
1302.51056425553,832.71190653741,29.9850074962519
1352.22470792941,243.599304001989,44.9775112443778
1511.30996768581,2035.79418344519,29.9850074962519
1570.96694009446,949.540144171017,44.9775112443778
1585.88118319662,944.568729803629,44.9775112443778
1998.50857568978,877.454635843898,44.9775112443778
2127.76534924186,2304.25055928412,44.9775112443778
2157.59383544618,432.513049962714,59.9700149925037
2189.9080288342,904.797414864529,44.9775112443778
2259.50782997763,673.626646781009,29.9850074962519
2301.76485210042,335.570469798658,44.9775112443778
2339.05045985583,494.655729555058,29.9850074962519
2346.50758140691,2189.9080288342,59.9700149925037
22.3713646532438,367.884663186677,59.9700149925037
54.6855580412627,323.141933880189,59.9700149925037
77.0569226945066,2120.30822769078,44.9775112443778
106.885408898832,961.968680089485,59.9700149925037
121.799652000994,1695.25229927915,59.9700149925037
238.627889634601,2033.3084762615,44.9775112443778
258.513547104151,2053.19413373105,59.9700149925037
270.94208302262,1598.30971911509,74.9625187406297
285.856326124783,2053.19413373105,59.9700149925037
405.170270942083,1916.48023862789,59.9700149925037
425.055928411633,1533.68133233905,44.9775112443778
499.627143922446,355.456127268208,59.9700149925037
504.598558289833,372.856077554064,59.9700149925037
524.484215759384,221.227939348745,59.9700149925037
586.626895351728,745.712155108128,59.9700149925037
616.455381556053,2473.27864777529,59.9700149925037
633.855331841909,114.342530449913,59.9700149925037
643.798160576684,99.4282873477504,59.9700149925037
666.169525229928,99.4282873477504,59.9700149925037
663.683818046234,121.799652000994,59.9700149925037
715.883668903803,1436.73875217499,59.9700149925037
760.626398210291,1302.51056425553,44.9775112443778
768.083519761372,1317.42480735769,59.9700149925037
847.626149639573,1036.5398956003,59.9700149925037
869.997514292816,521.99850857569,59.9700149925037
1503.85284613473,1312.45339299031,59.9700149925037
1523.73850360428,1140.93959731544,59.9700149925037
1657.96669152374,1498.88143176734,44.9775112443778
1894.10887397465,1056.42555306985,59.9700149925037
1906.53740989311,1066.36838180462,44.9775112443778
2000.99428287348,869.997514292816,44.9775112443778
2030.8227690778,2326.62192393736,74.9625187406297
2075.56549838429,847.626149639573,44.9775112443778
2165.05095699727,1103.65398956003,59.9700149925037
2266.96495152871,947.054436987323,44.9775112443778
2306.73626646781,2068.10837683321,59.9700149925037
2314.19338801889,390.25602783992,44.9775112443778
2324.13621675367,392.741735023614,44.9775112443778
2336.56475267214,2165.05095699727,59.9700149925037
2351.4789957743,2182.45090728312,44.9775112443778
134.228187919463,310.71339796172,74.9625187406297
400.198856574696,2247.07929405916,74.9625187406297
504.598558289833,211.28511061397,59.9700149925037
524.484215759384,1051.45413870246,89.9550224887556
531.941337310465,213.770817797663,59.9700149925037
534.427044494159,228.685060899826,59.9700149925037
666.169525229928,136.713895103157,59.9700149925037
678.598061148397,124.285359184688,74.9625187406297
681.08376833209,106.885408898832,59.9700149925037
688.540889883172,1359.68182948049,74.9625187406297
770.569226945066,1071.33979617201,59.9700149925037
832.71190653741,12.4285359184688,59.9700149925037
835.197613721104,2.48570718369376,59.9700149925037
842.654735272185,2.48570718369376,59.9700149925037
857.568978374347,778.026348496147,74.9625187406297
860.054685558041,765.597812577678,74.9625187406297
1364.65324384787,37.2856077554064,59.9700149925037
1449.16728809346,541.88416604524,74.9625187406297
1538.65274670644,1143.42530449913,59.9700149925037
1752.4235645041,1106.13969674372,74.9625187406297
1754.9092716878,1528.70991797166,74.9625187406297
1807.10912254536,2371.36465324385,59.9700149925037
1988.56574695501,651.255282127765,74.9625187406297
2087.99403430276,430.027342779021,74.9625187406297
2157.59383544618,422.570221227939,59.9700149925037
2165.05095699727,422.570221227939,59.9700149925037
2261.99353716132,959.482972905792,59.9700149925037
2348.9932885906,755.654983842903,89.9550224887556
72.0855083271191,1096.19686800895,89.9550224887556
144.171016654238,203.827989062888,89.9550224887556
251.05642555307,519.512801391996,74.9625187406297
253.542132736764,1260.25354213274,89.9550224887556
439.970171513796,171.513795674869,104.947526236882
452.398707432264,2383.79318916232,89.9550224887556
457.370121799652,2010.93711160825,104.947526236882
494.655729555058,641.31245339299,74.9625187406297
509.569972657221,1036.5398956003,89.9550224887556
641.31245339299,1896.59458115834,74.9625187406297
648.769574944072,1173.25379070346,89.9550224887556
651.255282127765,1183.19661943823,74.9625187406297
653.740989311459,109.371116082525,74.9625187406297
681.08376833209,730.797912005966,89.9550224887556
964.454387273179,265.970668655232,74.9625187406297
1016.65423813075,146.656723837932,89.9550224887556
1058.91126025354,352.970420084514,89.9550224887556
1347.25329356202,1282.62490678598,74.9625187406297
1352.22470792941,2475.76435495899,89.9550224887556
1372.11036539896,44.7427293064877,74.9625187406297
1374.59607258265,37.2856077554064,74.9625187406297
1384.53890131742,1210.53939845886,89.9550224887556
1384.53890131742,99.4282873477504,89.9550224887556
1389.51031568481,1195.6251553567,89.9550224887556
1474.0243599304,840.169028088491,89.9550224887556
1506.33855331842,1302.51056425553,74.9625187406297
1553.5669898086,1894.10887397465,74.9625187406297
1618.19537658464,273.427790206314,89.9550224887556
1630.62391250311,268.456375838926,74.9625187406297
1630.62391250311,681.08376833209,74.9625187406297
1633.1096196868,698.483718617947,89.9550224887556
1638.08103405419,1093.71116082525,74.9625187406297
1643.05244842158,1106.13969674372,89.9550224887556
1648.02386278896,755.654983842903,74.9625187406297
1849.36614466816,1103.65398956003,74.9625187406297
1851.85185185185,1116.0825254785,74.9625187406297
1973.65150385285,420.084514044246,74.9625187406297
67.1140939597315,934.625901068854,104.947526236882
67.1140939597315,1747.45215013671,104.947526236882
151.628138205319,201.342281879195,89.9550224887556
236.142182450907,2097.93686303753,104.947526236882
238.627889634601,2117.82252050708,104.947526236882
293.313447675864,104.399701715138,104.947526236882
325.627641063883,648.769574944072,89.9550224887556
596.569724086503,2363.90753169277,89.9550224887556
837.683320904797,1394.4817300522,104.947526236882
894.854586129754,1889.13745960726,89.9550224887556
899.826000497141,1886.65175242356,89.9550224887556
907.283122048223,1899.08028834203,104.947526236882
919.711657966692,1889.13745960726,104.947526236882
979.368630375342,904.797414864529,104.947526236882
1078.79691772309,338.056176982351,89.9550224887556
1377.08177976634,42.2570221227939,89.9550224887556
1384.53890131742,382.798906288839,104.947526236882
1389.51031568481,2080.53691275168,119.940029985007
1404.42455878698,2073.0797912006,104.947526236882
1404.42455878698,2055.67984091474,104.947526236882
1454.13870246085,52.199850857569,104.947526236882
1548.59557544121,1904.05170270942,89.9550224887556
1561.02411135968,1158.33954760129,89.9550224887556
1565.99552572707,1168.28237633607,89.9550224887556
1638.08103405419,686.055182699478,89.9550224887556
1648.02386278896,1088.73974645787,89.9550224887556
1981.10862540393,415.113099676858,89.9550224887556
1986.08003977131,420.084514044246,89.9550224887556
2254.53641561024,753.16927665921,104.947526236882
2324.13621675367,889.883171762366,89.9550224887556
2334.07904548844,892.36887894606,89.9550224887556
42.2570221227939,1118.56823266219,119.940029985007
178.970917225951,1483.96718866518,119.940029985007
196.370867511807,1690.28088491176,119.940029985007
211.28511061397,1764.85210042257,119.940029985007
243.599304001989,2090.47974148645,119.940029985007
288.342033308476,1486.45289584887,119.940029985007
305.741983594333,2189.9080288342,134.932533733133
333.084762614964,2264.47924434502,104.947526236882
350.48471290082,1725.08078548347,104.947526236882
524.484215759384,2309.2219736515,119.940029985007
705.940840169028,191.39945314442,119.940029985007
733.283619189659,238.627889634601,119.940029985007
805.369127516779,1613.22396221725,119.940029985007
884.911757394979,452.398707432264,119.940029985007
969.425801640567,248.570718369376,119.940029985007
981.854337559036,328.113348247576,119.940029985007
989.311459110117,892.36887894606,104.947526236882
1123.53964702958,2145.16529952772,119.940029985007
1126.02535421327,2125.27964205817,119.940029985007
1135.96818294805,467.312950534427,119.940029985007
1222.96793437733,524.484215759384,119.940029985007
1290.08202833706,352.970420084514,119.940029985007
1285.11061396967,335.570469798658,119.940029985007
1337.31046482724,2013.42281879195,119.940029985007
1546.10986825752,2475.76435495899,119.940029985007
1690.28088491176,171.513795674869,119.940029985007
1752.4235645041,1886.65175242356,119.940029985007
1923.93736017897,1009.19711657967,119.940029985007
2165.05095699727,72.0855083271191,134.932533733133
44.7427293064877,944.568729803629,134.932533733133
79.5426298782003,1938.85160328113,119.940029985007
136.713895103157,1754.9092716878,134.932533733133
178.970917225951,1469.05294556301,119.940029985007
298.284862043251,1406.91026597067,134.932533733133
298.284862043251,1478.99577429779,119.940029985007
387.770320656227,1687.79517772806,134.932533733133
539.398458861546,2306.73626646781,119.940029985007
544.369873228934,236.142182450907,134.932533733133
561.76982351479,231.17076808352,134.932533733133
574.198359433259,221.227939348745,119.940029985007
633.855331841909,1158.33954760129,134.932533733133
750.683569475516,904.797414864529,134.932533733133
750.683569475516,1526.22421078797,134.932533733133
763.112105393985,1511.30996768581,149.925037481259
954.511558538404,1304.99627143922,119.940029985007
964.454387273179,223.713646532438,119.940029985007
981.854337559036,221.227939348745,134.932533733133
984.340044742729,246.085011185682,119.940029985007
994.282873477504,246.085011185682,119.940029985007
1148.39671886652,956.997265722098,119.940029985007
1145.91101168282,1757.39497887149,134.932533733133
1379.56748695004,1536.16703952274,134.932533733133
1508.82426050211,1896.59458115834,134.932533733133
1697.73800646284,360.427541635595,134.932533733133
1767.33780760626,84.5140442455879,119.940029985007
1767.33780760626,72.0855083271191,134.932533733133
1779.76634352473,561.76982351479,134.932533733133
1913.9945314442,1024.11135968183,134.932533733133
2110.365398956,1998.50857568978,134.932533733133
2155.10812826249,1854.33755903555,134.932533733133
2157.59383544618,1866.76609495401,134.932533733133
2257.02212279394,2043.25130499627,134.932533733133
2281.87919463087,1923.93736017897,134.932533733133
2478.25006214268,512.055679840915,134.932533733133
149.142431021626,1754.9092716878,134.932533733133
193.885160328113,715.883668903803,149.925037481259
211.28511061397,763.112105393985,149.925037481259
469.798657718121,300.770569226945,164.917541229385
484.712900820283,303.256276410639,134.932533733133
531.941337310465,208.799403430276,134.932533733133
556.798409147402,218.742232165051,134.932533733133
559.284116331096,206.313696246582,134.932533733133
750.683569475516,919.711657966692,134.932533733133
966.940094456873,1178.22520507084,134.932533733133
974.397216007954,1193.13944817301,134.932533733133
986.825751926423,1270.19637086751,149.925037481259
1036.5398956003,996.768580661198,134.932533733133
1076.3112105394,1116.0825254785,134.932533733133
1123.53964702958,2197.36515038528,134.932533733133
1158.33954760129,1086.25403927417,149.925037481259
1173.25379070346,1096.19686800895,134.932533733133
1391.99602286851,2276.90778026349,134.932533733133
1585.88118319662,1327.36763609247,149.925037481259
2045.73701217997,1217.99652000994,149.925037481259
2050.70842654735,1203.08227690778,134.932533733133
2100.42257022123,181.456624409645,149.925037481259
2274.42207307979,2030.8227690778,149.925037481259
2304.25055928412,221.227939348745,149.925037481259
32.3141933880189,382.798906288839,164.917541229385
32.3141933880189,944.568729803629,149.925037481259
69.5998011434253,1941.33731046483,149.925037481259
131.742480735769,295.799154859558,164.917541229385
141.685309470544,285.856326124783,149.925037481259
196.370867511807,979.368630375342,149.925037481259
270.94208302262,986.825751926423,164.917541229385
447.427293064877,298.284862043251,149.925037481259
449.913000248571,1680.33805617698,149.925037481259
447.427293064877,315.684812329108,149.925037481259
452.398707432264,1690.28088491176,149.925037481259
457.370121799652,323.141933880189,149.925037481259
462.34153616704,310.71339796172,149.925037481259
474.770072085508,323.141933880189,149.925037481259
509.569972657221,221.227939348745,149.925037481259
519.512801391996,213.770817797663,149.925037481259
554.312701963709,211.28511061397,149.925037481259
623.912503107134,1155.8538404176,149.925037481259
725.826497638578,2368.87894606015,149.925037481259
728.312204822272,2353.96470295799,149.925037481259
733.283619189659,929.654486701467,149.925037481259
740.740740740741,922.197365150385,149.925037481259
812.82624906786,2132.73676360925,149.925037481259
832.71190653741,2157.59383544618,164.917541229385
830.226199353716,2137.70817797663,164.917541229385
847.626149639573,2147.65100671141,149.925037481259
964.454387273179,1193.13944817301,149.925037481259
974.397216007954,1252.79642058166,149.925037481259
984.340044742729,1255.28212776535,164.917541229385
991.797166293811,1282.62490678598,149.925037481259
996.768580661198,1277.65349241859,149.925037481259
1066.36838180462,1118.56823266219,149.925037481259
1113.5968182948,2197.36515038528,149.925037481259
1140.93959731544,1091.22545364156,149.925037481259
1150.88242605021,1101.16828237634,149.925037481259
1163.31096196868,1101.16828237634,149.925037481259
1227.93934874472,1150.88242605021,149.925037481259
1332.33905045986,114.342530449913,149.925037481259
1384.53890131742,2279.39348744718,149.925037481259
1583.39547601293,1342.28187919463,149.925037481259
1672.8809346259,2224.70792940592,164.917541229385
1687.79517772806,362.913248819289,149.925037481259
1804.62341536167,509.569972657221,149.925037481259
1817.05195128014,507.084265473527,164.917541229385
1906.53740989311,1024.11135968183,149.925037481259
2048.22271936366,1205.56798409147,149.925037481259
2073.0797912006,22.3713646532438,149.925037481259
2356.45041014169,1518.76708923689,149.925037481259
2356.45041014169,1526.22421078797,149.925037481259
2411.13596818295,991.797166293811,149.925037481259
2426.05021128511,981.854337559036,149.925037481259
2435.99304001989,1923.93736017897,149.925037481259
64.6283867760378,919.711657966692,164.917541229385
67.1140939597315,927.168779517773,164.917541229385
134.228187919463,278.399204573701,164.917541229385
141.685309470544,298.284862043251,164.917541229385
146.656723837932,273.427790206314,164.917541229385
149.142431021626,285.856326124783,164.917541229385
154.113845389013,1469.05294556301,164.917541229385
186.428038777032,728.312204822272,164.917541229385
206.313696246582,976.882923191648,164.917541229385
340.541884166045,683.569475515784,164.917541229385
454.884414615958,308.227690778026,164.917541229385
462.34153616704,1690.28088491176,164.917541229385
469.798657718121,328.113348247576,164.917541229385
472.284364901815,1230.42505592841,179.910044977511
482.22719363659,1220.48222719364,179.910044977511
484.712900820283,323.141933880189,164.917541229385
529.455630126771,213.770817797663,164.917541229385
574.198359433259,221.227939348745,164.917541229385
735.769326373353,2366.39323887646,164.917541229385
738.255033557047,2353.96470295799,164.917541229385
745.712155108128,932.14019388516,164.917541229385
748.197862291822,922.197365150385,164.917541229385
840.169028088491,2125.27964205817,164.917541229385
845.140442455879,2130.25105642555,164.917541229385
974.397216007954,1193.13944817301,164.917541229385
1004.22570221228,1280.13919960229,164.917541229385
1026.59706686552,1319.91051454139,194.902548725637
1024.11135968183,1302.51056425553,194.902548725637
1036.5398956003,991.797166293811,164.917541229385
1043.99701715138,999.254287844892,164.917541229385
1076.3112105394,1118.56823266219,164.917541229385
1126.02535421327,2197.36515038528,164.917541229385
1150.88242605021,1759.88068605518,164.917541229385
1215.51081282625,375.341784737758,164.917541229385
1240.36788466319,1148.39671886652,179.910044977511
1339.79617201094,111.856823266219,179.910044977511
1342.28187919463,380.313199105145,179.910044977511
1389.51031568481,151.628138205319,164.917541229385
1394.4817300522,2276.90778026349,164.917541229385
1670.39522744221,2083.02261993537,179.910044977511
2053.19413373105,1220.48222719364,164.917541229385
2065.62266964952,1364.65324384787,164.917541229385
2085.50832711907,24.8570718369376,164.917541229385
2170.02237136465,1414.36738752175,179.910044977511
2172.50807854835,1948.79443201591,179.910044977511
2229.6793437733,1078.79691772309,179.910044977511
2314.19338801889,223.713646532438,164.917541229385
2378.82177479493,412.627392493164,164.917541229385
2411.13596818295,812.82624906786,164.917541229385
2418.59308973403,715.883668903803,179.910044977511
2421.07879691772,994.282873477504,164.917541229385
2433.50733283619,989.311459110117,179.910044977511
2448.42157593835,1913.9945314442,164.917541229385
2450.90728312205,827.740492170022,164.917541229385
2453.39299030574,467.312950534427,179.910044977511
2465.82152622421,1774.79492915735,179.910044977511
111.856823266219,676.112353964703,194.902548725637
149.142431021626,1474.0243599304,179.910044977511
156.599552572707,1474.0243599304,179.910044977511
203.827989062888,991.797166293811,179.910044977511
273.427790206314,2085.50832711907,194.902548725637
340.541884166045,668.655232413622,209.895052473763
355.456127268208,1401.93885160328,194.902548725637
367.884663186677,1404.42455878698,179.910044977511
494.655729555058,340.541884166045,179.910044977511
509.569972657221,347.999005717127,194.902548725637
626.398210290828,658.712403678847,194.902548725637
882.426050211285,529.455630126771,179.910044977511
1001.73999502859,256.027839920457,194.902548725637
1021.62565249814,1108.62540392742,194.902548725637
1043.99701715138,1295.05344270445,209.895052473763
1088.73974645787,641.31245339299,179.910044977511
1098.68257519264,631.369624658215,179.910044977511
1265.22495650012,1861.79468058663,194.902548725637
1322.39622172508,94.4568729803629,194.902548725637
1334.82475764355,91.9711657966692,179.910044977511
1660.45239870743,2083.02261993537,179.910044977511
1797.16629381059,961.968680089485,194.902548725637
1844.39473030077,996.768580661198,179.910044977511
1849.36614466816,979.368630375342,179.910044977511
1901.56599552573,2075.56549838429,179.910044977511
1904.05170270942,2087.99403430276,179.910044977511
1909.02311707681,2083.02261993537,179.910044977511
1996.02286850609,1966.19438230176,179.910044977511
2085.50832711907,1802.13770817798,194.902548725637
2162.56524981357,1404.42455878698,179.910044977511
2197.36515038528,713.397961720109,194.902548725637
2271.9363658961,1553.5669898086,194.902548725637
2296.79343773304,1575.93835446184,194.902548725637
2351.4789957743,2135.22247079294,179.910044977511
2361.42182450907,2130.25105642555,179.910044977511
2381.30748197862,405.170270942083,179.910044977511
2478.25006214268,1938.85160328113,179.910044977511
146.656723837932,1807.10912254536,209.895052473763
183.942331593338,1764.85210042257,194.902548725637
191.39945314442,1772.30922197365,194.902548725637
320.656226696495,668.655232413622,194.902548725637
333.084762614964,656.226696495153,194.902548725637
345.513298533433,653.740989311459,209.895052473763
352.970420084514,1416.85309470544,194.902548725637
457.370121799652,1026.59706686552,209.895052473763
546.855580412627,549.341287596321,209.895052473763
589.112602535421,917.225950782998,194.902548725637
591.598309719115,909.768829231916,194.902548725637
952.02585135471,1175.73949788715,209.895052473763
1026.59706686552,1135.96818294805,209.895052473763
1026.59706686552,1287.59632115337,194.902548725637
1210.53939845886,1516.28138205319,209.895052473763
1232.91076311211,1493.91001739995,194.902548725637
1309.96768580661,735.769326373353,194.902548725637
1347.25329356202,1615.70966940094,209.895052473763
1498.88143176734,1396.96743723589,194.902548725637
1585.88118319662,1354.7104151131,209.895052473763
1667.90952025851,2095.45115585384,194.902548725637
1797.16629381059,313.199105145414,209.895052473763
1807.10912254536,231.17076808352,194.902548725637
2075.56549838429,735.769326373353,194.902548725637
2085.50832711907,738.255033557047,194.902548725637
2097.93686303753,1106.13969674372,194.902548725637
2155.10812826249,1685.30947054437,194.902548725637
2341.53616703952,1993.5371613224,209.895052473763
2351.4789957743,1998.50857568978,194.902548725637
136.713895103157,1807.10912254536,209.895052473763
201.342281879195,1769.82351478996,209.895052473763
208.799403430276,1009.19711657967,209.895052473763
226.199353716132,999.254287844892,209.895052473763
305.741983594333,2112.8511061397,224.887556221889
512.055679840915,392.741735023614,224.887556221889
531.941337310465,2.48570718369376,209.895052473763
725.826497638578,536.912751677852,224.887556221889
728.312204822272,559.284116331096,224.887556221889
835.197613721104,681.08376833209,224.887556221889
842.654735272185,700.969425801641,224.887556221889
899.826000497141,700.969425801641,224.887556221889
939.597315436242,467.312950534427,224.887556221889
947.054436987323,1210.53939845886,224.887556221889
961.968680089485,1163.31096196868,209.895052473763
966.940094456873,1173.25379070346,209.895052473763
1019.13994531444,1118.56823266219,209.895052473763
1088.73974645787,231.17076808352,209.895052473763
1250.31071339796,2334.07904548844,224.887556221889
1382.05319413373,1744.96644295302,224.887556221889
1431.76733780761,807.854834700472,224.887556221889
1859.30897340293,2448.42157593835,224.887556221889
2025.85135471042,668.655232413622,224.887556221889
2092.96544867015,1098.68257519264,209.895052473763
2237.13646532438,231.17076808352,209.895052473763
2269.4506587124,241.113596818295,224.887556221889
2421.07879691772,1227.93934874472,224.887556221889
2426.05021128511,1217.99652000994,209.895052473763
2468.3072334079,971.911508824261,224.887556221889
116.828237633607,1904.05170270942,239.880059970015
131.742480735769,1901.56599552573,239.880059970015
228.685060899826,812.82624906786,254.872563718141
275.913497390007,887.397464578673,239.880059970015
395.227442207308,1759.88068605518,239.880059970015
459.855828983346,1081.28262490679,239.880059970015
507.084265473527,377.827491921452,239.880059970015
591.598309719115,604.026845637584,224.887556221889
623.912503107134,96.9425801640567,254.872563718141
636.341039025603,126.771066368382,239.880059970015
703.455132985334,2468.3072334079,239.880059970015
822.769077802635,693.512304250559,224.887556221889
822.769077802635,710.912254536416,224.887556221889
904.797414864529,1078.79691772309,239.880059970015
981.854337559036,171.513795674869,254.872563718141
1031.56848123291,1123.53964702958,224.887556221889
1096.19686800895,2443.45016157097,224.887556221889
1140.93959731544,1406.91026597067,239.880059970015
1175.73949788715,459.855828983346,239.880059970015
1337.31046482724,258.513547104151,224.887556221889
1347.25329356202,265.970668655232,224.887556221889
1501.36713895103,1722.59507829978,239.880059970015
1503.85284613473,1394.4817300522,224.887556221889
1580.90976882923,206.313696246582,239.880059970015
1620.68108376833,2269.4506587124,239.880059970015
1769.82351478996,1943.82301764852,239.880059970015
1792.1948794432,961.968680089485,224.887556221889
1859.30897340293,2363.90753169277,224.887556221889
2015.90852597564,400.198856574696,239.880059970015
2102.90827740492,1039.02560278399,239.880059970015
2107.87969177231,1056.42555306985,239.880059970015
2125.27964205817,845.140442455879,239.880059970015
2140.19388516033,129.256773552076,239.880059970015
2202.33656475267,425.055928411633,239.880059970015
27.3427790206314,1782.25205070843,254.872563718141
39.7713149391002,1774.79492915735,254.872563718141
243.599304001989,1133.48247576436,239.880059970015
365.398956002983,1590.85259756401,254.872563718141
569.226945065871,564.255530698484,254.872563718141
638.826746209297,96.9425801640567,239.880059970015
646.283867760378,136.713895103157,239.880059970015
653.740989311459,126.771066368382,239.880059970015
728.312204822272,203.827989062888,254.872563718141
735.769326373353,536.912751677852,239.880059970015
812.82624906786,700.969425801641,239.880059970015
830.226199353716,708.426547352722,239.880059970015
1163.31096196868,2455.87869748944,254.872563718141
1262.73924931643,1287.59632115337,269.865067466267
1391.99602286851,343.027591349739,254.872563718141
1411.88168033806,1377.08177976634,254.872563718141
1600.79542629878,1769.82351478996,254.872563718141
1722.59507829978,1541.13845389013,239.880059970015
1829.48048719861,2445.93586875466,269.865067466267
1879.19463087248,154.113845389013,269.865067466267
1894.10887397465,173.999502858563,254.872563718141
1928.90877454636,852.59756400696,254.872563718141
1931.39448173005,1672.8809346259,239.880059970015
1943.82301764852,1670.39522744221,239.880059970015
2127.76534924186,862.540392741735,254.872563718141
2130.25105642555,124.285359184688,239.880059970015
2140.19388516033,700.969425801641,254.872563718141
2212.27939348745,417.598806860552,254.872563718141
2242.10787969177,1831.9661943823,254.872563718141
2346.50758140691,942.083022619935,254.872563718141
119.313944817301,1983.59433258762,269.865067466267
119.313944817301,1968.68008948546,269.865067466267
203.827989062888,966.940094456873,269.865067466267
541.88416604524,2202.33656475267,284.857571214393
628.883917474521,1608.25254784986,269.865067466267
676.112353964703,2095.45115585384,269.865067466267
1312.45339299031,1551.08128262491,269.865067466267
1454.13870246085,1424.31021625653,269.865067466267
1456.62440964454,2117.82252050708,269.865067466267
1471.53865274671,2112.8511061397,269.865067466267
1561.02411135968,320.656226696495,269.865067466267
1889.13745960726,121.799652000994,254.872563718141
2097.93686303753,502.11285110614,284.857571214393
2199.85085756898,1086.25403927417,269.865067466267
2224.70792940592,1824.50907283122,254.872563718141
27.3427790206314,1098.68257519264,284.857571214393
275.913497390007,1983.59433258762,284.857571214393
482.22719363659,1290.08202833706,284.857571214393
492.170022371365,1307.48197862292,284.857571214393
499.627143922446,2204.82227193637,284.857571214393
512.055679840915,2187.42232165051,284.857571214393
559.284116331096,1978.62291822023,284.857571214393
571.712652249565,1978.62291822023,284.857571214393
646.283867760378,1595.82401193139,284.857571214393
790.454884414616,2102.90827740492,284.857571214393
947.054436987323,643.798160576684,284.857571214393
956.997265722098,1449.16728809346,284.857571214393
989.311459110117,1108.62540392742,284.857571214393
1014.16853094705,1404.42455878698,269.865067466267
1021.62565249814,656.226696495153,284.857571214393
1083.76833209048,653.740989311459,284.857571214393
1387.02460850112,1198.11086254039,284.857571214393
1511.30996768581,564.255530698484,269.865067466267
1518.76708923689,2470.7929405916,284.857571214393
1657.96669152374,643.798160576684,284.857571214393
1777.28063634104,365.398956002983,284.857571214393
1889.13745960726,124.285359184688,284.857571214393
1901.56599552573,248.570718369376,269.865067466267
2020.87994034303,857.568978374347,284.857571214393
2028.33706189411,651.255282127765,284.857571214393
171.513795674869,1948.79443201591,284.857571214393
410.141685309471,693.512304250559,299.850074962519
439.970171513796,2284.36490181457,299.850074962519
454.884414615958,2286.85060899826,299.850074962519
484.712900820283,2202.33656475267,284.857571214393
616.455381556053,1605.76684066617,284.857571214393
653.740989311459,191.39945314442,299.850074962519
787.969177230922,295.799154859558,299.850074962519
792.94059159831,882.426050211285,284.857571214393
862.540392741735,661.19811086254,284.857571214393
917.225950782998,778.026348496147,299.850074962519
929.654486701467,780.512055679841,299.850074962519
976.882923191648,1096.19686800895,284.857571214393
1116.0825254785,320.656226696495,299.850074962519
1133.48247576436,323.141933880189,299.850074962519
1391.99602286851,586.626895351728,299.850074962519
1493.91001739995,646.283867760378,299.850074962519
1578.42406164554,82.0283370618941,284.857571214393
1613.22396221725,556.798409147402,299.850074962519
1665.42381307482,2326.62192393736,299.850074962519
1707.68083519761,273.427790206314,299.850074962519
1720.10937111608,2147.65100671141,299.850074962519
1722.59507829978,270.94208302262,299.850074962519
1764.85210042257,1556.05269699229,299.850074962519
1784.73775789212,375.341784737758,284.857571214393
1876.70892368879,725.826497638578,299.850074962519
1901.56599552573,2266.96495152871,299.850074962519
1904.05170270942,795.426298782004,299.850074962519
1938.85160328113,72.0855083271191,299.850074962519
2232.165050957,1787.22346507581,299.850074962519
2356.45041014169,658.712403678847,299.850074962519
86.9997514292816,787.969177230922,299.850074962519
99.4282873477504,780.512055679841,299.850074962519
576.684066616953,521.99850857569,299.850074962519
599.055431270196,964.454387273179,299.850074962519
636.341039025603,939.597315436242,299.850074962519
648.769574944072,927.168779517773,299.850074962519
773.05493412876,882.426050211285,299.850074962519
773.05493412876,283.370618941089,314.842578710645
862.540392741735,807.854834700472,299.850074962519
874.968928660204,308.227690778026,299.850074962519
954.511558538404,173.999502858563,299.850074962519
954.511558538404,159.085259756401,299.850074962519
1133.48247576436,310.71339796172,299.850074962519
1138.45389013174,315.684812329108,299.850074962519
1150.88242605021,1185.68232662192,299.850074962519
1329.85334327616,2433.50733283619,299.850074962519
1354.7104151131,67.1140939597315,299.850074962519
1717.62366393239,196.370867511807,299.850074962519
1744.96644295302,469.798657718121,314.842578710645
1859.30897340293,715.883668903803,299.850074962519
1871.7375093214,710.912254536416,299.850074962519
1876.70892368879,713.397961720109,299.850074962519
2025.85135471042,1424.31021625653,314.842578710645
2105.39398458862,2120.30822769078,299.850074962519
2257.02212279394,1513.7956748695,299.850074962519
2413.62167536664,1588.36689038031,299.850074962519
14.9142431021626,1096.19686800895,314.842578710645
34.7999005717127,1735.02361421825,314.842578710645
52.199850857569,1185.68232662192,329.835082458771
72.0855083271191,790.454884414616,314.842578710645
82.0283370618941,780.512055679841,314.842578710645
208.799403430276,1879.19463087248,329.835082458771
236.142182450907,1643.05244842158,329.835082458771
246.085011185682,728.312204822272,314.842578710645
260.999254287845,1981.10862540393,314.842578710645
395.227442207308,691.026597066866,314.842578710645
430.027342779021,2281.87919463087,314.842578710645
489.684315187671,1901.56599552573,329.835082458771
549.341287596321,1864.28038777032,314.842578710645
584.141188168034,964.454387273179,314.842578710645
621.42679592344,939.597315436242,329.835082458771
633.855331841909,196.370867511807,314.842578710645
636.341039025603,932.14019388516,329.835082458771
646.283867760378,181.456624409645,314.842578710645
648.769574944072,183.942331593338,314.842578710645
760.626398210291,882.426050211285,314.842578710645
773.05493412876,295.799154859558,314.842578710645
778.026348496147,2100.42257022123,314.842578710645
845.140442455879,812.82624906786,314.842578710645
847.626149639573,656.226696495153,314.842578710645
850.111856823266,805.369127516779,314.842578710645
860.054685558041,308.227690778026,314.842578710645
904.797414864529,2252.05070842655,329.835082458771
904.797414864529,775.540641312453,314.842578710645
939.597315436242,159.085259756401,314.842578710645
939.597315436242,173.999502858563,314.842578710645
944.568729803629,1446.68158090977,314.842578710645
964.454387273179,1093.71116082525,314.842578710645
1011.68282376336,651.255282127765,314.842578710645
1053.93984588615,2346.50758140691,329.835082458771
1103.65398956003,318.170519512801,314.842578710645
1165.79666915237,2249.56500124285,329.835082458771
1250.31071339796,1083.76833209048,329.835082458771
1314.939100174,2431.0216256525,314.842578710645
1339.79617201094,67.1140939597315,314.842578710645
1377.08177976634,586.626895351728,314.842578710645
1389.51031568481,1543.62416107383,329.835082458771
1598.30971911509,556.798409147402,314.842578710645
1648.02386278896,2329.10763112105,314.842578710645
1692.76659209545,273.427790206314,314.842578710645
1697.73800646284,2145.16529952772,314.842578710645
1702.70942083023,198.856574695501,314.842578710645
1752.4235645041,1558.53840417599,314.842578710645
1759.88068605518,449.913000248571,329.835082458771
1844.39473030077,1389.51031568481,329.835082458771
1846.88043748446,718.369376087497,314.842578710645
1856.82326621924,728.312204822272,314.842578710645
1884.16604523987,1394.4817300522,329.835082458771
1886.65175242356,2269.4506587124,314.842578710645
1891.62316679095,795.426298782004,314.842578710645
1894.10887397465,1387.02460850112,329.835082458771
1926.42306736266,72.0855083271191,314.842578710645
2010.93711160825,1426.79592344022,314.842578710645
2020.87994034303,1441.71016654238,329.835082458771
2048.22271936366,2142.67959234402,329.835082458771
2058.16554809843,2152.6224210788,314.842578710645
2090.47974148645,2120.30822769078,314.842578710645
2097.93686303753,2112.8511061397,314.842578710645
2125.27964205817,2115.33681332339,329.835082458771
2145.16529952772,1565.99552572707,314.842578710645
2150.1367138951,1556.05269699229,314.842578710645
2217.25080785483,1787.22346507581,314.842578710645
2244.59358687547,1511.30996768581,329.835082458771
2398.70743226448,1588.36689038031,314.842578710645
2398.70743226448,1603.28113348248,329.835082458771
2433.50733283619,748.197862291822,344.827586206897
42.2570221227939,1747.45215013671,329.835082458771
44.7427293064877,1735.02361421825,329.835082458771
62.142679592344,1173.25379070346,344.827586206897
74.5712155108128,1183.19661943823,344.827586206897
236.142182450907,1933.88018891375,344.827586206897
251.05642555307,1931.39448173005,359.820089955023
265.970668655232,1948.79443201591,344.827586206897
452.398707432264,1334.82475764355,344.827586206897
477.255779269202,275.913497390007,329.835082458771
529.455630126771,308.227690778026,329.835082458771
556.798409147402,1879.19463087248,329.835082458771
618.941088739746,705.940840169028,329.835082458771
623.912503107134,698.483718617947,344.827586206897
822.769077802635,1160.82525478499,329.835082458771
897.340293313448,750.683569475516,329.835082458771
904.797414864529,740.740740740741,329.835082458771
917.225950782998,2448.42157593835,344.827586206897
1034.0541884166,161.570966940094,329.835082458771
1071.33979617201,449.913000248571,344.827586206897
1071.33979617201,193.885160328113,359.820089955023
1081.28262490679,437.484464330102,344.827586206897
1088.73974645787,447.427293064877,344.827586206897
1401.93885160328,1553.5669898086,329.835082458771
1483.96718866518,1113.5968182948,344.827586206897
1501.36713895103,2209.79368630375,359.820089955023
1553.5669898086,246.085011185682,344.827586206897
1742.48073576933,459.855828983346,329.835082458771
1836.93760874969,1396.96743723589,329.835082458771
1963.70867511807,1578.42406164554,329.835082458771
1971.16579666915,1568.48123291076,329.835082458771
1968.68008948546,1580.90976882923,329.835082458771
1978.62291822023,1096.19686800895,344.827586206897
2075.56549838429,1203.08227690778,344.827586206897
2090.47974148645,1203.08227690778,344.827586206897
2229.6793437733,514.541387024609,344.827586206897
74.5712155108128,1168.28237633607,344.827586206897
116.828237633607,1431.76733780761,359.820089955023
196.370867511807,1391.99602286851,359.820089955023
246.085011185682,1918.96594581158,359.820089955023
335.570469798658,2105.39398458862,359.820089955023
343.027591349739,773.05493412876,344.827586206897
410.141685309471,1593.3383047477,359.820089955023
482.22719363659,810.340541884166,374.812593703148
601.54113845389,1971.16579666915,359.820089955023
658.712403678847,2294.30773054934,359.820089955023
661.19811086254,2314.19338801889,374.812593703148
705.940840169028,1889.13745960726,374.812593703148
1178.22520507084,44.7427293064877,359.820089955023
1180.71091225454,22.3713646532438,344.827586206897
1203.08227690778,1859.30897340293,359.820089955023
1262.73924931643,340.541884166045,359.820089955023
1377.08177976634,1849.36614466816,359.820089955023
1394.4817300522,1841.90902311708,359.820089955023
1436.73875217499,1193.13944817301,359.820089955023
1551.08128262491,2261.99353716132,359.820089955023
1541.13845389013,2244.59358687547,344.827586206897
1543.62416107383,253.542132736764,344.827586206897
1568.48123291076,1387.02460850112,359.820089955023
1665.42381307482,2212.27939348745,359.820089955023
1680.33805617698,2199.85085756898,359.820089955023
1744.96644295302,452.398707432264,344.827586206897
1797.16629381059,643.798160576684,344.827586206897
2015.90852597564,1399.45314441959,344.827586206897
2197.36515038528,1931.39448173005,344.827586206897
2237.13646532438,1034.0541884166,359.820089955023
206.313696246582,1956.25155356699,359.820089955023
343.027591349739,1168.28237633607,374.812593703148
631.369624658215,1416.85309470544,359.820089955023
817.797663435247,2346.50758140691,359.820089955023
822.769077802635,2344.02187422322,359.820089955023
825.254784986329,2344.02187422322,359.820089955023
899.826000497141,1822.02336564753,359.820089955023
917.225950782998,2227.19363658961,374.812593703148
949.540144171017,1004.22570221228,389.805097451274
966.940094456873,2063.13696246582,374.812593703148
999.254287844892,1158.33954760129,359.820089955023
1183.19661943823,1558.53840417599,374.812593703148
1200.59656972409,9.94282873477504,374.812593703148
1317.42480735769,897.340293313448,359.820089955023
1384.53890131742,1836.93760874969,359.820089955023
1389.51031568481,1831.9661943823,359.820089955023
1454.13870246085,1237.88217747949,359.820089955023
1469.05294556301,964.454387273179,374.812593703148
1543.62416107383,2237.13646532438,359.820089955023
1568.48123291076,2249.56500124285,359.820089955023
1575.93835446184,1372.11036539896,359.820089955023
1667.90952025851,1831.9661943823,389.805097451274
1692.76659209545,2184.93661446682,359.820089955023
1757.39497887149,1824.50907283122,374.812593703148
1759.88068605518,2107.87969177231,374.812593703148
1762.36639323888,1282.62490678598,359.820089955023
1774.79492915735,1304.99627143922,374.812593703148
1814.56624409645,1014.16853094705,374.812593703148
1958.73726075068,1752.4235645041,374.812593703148
2008.45140442456,596.569724086503,374.812593703148
2025.85135471042,1648.02386278896,374.812593703148
2030.8227690778,434.998757146408,359.820089955023
2043.25130499627,1300.02485707184,374.812593703148
2110.365398956,1297.53914988814,374.812593703148
2224.70792940592,1041.51130996769,359.820089955023
2276.90778026349,1372.11036539896,374.812593703148
2281.87919463087,770.569226945066,359.820089955023
2289.33631618195,1367.13895103157,359.820089955023
228.685060899826,544.369873228934,389.805097451274
238.627889634601,1866.76609495401,389.805097451274
382.798906288839,1193.13944817301,389.805097451274
594.084016902809,2085.50832711907,389.805097451274
606.512552821278,203.827989062888,389.805097451274
641.31245339299,1424.31021625653,374.812593703148
733.283619189659,691.026597066866,389.805097451274
964.454387273179,1841.90902311708,389.805097451274
1287.59632115337,571.712652249565,389.805097451274
1300.02485707184,569.226945065871,389.805097451274
1449.16728809346,1518.76708923689,389.805097451274
1456.62440964454,1528.70991797166,389.805097451274
1541.13845389013,2252.05070842655,374.812593703148
1583.39547601293,430.027342779021,389.805097451274
1598.30971911509,425.055928411633,389.805097451274
1630.62391250311,1831.9661943823,374.812593703148
1717.62366393239,628.883917474521,389.805097451274
1720.10937111608,616.455381556053,389.805097451274
1742.48073576933,2197.36515038528,389.805097451274
1752.4235645041,1317.42480735769,389.805097451274
1809.59482972906,1034.0541884166,374.812593703148
1904.05170270942,556.798409147402,389.805097451274
2018.39423315933,1633.1096196868,389.805097451274
2254.53641561024,611.483967188665,389.805097451274
2294.30773054934,1662.93810589113,389.805097451274
2306.73626646781,1670.39522744221,374.812593703148
236.142182450907,554.312701963709,389.805097451274
370.37037037037,2000.99428287348,389.805097451274
425.055928411633,1481.48148148148,404.7976011994
432.513049962714,1478.99577429779,389.805097451274
434.998757146408,1483.96718866518,389.805097451274
981.854337559036,2068.10837683321,389.805097451274
984.340044742729,2214.76510067114,404.7976011994
999.254287844892,1720.10937111608,389.805097451274
1091.22545364156,2122.79393487447,389.805097451274
1093.71116082525,2229.6793437733,389.805097451274
1130.99676858066,2398.70743226448,389.805097451274
1140.93959731544,2398.70743226448,389.805097451274
1227.93934874472,1081.28262490679,404.7976011994
1344.76758637832,825.254784986329,389.805097451274
1344.76758637832,830.226199353716,389.805097451274
1478.99577429779,892.36887894606,389.805097451274
1478.99577429779,902.311707680835,389.805097451274
1536.16703952274,1046.48272433507,389.805097451274
1556.05269699229,1066.36838180462,389.805097451274
1799.65200099428,1016.65423813075,389.805097451274
1864.28038777032,1309.96768580661,404.7976011994
1874.2232165051,735.769326373353,404.7976011994
1926.42306736266,1382.05319413373,404.7976011994
2023.36564752672,1660.45239870743,389.805097451274
2130.25105642555,1998.50857568978,389.805097451274
2381.30748197862,1459.11011682824,389.805097451274
208.799403430276,1749.93785732041,404.7976011994
362.913248819289,2000.99428287348,404.7976011994
469.798657718121,852.59756400696,434.782608695652
730.797912005966,556.798409147402,404.7976011994
740.740740740741,551.826994780015,404.7976011994
1081.28262490679,2222.22222222222,404.7976011994
1123.53964702958,2403.67884663187,404.7976011994
1190.65374098931,758.140691026597,419.790104947526
1237.88217747949,1086.25403927417,404.7976011994
1516.28138205319,2055.67984091474,419.790104947526
1570.96694009446,956.997265722098,404.7976011994
1568.48123291076,430.027342779021,404.7976011994
1640.56674123788,1839.42331593338,404.7976011994
1697.73800646284,723.340790454884,419.790104947526
1864.28038777032,1372.11036539896,404.7976011994
1921.45165299528,1391.99602286851,404.7976011994
1936.36589609744,1396.96743723589,404.7976011994
2013.42281879195,1198.11086254039,419.790104947526
2050.70842654735,1225.45364156102,419.790104947526
2055.67984091474,1896.59458115834,404.7976011994
2058.16554809843,1240.36788466319,419.790104947526
2127.76534924186,1772.30922197365,419.790104947526
2145.16529952772,464.827243350733,419.790104947526
2189.9080288342,1869.25180213771,404.7976011994
216.256524981357,1752.4235645041,419.790104947526
253.542132736764,1349.73900074571,434.782608695652
268.456375838926,1342.28187919463,434.782608695652
370.37037037037,2008.45140442456,419.790104947526
422.570221227939,2033.3084762615,434.782608695652
484.712900820283,852.59756400696,419.790104947526
740.740740740741,807.854834700472,419.790104947526
743.226447924435,1391.99602286851,434.782608695652
750.683569475516,1399.45314441959,419.790104947526
780.512055679841,2132.73676360925,434.782608695652
820.283370618941,1198.11086254039,419.790104947526
822.769077802635,1190.65374098931,419.790104947526
899.826000497141,2261.99353716132,419.790104947526
907.283122048223,2239.62217250808,419.790104947526
912.25453641561,2247.07929405916,419.790104947526
919.711657966692,2234.65075814069,419.790104947526
989.311459110117,2219.73651503853,419.790104947526
1006.71140939597,1722.59507829978,419.790104947526
1073.8255033557,1128.51106139697,434.782608695652
1083.76833209048,1143.42530449913,434.782608695652
1098.68257519264,1116.0825254785,434.782608695652
1145.91101168282,1476.51006711409,434.782608695652
1160.82525478499,1918.96594581158,434.782608695652
1297.53914988814,1697.73800646284,434.782608695652
1312.45339299031,82.0283370618941,419.790104947526
1359.68182948049,77.0569226945066,434.782608695652
1396.96743723589,1352.22470792941,434.782608695652
1441.71016654238,1573.45264727815,434.782608695652
1638.08103405419,1180.71091225454,434.782608695652
1650.50956997266,966.940094456873,434.782608695652
1655.48098434004,817.797663435247,434.782608695652
1792.1948794432,1909.02311707681,434.782608695652
1839.42331593338,1891.62316679095,434.782608695652
1846.88043748446,1978.62291822023,419.790104947526
1846.88043748446,1394.4817300522,419.790104947526
1876.70892368879,1377.08177976634,419.790104947526
1938.85160328113,1623.16679095203,419.790104947526
2030.8227690778,479.741486452896,434.782608695652
2189.9080288342,1859.30897340293,419.790104947526
2358.93611732538,1444.19587372608,434.782608695652
181.456624409645,1078.79691772309,449.775112443778
278.399204573701,850.111856823266,434.782608695652
280.884911757395,693.512304250559,449.775112443778
628.883917474521,1548.59557544121,434.782608695652
894.854586129754,2252.05070842655,434.782608695652
956.997265722098,865.026099925429,449.775112443778
1051.45413870246,355.456127268208,449.775112443778
1063.88267462093,340.541884166045,449.775112443778
1078.79691772309,1116.0825254785,434.782608695652
1086.25403927417,2311.7076808352,434.782608695652
1083.76833209048,2324.13621675367,434.782608695652
1091.22545364156,1098.68257519264,449.775112443778
1098.68257519264,1138.45389013174,449.775112443778
1098.68257519264,2316.67909520259,434.782608695652
1272.68207805121,2043.25130499627,449.775112443778
1302.51056425553,91.9711657966692,434.782608695652
1312.45339299031,1692.76659209545,434.782608695652
1317.42480735769,999.254287844892,449.775112443778
1322.39622172508,1807.10912254536,449.775112443778
1359.68182948049,69.5998011434253,434.782608695652
1451.65299527716,1585.88118319662,434.782608695652
1459.11011682824,1570.96694009446,449.775112443778
1503.85284613473,1001.73999502859,449.775112443778
1511.30996768581,989.311459110117,434.782608695652
1608.25254784986,770.569226945066,449.775112443778
1625.65249813572,775.540641312453,449.775112443778
1682.82376336068,183.942331593338,449.775112443778
1735.02361421825,909.768829231916,449.775112443778
1874.2232165051,2050.70842654735,449.775112443778
2043.25130499627,934.625901068854,434.782608695652
2189.9080288342,604.026845637584,434.782608695652
2192.3937360179,1866.76609495401,434.782608695652
2353.96470295799,1429.28163062391,434.782608695652
290.82774049217,688.540889883172,464.767616191904
412.627392493164,1193.13944817301,449.775112443778
444.941585881183,862.540392741735,464.767616191904
479.741486452896,1998.50857568978,449.775112443778
519.512801391996,2013.42281879195,449.775112443778
521.99850857569,2008.45140442456,449.775112443778
924.683072334079,2105.39398458862,479.76011994003
1031.56848123291,1889.13745960726,449.775112443778
1116.0825254785,1130.99676858066,449.775112443778
1210.53939845886,1160.82525478499,449.775112443778
1307.48197862292,1009.19711657967,464.767616191904
1493.91001739995,927.168779517773,449.775112443778
1498.88143176734,937.111608252548,464.767616191904
1516.28138205319,1001.73999502859,449.775112443778
1513.7956748695,984.340044742729,464.767616191904
1541.13845389013,256.027839920457,464.767616191904
1610.73825503356,782.997762863535,449.775112443778
1687.79517772806,1436.73875217499,449.775112443778
1695.25229927915,1434.2530449913,449.775112443778
1712.652249565,1016.65423813075,464.767616191904
1722.59507829978,1026.59706686552,464.767616191904
2296.79343773304,1285.11061396967,464.767616191904
2324.13621675367,1240.36788466319,464.767616191904
223.713646532438,812.82624906786,464.767616191904
285.856326124783,698.483718617947,464.767616191904
362.913248819289,1091.22545364156,464.767616191904
472.284364901815,1993.5371613224,464.767616191904
517.027094208302,1349.73900074571,464.767616191904
526.969922943077,1946.30872483221,464.767616191904
539.398458861546,1956.25155356699,464.767616191904
633.855331841909,1091.22545364156,464.767616191904
643.798160576684,1106.13969674372,464.767616191904
703.455132985334,1764.85210042257,479.76011994003
845.140442455879,2174.99378573204,464.767616191904
914.740243599304,2145.16529952772,479.76011994003
909.768829231916,2237.13646532438,464.767616191904
1123.53964702958,156.599552572707,464.767616191904
1185.68232662192,2170.02237136465,464.767616191904
1193.13944817301,2162.56524981357,464.767616191904
1240.36788466319,1290.08202833706,464.767616191904
1245.33929903057,1304.99627143922,464.767616191904
1324.88192890877,2271.9363658961,464.767616191904
1334.82475764355,2259.50782997763,479.76011994003
1344.76758637832,2281.87919463087,464.767616191904
1451.65299527716,1543.62416107383,464.767616191904
1491.42431021626,934.625901068854,464.767616191904
1498.88143176734,984.340044742729,464.767616191904
1521.25279642058,976.882923191648,464.767616191904
1585.88118319662,860.054685558041,464.767616191904
1595.82401193139,867.511807109123,464.767616191904
1633.1096196868,961.968680089485,464.767616191904
1633.1096196868,439.970171513796,464.767616191904
1648.02386278896,954.511558538404,464.767616191904
1702.70942083023,1886.65175242356,464.767616191904
1707.68083519761,1881.68033805618,464.767616191904
300.770569226945,695.998011434253,479.76011994003
320.656226696495,1240.36788466319,494.752623688156
345.513298533433,1138.45389013174,509.745127436282
375.341784737758,1093.71116082525,479.76011994003
484.712900820283,1993.5371613224,479.76011994003
546.855580412627,1943.82301764852,479.76011994003
551.826994780015,1956.25155356699,479.76011994003
554.312701963709,1946.30872483221,479.76011994003
561.76982351479,1941.33731046483,479.76011994003
646.283867760378,1093.71116082525,479.76011994003
656.226696495153,1108.62540392742,494.752623688156
782.997762863535,2028.33706189411,494.752623688156
787.969177230922,2013.42281879195,479.76011994003
792.94059159831,2008.45140442456,479.76011994003
797.912005965697,2025.85135471042,494.752623688156
860.054685558041,2172.50807854835,479.76011994003
1048.96843151877,1886.65175242356,479.76011994003
1056.42555306985,1874.2232165051,479.76011994003
1066.36838180462,357.941834451902,479.76011994003
1068.85408898832,919.711657966692,494.752623688156
1078.79691772309,335.570469798658,479.76011994003
1106.13969674372,1705.19512801392,494.752623688156
1135.96818294805,149.142431021626,479.76011994003
1138.45389013174,154.113845389013,479.76011994003
1203.08227690778,355.456127268208,494.752623688156
1200.59656972409,2167.53666418096,479.76011994003
1210.53939845886,2160.07954262988,479.76011994003
1252.79642058166,1290.08202833706,479.76011994003
1257.76783494904,1304.99627143922,479.76011994003
1285.11061396967,2043.25130499627,479.76011994003
1295.05344270445,2229.6793437733,494.752623688156
1337.31046482724,2271.9363658961,479.76011994003
1352.22470792941,2261.99353716132,479.76011994003
1354.7104151131,2281.87919463087,479.76011994003
1369.62465821526,2112.8511061397,494.752623688156
1394.4817300522,604.026845637584,479.76011994003
1464.08153119563,1548.59557544121,479.76011994003
1511.30996768581,939.597315436242,479.76011994003
1526.22421078797,989.311459110117,479.76011994003
1528.70991797166,1001.73999502859,479.76011994003
1558.53840417599,253.542132736764,479.76011994003
1595.82401193139,877.454635843898,479.76011994003
1605.76684066617,862.540392741735,479.76011994003
1635.59532687049,775.540641312453,479.76011994003
1648.02386278896,964.454387273179,479.76011994003
1645.53815560527,442.455878697489,479.76011994003
1655.48098434004,952.02585135471,479.76011994003
1660.45239870743,956.997265722098,479.76011994003
1667.90952025851,949.540144171017,479.76011994003
1727.56649266716,1016.65423813075,479.76011994003
1735.02361421825,1029.08277404922,479.76011994003
1769.82351478996,1983.59433258762,494.752623688156
1777.28063634104,1993.5371613224,494.752623688156
1794.6805866269,1506.33855331842,494.752623688156
2309.2219736515,1287.59632115337,479.76011994003
2336.56475267214,1242.85359184688,479.76011994003
270.94208302262,852.59756400696,494.752623688156
439.970171513796,1613.22396221725,494.752623688156
658.712403678847,1275.1677852349,524.737631184408
678.598061148397,1275.1677852349,509.745127436282
728.312204822272,1690.28088491176,509.745127436282
733.283619189659,1707.68083519761,494.752623688156
743.226447924435,899.826000497141,509.745127436282
802.883420333085,2015.90852597564,494.752623688156
847.626149639573,1565.99552572707,509.745127436282
865.026099925429,1742.48073576933,509.745127436282
1086.25403927417,944.568729803629,509.745127436282
1103.65398956003,932.14019388516,509.745127436282
1148.39671886652,1327.36763609247,509.745127436282
1277.65349241859,1295.05344270445,509.745127436282
1399.45314441959,2048.22271936366,494.752623688156
1454.13870246085,2217.25080785483,494.752623688156
1570.96694009446,1001.73999502859,509.745127436282
1615.70966940094,2075.56549838429,494.752623688156
1623.16679095203,2085.50832711907,494.752623688156
1662.93810589113,899.826000497141,509.745127436282
1707.68083519761,1774.79492915735,509.745127436282
2152.6224210788,1396.96743723589,494.752623688156
2160.07954262988,1605.76684066617,509.745127436282
2172.50807854835,1598.30971911509,509.745127436282
268.456375838926,1379.56748695004,509.745127436282
310.71339796172,1349.73900074571,524.737631184408
482.22719363659,961.968680089485,524.737631184408
494.655729555058,952.02585135471,509.745127436282
584.141188168034,1712.652249565,539.730134932534
678.598061148397,1292.56773552076,524.737631184408
693.512304250559,1275.1677852349,524.737631184408
800.397713149391,2068.10837683321,524.737631184408
1083.76833209048,912.25453641561,509.745127436282
1088.73974645787,1946.30872483221,509.745127436282
1098.68257519264,1941.33731046483,509.745127436282
1160.82525478499,1327.36763609247,509.745127436282
1317.42480735769,1730.05219985086,524.737631184408
1382.05319413373,2058.16554809843,524.737631184408
1394.4817300522,2040.76559781258,509.745127436282
1406.91026597067,1304.99627143922,524.737631184408
1558.53840417599,1968.68008948546,524.737631184408
1590.85259756401,996.768580661198,509.745127436282
1618.19537658464,2055.67984091474,509.745127436282
1640.56674123788,519.512801391996,539.730134932534
313.199105145414,1337.31046482724,524.737631184408
352.970420084514,1372.11036539896,554.72263868066
442.455878697489,1739.99502858563,539.730134932534
596.569724086503,1727.56649266716,524.737631184408
599.055431270196,879.940343027591,554.72263868066
894.854586129754,623.912503107134,554.72263868066
1004.22570221228,959.482972905792,539.730134932534
1009.19711657967,947.054436987323,524.737631184408
1160.82525478499,1638.08103405419,539.730134932534
1235.3964702958,1369.62465821526,539.730134932534
1322.39622172508,884.911757394979,539.730134932534
1384.53890131742,1101.16828237634,569.715142428786
1396.96743723589,1145.91101168282,554.72263868066
1399.45314441959,2050.70842654735,524.737631184408
1409.39597315436,1138.45389013174,524.737631184408
1553.5669898086,1685.30947054437,539.730134932534
1638.08103405419,504.598558289833,539.730134932534
1876.70892368879,1521.25279642058,524.737631184408
1884.16604523987,1518.76708923689,524.737631184408
1891.62316679095,1523.73850360428,524.737631184408
1891.62316679095,1508.82426050211,539.730134932534
589.112602535421,1799.65200099428,569.715142428786
601.54113845389,1712.652249565,539.730134932534
705.940840169028,1317.42480735769,554.72263868066
725.826497638578,502.11285110614,569.715142428786
827.740492170022,981.854337559036,539.730134932534
845.140442455879,981.854337559036,554.72263868066
979.368630375342,347.999005717127,554.72263868066
1004.22570221228,1436.73875217499,554.72263868066
1150.88242605021,400.198856574696,554.72263868066
1329.85334327616,894.854586129754,539.730134932534
1369.62465821526,1759.88068605518,554.72263868066
1367.13895103157,1101.16828237634,539.730134932534
1394.4817300522,1163.31096196868,554.72263868066
1396.96743723589,1103.65398956003,539.730134932534
1409.39597315436,1126.02535421327,539.730134932534
1414.36738752175,1168.28237633607,554.72263868066
1416.85309470544,1140.93959731544,554.72263868066
1474.0243599304,934.625901068854,569.715142428786
1608.25254784986,1541.13845389013,569.715142428786
1628.13820531941,1083.76833209048,554.72263868066
1869.25180213771,1894.10887397465,554.72263868066
2078.05120556798,1118.56823266219,569.715142428786
693.512304250559,1309.96768580661,569.715142428786
907.283122048223,621.42679592344,554.72263868066
1165.79666915237,1454.13870246085,584.707646176912
1170.76808351976,1200.59656972409,569.715142428786
1304.99627143922,1511.30996768581,569.715142428786
1643.05244842158,1081.28262490679,569.715142428786
1665.42381307482,1257.76783494904,584.707646176912
2028.33706189411,1528.70991797166,584.707646176912
2060.65125528213,1126.02535421327,569.715142428786
2073.0797912006,1006.71140939597,584.707646176912
800.397713149391,569.226945065871,584.707646176912
822.769077802635,979.368630375342,569.715142428786
840.169028088491,1655.48098434004,599.700149925038
1019.13994531444,1439.22445935869,569.715142428786
1145.91101168282,1449.16728809346,584.707646176912
1165.79666915237,1441.71016654238,584.707646176912
1260.25354213274,1434.2530449913,584.707646176912
1342.28187919463,375.341784737758,569.715142428786
1461.59582401193,924.683072334079,569.715142428786
1603.28113348248,1528.70991797166,584.707646176912
1645.53815560527,1933.88018891375,569.715142428786
2078.05120556798,1143.42530449913,584.707646176912
966.940094456873,539.398458861546,599.700149925038
1150.88242605021,855.083271190654,614.692653673163
1451.65299527716,1183.19661943823,599.700149925038
1526.22421078797,1638.08103405419,599.700149925038
1620.68108376833,638.826746209297,614.692653673163
1628.13820531941,855.083271190654,614.692653673163
1029.08277404922,745.712155108128,614.692653673163
1116.0825254785,1886.65175242356,629.685157421289
1203.08227690778,526.969922943077,614.692653673163
1213.02510564256,1272.68207805121,644.677661169415
1367.13895103157,1834.451901566,629.685157421289
1687.79517772806,1011.68282376336,629.685157421289
1767.33780760626,1153.36813323391,629.685157421289
815.311956251554,1640.56674123788,644.677661169415
874.968928660204,1287.59632115337,629.685157421289
879.940343027591,1280.13919960229,629.685157421289
1160.82525478499,1526.22421078797,644.677661169415
1205.56798409147,519.512801391996,614.692653673163
1215.51081282625,1869.25180213771,629.685157421289
1215.51081282625,755.654983842903,644.677661169415
1329.85334327616,1399.45314441959,644.677661169415
1483.96718866518,1590.85259756401,629.685157421289
1573.45264727815,944.568729803629,644.677661169415
782.997762863535,1635.59532687049,644.677661169415
989.311459110117,1802.13770817798,659.670164917541
1488.93860303256,1575.93835446184,644.677661169415
1697.73800646284,1570.96694009446,644.677661169415
1844.39473030077,1287.59632115337,659.670164917541
837.683320904797,1039.02560278399,659.670164917541
1148.39671886652,961.968680089485,674.662668665667
1225.45364156102,1660.45239870743,674.662668665667
1071.33979617201,1526.22421078797,689.655172413793
1076.3112105394,1543.62416107383,689.655172413793
1078.79691772309,1068.85408898832,659.670164917541
1198.11086254039,723.340790454884,674.662668665667
1334.82475764355,1521.25279642058,689.655172413793
1667.90952025851,1088.73974645787,659.670164917541
1697.73800646284,1548.59557544121,674.662668665667
1764.85210042257,1153.36813323391,659.670164917541
1769.82351478996,1158.33954760129,659.670164917541
1088.73974645787,1531.19562515536,689.655172413793
1170.76808351976,1474.0243599304,704.647676161919
1319.91051454139,1533.68133233905,704.647676161919
1436.73875217499,1541.13845389013,704.647676161919
1551.08128262491,1347.25329356202,704.647676161919
1670.39522744221,1083.76833209048,674.662668665667
1687.79517772806,1083.76833209048,674.662668665667
1319.91051454139,1508.82426050211,704.647676161919
1071.33979617201,1513.7956748695,719.640179910045
1076.3112105394,1533.68133233905,719.640179910045
1309.96768580661,1511.30996768581,719.640179910045
