9.94282873477504,1913.9945314442,14.9925037481259
29.8284862043251,1807.10912254536,29.9850074962519
226.199353716132,897.340293313448,14.9925037481259
228.685060899826,904.797414864529,14.9925037481259
231.17076808352,865.026099925429,14.9925037481259
308.227690778026,2435.99304001989,14.9925037481259
343.027591349739,2418.59308973403,14.9925037481259
382.798906288839,99.4282873477504,14.9925037481259
457.370121799652,238.627889634601,14.9925037481259
544.369873228934,1322.39622172508,14.9925037481259
596.569724086503,1822.02336564753,14.9925037481259
638.826746209297,909.768829231916,14.9925037481259
643.798160576684,867.511807109123,14.9925037481259
653.740989311459,564.255530698484,14.9925037481259
807.854834700472,79.5426298782003,29.9850074962519
884.911757394979,129.256773552076,14.9925037481259
899.826000497141,136.713895103157,14.9925037481259
912.25453641561,1730.05219985086,14.9925037481259
959.482972905792,1762.36639323888,14.9925037481259
1043.99701715138,2023.36564752672,29.9850074962519
1148.39671886652,1792.1948794432,14.9925037481259
1175.73949788715,1799.65200099428,14.9925037481259
1419.33880188914,1864.28038777032,14.9925037481259
1439.22445935869,1861.79468058663,14.9925037481259
1451.65299527716,1551.08128262491,14.9925037481259
1464.08153119563,1871.7375093214,29.9850074962519
1478.99577429779,1518.76708923689,14.9925037481259
1491.42431021626,1884.16604523987,14.9925037481259
1526.22421078797,1899.08028834203,14.9925037481259
1874.2232165051,1692.76659209545,14.9925037481259
1921.45165299528,1739.99502858563,14.9925037481259
1963.70867511807,2179.96520009943,14.9925037481259
1973.65150385285,1011.68282376336,14.9925037481259
1978.62291822023,2314.19338801889,14.9925037481259
1981.10862540393,991.797166293811,14.9925037481259
1983.59433258762,2306.73626646781,14.9925037481259
1996.02286850609,1737.50932140194,14.9925037481259
2005.96569724086,2271.9363658961,14.9925037481259
2028.33706189411,1662.93810589113,14.9925037481259
2060.65125528213,2202.33656475267,14.9925037481259
2065.62266964952,2232.165050957,14.9925037481259
2085.50832711907,2306.73626646781,14.9925037481259
2152.6224210788,2304.25055928412,14.9925037481259
2150.1367138951,2018.39423315933,14.9925037481259
2162.56524981357,2010.93711160825,14.9925037481259
2249.56500124285,544.369873228934,14.9925037481259
2296.79343773304,544.369873228934,14.9925037481259
2426.05021128511,1163.31096196868,29.9850074962519
2458.36440467313,1570.96694009446,14.9925037481259
7.45712155108128,1809.59482972906,29.9850074962519
12.4285359184688,1824.50907283122,29.9850074962519
47.2284364901815,1051.45413870246,29.9850074962519
44.7427293064877,1066.36838180462,44.9775112443778
178.970917225951,1759.88068605518,29.9850074962519
345.513298533433,531.941337310465,29.9850074962519
390.25602783992,44.7427293064877,44.9775112443778
400.198856574696,1369.62465821526,29.9850074962519
400.198856574696,49.7141436738752,44.9775112443778
417.598806860552,1372.11036539896,44.9775112443778
432.513049962714,1546.10986825752,59.9700149925037
444.941585881183,1086.25403927417,44.9775112443778
474.770072085508,1394.4817300522,29.9850074962519
484.712900820283,1404.42455878698,44.9775112443778
623.912503107134,1220.48222719364,44.9775112443778
633.855331841909,758.140691026597,29.9850074962519
817.797663435247,596.569724086503,44.9775112443778
969.425801640567,865.026099925429,29.9850074962519
1001.73999502859,1063.88267462093,44.9775112443778
1001.73999502859,1076.3112105394,44.9775112443778
1063.88267462093,1128.51106139697,59.9700149925037
1153.36813323391,1958.73726075068,44.9775112443778
1195.6251553567,370.37037037037,29.9850074962519
1200.59656972409,355.456127268208,29.9850074962519
1297.53914988814,2418.59308973403,29.9850074962519
1300.02485707184,1516.28138205319,29.9850074962519
1307.48197862292,2428.5359184688,29.9850074962519
1304.99627143922,1528.70991797166,29.9850074962519
1446.68158090977,1899.08028834203,29.9850074962519
1585.88118319662,34.7999005717127,29.9850074962519
1655.48098434004,1909.02311707681,29.9850074962519
1657.96669152374,1911.5088242605,29.9850074962519
1675.36664180959,705.940840169028,29.9850074962519
1884.16604523987,1695.25229927915,29.9850074962519
1991.0514541387,2311.7076808352,29.9850074962519
2015.90852597564,2274.42207307979,29.9850074962519
2075.56549838429,2232.165050957,29.9850074962519
2095.45115585384,2309.2219736515,29.9850074962519
2100.42257022123,161.570966940094,29.9850074962519
2110.365398956,149.142431021626,29.9850074962519
2172.50807854835,2010.93711160825,29.9850074962519
2289.33631618195,280.884911757395,29.9850074962519
2478.25006214268,1163.31096196868,29.9850074962519
395.227442207308,1354.7104151131,44.9775112443778
405.170270942083,1382.05319413373,44.9775112443778
417.598806860552,1528.70991797166,44.9775112443778
422.570221227939,1357.19612229679,44.9775112443778
447.427293064877,569.226945065871,59.9700149925037
449.913000248571,144.171016654238,59.9700149925037
544.369873228934,611.483967188665,59.9700149925037
606.512552821278,1217.99652000994,44.9775112443778
616.455381556053,1235.3964702958,59.9700149925037
971.911508824261,877.454635843898,44.9775112443778
1091.22545364156,1682.82376336068,59.9700149925037
1213.02510564256,367.884663186677,44.9775112443778
1312.45339299031,2391.2503107134,44.9775112443778
1314.939100174,1486.45289584887,44.9775112443778
1314.939100174,1687.79517772806,59.9700149925037
1319.91051454139,1501.36713895103,44.9775112443778
1322.39622172508,2398.70743226448,44.9775112443778
1409.39597315436,357.941834451902,44.9775112443778
1436.73875217499,201.342281879195,44.9775112443778
1488.93860303256,380.313199105145,44.9775112443778
1496.39572458364,395.227442207308,44.9775112443778
1588.36689038031,64.6283867760378,44.9775112443778
1590.85259756401,54.6855580412627,44.9775112443778
1605.76684066617,74.5712155108128,44.9775112443778
1662.93810589113,730.797912005966,44.9775112443778
1670.39522744221,544.369873228934,44.9775112443778
1670.39522744221,554.312701963709,44.9775112443778
1672.8809346259,1881.68033805618,59.9700149925037
1672.8809346259,1866.76609495401,44.9775112443778
1680.33805617698,720.855083271191,44.9775112443778
1687.79517772806,723.340790454884,44.9775112443778
1690.28088491176,728.312204822272,44.9775112443778
1899.08028834203,1667.90952025851,44.9775112443778
2107.87969177231,178.970917225951,44.9775112443778
2115.33681332339,159.085259756401,44.9775112443778
2122.79393487447,178.970917225951,44.9775112443778
2296.79343773304,298.284862043251,44.9775112443778
12.4285359184688,2033.3084762615,59.9700149925037
325.627641063883,1317.42480735769,59.9700149925037
328.113348247576,1329.85334327616,59.9700149925037
459.855828983346,1237.88217747949,59.9700149925037
564.255530698484,19.8856574695501,59.9700149925037
604.026845637584,1230.42505592841,74.9625187406297
611.483967188665,1884.16604523987,74.9625187406297
628.883917474521,1227.93934874472,59.9700149925037
855.083271190654,1913.9945314442,74.9625187406297
914.740243599304,1886.65175242356,59.9700149925037
937.111608252548,1871.7375093214,74.9625187406297
1106.13969674372,1685.30947054437,59.9700149925037
1178.22520507084,1319.91051454139,74.9625187406297
1188.16803380562,1329.85334327616,74.9625187406297
1195.6251553567,1297.53914988814,74.9625187406297
1203.08227690778,1314.939100174,59.9700149925037
1217.99652000994,2468.3072334079,74.9625187406297
1324.88192890877,1692.76659209545,59.9700149925037
1387.02460850112,554.312701963709,59.9700149925037
1414.36738752175,343.027591349739,59.9700149925037
1491.42431021626,365.398956002983,59.9700149925037
1496.39572458364,1029.08277404922,59.9700149925037
1498.88143176734,1488.93860303256,59.9700149925037
1501.36713895103,380.313199105145,59.9700149925037
1503.85284613473,1476.51006711409,59.9700149925037
1508.82426050211,1029.08277404922,59.9700149925037
1508.82426050211,1043.99701715138,59.9700149925037
1610.73825503356,62.142679592344,59.9700149925037
1628.13820531941,119.313944817301,59.9700149925037
1640.56674123788,1986.08003977131,59.9700149925037
1652.99527715635,1983.59433258762,74.9625187406297
1685.30947054437,705.940840169028,59.9700149925037
1692.76659209545,708.426547352722,59.9700149925037
1829.48048719861,2371.36465324385,74.9625187406297
24.8570718369376,320.656226696495,74.9625187406297
119.313944817301,1921.45165299528,89.9550224887556
121.799652000994,979.368630375342,89.9550224887556
139.199602286851,1337.31046482724,89.9550224887556
141.685309470544,263.484961471539,74.9625187406297
141.685309470544,275.913497390007,89.9550224887556
161.570966940094,1834.451901566,89.9550224887556
161.570966940094,273.427790206314,74.9625187406297
169.028088491176,2393.73601789709,89.9550224887556
216.256524981357,1247.82500621427,74.9625187406297
377.827491921452,832.71190653741,89.9550224887556
375.341784737758,820.283370618941,89.9550224887556
420.084514044246,782.997762863535,74.9625187406297
439.970171513796,1247.82500621427,74.9625187406297
454.884414615958,141.685309470544,74.9625187406297
785.483470047228,1981.10862540393,74.9625187406297
865.026099925429,1901.56599552573,74.9625187406297
869.997514292816,1928.90877454636,74.9625187406297
879.940343027591,1913.9945314442,74.9625187406297
934.625901068854,1894.10887397465,89.9550224887556
952.02585135471,1894.10887397465,89.9550224887556
1178.22520507084,1304.99627143922,74.9625187406297
1295.05344270445,884.911757394979,74.9625187406297
1372.11036539896,539.398458861546,74.9625187406297
1382.05319413373,2301.76485210042,74.9625187406297
1394.4817300522,531.941337310465,74.9625187406297
1404.42455878698,1563.50981854338,74.9625187406297
1416.85309470544,1556.05269699229,74.9625187406297
1483.96718866518,1014.16853094705,74.9625187406297
1578.42406164554,1792.1948794432,74.9625187406297
1722.59507829978,1849.36614466816,74.9625187406297
1742.48073576933,1846.88043748446,74.9625187406297
2053.19413373105,2284.36490181457,89.9550224887556
2252.05070842655,2254.53641561024,89.9550224887556
2386.27889634601,1595.82401193139,74.9625187406297
2386.27889634601,1580.90976882923,74.9625187406297
12.4285359184688,2160.07954262988,89.9550224887556
79.5426298782003,1153.36813323391,104.947526236882
171.513795674869,1826.99478001491,89.9550224887556
216.256524981357,2463.33581904052,104.947526236882
233.656475267214,2316.67909520259,104.947526236882
295.799154859558,2252.05070842655,104.947526236882
355.456127268208,852.59756400696,104.947526236882
365.398956002983,835.197613721104,104.947526236882
360.427541635595,807.854834700472,104.947526236882
362.913248819289,265.970668655232,89.9550224887556
370.37037037037,278.399204573701,104.947526236882
372.856077554064,802.883420333085,89.9550224887556
430.027342779021,1565.99552572707,104.947526236882
442.455878697489,1717.62366393239,104.947526236882
457.370121799652,1720.10937111608,104.947526236882
459.855828983346,89.4854586129754,89.9550224887556
703.455132985334,1695.25229927915,104.947526236882
705.940840169028,1685.30947054437,104.947526236882
760.626398210291,2135.22247079294,89.9550224887556
782.997762863535,7.45712155108128,89.9550224887556
820.283370618941,695.998011434253,89.9550224887556
840.169028088491,2393.73601789709,89.9550224887556
840.169028088491,2406.16455381556,89.9550224887556
852.59756400696,1928.90877454636,89.9550224887556
907.283122048223,855.083271190654,119.940029985007
1029.08277404922,2194.87944320159,104.947526236882
1046.48272433507,1078.79691772309,89.9550224887556
1056.42555306985,1073.8255033557,104.947526236882
1116.0825254785,1546.10986825752,89.9550224887556
1126.02535421327,1551.08128262491,104.947526236882
1255.28212776535,32.3141933880189,89.9550224887556
1312.45339299031,2341.53616703952,104.947526236882
1334.82475764355,2329.10763112105,104.947526236882
1337.31046482724,2344.02187422322,119.940029985007
1377.08177976634,2309.2219736515,89.9550224887556
1396.96743723589,912.25453641561,104.947526236882
1394.4817300522,787.969177230922,104.947526236882
1414.36738752175,897.340293313448,104.947526236882
1409.39597315436,1556.05269699229,89.9550224887556
1496.39572458364,2478.25006214268,89.9550224887556
1508.82426050211,2478.25006214268,89.9550224887556
1508.82426050211,1034.0541884166,89.9550224887556
1556.05269699229,2294.30773054934,104.947526236882
1563.50981854338,1431.76733780761,89.9550224887556
1618.19537658464,509.569972657221,89.9550224887556
1717.62366393239,2301.76485210042,89.9550224887556
1715.13795674869,1851.85185185185,89.9550224887556
1722.59507829978,1834.451901566,89.9550224887556
1730.05219985086,285.856326124783,104.947526236882
1854.33755903555,9.94282873477504,89.9550224887556
1896.59458115834,661.19811086254,89.9550224887556
1894.10887397465,352.970420084514,104.947526236882
1904.05170270942,668.655232413622,104.947526236882
1996.02286850609,2204.82227193637,89.9550224887556
2010.93711160825,2207.30797912006,89.9550224887556
2150.1367138951,2314.19338801889,89.9550224887556
2162.56524981357,2070.5940840169,104.947526236882
2182.45090728312,2070.5940840169,104.947526236882
2212.27939348745,1011.68282376336,104.947526236882
2224.70792940592,1789.70917225951,104.947526236882
2224.70792940592,1772.30922197365,89.9550224887556
2232.165050957,1777.28063634104,89.9550224887556
2391.2503107134,2095.45115585384,89.9550224887556
2406.16455381556,2095.45115585384,89.9550224887556
2478.25006214268,1983.59433258762,89.9550224887556
86.9997514292816,1135.96818294805,104.947526236882
124.285359184688,2321.65050956997,119.940029985007
193.885160328113,84.5140442455879,104.947526236882
218.742232165051,1245.33929903057,104.947526236882
352.970420084514,812.82624906786,104.947526236882
792.94059159831,7.45712155108128,104.947526236882
1053.93984588615,1138.45389013174,119.940029985007
1053.93984588615,1158.33954760129,119.940029985007
1116.0825254785,1225.45364156102,119.940029985007
1126.02535421327,1235.3964702958,119.940029985007
1250.31071339796,1695.25229927915,104.947526236882
1257.76783494904,263.484961471539,119.940029985007
1270.19637086751,278.399204573701,119.940029985007
1384.53890131742,914.740243599304,104.947526236882
1396.96743723589,889.883171762366,104.947526236882
1411.88168033806,914.740243599304,104.947526236882
1640.56674123788,1518.76708923689,119.940029985007
1667.90952025851,1884.16604523987,104.947526236882
1844.39473030077,4.97141436738752,104.947526236882
1889.13745960726,661.19811086254,104.947526236882
1894.10887397465,340.541884166045,119.940029985007
1946.30872483221,1369.62465821526,119.940029985007
2020.87994034303,996.768580661198,134.932533733133
2028.33706189411,1304.99627143922,104.947526236882
2102.90827740492,1352.22470792941,104.947526236882
2142.67959234402,1019.13994531444,119.940029985007
2179.96520009943,1001.73999502859,104.947526236882
2192.3937360179,1026.59706686552,104.947526236882
2194.87944320159,1001.73999502859,119.940029985007
2217.25080785483,1784.73775789212,104.947526236882
2239.62217250808,2087.99403430276,119.940029985007
2403.67884663187,2085.50832711907,104.947526236882
74.5712155108128,1133.48247576436,119.940029985007
77.0569226945066,1138.45389013174,119.940029985007
77.0569226945066,1140.93959731544,119.940029985007
144.171016654238,2073.0797912006,134.932533733133
146.656723837932,2087.99403430276,134.932533733133
181.456624409645,144.171016654238,134.932533733133
213.770817797663,2326.62192393736,134.932533733133
236.142182450907,1200.59656972409,134.932533733133
241.113596818295,1185.68232662192,119.940029985007
273.427790206314,2431.0216256525,134.932533733133
325.627641063883,1103.65398956003,119.940029985007
375.341784737758,2107.87969177231,119.940029985007
397.713149391002,1449.16728809346,119.940029985007
402.684563758389,1565.99552572707,134.932533733133
410.141685309471,1404.42455878698,119.940029985007
415.113099676858,1565.99552572707,119.940029985007
425.055928411633,1399.45314441959,119.940029985007
735.769326373353,139.199602286851,134.932533733133
738.255033557047,156.599552572707,119.940029985007
750.683569475516,144.171016654238,119.940029985007
780.512055679841,524.484215759384,119.940029985007
782.997762863535,536.912751677852,134.932533733133
792.94059159831,541.88416604524,134.932533733133
812.82624906786,1322.39622172508,134.932533733133
812.82624906786,1337.31046482724,119.940029985007
879.940343027591,1404.42455878698,134.932533733133
904.797414864529,1295.05344270445,134.932533733133
1039.02560278399,1143.42530449913,119.940029985007
1043.99701715138,1404.42455878698,149.925037481259
1066.36838180462,1396.96743723589,134.932533733133
1076.3112105394,1257.76783494904,119.940029985007
1086.25403927417,1250.31071339796,119.940029985007
1158.33954760129,738.255033557047,134.932533733133
1252.79642058166,1710.16654238131,119.940029985007
1255.28212776535,176.485210042257,134.932533733133
1260.25354213274,1705.19512801392,119.940029985007
1265.22495650012,191.39945314442,134.932533733133
1889.13745960726,1563.50981854338,119.940029985007
2115.33681332339,1643.05244842158,149.925037481259
2130.25105642555,991.797166293811,119.940029985007
2135.22247079294,1021.62565249814,119.940029985007
2257.02212279394,1983.59433258762,119.940029985007
2269.4506587124,1991.0514541387,119.940029985007
27.3427790206314,1777.28063634104,149.925037481259
39.7713149391002,1784.73775789212,134.932533733133
79.5426298782003,295.799154859558,149.925037481259
94.4568729803629,295.799154859558,134.932533733133
141.685309470544,474.770072085508,164.917541229385
221.227939348745,1886.65175242356,149.925037481259
300.770569226945,2028.33706189411,164.917541229385
377.827491921452,2403.67884663187,149.925037481259
425.055928411633,1578.42406164554,149.925037481259
705.940840169028,2478.25006214268,149.925037481259
710.912254536416,181.456624409645,149.925037481259
718.369376087497,2470.7929405916,149.925037481259
725.826497638578,198.856574695501,149.925037481259
832.71190653741,964.454387273179,149.925037481259
1043.99701715138,1394.4817300522,134.932533733133
1048.96843151877,1145.91101168282,134.932533733133
1048.96843151877,1416.85309470544,134.932533733133
1066.36838180462,1411.88168033806,134.932533733133
1210.53939845886,1121.05393984589,149.925037481259
1309.96768580661,2299.27914491673,134.932533733133
1329.85334327616,2299.27914491673,134.932533733133
1344.76758637832,1342.28187919463,134.932533733133
1401.93885160328,827.740492170022,149.925037481259
1454.13870246085,1769.82351478996,149.925037481259
1456.62440964454,1784.73775789212,149.925037481259
1481.48148148148,1168.28237633607,149.925037481259
1657.96669152374,1377.08177976634,164.917541229385
1814.56624409645,2368.87894606015,149.925037481259
1869.25180213771,1913.9945314442,164.917541229385
1874.2232165051,991.797166293811,134.932533733133
1874.2232165051,1004.22570221228,134.932533733133
1886.65175242356,976.882923191648,149.925037481259
1941.33731046483,2321.65050956997,149.925037481259
1946.30872483221,2450.90728312205,149.925037481259
2087.99403430276,1434.2530449913,149.925037481259
2152.6224210788,173.999502858563,149.925037481259
2239.62217250808,1140.93959731544,134.932533733133
2247.07929405916,1145.91101168282,134.932533733133
2311.7076808352,1334.82475764355,134.932533733133
2309.2219736515,1347.25329356202,134.932533733133
2314.19338801889,1347.25329356202,134.932533733133
2319.16480238628,1449.16728809346,134.932533733133
2334.07904548844,1449.16728809346,149.925037481259
2358.93611732538,1295.05344270445,149.925037481259
2463.33581904052,1396.96743723589,134.932533733133
2473.27864777529,1399.45314441959,134.932533733133
14.9142431021626,2137.70817797663,164.917541229385
156.599552572707,479.741486452896,164.917541229385
208.799403430276,1871.7375093214,149.925037481259
434.998757146408,1314.939100174,149.925037481259
514.541387024609,1377.08177976634,149.925037481259
517.027094208302,1826.99478001491,164.917541229385
534.427044494159,1826.99478001491,164.917541229385
636.341039025603,800.397713149391,149.925037481259
648.769574944072,2147.65100671141,164.917541229385
1198.11086254039,1128.51106139697,149.925037481259
1215.51081282625,1434.2530449913,164.917541229385
1270.19637086751,1575.93835446184,164.917541229385
1300.02485707184,2299.27914491673,149.925037481259
1344.76758637832,576.684066616953,179.910044977511
1563.50981854338,2199.85085756898,164.917541229385
1578.42406164554,2209.79368630375,164.917541229385
1590.85259756401,2207.30797912006,149.925037481259
1856.82326621924,1928.90877454636,164.917541229385
1859.30897340293,1846.88043748446,164.917541229385
1879.19463087248,1456.62440964454,164.917541229385
1886.65175242356,1011.68282376336,149.925037481259
1938.85160328113,1802.13770817798,164.917541229385
2070.5940840169,2160.07954262988,149.925037481259
2083.02261993537,2147.65100671141,149.925037481259
2090.47974148645,2162.56524981357,149.925037481259
2097.93686303753,2147.65100671141,149.925037481259
2326.62192393736,2090.47974148645,164.917541229385
2341.53616703952,2090.47974148645,164.917541229385
2346.50758140691,735.769326373353,164.917541229385
2391.2503107134,449.913000248571,149.925037481259
4.97141436738752,1143.42530449913,179.910044977511
49.7141436738752,1988.56574695501,179.910044977511
151.628138205319,469.798657718121,164.917541229385
213.770817797663,1158.33954760129,179.910044977511
599.055431270196,7.45712155108128,164.917541229385
723.340790454884,352.970420084514,164.917541229385
735.769326373353,114.342530449913,179.910044977511
735.769326373353,355.456127268208,164.917541229385
954.511558538404,937.111608252548,179.910044977511
1026.59706686552,1518.76708923689,164.917541229385
1043.99701715138,211.28511061397,164.917541229385
1051.45413870246,221.227939348745,179.910044977511
1078.79691772309,1262.73924931643,164.917541229385
1083.76833209048,1265.22495650012,164.917541229385
1155.8538404176,1036.5398956003,164.917541229385
1217.99652000994,1421.82450907283,164.917541229385
1429.28163062391,72.0855083271191,179.910044977511
1471.53865274671,377.827491921452,179.910044977511
1548.59557544121,2147.65100671141,179.910044977511
1573.45264727815,2132.73676360925,179.910044977511
1580.90976882923,2147.65100671141,179.910044977511
1583.39547601293,2184.93661446682,179.910044977511
1600.79542629878,2155.10812826249,164.917541229385
1665.42381307482,2132.73676360925,179.910044977511
1854.33755903555,1916.48023862789,164.917541229385
1884.16604523987,1652.99527715635,164.917541229385
1899.08028834203,1319.91051454139,179.910044977511
1946.30872483221,2438.47874720358,164.917541229385
2274.42207307979,2083.02261993537,179.910044977511
2274.42207307979,2073.0797912006,179.910044977511
2388.7646035297,462.34153616704,164.917541229385
44.7427293064877,2000.99428287348,179.910044977511
54.6855580412627,1996.02286850609,179.910044977511
139.199602286851,355.456127268208,209.895052473763
211.28511061397,1145.91101168282,179.910044977511
258.513547104151,116.828237633607,179.910044977511
305.741983594333,1558.53840417599,179.910044977511
323.141933880189,1021.62565249814,194.902548725637
382.798906288839,362.913248819289,194.902548725637
544.369873228934,1904.05170270942,194.902548725637
591.598309719115,927.168779517773,194.902548725637
733.283619189659,367.884663186677,179.910044977511
745.712155108128,370.37037037037,179.910044977511
748.197862291822,131.742480735769,179.910044977511
914.740243599304,1404.42455878698,194.902548725637
927.168779517773,1394.4817300522,194.902548725637
1103.65398956003,2117.82252050708,194.902548725637
1155.8538404176,1121.05393984589,179.910044977511
1292.56773552076,248.570718369376,194.902548725637
1322.39622172508,2073.0797912006,179.910044977511
1319.91051454139,1752.4235645041,194.902548725637
1339.79617201094,2075.56549838429,179.910044977511
1424.31021625653,59.6569724086503,179.910044977511
1478.99577429779,395.227442207308,194.902548725637
1493.91001739995,375.341784737758,179.910044977511
1565.99552572707,2172.50807854835,194.902548725637
1583.39547601293,1240.36788466319,179.910044977511
1590.85259756401,2145.16529952772,179.910044977511
1638.08103405419,2137.70817797663,194.902548725637
1799.65200099428,2396.22172508079,194.902548725637
1804.62341536167,2381.30748197862,179.910044977511
1826.99478001491,2396.22172508079,179.910044977511
1859.30897340293,1222.96793437733,179.910044977511
1928.90877454636,855.083271190654,194.902548725637
2060.65125528213,99.4282873477504,179.910044977511
2227.19363658961,1446.68158090977,194.902548725637
2257.02212279394,2000.99428287348,194.902548725637
57.1712652249565,1036.5398956003,209.895052473763
69.5998011434253,1043.99701715138,209.895052473763
104.399701715138,1648.02386278896,209.895052473763
129.256773552076,323.141933880189,194.902548725637
203.827989062888,1091.22545364156,209.895052473763
206.313696246582,1078.79691772309,194.902548725637
208.799403430276,1150.88242605021,194.902548725637
335.570469798658,1016.65423813075,194.902548725637
579.169773800646,947.054436987323,209.895052473763
586.626895351728,7.45712155108128,194.902548725637
589.112602535421,947.054436987323,194.902548725637
596.569724086503,907.283122048223,209.895052473763
604.026845637584,937.111608252548,209.895052473763
840.169028088491,693.512304250559,194.902548725637
937.111608252548,817.797663435247,209.895052473763
964.454387273179,1804.62341536167,194.902548725637
1250.31071339796,743.226447924435,209.895052473763
1252.79642058166,765.597812577678,224.887556221889
1262.73924931643,778.026348496147,224.887556221889
1317.42480735769,2070.5940840169,194.902548725637
1372.11036539896,1290.08202833706,209.895052473763
1521.25279642058,256.027839920457,209.895052473763
1575.93835446184,1332.33905045986,209.895052473763
1575.93835446184,1237.88217747949,194.902548725637
1580.90976882923,2167.53666418096,194.902548725637
1585.88118319662,2155.10812826249,194.902548725637
1633.1096196868,1849.36614466816,194.902548725637
1648.02386278896,2125.27964205817,209.895052473763
1715.13795674869,785.483470047228,209.895052473763
1747.45215013671,84.5140442455879,209.895052473763
1784.73775789212,2378.82177479493,194.902548725637
1792.1948794432,2378.82177479493,194.902548725637
1814.56624409645,2376.33606761124,194.902548725637
1846.88043748446,1227.93934874472,194.902548725637
1846.88043748446,1235.3964702958,194.902548725637
1854.33755903555,1846.88043748446,194.902548725637
1891.62316679095,2120.30822769078,209.895052473763
1926.42306736266,1260.25354213274,209.895052473763
1953.7658463833,171.513795674869,194.902548725637
1951.2801391996,1158.33954760129,194.902548725637
2083.02261993537,1817.05195128014,209.895052473763
2107.87969177231,1066.36838180462,209.895052473763
2234.65075814069,1439.22445935869,194.902548725637
2266.96495152871,2083.02261993537,194.902548725637
116.828237633607,2147.65100671141,209.895052473763
126.771066368382,2155.10812826249,224.887556221889
308.227690778026,1556.05269699229,209.895052473763
544.369873228934,1419.33880188914,239.880059970015
579.169773800646,934.625901068854,209.895052473763
584.141188168034,912.25453641561,209.895052473763
606.512552821278,917.225950782998,224.887556221889
653.740989311459,780.512055679841,224.887556221889
919.711657966692,1220.48222719364,224.887556221889
1039.02560278399,2339.05045985583,209.895052473763
1046.48272433507,2353.96470295799,209.895052473763
1359.68182948049,661.19811086254,224.887556221889
1367.13895103157,643.798160576684,209.895052473763
1384.53890131742,1290.08202833706,209.895052473763
1387.02460850112,648.769574944072,224.887556221889
1518.76708923689,273.427790206314,209.895052473763
1839.42331593338,2418.59308973403,209.895052473763
1874.2232165051,1884.16604523987,224.887556221889
2050.70842654735,1024.11135968183,224.887556221889
2092.96544867015,1824.50907283122,209.895052473763
2107.87969177231,1093.71116082525,224.887556221889
2182.45090728312,2025.85135471042,209.895052473763
2207.30797912006,1123.53964702958,224.887556221889
2393.73601789709,581.65548098434,224.887556221889
246.085011185682,2252.05070842655,239.880059970015
256.027839920457,2264.47924434502,224.887556221889
288.342033308476,452.398707432264,224.887556221889
340.541884166045,2073.0797912006,239.880059970015
534.427044494159,1411.88168033806,224.887556221889
591.598309719115,1446.68158090977,239.880059970015
601.54113845389,2329.10763112105,224.887556221889
608.998260004971,2055.67984091474,239.880059970015
613.969674372359,2331.59333830475,224.887556221889
646.283867760378,787.969177230922,224.887556221889
778.026348496147,1121.05393984589,239.880059970015
902.311707680835,611.483967188665,239.880059970015
1016.65423813075,1158.33954760129,239.880059970015
1046.48272433507,981.854337559036,224.887556221889
1135.96818294805,1150.88242605021,224.887556221889
1215.51081282625,2150.1367138951,224.887556221889
1222.96793437733,64.6283867760378,239.880059970015
1232.91076311211,2145.16529952772,224.887556221889
1240.36788466319,760.626398210291,224.887556221889
1242.85359184688,1692.76659209545,224.887556221889
1372.11036539896,1483.96718866518,224.887556221889
1590.85259756401,1148.39671886652,239.880059970015
1598.30971911509,1846.88043748446,254.872563718141
1799.65200099428,2383.79318916232,224.887556221889
1841.90902311708,976.882923191648,224.887556221889
1859.30897340293,613.969674372359,224.887556221889
2035.79418344519,1021.62565249814,224.887556221889
2050.70842654735,2165.05095699727,224.887556221889
2058.16554809843,2162.56524981357,224.887556221889
2092.96544867015,1078.79691772309,224.887556221889
2172.50807854835,2137.70817797663,224.887556221889
2182.45090728312,2127.76534924186,224.887556221889
2202.33656475267,1108.62540392742,224.887556221889
2403.67884663187,1787.22346507581,239.880059970015
323.141933880189,129.256773552076,239.880059970015
551.826994780015,1406.91026597067,239.880059970015
584.141188168034,1436.73875217499,239.880059970015
618.941088739746,738.255033557047,254.872563718141
671.140939597315,27.3427790206314,254.872563718141
787.969177230922,1267.71066368382,254.872563718141
797.912005965697,2063.13696246582,254.872563718141
889.883171762366,613.969674372359,239.880059970015
1148.39671886652,1551.08128262491,239.880059970015
1158.33954760129,1548.59557544121,239.880059970015
1362.16753666418,472.284364901815,254.872563718141
1374.59607258265,1590.85259756401,269.865067466267
1419.33880188914,817.797663435247,254.872563718141
1439.22445935869,1198.11086254039,254.872563718141
1454.13870246085,1203.08227690778,239.880059970015
1665.42381307482,2316.67909520259,254.872563718141
1702.70942083023,439.970171513796,239.880059970015
1710.16654238131,2197.36515038528,254.872563718141
1715.13795674869,430.027342779021,254.872563718141
1953.7658463833,2165.05095699727,239.880059970015
1956.25155356699,1401.93885160328,254.872563718141
1968.68008948546,1406.91026597067,239.880059970015
1971.16579666915,763.112105393985,254.872563718141
1981.10862540393,770.569226945066,254.872563718141
2030.8227690778,2316.67909520259,239.880059970015
2058.16554809843,1165.79666915237,239.880059970015
2060.65125528213,1178.22520507084,254.872563718141
2182.45090728312,2140.19388516033,239.880059970015
2187.42232165051,2132.73676360925,239.880059970015
2276.90778026349,1764.85210042257,239.880059970015
2284.36490181457,1744.96644295302,239.880059970015
2289.33631618195,1757.39497887149,239.880059970015
181.456624409645,1752.4235645041,254.872563718141
191.39945314442,1747.45215013671,254.872563718141
256.027839920457,673.626646781009,269.865067466267
385.284613472533,2291.82202336565,254.872563718141
400.198856574696,2289.33631618195,269.865067466267
462.34153616704,1603.28113348248,269.865067466267
604.026845637584,2110.365398956,269.865067466267
626.398210290828,733.283619189659,254.872563718141
691.026597066866,1098.68257519264,254.872563718141
700.969425801641,1091.22545364156,254.872563718141
703.455132985334,1098.68257519264,254.872563718141
850.111856823266,360.427541635595,269.865067466267
862.540392741735,1307.48197862292,269.865067466267
882.426050211285,1118.56823266219,269.865067466267
899.826000497141,1083.76833209048,269.865067466267
966.940094456873,1493.91001739995,254.872563718141
1024.11135968183,1168.28237633607,254.872563718141
1068.85408898832,1143.42530449913,269.865067466267
1222.96793437733,1739.99502858563,284.857571214393
1391.99602286851,1598.30971911509,254.872563718141
1396.96743723589,830.226199353716,269.865067466267
1411.88168033806,805.369127516779,254.872563718141
1439.22445935869,2438.47874720358,269.865067466267
1439.22445935869,2448.42157593835,269.865067466267
1449.16728809346,1188.16803380562,254.872563718141
1456.62440964454,2440.96445438727,254.872563718141
1508.82426050211,1580.90976882923,269.865067466267
1590.85259756401,2127.76534924186,269.865067466267
1759.88068605518,835.197613721104,269.865067466267
2048.22271936366,1163.31096196868,254.872563718141
2063.13696246582,1732.53790703455,254.872563718141
2092.96544867015,2227.19363658961,269.865067466267
2105.39398458862,1088.73974645787,254.872563718141
2137.70817797663,420.084514044246,269.865067466267
2366.39323887646,797.912005965697,254.872563718141
124.285359184688,1963.70867511807,284.857571214393
270.94208302262,663.683818046234,269.865067466267
280.884911757395,2187.42232165051,284.857571214393
300.770569226945,2194.87944320159,284.857571214393
343.027591349739,2073.0797912006,269.865067466267
442.455878697489,2232.165050957,284.857571214393
459.855828983346,2247.07929405916,269.865067466267
459.855828983346,2227.19363658961,269.865067466267
638.826746209297,258.513547104151,284.857571214393
648.769574944072,546.855580412627,284.857571214393
663.683818046234,549.341287596321,284.857571214393
795.426298782004,792.94059159831,284.857571214393
835.197613721104,347.999005717127,284.857571214393
845.140442455879,1846.88043748446,284.857571214393
852.59756400696,1297.53914988814,269.865067466267
857.568978374347,1854.33755903555,284.857571214393
862.540392741735,1128.51106139697,269.865067466267
887.397464578673,2480.73576932637,284.857571214393
964.454387273179,2475.76435495899,269.865067466267
966.940094456873,678.598061148397,269.865067466267
971.911508824261,693.512304250559,269.865067466267
1411.88168033806,1633.1096196868,284.857571214393
1456.62440964454,2319.16480238628,269.865067466267
1456.62440964454,2428.5359184688,269.865067466267
1459.11011682824,2329.10763112105,269.865067466267
1518.76708923689,922.197365150385,284.857571214393
1523.73850360428,959.482972905792,284.857571214393
1551.08128262491,2470.7929405916,269.865067466267
1630.62391250311,2209.79368630375,284.857571214393
1638.08103405419,2229.6793437733,284.857571214393
1652.99527715635,2247.07929405916,284.857571214393
1730.05219985086,1461.59582401193,269.865067466267
1727.56649266716,1444.19587372608,284.857571214393
1742.48073576933,1449.16728809346,284.857571214393
1749.93785732041,1946.30872483221,284.857571214393
1906.53740989311,1884.16604523987,269.865067466267
1909.02311707681,1904.05170270942,284.857571214393
1918.96594581158,1133.48247576436,284.857571214393
1921.45165299528,1896.59458115834,284.857571214393
1986.08003977131,2045.73701217997,284.857571214393
129.256773552076,452.398707432264,299.850074962519
134.228187919463,1469.05294556301,284.857571214393
350.48471290082,2172.50807854835,299.850074962519
449.913000248571,2127.76534924186,299.850074962519
628.883917474521,1111.11111111111,314.842578710645
638.826746209297,310.71339796172,299.850074962519
653.740989311459,300.770569226945,284.857571214393
658.712403678847,1695.25229927915,299.850074962519
753.16927665921,1185.68232662192,284.857571214393
753.16927665921,857.568978374347,299.850074962519
790.454884414616,810.340541884166,284.857571214393
812.82624906786,1705.19512801392,314.842578710645
847.626149639573,238.627889634601,284.857571214393
961.968680089485,1583.39547601293,299.850074962519
1034.0541884166,1613.22396221725,314.842578710645
1066.36838180462,897.340293313448,299.850074962519
1086.25403927417,889.883171762366,299.850074962519
1088.73974645787,149.142431021626,299.850074962519
1106.13969674372,154.113845389013,284.857571214393
1111.11111111111,141.685309470544,284.857571214393
1180.71091225454,1936.36589609744,299.850074962519
1195.6251553567,1941.33731046483,299.850074962519
1213.02510564256,1309.96768580661,284.857571214393
1304.99627143922,1454.13870246085,284.857571214393
1503.85284613473,919.711657966692,284.857571214393
1531.19562515536,944.568729803629,284.857571214393
1558.53840417599,2480.73576932637,284.857571214393
1561.02411135968,2465.82152622421,284.857571214393
1563.50981854338,683.569475515784,299.850074962519
1640.56674123788,2247.07929405916,299.850074962519
1650.50956997266,2217.25080785483,284.857571214393
1926.42306736266,1625.65249813572,299.850074962519
1943.82301764852,1608.25254784986,314.842578710645
1998.50857568978,422.570221227939,299.850074962519
2070.5940840169,1476.51006711409,299.850074962519
2080.53691275168,1471.53865274671,299.850074962519
2214.76510067114,1409.39597315436,299.850074962519
2284.36490181457,1469.05294556301,299.850074962519
2296.79343773304,1469.05294556301,299.850074962519
101.913994531444,1757.39497887149,314.842578710645
106.885408898832,1759.88068605518,314.842578710645
256.027839920457,782.997762863535,314.842578710645
352.970420084514,1543.62416107383,299.850074962519
377.827491921452,1685.30947054437,314.842578710645
437.484464330102,2194.87944320159,314.842578710645
482.22719363659,2279.39348744718,314.842578710645
489.684315187671,2264.47924434502,299.850074962519
504.598558289833,2284.36490181457,314.842578710645
599.055431270196,1707.68083519761,314.842578710645
601.54113845389,2366.39323887646,314.842578710645
601.54113845389,2386.27889634601,314.842578710645
613.969674372359,1118.56823266219,314.842578710645
633.855331841909,1126.02535421327,314.842578710645
648.769574944072,2398.70743226448,314.842578710645
658.712403678847,631.369624658215,299.850074962519
671.140939597315,638.826746209297,299.850074962519
837.683320904797,248.570718369376,299.850074962519
879.940343027591,1242.85359184688,299.850074962519
944.568729803629,2010.93711160825,299.850074962519
954.511558538404,2013.42281879195,299.850074962519
974.397216007954,1225.45364156102,314.842578710645
1051.45413870246,1620.68108376833,299.850074962519
1056.42555306985,877.454635843898,314.842578710645
1297.53914988814,1419.33880188914,314.842578710645
1337.31046482724,86.9997514292816,299.850074962519
1531.19562515536,2478.25006214268,314.842578710645
1548.59557544121,681.08376833209,299.850074962519
1548.59557544121,2403.67884663187,314.842578710645
1558.53840417599,2048.22271936366,299.850074962519
1595.82401193139,1613.22396221725,299.850074962519
1794.6805866269,1628.13820531941,314.842578710645
1799.65200099428,1608.25254784986,314.842578710645
1856.82326621924,1563.50981854338,314.842578710645
1871.7375093214,1561.02411135968,314.842578710645
1916.48023862789,1610.73825503356,314.842578710645
1931.39448173005,1603.28113348248,299.850074962519
2045.73701217997,942.083022619935,314.842578710645
2336.56475267214,1789.70917225951,314.842578710645
69.5998011434253,1419.33880188914,329.835082458771
109.371116082525,1769.82351478996,314.842578710645
114.342530449913,1757.39497887149,314.842578710645
325.627641063883,1200.59656972409,314.842578710645
333.084762614964,1190.65374098931,314.842578710645
333.084762614964,1570.96694009446,329.835082458771
407.655978125777,270.94208302262,329.835082458771
397.713149391002,253.542132736764,314.842578710645
534.427044494159,621.42679592344,314.842578710645
539.398458861546,1314.939100174,329.835082458771
571.712652249565,790.454884414616,314.842578710645
591.598309719115,2373.85036042754,314.842578710645
830.226199353716,2426.05021128511,314.842578710645
889.883171762366,1242.85359184688,314.842578710645
1014.16853094705,1682.82376336068,329.835082458771
1078.79691772309,879.940343027591,314.842578710645
1165.79666915237,2465.82152622421,314.842578710645
1163.31096196868,2445.93586875466,329.835082458771
1163.31096196868,288.342033308476,329.835082458771
1168.28237633607,275.913497390007,329.835082458771
1357.19612229679,1237.88217747949,314.842578710645
1396.96743723589,1039.02560278399,329.835082458771
1399.45314441959,641.31245339299,329.835082458771
1411.88168033806,651.255282127765,314.842578710645
1436.73875217499,596.569724086503,314.842578710645
1441.71016654238,611.483967188665,314.842578710645
1513.7956748695,1277.65349241859,329.835082458771
1533.68133233905,1334.82475764355,329.835082458771
1573.45264727815,283.370618941089,329.835082458771
1580.90976882923,2058.16554809843,314.842578710645
1648.02386278896,830.226199353716,329.835082458771
1657.96669152374,840.169028088491,314.842578710645
1665.42381307482,832.71190653741,314.842578710645
1670.39522744221,2361.42182450907,314.842578710645
1677.85234899329,2351.4789957743,329.835082458771
1777.28063634104,1615.70966940094,329.835082458771
1794.6805866269,293.313447675864,314.842578710645
2055.67984091474,937.111608252548,314.842578710645
2058.16554809843,947.054436987323,314.842578710645
2219.73651503853,1923.93736017897,329.835082458771
101.913994531444,1767.33780760626,329.835082458771
315.684812329108,1198.11086254039,329.835082458771
387.770320656227,275.913497390007,329.835082458771
457.370121799652,1091.22545364156,344.827586206897
554.312701963709,1322.39622172508,329.835082458771
695.998011434253,1981.10862540393,344.827586206897
994.282873477504,2438.47874720358,344.827586206897
999.254287844892,1675.36664180959,329.835082458771
1153.36813323391,285.856326124783,329.835082458771
1153.36813323391,2475.76435495899,329.835082458771
1155.8538404176,315.684812329108,329.835082458771
1153.36813323391,2458.36440467313,329.835082458771
1165.79666915237,300.770569226945,329.835082458771
1180.71091225454,723.340790454884,329.835082458771
1193.13944817301,723.340790454884,329.835082458771
1324.88192890877,2376.33606761124,329.835082458771
1332.33905045986,2388.7646035297,344.827586206897
1391.99602286851,651.255282127765,329.835082458771
1401.93885160328,2043.25130499627,329.835082458771
1404.42455878698,653.740989311459,329.835082458771
1411.88168033806,1056.42555306985,329.835082458771
1421.82450907283,2043.25130499627,344.827586206897
1434.2530449913,2038.27989062888,329.835082458771
1508.82426050211,1526.22421078797,329.835082458771
1513.7956748695,1516.28138205319,329.835082458771
1528.70991797166,2075.56549838429,329.835082458771
1541.13845389013,2075.56549838429,329.835082458771
1650.50956997266,1068.85408898832,329.835082458771
1662.93810589113,2361.42182450907,329.835082458771
1687.79517772806,2366.39323887646,344.827586206897
1710.16654238131,352.970420084514,329.835082458771
1717.62366393239,355.456127268208,329.835082458771
1871.7375093214,2279.39348744718,329.835082458771
1896.59458115834,201.342281879195,329.835082458771
1909.02311707681,1707.68083519761,329.835082458771
1928.90877454636,1491.42431021626,329.835082458771
1933.88018891375,1491.42431021626,329.835082458771
1953.7658463833,626.398210290828,329.835082458771
2142.67959234402,1856.82326621924,329.835082458771
2184.93661446682,1600.79542629878,344.827586206897
2234.65075814069,1916.48023862789,329.835082458771
2306.73626646781,1784.73775789212,329.835082458771
2319.16480238628,1787.22346507581,329.835082458771
111.856823266219,1789.70917225951,359.820089955023
124.285359184688,1779.76634352473,359.820089955023
251.05642555307,539.398458861546,344.827586206897
362.913248819289,2147.65100671141,359.820089955023
720.855083271191,1732.53790703455,344.827586206897
1150.88242605021,295.799154859558,344.827586206897
1160.82525478499,318.170519512801,344.827586206897
1170.76808351976,290.82774049217,344.827586206897
1180.71091225454,295.799154859558,344.827586206897
1332.33905045986,2376.33606761124,344.827586206897
1406.91026597067,2043.25130499627,344.827586206897
1409.39597315436,2048.22271936366,344.827586206897
1429.28163062391,2050.70842654735,344.827586206897
1441.71016654238,2038.27989062888,344.827586206897
1481.48148148148,1307.48197862292,359.820089955023
1491.42431021626,1322.39622172508,359.820089955023
1516.28138205319,1531.19562515536,344.827586206897
1526.22421078797,1282.62490678598,344.827586206897
1585.88118319662,2309.2219736515,374.812593703148
1657.96669152374,1073.8255033557,344.827586206897
1665.42381307482,1648.02386278896,344.827586206897
1727.56649266716,360.427541635595,344.827586206897
1876.70892368879,2291.82202336565,344.827586206897
1881.68033805618,2281.87919463087,344.827586206897
1904.05170270942,208.799403430276,344.827586206897
1968.68008948546,638.826746209297,359.820089955023
2083.02261993537,2055.67984091474,344.827586206897
2150.1367138951,1859.30897340293,344.827586206897
2160.07954262988,1859.30897340293,344.827586206897
2227.19363658961,1926.42306736266,344.827586206897
119.313944817301,1029.08277404922,374.812593703148
121.799652000994,1011.68282376336,374.812593703148
248.570718369376,529.455630126771,359.820089955023
278.399204573701,1570.96694009446,374.812593703148
641.31245339299,1645.53815560527,374.812593703148
646.283867760378,2306.73626646781,374.812593703148
648.769574944072,415.113099676858,374.812593703148
738.255033557047,1444.19587372608,374.812593703148
835.197613721104,111.856823266219,374.812593703148
852.59756400696,1339.79617201094,374.812593703148
1135.96818294805,173.999502858563,374.812593703148
1372.11036539896,1879.19463087248,359.820089955023
1416.85309470544,1024.11135968183,374.812593703148
1421.82450907283,387.770320656227,359.820089955023
1424.31021625653,1034.0541884166,359.820089955023
1439.22445935869,387.770320656227,359.820089955023
1498.88143176734,521.99850857569,374.812593703148
1511.30996768581,1523.73850360428,359.820089955023
1518.76708923689,529.455630126771,359.820089955023
1533.68133233905,1404.42455878698,359.820089955023
1533.68133233905,2311.7076808352,374.812593703148
1538.65274670644,2331.59333830475,374.812593703148
1598.30971911509,198.856574695501,374.812593703148
1600.79542629878,213.770817797663,374.812593703148
1618.19537658464,203.827989062888,359.820089955023
1655.48098434004,1814.56624409645,374.812593703148
1675.36664180959,1645.53815560527,359.820089955023
1730.05219985086,927.168779517773,389.805097451274
1856.82326621924,2204.82227193637,374.812593703148
1866.76609495401,509.569972657221,359.820089955023
2073.0797912006,2045.73701217997,359.820089955023
2080.53691275168,2048.22271936366,359.820089955023
2222.22222222222,812.82624906786,374.812593703148
2237.13646532438,817.797663435247,374.812593703148
2306.73626646781,847.626149639573,374.812593703148
119.313944817301,1459.11011682824,389.805097451274
161.570966940094,1543.62416107383,389.805097451274
173.999502858563,912.25453641561,389.805097451274
193.885160328113,894.854586129754,389.805097451274
216.256524981357,546.855580412627,374.812593703148
243.599304001989,641.31245339299,404.7976011994
246.085011185682,656.226696495153,389.805097451274
298.284862043251,559.284116331096,374.812593703148
335.570469798658,591.598309719115,404.7976011994
584.141188168034,2204.82227193637,389.805097451274
586.626895351728,1250.31071339796,389.805097451274
601.54113845389,1250.31071339796,389.805097451274
613.969674372359,2296.79343773304,374.812593703148
710.912254536416,2368.87894606015,389.805097451274
852.59756400696,439.970171513796,374.812593703148
939.597315436242,529.455630126771,374.812593703148
1220.48222719364,2177.47949291573,389.805097451274
1247.82500621427,862.540392741735,374.812593703148
1247.82500621427,852.59756400696,374.812593703148
1265.22495650012,860.054685558041,389.805097451274
1262.73924931643,837.683320904797,389.805097451274
1262.73924931643,1048.96843151877,389.805097451274
1290.08202833706,1628.13820531941,374.812593703148
1292.56773552076,1618.19537658464,374.812593703148
1372.11036539896,996.768580661198,389.805097451274
1394.4817300522,1685.30947054437,389.805097451274
1526.22421078797,1404.42455878698,389.805097451274
1536.16703952274,1419.33880188914,374.812593703148
1620.68108376833,1961.22296793438,389.805097451274
1710.16654238131,144.171016654238,404.7976011994
1732.53790703455,1615.70966940094,389.805097451274
1757.39497887149,1034.0541884166,374.812593703148
1759.88068605518,1029.08277404922,374.812593703148
1891.62316679095,1073.8255033557,374.812593703148
1896.59458115834,1058.91126025354,389.805097451274
1909.02311707681,2150.1367138951,374.812593703148
1953.7658463833,1575.93835446184,389.805097451274
2040.76559781258,1618.19537658464,389.805097451274
2060.65125528213,1722.59507829978,389.805097451274
2073.0797912006,1981.10862540393,389.805097451274
2229.6793437733,1029.08277404922,389.805097451274
2291.82202336565,852.59756400696,374.812593703148
2314.19338801889,865.026099925429,374.812593703148
156.599552572707,1307.48197862292,389.805097451274
166.542381307482,1304.99627143922,389.805097451274
188.913745960726,917.225950782998,389.805097451274
211.28511061397,964.454387273179,404.7976011994
290.82774049217,556.798409147402,404.7976011994
308.227690778026,541.88416604524,404.7976011994
392.741735023614,623.912503107134,389.805097451274
405.170270942083,631.369624658215,389.805097451274
427.541635595327,1593.3383047477,389.805097451274
449.913000248571,909.768829231916,404.7976011994
633.855331841909,1923.93736017897,404.7976011994
832.71190653741,1849.36614466816,404.7976011994
862.540392741735,1297.53914988814,404.7976011994
1011.68282376336,1511.30996768581,404.7976011994
1063.88267462093,1217.99652000994,389.805097451274
1111.11111111111,2150.1367138951,404.7976011994
1126.02535421327,1406.91026597067,404.7976011994
1262.73924931643,462.34153616704,404.7976011994
1262.73924931643,1652.99527715635,389.805097451274
1272.68207805121,1650.50956997266,389.805097451274
1379.56748695004,1073.8255033557,389.805097451274
1511.30996768581,1379.56748695004,389.805097451274
1538.65274670644,1869.25180213771,389.805097451274
1700.22371364653,141.685309470544,389.805097451274
1759.88068605518,1019.13994531444,389.805097451274
1923.93736017897,606.512552821278,404.7976011994
2028.33706189411,1613.22396221725,389.805097451274
2130.25105642555,1886.65175242356,404.7976011994
2170.02237136465,1802.13770817798,404.7976011994
2177.47949291573,1812.08053691275,389.805097451274
2324.13621675367,1357.19612229679,404.7976011994
106.885408898832,1188.16803380562,419.790104947526
253.542132736764,1938.85160328113,404.7976011994
263.484961471539,1948.79443201591,419.790104947526
710.912254536416,1459.11011682824,404.7976011994
738.255033557047,1464.08153119563,404.7976011994
763.112105393985,1961.22296793438,419.790104947526
855.083271190654,1287.59632115337,404.7976011994
996.768580661198,1518.76708923689,404.7976011994
1066.36838180462,2311.7076808352,404.7976011994
1113.5968182948,2135.22247079294,404.7976011994
1481.48148148148,372.856077554064,419.790104947526
1511.30996768581,1155.8538404176,404.7976011994
1538.65274670644,1859.30897340293,404.7976011994
1551.08128262491,2068.10837683321,419.790104947526
1690.28088491176,656.226696495153,419.790104947526
1754.9092716878,1372.11036539896,434.782608695652
1769.82351478996,1580.90976882923,419.790104947526
1911.5088242605,608.998260004971,404.7976011994
1916.48023862789,2152.6224210788,404.7976011994
1926.42306736266,407.655978125777,404.7976011994
2087.99403430276,1869.25180213771,434.782608695652
2187.42232165051,1804.62341536167,404.7976011994
2336.56475267214,1364.65324384787,404.7976011994
173.999502858563,1389.51031568481,449.775112443778
258.513547104151,653.740989311459,419.790104947526
472.284364901815,1247.82500621427,434.782608695652
564.255530698484,907.283122048223,434.782608695652
564.255530698484,1777.28063634104,434.782608695652
569.226945065871,2090.47974148645,449.775112443778
576.684066616953,1769.82351478996,419.790104947526
586.626895351728,656.226696495153,434.782608695652
678.598061148397,1680.33805617698,449.775112443778
720.855083271191,1464.08153119563,419.790104947526
996.768580661198,300.770569226945,434.782608695652
1009.19711657967,770.569226945066,419.790104947526
1011.68282376336,1518.76708923689,419.790104947526
1237.88217747949,894.854586129754,434.782608695652
1247.82500621427,899.826000497141,434.782608695652
1297.53914988814,1526.22421078797,434.782608695652
1342.28187919463,1749.93785732041,434.782608695652
1501.36713895103,1150.88242605021,434.782608695652
1508.82426050211,2083.02261993537,434.782608695652
1518.76708923689,1143.42530449913,419.790104947526
1563.50981854338,1598.30971911509,419.790104947526
1916.48023862789,2090.47974148645,419.790104947526
1923.93736017897,2073.0797912006,434.782608695652
169.028088491176,1670.39522744221,449.775112443778
226.199353716132,1531.19562515536,449.775112443778
251.05642555307,1439.22445935869,449.775112443778
280.884911757395,1613.22396221725,449.775112443778
365.398956002983,1329.85334327616,449.775112443778
444.941585881183,956.997265722098,449.775112443778
454.884414615958,959.482972905792,449.775112443778
454.884414615958,1255.28212776535,449.775112443778
579.169773800646,1779.76634352473,434.782608695652
671.140939597315,832.71190653741,449.775112443778
673.626646781009,385.284613472533,449.775112443778
691.026597066866,1672.8809346259,449.775112443778
705.940840169028,1672.8809346259,449.775112443778
725.826497638578,815.311956251554,449.775112443778
802.883420333085,1429.28163062391,449.775112443778
869.997514292816,1906.53740989311,449.775112443778
1024.11135968183,298.284862043251,434.782608695652
1200.59656972409,1598.30971911509,449.775112443778
1275.1677852349,1951.2801391996,449.775112443778
1290.08202833706,1538.65274670644,434.782608695652
1322.39622172508,1861.79468058663,449.775112443778
1339.79617201094,1732.53790703455,434.782608695652
1357.19612229679,1464.08153119563,449.775112443778
1362.16753666418,1449.16728809346,449.775112443778
1359.68182948049,1744.96644295302,449.775112443778
1449.16728809346,1257.76783494904,449.775112443778
1493.91001739995,2080.53691275168,434.782608695652
1501.36713895103,2070.5940840169,449.775112443778
1561.02411135968,1598.30971911509,449.775112443778
1764.85210042257,802.883420333085,449.775112443778
2005.96569724086,1923.93736017897,449.775112443778
2015.90852597564,1913.9945314442,449.775112443778
355.456127268208,1337.31046482724,449.775112443778
444.941585881183,1874.2232165051,464.767616191904
524.484215759384,922.197365150385,464.767616191904
526.969922943077,606.512552821278,464.767616191904
541.88416604524,1829.48048719861,464.767616191904
641.31245339299,2174.99378573204,464.767616191904
688.540889883172,1655.48098434004,449.775112443778
817.797663435247,1416.85309470544,464.767616191904
959.482972905792,1262.73924931643,464.767616191904
974.397216007954,2058.16554809843,464.767616191904
1041.51130996769,464.827243350733,464.767616191904
1220.48222719364,1605.76684066617,464.767616191904
1217.99652000994,1588.36689038031,449.775112443778
1275.1677852349,1210.53939845886,464.767616191904
1404.42455878698,1066.36838180462,464.767616191904
1483.96718866518,1121.05393984589,449.775112443778
1508.82426050211,2092.96544867015,449.775112443778
1677.85234899329,531.941337310465,464.767616191904
1675.36664180959,288.342033308476,449.775112443778
1677.85234899329,519.512801391996,449.775112443778
1764.85210042257,812.82624906786,449.775112443778
1953.7658463833,671.140939597315,449.775112443778
1961.22296793438,529.455630126771,449.775112443778
2033.3084762615,1533.68133233905,464.767616191904
181.456624409645,1466.56723837932,494.752623688156
512.055679840915,922.197365150385,464.767616191904
517.027094208302,1834.451901566,479.76011994003
544.369873228934,1814.56624409645,464.767616191904
561.76982351479,1826.99478001491,464.767616191904
589.112602535421,2092.96544867015,464.767616191904
832.71190653741,1213.02510564256,464.767616191904
897.340293313448,1367.13895103157,479.76011994003
969.425801640567,2070.5940840169,464.767616191904
1056.42555306985,2090.47974148645,479.76011994003
1158.33954760129,691.026597066866,479.76011994003
1175.73949788715,698.483718617947,464.767616191904
1213.02510564256,1593.3383047477,464.767616191904
1287.59632115337,1968.68008948546,464.767616191904
1493.91001739995,1126.02535421327,464.767616191904
1501.36713895103,1951.2801391996,464.767616191904
1508.82426050211,2075.56549838429,464.767616191904
1508.82426050211,1946.30872483221,464.767616191904
1536.16703952274,1145.91101168282,464.767616191904
1556.05269699229,2070.5940840169,464.767616191904
1563.50981854338,2078.05120556798,464.767616191904
1665.42381307482,1605.76684066617,479.76011994003
1675.36664180959,1593.3383047477,464.767616191904
1685.30947054437,293.313447675864,464.767616191904
1687.79517772806,524.484215759384,464.767616191904
1695.25229927915,298.284862043251,464.767616191904
1700.22371364653,1928.90877454636,464.767616191904
1707.68083519761,1926.42306736266,464.767616191904
1774.79492915735,820.283370618941,464.767616191904
1777.28063634104,807.854834700472,464.767616191904
1789.70917225951,469.798657718121,464.767616191904
1963.70867511807,676.112353964703,464.767616191904
1963.70867511807,541.88416604524,464.767616191904
1968.68008948546,534.427044494159,464.767616191904
2207.30797912006,1237.88217747949,464.767616191904
171.513795674869,1195.6251553567,479.76011994003
246.085011185682,1436.73875217499,479.76011994003
420.084514044246,1374.59607258265,479.76011994003
504.598558289833,919.711657966692,479.76011994003
509.569972657221,1933.88018891375,494.752623688156
514.541387024609,604.026845637584,479.76011994003
529.455630126771,1826.99478001491,479.76011994003
536.912751677852,1809.59482972906,479.76011994003
551.826994780015,1824.50907283122,479.76011994003
564.255530698484,2090.47974148645,479.76011994003
661.19811086254,832.71190653741,479.76011994003
715.883668903803,812.82624906786,479.76011994003
817.797663435247,1213.02510564256,479.76011994003
852.59756400696,1650.50956997266,479.76011994003
1029.08277404922,462.34153616704,479.76011994003
1048.96843151877,1986.08003977131,494.752623688156
1121.05393984589,415.113099676858,479.76011994003
1128.51106139697,425.055928411633,479.76011994003
1257.76783494904,1608.25254784986,494.752623688156
1262.73924931643,1208.05369127517,479.76011994003
1272.68207805121,1941.33731046483,479.76011994003
1277.65349241859,1963.70867511807,479.76011994003
1344.76758637832,2197.36515038528,509.745127436282
1391.99602286851,1063.88267462093,479.76011994003
1476.51006711409,1121.05393984589,479.76011994003
1501.36713895103,1941.33731046483,494.752623688156
1501.36713895103,1926.42306736266,494.752623688156
1518.76708923689,1143.42530449913,479.76011994003
1546.10986825752,1372.11036539896,479.76011994003
1551.08128262491,1359.68182948049,479.76011994003
1630.62391250311,832.71190653741,494.752623688156
1665.42381307482,1585.88118319662,479.76011994003
1670.39522744221,521.99850857569,479.76011994003
1667.90952025851,293.313447675864,479.76011994003
1677.85234899329,290.82774049217,479.76011994003
1695.25229927915,1918.96594581158,494.752623688156
1779.76634352473,469.798657718121,494.752623688156
1869.25180213771,1396.96743723589,494.752623688156
1953.7658463833,536.912751677852,479.76011994003
2025.85135471042,1528.70991797166,479.76011994003
2199.85085756898,1232.91076311211,494.752623688156
183.942331593338,1198.11086254039,494.752623688156
427.541635595327,1374.59607258265,494.752623688156
561.76982351479,1101.16828237634,524.737631184408
599.055431270196,2092.96544867015,494.752623688156
805.369127516779,1854.33755903555,509.745127436282
840.169028088491,919.711657966692,524.737631184408
860.054685558041,1650.50956997266,494.752623688156
1130.99676858066,415.113099676858,494.752623688156
1140.93959731544,425.055928411633,494.752623688156
1749.93785732041,787.969177230922,494.752623688156
1759.88068605518,517.027094208302,539.730134932534
1812.08053691275,1573.45264727815,509.745127436282
1822.02336564753,1563.50981854338,524.737631184408
2115.33681332339,1421.82450907283,509.745127436282
2199.85085756898,1247.82500621427,494.752623688156
452.398707432264,1739.99502858563,524.737631184408
606.512552821278,1526.22421078797,524.737631184408
815.311956251554,1861.79468058663,509.745127436282
832.71190653741,713.397961720109,539.730134932534
1138.45389013174,417.598806860552,509.745127436282
1638.08103405419,1757.39497887149,509.745127436282
1777.28063634104,1953.7658463833,524.737631184408
442.455878697489,1588.36689038031,524.737631184408
449.913000248571,1757.39497887149,539.730134932534
447.427293064877,1578.42406164554,524.737631184408
457.370121799652,1727.56649266716,539.730134932534
459.855828983346,1583.39547601293,554.72263868066
561.76982351479,718.369376087497,524.737631184408
589.112602535421,1523.73850360428,524.737631184408
646.283867760378,1682.82376336068,554.72263868066
812.82624906786,402.684563758389,539.730134932534
862.540392741735,335.570469798658,539.730134932534
874.968928660204,340.541884166045,539.730134932534
971.911508824261,1526.22421078797,524.737631184408
1096.19686800895,1096.19686800895,539.730134932534
1108.62540392742,1096.19686800895,539.730134932534
1314.939100174,2035.79418344519,539.730134932534
1469.05294556301,1777.28063634104,539.730134932534
1516.28138205319,1774.79492915735,539.730134932534
1640.56674123788,1752.4235645041,524.737631184408
1744.96644295302,790.454884414616,524.737631184408
449.913000248571,1257.76783494904,554.72263868066
464.827243350733,1752.4235645041,554.72263868066
464.827243350733,1262.73924931643,554.72263868066
569.226945065871,710.912254536416,554.72263868066
683.569475515784,1523.73850360428,554.72263868066
976.882923191648,1521.25279642058,539.730134932534
1026.59706686552,1195.6251553567,554.72263868066
1024.11135968183,1098.68257519264,554.72263868066
1145.91101168282,2150.1367138951,554.72263868066
1232.91076311211,840.169028088491,554.72263868066
1290.08202833706,1165.79666915237,554.72263868066
1300.02485707184,1145.91101168282,554.72263868066
1307.48197862292,1158.33954760129,569.715142428786
1449.16728809346,735.769326373353,569.715142428786
1528.70991797166,1767.33780760626,554.72263868066
1625.65249813572,420.084514044246,554.72263868066
1645.53815560527,1749.93785732041,539.730134932534
1787.22346507581,1946.30872483221,539.730134932534
1817.05195128014,1826.99478001491,554.72263868066
2008.45140442456,1111.11111111111,569.715142428786
2073.0797912006,1429.28163062391,539.730134932534
837.683320904797,976.882923191648,584.707646176912
845.140442455879,1772.30922197365,569.715142428786
1106.13969674372,1553.5669898086,554.72263868066
1165.79666915237,2095.45115585384,569.715142428786
1245.33929903057,850.111856823266,554.72263868066
1250.31071339796,837.683320904797,554.72263868066
1309.96768580661,1168.28237633607,569.715142428786
1394.4817300522,1570.96694009446,554.72263868066
1409.39597315436,1575.93835446184,569.715142428786
1603.28113348248,1404.42455878698,554.72263868066
1817.05195128014,1839.42331593338,569.715142428786
1856.82326621924,1414.36738752175,584.707646176912
681.08376833209,1511.30996768581,569.715142428786
691.026597066866,1523.73850360428,569.715142428786
738.255033557047,1441.71016654238,599.700149925038
1235.3964702958,1098.68257519264,599.700149925038
1851.85185185185,1399.45314441959,584.707646176912
633.855331841909,1677.85234899329,584.707646176912
671.140939597315,1508.82426050211,584.707646176912
673.626646781009,1521.25279642058,584.707646176912
705.940840169028,1101.16828237634,614.692653673163
728.312204822272,1434.2530449913,584.707646176912
730.797912005966,917.225950782998,599.700149925038
740.740740740741,932.14019388516,614.692653673163
755.654983842903,795.426298782004,614.692653673163
815.311956251554,862.540392741735,614.692653673163
832.71190653741,1769.82351478996,584.707646176912
842.654735272185,1513.7956748695,584.707646176912
897.340293313448,1541.13845389013,584.707646176912
1096.19686800895,1551.08128262491,584.707646176912
1155.8538404176,2092.96544867015,584.707646176912
1387.02460850112,1578.42406164554,584.707646176912
1531.19562515536,1387.02460850112,599.700149925038
1841.90902311708,1414.36738752175,584.707646176912
693.512304250559,1048.96843151877,629.685157421289
840.169028088491,1508.82426050211,629.685157421289
852.59756400696,1503.85284613473,614.692653673163
1106.13969674372,1546.10986825752,599.700149925038
1503.85284613473,1824.50907283122,629.685157421289
1531.19562515536,1819.53765846383,614.692653673163
1667.90952025851,1203.08227690778,629.685157421289
1849.36614466816,1205.56798409147,614.692653673163
840.169028088491,1521.25279642058,614.692653673163
847.626149639573,1732.53790703455,629.685157421289
855.083271190654,1518.76708923689,614.692653673163
1058.91126025354,1861.79468058663,644.677661169415
1071.33979617201,1342.28187919463,629.685157421289
1088.73974645787,1347.25329356202,629.685157421289
1312.45339299031,969.425801640567,629.685157421289
1384.53890131742,1526.22421078797,629.685157421289
1531.19562515536,1804.62341536167,629.685157421289
1687.79517772806,1217.99652000994,629.685157421289
1797.16629381059,1043.99701715138,644.677661169415
1836.93760874969,1215.51081282625,614.692653673163
1846.88043748446,1188.16803380562,614.692653673163
1856.82326621924,1198.11086254039,629.685157421289
574.198359433259,1300.02485707184,659.670164917541
830.226199353716,1518.76708923689,629.685157421289
852.59756400696,1526.22421078797,629.685157421289
1511.30996768581,909.768829231916,659.670164917541
1528.70991797166,1695.25229927915,644.677661169415
1531.19562515536,1680.33805617698,644.677661169415
1722.59507829978,1163.31096196868,644.677661169415
1735.02361421825,1170.76808351976,644.677661169415
1749.93785732041,1493.91001739995,644.677661169415
852.59756400696,1722.59507829978,644.677661169415
882.426050211285,1695.25229927915,659.670164917541
882.426050211285,989.311459110117,674.662668665667
892.36887894606,1687.79517772806,674.662668665667
907.283122048223,800.397713149391,674.662668665667
1456.62440964454,773.05493412876,659.670164917541
889.883171762366,966.940094456873,659.670164917541
1098.68257519264,1247.82500621427,659.670164917541
1551.08128262491,1548.59557544121,674.662668665667
1565.99552572707,1548.59557544121,674.662668665667
887.397464578673,974.397216007954,674.662668665667
894.854586129754,986.825751926423,704.647676161919
902.311707680835,1677.85234899329,674.662668665667
902.311707680835,966.940094456873,689.655172413793
909.768829231916,976.882923191648,689.655172413793
914.740243599304,1687.79517772806,689.655172413793
959.482972905792,1638.08103405419,704.647676161919
1001.73999502859,1660.45239870743,689.655172413793
1016.65423813075,1275.1677852349,689.655172413793
1073.8255033557,1859.30897340293,674.662668665667
1083.76833209048,1339.79617201094,674.662668665667
1113.5968182948,1242.85359184688,689.655172413793
1130.99676858066,964.454387273179,704.647676161919
1155.8538404176,1347.25329356202,689.655172413793
1163.31096196868,907.283122048223,689.655172413793
1128.51106139697,1319.91051454139,704.647676161919
1165.79666915237,1334.82475764355,704.647676161919
1461.59582401193,1344.76758637832,704.647676161919
1290.08202833706,1262.73924931643,719.640179910045
1004.22570221228,1657.96669152374,719.640179910045
1116.0825254785,1240.36788466319,719.640179910045
