9.94282873477504,459.855828983346,14.9925037481259
27.3427790206314,1844.39473030077,14.9925037481259
37.2856077554064,1237.88217747949,14.9925037481259
101.913994531444,1205.56798409147,14.9925037481259
111.856823266219,673.626646781009,14.9925037481259
136.713895103157,442.455878697489,14.9925037481259
169.028088491176,1304.99627143922,29.9850074962519
191.39945314442,2276.90778026349,29.9850074962519
218.742232165051,889.883171762366,29.9850074962519
283.370618941089,22.3713646532438,29.9850074962519
293.313447675864,77.0569226945066,14.9925037481259
343.027591349739,2346.50758140691,44.9775112443778
357.941834451902,986.825751926423,14.9925037481259
442.455878697489,1707.68083519761,29.9850074962519
457.370121799652,773.05493412876,14.9925037481259
472.284364901815,765.597812577678,14.9925037481259
529.455630126771,1797.16629381059,14.9925037481259
551.826994780015,1779.76634352473,14.9925037481259
564.255530698484,1809.59482972906,14.9925037481259
591.598309719115,1836.93760874969,14.9925037481259
758.140691026597,641.31245339299,14.9925037481259
768.083519761372,1742.48073576933,14.9925037481259
785.483470047228,1749.93785732041,14.9925037481259
797.912005965697,1026.59706686552,14.9925037481259
852.59756400696,2182.45090728312,14.9925037481259
855.083271190654,2100.42257022123,14.9925037481259
860.054685558041,2254.53641561024,14.9925037481259
862.540392741735,2271.9363658961,14.9925037481259
862.540392741735,989.311459110117,14.9925037481259
867.511807109123,996.768580661198,14.9925037481259
884.911757394979,1021.62565249814,14.9925037481259
887.397464578673,2105.39398458862,29.9850074962519
892.36887894606,2207.30797912006,14.9925037481259
909.768829231916,1541.13845389013,29.9850074962519
934.625901068854,2182.45090728312,14.9925037481259
949.540144171017,1662.93810589113,14.9925037481259
947.054436987323,1737.50932140194,29.9850074962519
952.02585135471,2073.0797912006,14.9925037481259
952.02585135471,1645.53815560527,14.9925037481259
959.482972905792,1675.36664180959,14.9925037481259
974.397216007954,1317.42480735769,29.9850074962519
994.282873477504,2055.67984091474,14.9925037481259
1058.91126025354,599.055431270196,29.9850074962519
1133.48247576436,581.65548098434,14.9925037481259
1150.88242605021,591.598309719115,14.9925037481259
1528.70991797166,2388.7646035297,14.9925037481259
1558.53840417599,2440.96445438727,14.9925037481259
1700.22371364653,1312.45339299031,14.9925037481259
1754.9092716878,2110.365398956,14.9925037481259
1759.88068605518,1322.39622172508,14.9925037481259
1849.36614466816,1996.02286850609,14.9925037481259
1976.13721103654,444.941585881183,29.9850074962519
1996.02286850609,539.398458861546,14.9925037481259
2008.45140442456,176.485210042257,14.9925037481259
2035.79418344519,226.199353716132,14.9925037481259
2075.56549838429,72.0855083271191,29.9850074962519
2087.99403430276,1061.39696743724,14.9925037481259
2092.96544867015,1053.93984588615,14.9925037481259
2130.25105642555,64.6283867760378,29.9850074962519
2314.19338801889,1916.48023862789,14.9925037481259
2334.07904548844,1690.28088491176,14.9925037481259
2341.53616703952,1921.45165299528,14.9925037481259
2366.39323887646,596.569724086503,14.9925037481259
2398.70743226448,646.283867760378,29.9850074962519
464.827243350733,1707.68083519761,29.9850074962519
482.22719363659,405.170270942083,44.9775112443778
656.226696495153,357.941834451902,59.9700149925037
681.08376833209,2324.13621675367,29.9850074962519
681.08376833209,2301.76485210042,44.9775112443778
698.483718617947,2299.27914491673,44.9775112443778
787.969177230922,740.740740740741,29.9850074962519
889.883171762366,1541.13845389013,29.9850074962519
897.340293313448,1556.05269699229,29.9850074962519
942.083022619935,405.170270942083,29.9850074962519
1133.48247576436,2075.56549838429,29.9850074962519
1314.939100174,2473.27864777529,59.9700149925037
1379.56748695004,1459.11011682824,44.9775112443778
1546.10986825752,2381.30748197862,29.9850074962519
1546.10986825752,1178.22520507084,29.9850074962519
1546.10986825752,1377.08177976634,44.9775112443778
1575.93835446184,2433.50733283619,29.9850074962519
1635.59532687049,270.94208302262,44.9775112443778
1650.50956997266,270.94208302262,29.9850074962519
1717.62366393239,1304.99627143922,29.9850074962519
1772.30922197365,2100.42257022123,29.9850074962519
1777.28063634104,1314.939100174,29.9850074962519
1859.30897340293,1749.93785732041,44.9775112443778
2018.39423315933,2460.85011185682,29.9850074962519
2102.90827740492,151.628138205319,44.9775112443778
2145.16529952772,62.142679592344,29.9850074962519
2219.73651503853,733.283619189659,44.9775112443778
2227.19363658961,1931.39448173005,29.9850074962519
2331.59333830475,1906.53740989311,29.9850074962519
2351.4789957743,1682.82376336068,29.9850074962519
2361.42182450907,1916.48023862789,29.9850074962519
2473.27864777529,899.826000497141,29.9850074962519
183.942331593338,989.311459110117,59.9700149925037
278.399204573701,758.140691026597,59.9700149925037
315.684812329108,2174.99378573204,44.9775112443778
437.484464330102,1963.70867511807,59.9700149925037
434.998757146408,2033.3084762615,59.9700149925037
467.312950534427,417.598806860552,59.9700149925037
477.255779269202,395.227442207308,44.9775112443778
691.026597066866,1782.25205070843,44.9775112443778
693.512304250559,2316.67909520259,44.9775112443778
703.455132985334,1777.28063634104,44.9775112443778
720.855083271191,1531.19562515536,59.9700149925037
785.483470047228,201.342281879195,44.9775112443778
1091.22545364156,564.255530698484,59.9700149925037
1222.96793437733,1707.68083519761,59.9700149925037
1285.11061396967,1565.99552572707,59.9700149925037
1300.02485707184,2465.82152622421,59.9700149925037
1374.59607258265,2162.56524981357,44.9775112443778
1374.59607258265,1469.05294556301,44.9775112443778
1391.99602286851,1943.82301764852,44.9775112443778
1409.39597315436,1953.7658463833,44.9775112443778
1548.59557544121,1188.16803380562,44.9775112443778
1881.68033805618,121.799652000994,59.9700149925037
2018.39423315933,964.454387273179,44.9775112443778
2025.85135471042,974.397216007954,44.9775112443778
52.199850857569,2068.10837683321,59.9700149925037
52.199850857569,1116.0825254785,74.9625187406297
186.428038777032,390.25602783992,74.9625187406297
191.39945314442,1379.56748695004,59.9700149925037
196.370867511807,405.170270942083,59.9700149925037
201.342281879195,390.25602783992,74.9625187406297
203.827989062888,1384.53890131742,59.9700149925037
238.627889634601,2279.39348744718,74.9625187406297
253.542132736764,268.456375838926,59.9700149925037
265.970668655232,270.94208302262,59.9700149925037
432.513049962714,807.854834700472,74.9625187406297
469.798657718121,390.25602783992,59.9700149925037
479.741486452896,417.598806860552,59.9700149925037
502.11285110614,2038.27989062888,59.9700149925037
499.627143922446,231.17076808352,59.9700149925037
507.084265473527,2030.8227690778,59.9700149925037
559.284116331096,2381.30748197862,74.9625187406297
713.397961720109,947.054436987323,74.9625187406297
723.340790454884,1521.25279642058,59.9700149925037
725.826497638578,2239.62217250808,74.9625187406297
770.569226945066,193.885160328113,59.9700149925037
919.711657966692,173.999502858563,74.9625187406297
922.197365150385,728.312204822272,74.9625187406297
1053.93984588615,1846.88043748446,59.9700149925037
1267.71066368382,608.998260004971,74.9625187406297
1277.65349241859,1374.59607258265,74.9625187406297
1297.53914988814,1565.99552572707,59.9700149925037
1546.10986825752,2324.13621675367,59.9700149925037
1822.02336564753,1019.13994531444,74.9625187406297
1854.33755903555,1767.33780760626,59.9700149925037
1876.70892368879,2383.79318916232,74.9625187406297
1894.10887397465,2194.87944320159,59.9700149925037
2013.42281879195,961.968680089485,59.9700149925037
2102.90827740492,77.0569226945066,74.9625187406297
2105.39398458862,89.4854586129754,74.9625187406297
2242.10787969177,345.513298533433,59.9700149925037
2286.85060899826,944.568729803629,74.9625187406297
2339.05045985583,1732.53790703455,74.9625187406297
2361.42182450907,1739.99502858563,59.9700149925037
2386.27889634601,904.797414864529,59.9700149925037
2408.65026099925,377.827491921452,59.9700149925037
2428.5359184688,1710.16654238131,59.9700149925037
64.6283867760378,2073.0797912006,74.9625187406297
166.542381307482,1973.65150385285,89.9550224887556
176.485210042257,1968.68008948546,74.9625187406297
504.598558289833,241.113596818295,74.9625187406297
574.198359433259,2378.82177479493,74.9625187406297
576.684066616953,2388.7646035297,74.9625187406297
626.398210290828,2470.7929405916,89.9550224887556
641.31245339299,2480.73576932637,74.9625187406297
658.712403678847,2478.25006214268,74.9625187406297
728.312204822272,2254.53641561024,74.9625187406297
802.883420333085,1160.82525478499,89.9550224887556
917.225950782998,156.599552572707,74.9625187406297
1016.65423813075,599.055431270196,74.9625187406297
1029.08277404922,613.969674372359,89.9550224887556
1449.16728809346,1891.62316679095,89.9550224887556
1533.68133233905,1300.02485707184,74.9625187406297
1551.08128262491,1302.51056425553,89.9550224887556
1682.82376336068,1839.42331593338,89.9550224887556
1804.62341536167,579.169773800646,89.9550224887556
1884.16604523987,2376.33606761124,74.9625187406297
1928.90877454636,526.969922943077,74.9625187406297
2008.45140442456,273.427790206314,89.9550224887556
2358.93611732538,1727.56649266716,74.9625187406297
2376.33606761124,1730.05219985086,74.9625187406297
2408.65026099925,1503.85284613473,74.9625187406297
2418.59308973403,377.827491921452,89.9550224887556
19.8856574695501,241.113596818295,89.9550224887556
141.685309470544,434.998757146408,104.947526236882
355.456127268208,2269.4506587124,89.9550224887556
437.484464330102,1434.2530449913,104.947526236882
464.827243350733,439.970171513796,89.9550224887556
584.141188168034,134.228187919463,104.947526236882
589.112602535421,1894.10887397465,104.947526236882
646.283867760378,2465.82152622421,89.9550224887556
653.740989311459,2475.76435495899,89.9550224887556
708.426547352722,1707.68083519761,89.9550224887556
715.883668903803,1692.76659209545,89.9550224887556
959.482972905792,1556.05269699229,89.9550224887556
964.454387273179,1568.48123291076,89.9550224887556
1133.48247576436,618.941088739746,89.9550224887556
1287.59632115337,1551.08128262491,104.947526236882
1379.56748695004,233.656475267214,89.9550224887556
1389.51031568481,236.142182450907,89.9550224887556
1426.79592344022,1217.99652000994,104.947526236882
1715.13795674869,2468.3072334079,104.947526236882
1727.56649266716,350.48471290082,89.9550224887556
1928.90877454636,549.341287596321,89.9550224887556
1948.79443201591,1603.28113348248,104.947526236882
1958.73726075068,862.540392741735,89.9550224887556
173.999502858563,1787.22346507581,104.947526236882
181.456624409645,1789.70917225951,119.940029985007
193.885160328113,1802.13770817798,104.947526236882
221.227939348745,402.684563758389,104.947526236882
280.884911757395,544.369873228934,119.940029985007
290.82774049217,902.311707680835,104.947526236882
298.284862043251,541.88416604524,119.940029985007
390.25602783992,517.027094208302,104.947526236882
400.198856574696,519.512801391996,104.947526236882
521.99850857569,2423.56450410142,104.947526236882
524.484215759384,2435.99304001989,104.947526236882
531.941337310465,2421.07879691772,104.947526236882
569.226945065871,745.712155108128,119.940029985007
599.055431270196,2361.42182450907,104.947526236882
606.512552821278,2363.90753169277,119.940029985007
787.969177230922,1603.28113348248,104.947526236882
860.054685558041,2309.2219736515,104.947526236882
892.36887894606,1583.39547601293,119.940029985007
904.797414864529,1578.42406164554,104.947526236882
912.25453641561,119.313944817301,104.947526236882
919.711657966692,2428.5359184688,104.947526236882
971.911508824261,561.76982351479,119.940029985007
1222.96793437733,405.170270942083,119.940029985007
1237.88217747949,412.627392493164,119.940029985007
1536.16703952274,1645.53815560527,104.947526236882
1568.48123291076,2470.7929405916,104.947526236882
1677.85234899329,1712.652249565,104.947526236882
1677.85234899329,1700.22371364653,104.947526236882
2025.85135471042,1749.93785732041,104.947526236882
2234.65075814069,1369.62465821526,119.940029985007
2351.4789957743,1655.48098434004,119.940029985007
193.885160328113,1782.25205070843,119.940029985007
193.885160328113,1809.59482972906,134.932533733133
211.28511061397,397.713149391002,119.940029985007
626.398210290828,0,134.932533733133
641.31245339299,1300.02485707184,119.940029985007
646.283867760378,1287.59632115337,119.940029985007
780.512055679841,2358.93611732538,134.932533733133
924.683072334079,2431.0216256525,119.940029985007
952.02585135471,1213.02510564256,149.925037481259
1200.59656972409,651.255282127765,134.932533733133
1334.82475764355,1165.79666915237,119.940029985007
1349.73900074571,1158.33954760129,119.940029985007
1404.42455878698,1640.56674123788,119.940029985007
1625.65249813572,243.599304001989,134.932533733133
1762.36639323888,1747.45215013671,134.932533733133
1926.42306736266,770.569226945066,119.940029985007
1931.39448173005,785.483470047228,134.932533733133
1981.10862540393,1836.93760874969,134.932533733133
2010.93711160825,1749.93785732041,119.940029985007
2023.36564752672,101.913994531444,134.932533733133
2030.8227690778,1747.45215013671,119.940029985007
2030.8227690778,1754.9092716878,134.932533733133
2152.6224210788,728.312204822272,149.925037481259
2222.22222222222,1364.65324384787,119.940029985007
2229.6793437733,1359.68182948049,119.940029985007
2373.85036042754,360.427541635595,134.932533733133
19.8856574695501,499.627143922446,149.925037481259
171.513795674869,191.39945314442,149.925037481259
305.741983594333,2339.05045985583,149.925037481259
385.284613472533,2401.19313944817,149.925037481259
608.998260004971,345.513298533433,149.925037481259
795.426298782004,2366.39323887646,134.932533733133
795.426298782004,2266.96495152871,149.925037481259
932.14019388516,1682.82376336068,134.932533733133
944.568729803629,1675.36664180959,149.925037481259
954.511558538404,549.341287596321,149.925037481259
966.940094456873,1227.93934874472,134.932533733133
966.940094456873,1190.65374098931,149.925037481259
996.768580661198,626.398210290828,149.925037481259
1101.16828237634,367.884663186677,149.925037481259
1175.73949788715,1145.91101168282,149.925037481259
1217.99652000994,253.542132736764,149.925037481259
1406.91026597067,1645.53815560527,149.925037481259
1605.76684066617,258.513547104151,134.932533733133
1613.22396221725,265.970668655232,134.932533733133
1657.96669152374,2117.82252050708,134.932533733133
1752.4235645041,504.598558289833,149.925037481259
1754.9092716878,479.741486452896,134.932533733133
1767.33780760626,507.084265473527,149.925037481259
1799.65200099428,2003.47999005717,134.932533733133
1864.28038777032,1876.70892368879,149.925037481259
1988.56574695501,1841.90902311708,134.932533733133
2033.3084762615,94.4568729803629,134.932533733133
2055.67984091474,1001.73999502859,149.925037481259
2058.16554809843,991.797166293811,149.925037481259
2348.9932885906,352.970420084514,134.932533733133
2381.30748197862,1396.96743723589,149.925037481259
2393.73601789709,1396.96743723589,149.925037481259
161.570966940094,2167.53666418096,149.925037481259
166.542381307482,2174.99378573204,149.925037481259
283.370618941089,350.48471290082,164.917541229385
410.141685309471,1053.93984588615,164.917541229385
477.255779269202,315.684812329108,179.910044977511
539.398458861546,909.768829231916,149.925037481259
549.341287596321,899.826000497141,164.917541229385
613.969674372359,1170.76808351976,164.917541229385
646.283867760378,2254.53641561024,164.917541229385
700.969425801641,616.455381556053,149.925037481259
753.16927665921,2112.8511061397,149.925037481259
842.654735272185,1384.53890131742,149.925037481259
845.140442455879,1374.59607258265,164.917541229385
909.768829231916,638.826746209297,149.925037481259
991.797166293811,641.31245339299,149.925037481259
1103.65398956003,236.142182450907,149.925037481259
1185.68232662192,1652.99527715635,149.925037481259
1188.16803380562,1662.93810589113,149.925037481259
1389.51031568481,1140.93959731544,149.925037481259
1483.96718866518,1304.99627143922,149.925037481259
1578.42406164554,661.19811086254,164.917541229385
1996.02286850609,1662.93810589113,149.925037481259
2177.47949291573,2361.42182450907,149.925037481259
2184.93661446682,2353.96470295799,149.925037481259
2329.10763112105,1918.96594581158,149.925037481259
2339.05045985583,1906.53740989311,149.925037481259
2386.27889634601,362.913248819289,149.925037481259
2388.7646035297,884.911757394979,149.925037481259
2391.2503107134,380.313199105145,149.925037481259
79.5426298782003,1928.90877454636,179.910044977511
154.113845389013,2160.07954262988,164.917541229385
293.313447675864,106.885408898832,164.917541229385
298.284862043251,2331.59333830475,164.917541229385
328.113348247576,17.3999502858563,164.917541229385
340.541884166045,22.3713646532438,164.917541229385
350.48471290082,1491.42431021626,179.910044977511
350.48471290082,2170.02237136465,164.917541229385
360.427541635595,2162.56524981357,179.910044977511
422.570221227939,19.8856574695501,164.917541229385
442.455878697489,17.3999502858563,179.910044977511
447.427293064877,1585.88118319662,164.917541229385
454.884414615958,887.397464578673,179.910044977511
459.855828983346,1598.30971911509,164.917541229385
464.827243350733,1588.36689038031,164.917541229385
531.941337310465,907.283122048223,164.917541229385
611.483967188665,1155.8538404176,164.917541229385
733.283619189659,2353.96470295799,179.910044977511
738.255033557047,2368.87894606015,164.917541229385
740.740740740741,2115.33681332339,164.917541229385
745.712155108128,2095.45115585384,164.917541229385
748.197862291822,2110.365398956,164.917541229385
750.683569475516,2102.90827740492,164.917541229385
800.397713149391,668.655232413622,164.917541229385
830.226199353716,832.71190653741,164.917541229385
986.825751926423,636.341039025603,164.917541229385
991.797166293811,464.827243350733,179.910044977511
1071.33979617201,956.997265722098,179.910044977511
1076.3112105394,218.742232165051,179.910044977511
1093.71116082525,236.142182450907,164.917541229385
1098.68257519264,221.227939348745,164.917541229385
1454.13870246085,805.369127516779,179.910044977511
1471.53865274671,822.769077802635,164.917541229385
1474.0243599304,1302.51056425553,164.917541229385
1652.99527715635,1319.91051454139,164.917541229385
1660.45239870743,1312.45339299031,164.917541229385
1660.45239870743,1324.88192890877,164.917541229385
1747.45215013671,502.11285110614,164.917541229385
1792.1948794432,2000.99428287348,164.917541229385
1986.08003977131,1645.53815560527,164.917541229385
2177.47949291573,2348.9932885906,164.917541229385
2269.4506587124,2157.59383544618,179.910044977511
2331.59333830475,1901.56599552573,164.917541229385
2363.90753169277,362.913248819289,164.917541229385
2368.87894606015,357.941834451902,164.917541229385
2458.36440467313,1053.93984588615,164.917541229385
2468.3072334079,1063.88267462093,164.917541229385
2478.25006214268,1220.48222719364,164.917541229385
333.084762614964,1481.48148148148,179.910044977511
340.541884166045,1506.33855331842,194.902548725637
427.541635595327,9.94282873477504,179.910044977511
504.598558289833,1096.19686800895,194.902548725637
502.11285110614,1118.56823266219,194.902548725637
507.084265473527,1076.3112105394,194.902548725637
509.569972657221,1113.5968182948,179.910044977511
517.027094208302,1096.19686800895,179.910044977511
541.88416604524,1081.28262490679,194.902548725637
541.88416604524,1063.88267462093,194.902548725637
663.683818046234,1543.62416107383,194.902548725637
676.112353964703,2058.16554809843,194.902548725637
792.94059159831,668.655232413622,194.902548725637
1071.33979617201,231.17076808352,179.910044977511
1086.25403927417,954.511558538404,179.910044977511
1093.71116082525,964.454387273179,179.910044977511
1252.79642058166,825.254784986329,194.902548725637
1267.71066368382,837.683320904797,194.902548725637
1474.0243599304,792.94059159831,194.902548725637
1692.76659209545,683.569475515784,179.910044977511
1727.56649266716,785.483470047228,179.910044977511
2023.36564752672,1081.28262490679,179.910044977511
2194.87944320159,218.742232165051,179.910044977511
323.141933880189,1491.42431021626,194.902548725637
422.570221227939,29.8284862043251,194.902548725637
477.255779269202,2030.8227690778,209.895052473763
517.027094208302,1118.56823266219,194.902548725637
531.941337310465,1106.13969674372,194.902548725637
584.141188168034,2140.19388516033,209.895052473763
663.683818046234,1556.05269699229,194.902548725637
676.112353964703,2043.25130499627,194.902548725637
703.455132985334,94.4568729803629,194.902548725637
713.397961720109,104.399701715138,194.902548725637
765.597812577678,54.6855580412627,194.902548725637
770.569226945066,69.5998011434253,194.902548725637
1063.88267462093,1173.25379070346,194.902548725637
1066.36838180462,1168.28237633607,194.902548725637
1088.73974645787,959.482972905792,194.902548725637
1096.19686800895,969.425801640567,194.902548725637
1170.76808351976,1767.33780760626,194.902548725637
1262.73924931643,810.340541884166,194.902548725637
1272.68207805121,820.283370618941,194.902548725637
1394.4817300522,1362.16753666418,194.902548725637
1404.42455878698,929.654486701467,194.902548725637
1404.42455878698,954.511558538404,209.895052473763
1434.2530449913,1203.08227690778,209.895052473763
1471.53865274671,825.254784986329,194.902548725637
1476.51006711409,1026.59706686552,209.895052473763
1493.91001739995,700.969425801641,209.895052473763
1660.45239870743,2097.93686303753,209.895052473763
1665.42381307482,2363.90753169277,209.895052473763
1677.85234899329,2087.99403430276,194.902548725637
1677.85234899329,1553.5669898086,194.902548725637
1680.33805617698,1570.96694009446,194.902548725637
1687.79517772806,678.598061148397,194.902548725637
1690.28088491176,1578.42406164554,194.902548725637
1739.99502858563,785.483470047228,194.902548725637
1963.70867511807,1986.08003977131,194.902548725637
2199.85085756898,226.199353716132,194.902548725637
2344.02187422322,708.426547352722,194.902548725637
2403.67884663187,1066.36838180462,194.902548725637
2418.59308973403,1066.36838180462,194.902548725637
260.999254287845,352.970420084514,209.895052473763
325.627641063883,1478.99577429779,209.895052473763
437.484464330102,17.3999502858563,209.895052473763
494.655729555058,1116.0825254785,209.895052473763
497.141436738752,1496.39572458364,209.895052473763
521.99850857569,1103.65398956003,209.895052473763
536.912751677852,1063.88267462093,209.895052473763
633.855331841909,1193.13944817301,209.895052473763
658.712403678847,616.455381556053,224.887556221889
658.712403678847,1543.62416107383,209.895052473763
666.169525229928,2058.16554809843,209.895052473763
693.512304250559,89.4854586129754,209.895052473763
708.426547352722,101.913994531444,209.895052473763
708.426547352722,1491.42431021626,209.895052473763
715.883668903803,2463.33581904052,209.895052473763
1056.42555306985,1175.73949788715,209.895052473763
1160.82525478499,1769.82351478996,209.895052473763
1267.71066368382,830.226199353716,209.895052473763
1503.85284613473,1399.45314441959,209.895052473763
1526.22421078797,1416.85309470544,224.887556221889
1665.42381307482,2085.50832711907,209.895052473763
1690.28088491176,1563.50981854338,209.895052473763
1710.16654238131,1946.30872483221,224.887556221889
1851.85185185185,1178.22520507084,224.887556221889
1849.36614466816,743.226447924435,224.887556221889
1869.25180213771,735.769326373353,209.895052473763
2048.22271936366,678.598061148397,224.887556221889
2092.96544867015,623.912503107134,224.887556221889
2167.53666418096,546.855580412627,209.895052473763
268.456375838926,1165.79666915237,224.887556221889
400.198856574696,1396.96743723589,224.887556221889
474.770072085508,1439.22445935869,224.887556221889
492.170022371365,1506.33855331842,224.887556221889
512.055679840915,1523.73850360428,224.887556221889
517.027094208302,335.570469798658,224.887556221889
703.455132985334,1508.82426050211,224.887556221889
705.940840169028,1501.36713895103,224.887556221889
750.683569475516,633.855331841909,224.887556221889
775.540641312453,648.769574944072,254.872563718141
800.397713149391,529.455630126771,224.887556221889
860.054685558041,1198.11086254039,224.887556221889
1113.5968182948,986.825751926423,224.887556221889
1180.71091225454,1662.93810589113,224.887556221889
1262.73924931643,330.59905543127,224.887556221889
1272.68207805121,330.59905543127,239.880059970015
1317.42480735769,1891.62316679095,224.887556221889
1364.65324384787,691.026597066866,224.887556221889
1469.05294556301,1819.53765846383,224.887556221889
1483.96718866518,1817.05195128014,224.887556221889
1496.39572458364,1573.45264727815,239.880059970015
1506.33855331842,1588.36689038031,239.880059970015
1506.33855331842,1941.33731046483,239.880059970015
1523.73850360428,1610.73825503356,239.880059970015
1526.22421078797,1578.42406164554,239.880059970015
1670.39522744221,178.970917225951,224.887556221889
1675.36664180959,1563.50981854338,224.887556221889
1682.82376336068,181.456624409645,224.887556221889
1687.79517772806,2209.79368630375,224.887556221889
1754.9092716878,2053.19413373105,239.880059970015
1866.76609495401,748.197862291822,224.887556221889
1991.0514541387,2157.59383544618,224.887556221889
2115.33681332339,1168.28237633607,224.887556221889
2115.33681332339,1058.91126025354,224.887556221889
2120.30822769078,1173.25379070346,224.887556221889
2316.67909520259,1923.93736017897,239.880059970015
2316.67909520259,1931.39448173005,224.887556221889
2401.19313944817,534.427044494159,239.880059970015
191.39945314442,944.568729803629,239.880059970015
275.913497390007,1160.82525478499,239.880059970015
380.313199105145,1357.19612229679,239.880059970015
382.798906288839,1817.05195128014,254.872563718141
405.170270942083,1389.51031568481,254.872563718141
484.712900820283,1429.28163062391,239.880059970015
507.084265473527,1501.36713895103,239.880059970015
512.055679840915,390.25602783992,254.872563718141
519.512801391996,1486.45289584887,239.880059970015
521.99850857569,1518.76708923689,239.880059970015
596.569724086503,596.569724086503,254.872563718141
763.112105393985,631.369624658215,254.872563718141
770.569226945066,82.0283370618941,254.872563718141
795.426298782004,626.398210290828,254.872563718141
810.340541884166,328.113348247576,239.880059970015
807.854834700472,320.656226696495,239.880059970015
810.340541884166,524.484215759384,239.880059970015
847.626149639573,681.08376833209,254.872563718141
969.425801640567,1190.65374098931,239.880059970015
1118.56823266219,974.397216007954,239.880059970015
1282.62490678598,325.627641063883,239.880059970015
1374.59607258265,688.540889883172,239.880059970015
1461.59582401193,1876.70892368879,239.880059970015
1491.42431021626,1814.56624409645,239.880059970015
1496.39572458364,1595.82401193139,239.880059970015
1511.30996768581,1396.96743723589,239.880059970015
1513.7956748695,1936.36589609744,239.880059970015
1536.16703952274,1593.3383047477,239.880059970015
1682.82376336068,166.542381307482,239.880059970015
1692.76659209545,178.970917225951,239.880059970015
1759.88068605518,1153.36813323391,254.872563718141
1774.79492915735,2065.62266964952,239.880059970015
1777.28063634104,2058.16554809843,239.880059970015
1861.79468058663,1178.22520507084,239.880059970015
2000.99428287348,2155.10812826249,239.880059970015
2102.90827740492,623.912503107134,239.880059970015
2125.27964205817,1163.31096196868,239.880059970015
2125.27964205817,1061.39696743724,239.880059970015
2130.25105642555,1170.76808351976,239.880059970015
2177.47949291573,387.770320656227,239.880059970015
2388.7646035297,1610.73825503356,239.880059970015
2393.73601789709,1603.28113348248,239.880059970015
193.885160328113,952.02585135471,254.872563718141
360.427541635595,1354.7104151131,254.872563718141
360.427541635595,1364.65324384787,254.872563718141
365.398956002983,1362.16753666418,254.872563718141
375.341784737758,1374.59607258265,254.872563718141
477.255779269202,2207.30797912006,269.865067466267
519.512801391996,405.170270942083,269.865067466267
569.226945065871,666.169525229928,269.865067466267
566.741237882178,648.769574944072,269.865067466267
586.626895351728,1575.93835446184,269.865067466267
678.598061148397,2043.25130499627,269.865067466267
847.626149639573,698.483718617947,254.872563718141
944.568729803629,1732.53790703455,254.872563718141
954.511558538404,1198.11086254039,254.872563718141
981.854337559036,539.398458861546,269.865067466267
989.311459110117,845.140442455879,254.872563718141
996.768580661198,1424.31021625653,269.865067466267
1275.1677852349,323.141933880189,254.872563718141
1478.99577429779,1367.13895103157,269.865067466267
1513.7956748695,1568.48123291076,254.872563718141
1620.68108376833,1672.8809346259,269.865067466267
1697.73800646284,1048.96843151877,254.872563718141
1707.68083519761,1043.99701715138,254.872563718141
1926.42306736266,2068.10837683321,269.865067466267
1933.88018891375,2053.19413373105,269.865067466267
2033.3084762615,1971.16579666915,269.865067466267
2212.27939348745,1081.28262490679,254.872563718141
2371.36465324385,1628.13820531941,269.865067466267
2453.39299030574,638.826746209297,254.872563718141
52.199850857569,1869.25180213771,284.857571214393
72.0855083271191,1851.85185185185,284.857571214393
79.5426298782003,1752.4235645041,284.857571214393
89.4854586129754,1747.45215013671,284.857571214393
387.770320656227,956.997265722098,284.857571214393
472.284364901815,1836.93760874969,269.865067466267
479.741486452896,1824.50907283122,269.865067466267
487.198608003977,2217.25080785483,269.865067466267
524.484215759384,171.513795674869,284.857571214393
549.341287596321,57.1712652249565,284.857571214393
633.855331841909,1215.51081282625,284.857571214393
700.969425801641,1108.62540392742,269.865067466267
715.883668903803,1106.13969674372,269.865067466267
830.226199353716,698.483718617947,269.865067466267
942.083022619935,2073.0797912006,269.865067466267
976.882923191648,852.59756400696,269.865067466267
1014.16853094705,1424.31021625653,284.857571214393
1031.56848123291,32.3141933880189,284.857571214393
1071.33979617201,1598.30971911509,284.857571214393
1158.33954760129,1819.53765846383,269.865067466267
1190.65374098931,1190.65374098931,269.865067466267
1222.96793437733,159.085259756401,269.865067466267
1237.88217747949,156.599552572707,269.865067466267
1329.85334327616,1304.99627143922,284.857571214393
1657.96669152374,176.485210042257,299.850074962519
1687.79517772806,2015.90852597564,269.865067466267
1692.76659209545,2028.33706189411,269.865067466267
1849.36614466816,1508.82426050211,269.865067466267
1859.30897340293,1511.30996768581,269.865067466267
1946.30872483221,2063.13696246582,284.857571214393
2043.25130499627,345.513298533433,284.857571214393
2055.67984091474,345.513298533433,269.865067466267
2232.165050957,1409.39597315436,284.857571214393
2294.30773054934,1016.65423813075,284.857571214393
2296.79343773304,1036.5398956003,269.865067466267
2361.42182450907,581.65548098434,269.865067466267
2378.82177479493,1894.10887397465,269.865067466267
2381.30748197862,1911.5088242605,284.857571214393
2393.73601789709,1894.10887397465,284.857571214393
2458.36440467313,651.255282127765,269.865067466267
77.0569226945066,1742.48073576933,284.857571214393
126.771066368382,668.655232413622,299.850074962519
154.113845389013,661.19811086254,299.850074962519
469.798657718121,1667.90952025851,284.857571214393
631.369624658215,1471.53865274671,299.850074962519
651.255282127765,188.913745960726,314.842578710645
686.055182699478,845.140442455879,299.850074962519
860.054685558041,2480.73576932637,299.850074962519
994.282873477504,333.084762614964,314.842578710645
1173.25379070346,1188.16803380562,284.857571214393
1245.33929903057,802.883420333085,299.850074962519
1260.25354213274,790.454884414616,299.850074962519
1441.71016654238,1620.68108376833,284.857571214393
1441.71016654238,2435.99304001989,299.850074962519
1449.16728809346,1610.73825503356,299.850074962519
1488.93860303256,1464.08153119563,299.850074962519
1491.42431021626,1446.68158090977,299.850074962519
1620.68108376833,2261.99353716132,299.850074962519
1638.08103405419,2271.9363658961,284.857571214393
1739.99502858563,1496.39572458364,299.850074962519
2010.93711160825,1456.62440964454,299.850074962519
2043.25130499627,355.456127268208,284.857571214393
2194.87944320159,1936.36589609744,299.850074962519
2311.7076808352,1021.62565249814,284.857571214393
2321.65050956997,1143.42530449913,299.850074962519
2381.30748197862,1884.16604523987,284.857571214393
136.713895103157,653.740989311459,299.850074962519
673.626646781009,173.999502858563,314.842578710645
996.768580661198,32.3141933880189,314.842578710645
1270.19637086751,131.742480735769,314.842578710645
1275.1677852349,805.369127516779,299.850074962519
1292.56773552076,1277.65349241859,299.850074962519
1295.05344270445,1290.08202833706,299.850074962519
1324.88192890877,497.141436738752,299.850074962519
1488.93860303256,1943.82301764852,299.850074962519
1538.65274670644,57.1712652249565,314.842578710645
1605.76684066617,1754.9092716878,314.842578710645
1667.90952025851,778.026348496147,314.842578710645
1749.93785732041,1511.30996768581,299.850074962519
2194.87944320159,1918.96594581158,299.850074962519
2204.82227193637,1928.90877454636,299.850074962519
2443.45016157097,1742.48073576933,299.850074962519
34.7999005717127,1660.45239870743,329.835082458771
181.456624409645,1797.16629381059,329.835082458771
345.513298533433,539.398458861546,314.842578710645
355.456127268208,536.912751677852,314.842578710645
708.426547352722,1078.79691772309,329.835082458771
822.769077802635,139.199602286851,329.835082458771
986.825751926423,34.7999005717127,314.842578710645
1267.71066368382,121.799652000994,314.842578710645
1337.31046482724,494.655729555058,314.842578710645
1394.4817300522,370.37037037037,329.835082458771
1399.45314441959,392.741735023614,329.835082458771
1466.56723837932,1086.25403927417,314.842578710645
1464.08153119563,1073.8255033557,329.835082458771
1474.0243599304,1081.28262490679,314.842578710645
1501.36713895103,1936.36589609744,314.842578710645
1541.13845389013,44.7427293064877,314.842578710645
1593.3383047477,1757.39497887149,314.842578710645
1618.19537658464,1121.05393984589,329.835082458771
1933.88018891375,1474.0243599304,314.842578710645
1966.19438230176,1628.13820531941,329.835082458771
1978.62291822023,805.369127516779,329.835082458771
2078.05120556798,1387.02460850112,314.842578710645
2147.65100671141,1961.22296793438,329.835082458771
2331.59333830475,1292.56773552076,329.835082458771
2448.42157593835,1732.53790703455,314.842578710645
2455.87869748944,1690.28088491176,314.842578710645
27.3427790206314,1648.02386278896,329.835082458771
64.6283867760378,1657.96669152374,329.835082458771
69.5998011434253,1667.90952025851,344.827586206897
173.999502858563,1926.42306736266,329.835082458771
176.485210042257,1916.48023862789,329.835082458771
288.342033308476,1399.45314441959,344.827586206897
350.48471290082,260.999254287845,329.835082458771
390.25602783992,2167.53666418096,329.835082458771
434.998757146408,812.82624906786,344.827586206897
444.941585881183,820.283370618941,329.835082458771
743.226447924435,1573.45264727815,344.827586206897
994.282873477504,2294.30773054934,329.835082458771
996.768580661198,2301.76485210042,329.835082458771
1021.62565249814,134.228187919463,344.827586206897
1026.59706686552,243.599304001989,344.827586206897
1031.56848123291,233.656475267214,344.827586206897
1230.42505592841,2120.30822769078,329.835082458771
1232.91076311211,2110.365398956,329.835082458771
1242.85359184688,2112.8511061397,329.835082458771
1367.13895103157,2122.79393487447,344.827586206897
1382.05319413373,2314.19338801889,344.827586206897
1551.08128262491,1282.62490678598,344.827586206897
1563.50981854338,743.226447924435,344.827586206897
1565.99552572707,1282.62490678598,344.827586206897
1608.25254784986,2025.85135471042,344.827586206897
1628.13820531941,1106.13969674372,329.835082458771
1643.05244842158,146.656723837932,344.827586206897
1695.25229927915,2309.2219736515,344.827586206897
1707.68083519761,2319.16480238628,344.827586206897
1727.56649266716,2214.76510067114,329.835082458771
1727.56649266716,2204.82227193637,329.835082458771
1732.53790703455,2217.25080785483,329.835082458771
1799.65200099428,723.340790454884,329.835082458771
1983.59433258762,790.454884414616,344.827586206897
2010.93711160825,1091.22545364156,344.827586206897
2100.42257022123,464.827243350733,329.835082458771
2110.365398956,459.855828983346,329.835082458771
2326.62192393736,1282.62490678598,329.835082458771
253.542132736764,847.626149639573,359.820089955023
278.399204573701,1406.91026597067,344.827586206897
442.455878697489,241.113596818295,359.820089955023
447.427293064877,233.656475267214,359.820089955023
705.940840169028,887.397464578673,344.827586206897
733.283619189659,929.654486701467,344.827586206897
730.797912005966,1573.45264727815,344.827586206897
735.769326373353,917.225950782998,344.827586206897
740.740740740741,343.027591349739,359.820089955023
996.768580661198,524.484215759384,344.827586206897
1128.51106139697,792.94059159831,344.827586206897
1493.91001739995,676.112353964703,344.827586206897
1501.36713895103,688.540889883172,344.827586206897
1789.70917225951,2083.02261993537,359.820089955023
1792.1948794432,725.826497638578,359.820089955023
1849.36614466816,2294.30773054934,359.820089955023
2306.73626646781,601.54113845389,344.827586206897
69.5998011434253,934.625901068854,389.805097451274
556.798409147402,1608.25254784986,359.820089955023
564.255530698484,1603.28113348248,359.820089955023
576.684066616953,387.770320656227,374.812593703148
695.998011434253,966.940094456873,374.812593703148
989.311459110117,517.027094208302,359.820089955023
1123.53964702958,780.512055679841,359.820089955023
1140.93959731544,2083.02261993537,359.820089955023
1145.91101168282,780.512055679841,359.820089955023
1230.42505592841,770.569226945066,374.812593703148
1282.62490678598,2003.47999005717,374.812593703148
1295.05344270445,1996.02286850609,374.812593703148
1399.45314441959,231.17076808352,374.812593703148
1401.93885160328,1444.19587372608,389.805097451274
1406.91026597067,1431.76733780761,359.820089955023
1429.28163062391,1431.76733780761,374.812593703148
1451.65299527716,1431.76733780761,359.820089955023
1483.96718866518,678.598061148397,359.820089955023
1640.56674123788,2122.79393487447,374.812593703148
1643.05244842158,753.16927665921,389.805097451274
1715.13795674869,1946.30872483221,359.820089955023
1727.56649266716,1948.79443201591,359.820089955023
1774.79492915735,2083.02261993537,359.820089955023
1779.76634352473,720.855083271191,359.820089955023
1794.6805866269,1869.25180213771,359.820089955023
1856.82326621924,2304.25055928412,359.820089955023
1921.45165299528,1359.68182948049,374.812593703148
1931.39448173005,1379.56748695004,374.812593703148
1968.68008948546,1369.62465821526,359.820089955023
2110.365398956,1165.79666915237,359.820089955023
2122.79393487447,1158.33954760129,359.820089955023
2162.56524981357,1963.70867511807,359.820089955023
2170.02237136465,1968.68008948546,359.820089955023
2363.90753169277,1058.91126025354,359.820089955023
2371.36465324385,1083.76833209048,374.812593703148
2376.33606761124,1068.85408898832,359.820089955023
216.256524981357,571.712652249565,389.805097451274
233.656475267214,464.827243350733,389.805097451274
310.71339796172,2018.39423315933,389.805097451274
454.884414615958,892.36887894606,374.812593703148
494.655729555058,1687.79517772806,374.812593703148
526.969922943077,1685.30947054437,374.812593703148
554.312701963709,1598.30971911509,374.812593703148
564.255530698484,1593.3383047477,374.812593703148
569.226945065871,380.313199105145,374.812593703148
708.426547352722,964.454387273179,374.812593703148
827.740492170022,1585.88118319662,374.812593703148
1031.56848123291,1106.13969674372,389.805097451274
1108.62540392742,2271.9363658961,374.812593703148
1116.0825254785,2276.90778026349,389.805097451274
1126.02535421327,1111.11111111111,374.812593703148
1133.48247576436,1128.51106139697,374.812593703148
1135.96818294805,1121.05393984589,374.812593703148
1140.93959731544,2073.0797912006,374.812593703148
1150.88242605021,1126.02535421327,374.812593703148
1292.56773552076,1981.10862540393,389.805097451274
1416.85309470544,1414.36738752175,374.812593703148
1424.31021625653,1454.13870246085,374.812593703148
1501.36713895103,1108.62540392742,389.805097451274
1620.68108376833,1260.25354213274,389.805097451274
1652.99527715635,524.484215759384,389.805097451274
1665.42381307482,728.312204822272,389.805097451274
1715.13795674869,1839.42331593338,374.812593703148
1722.59507829978,1829.48048719861,374.812593703148
1866.76609495401,1314.939100174,389.805097451274
1871.7375093214,1304.99627143922,374.812593703148
1941.33731046483,1359.68182948049,374.812593703148
1956.25155356699,1364.65324384787,389.805097451274
1978.62291822023,1359.68182948049,374.812593703148
2346.50758140691,1056.42555306985,374.812593703148
2361.42182450907,1071.33979617201,374.812593703148
2383.79318916232,1043.99701715138,374.812593703148
12.4285359184688,939.597315436242,404.7976011994
27.3427790206314,1118.56823266219,389.805097451274
32.3141933880189,1126.02535421327,389.805097451274
139.199602286851,1672.8809346259,389.805097451274
149.142431021626,1685.30947054437,389.805097451274
218.742232165051,561.76982351479,389.805097451274
402.684563758389,805.369127516779,404.7976011994
454.884414615958,2135.22247079294,389.805097451274
462.34153616704,2142.67959234402,389.805097451274
494.655729555058,1695.25229927915,389.805097451274
499.627143922446,1680.33805617698,389.805097451274
546.855580412627,1680.33805617698,389.805097451274
564.255530698484,2192.3937360179,389.805097451274
683.569475515784,710.912254536416,404.7976011994
887.397464578673,623.912503107134,389.805097451274
894.854586129754,613.969674372359,404.7976011994
1026.59706686552,1113.5968182948,389.805097451274
1051.45413870246,922.197365150385,389.805097451274
1108.62540392742,2279.39348744718,389.805097451274
1121.05393984589,1140.93959731544,389.805097451274
1272.68207805121,1993.5371613224,404.7976011994
1466.56723837932,504.598558289833,419.790104947526
1638.08103405419,2132.73676360925,389.805097451274
1648.02386278896,730.797912005966,389.805097451274
1655.48098434004,703.455132985334,404.7976011994
1670.39522744221,755.654983842903,389.805097451274
1787.22346507581,2204.82227193637,389.805097451274
1879.19463087248,1307.48197862292,389.805097451274
1931.39448173005,1364.65324384787,389.805097451274
2087.99403430276,1272.68207805121,404.7976011994
2257.02212279394,1732.53790703455,404.7976011994
2348.9932885906,1409.39597315436,389.805097451274
2344.02187422322,1426.79592344022,389.805097451274
2386.27889634601,1188.16803380562,404.7976011994
37.2856077554064,1429.28163062391,404.7976011994
139.199602286851,1682.82376336068,404.7976011994
144.171016654238,1630.62391250311,419.790104947526
149.142431021626,1695.25229927915,404.7976011994
367.884663186677,1451.65299527716,404.7976011994
370.37037037037,1459.11011682824,404.7976011994
544.369873228934,1690.28088491176,404.7976011994
564.255530698484,2202.33656475267,404.7976011994
678.598061148397,723.340790454884,404.7976011994
994.282873477504,877.454635843898,419.790104947526
1011.68282376336,874.968928660204,419.790104947526
1024.11135968183,884.911757394979,404.7976011994
1118.56823266219,2289.33631618195,404.7976011994
1135.96818294805,2120.30822769078,404.7976011994
1135.96818294805,1126.02535421327,404.7976011994
1205.56798409147,725.826497638578,419.790104947526
1354.7104151131,509.569972657221,404.7976011994
1419.33880188914,1421.82450907283,419.790104947526
1474.0243599304,487.198608003977,404.7976011994
1543.62416107383,1814.56624409645,419.790104947526
1620.68108376833,1941.33731046483,404.7976011994
1635.59532687049,718.369376087497,404.7976011994
1672.8809346259,710.912254536416,404.7976011994
1797.16629381059,1496.39572458364,404.7976011994
2020.87994034303,1697.73800646284,419.790104947526
2363.90753169277,1063.88267462093,404.7976011994
27.3427790206314,1424.31021625653,419.790104947526
57.1712652249565,1019.13994531444,434.782608695652
298.284862043251,2023.36564752672,419.790104947526
357.941834451902,1449.16728809346,419.790104947526
452.398707432264,2145.16529952772,419.790104947526
556.798409147402,1901.56599552573,419.790104947526
673.626646781009,2110.365398956,434.782608695652
698.483718617947,238.627889634601,419.790104947526
708.426547352722,233.656475267214,419.790104947526
720.855083271191,1096.19686800895,434.782608695652
1011.68282376336,894.854586129754,449.775112443778
1126.02535421327,2117.82252050708,419.790104947526
1153.36813323391,1732.53790703455,419.790104947526
1173.25379070346,2296.79343773304,419.790104947526
1208.05369127517,718.369376087497,419.790104947526
1270.19637086751,2063.13696246582,419.790104947526
1275.1677852349,2075.56549838429,419.790104947526
1277.65349241859,2060.65125528213,419.790104947526
1481.48148148148,1630.62391250311,419.790104947526
1575.93835446184,1911.5088242605,449.775112443778
1628.13820531941,2025.85135471042,449.775112443778
1650.50956997266,745.712155108128,419.790104947526
1695.25229927915,1565.99552572707,434.782608695652
1834.451901566,919.711657966692,419.790104947526
1909.02311707681,1657.96669152374,419.790104947526
2008.45140442456,1702.70942083023,419.790104947526
2351.4789957743,1143.42530449913,419.790104947526
2351.4789957743,1158.33954760129,434.782608695652
427.541635595327,1558.53840417599,434.782608695652
541.88416604524,1757.39497887149,434.782608695652
753.16927665921,778.026348496147,449.775112443778
763.112105393985,576.684066616953,449.775112443778
775.540641312453,589.112602535421,449.775112443778
1086.25403927417,713.397961720109,434.782608695652
1111.11111111111,820.283370618941,449.775112443778
1145.91101168282,1722.59507829978,434.782608695652
1178.22520507084,2286.85060899826,434.782608695652
1178.22520507084,2291.82202336565,434.782608695652
1491.42431021626,1633.1096196868,434.782608695652
1613.22396221725,2040.76559781258,449.775112443778
1618.19537658464,2055.67984091474,434.782608695652
1633.1096196868,2003.47999005717,449.775112443778
1648.02386278896,2013.42281879195,449.775112443778
1730.05219985086,1409.39597315436,449.775112443778
218.742232165051,1541.13845389013,464.767616191904
439.970171513796,1561.02411135968,449.775112443778
887.397464578673,1106.13969674372,449.775112443778
964.454387273179,412.627392493164,464.767616191904
1093.71116082525,718.369376087497,464.767616191904
1128.51106139697,1809.59482972906,464.767616191904
1300.02485707184,452.398707432264,449.775112443778
1319.91051454139,477.255779269202,449.775112443778
1324.88192890877,454.884414615958,479.76011994003
1337.31046482724,472.284364901815,464.767616191904
1498.88143176734,1764.85210042257,464.767616191904
1615.70966940094,1998.50857568978,449.775112443778
1623.16679095203,263.484961471539,464.767616191904
1640.56674123788,2048.22271936366,449.775112443778
1732.53790703455,1424.31021625653,464.767616191904
1916.48023862789,2010.93711160825,464.767616191904
2023.36564752672,526.969922943077,449.775112443778
2023.36564752672,536.912751677852,464.767616191904
2080.53691275168,1093.71116082525,464.767616191904
2102.90827740492,730.797912005966,449.775112443778
183.942331593338,1406.91026597067,464.767616191904
196.370867511807,1588.36689038031,464.767616191904
196.370867511807,1605.76684066617,464.767616191904
648.769574944072,1459.11011682824,479.76011994003
646.283867760378,2155.10812826249,464.767616191904
785.483470047228,579.169773800646,464.767616191904
812.82624906786,1205.56798409147,464.767616191904
872.48322147651,1543.62416107383,464.767616191904
994.282873477504,877.454635843898,464.767616191904
1009.19711657967,892.36887894606,464.767616191904
1026.59706686552,917.225950782998,464.767616191904
1091.22545364156,437.484464330102,479.76011994003
1143.42530449913,1799.65200099428,464.767616191904
1203.08227690778,1943.82301764852,464.767616191904
1287.59632115337,1041.51130996769,479.76011994003
1314.939100174,444.941585881183,479.76011994003
1312.45339299031,484.712900820283,464.767616191904
1354.7104151131,802.883420333085,464.767616191904
1389.51031568481,2025.85135471042,479.76011994003
1389.51031568481,2040.76559781258,479.76011994003
1486.45289584887,1682.82376336068,479.76011994003
1635.59532687049,260.999254287845,464.767616191904
1652.99527715635,2025.85135471042,464.767616191904
2160.07954262988,1551.08128262491,479.76011994003
2172.50807854835,1541.13845389013,479.76011994003
206.313696246582,1590.85259756401,494.752623688156
288.342033308476,1471.53865274671,494.752623688156
539.398458861546,1290.08202833706,494.752623688156
877.454635843898,1523.73850360428,494.752623688156
902.311707680835,683.569475515784,494.752623688156
1006.71140939597,1081.28262490679,494.752623688156
1019.13994531444,1086.25403927417,494.752623688156
1051.45413870246,1387.02460850112,509.745127436282
1086.25403927417,2242.10787969177,479.76011994003
1101.16828237634,1317.42480735769,479.76011994003
1128.51106139697,1096.19686800895,479.76011994003
1240.36788466319,1817.05195128014,494.752623688156
1322.39622172508,467.312950534427,479.76011994003
1488.93860303256,1695.25229927915,494.752623688156
1543.62416107383,691.026597066866,479.76011994003
1543.62416107383,676.112353964703,494.752623688156
1548.59557544121,695.998011434253,479.76011994003
1648.02386278896,2100.42257022123,479.76011994003
1650.50956997266,1431.76733780761,479.76011994003
1717.62366393239,879.940343027591,479.76011994003
1841.90902311708,1483.96718866518,494.752623688156
188.913745960726,1593.3383047477,494.752623688156
387.770320656227,852.59756400696,524.737631184408
459.855828983346,1720.10937111608,509.745127436282
531.941337310465,981.854337559036,509.745127436282
544.369873228934,991.797166293811,509.745127436282
815.311956251554,1158.33954760129,494.752623688156
827.740492170022,1148.39671886652,509.745127436282
860.054685558041,1319.91051454139,494.752623688156
914.740243599304,688.540889883172,494.752623688156
927.168779517773,1063.88267462093,494.752623688156
1096.19686800895,425.055928411633,494.752623688156
1287.59632115337,1026.59706686552,494.752623688156
1332.33905045986,439.970171513796,494.752623688156
1354.7104151131,787.969177230922,494.752623688156
1391.99602286851,1292.56773552076,524.737631184408
1454.13870246085,785.483470047228,494.752623688156
1488.93860303256,497.141436738752,509.745127436282
1563.50981854338,1608.25254784986,494.752623688156
1593.3383047477,1004.22570221228,494.752623688156
1600.79542629878,1009.19711657967,494.752623688156
1608.25254784986,996.768580661198,509.745127436282
1638.08103405419,1916.48023862789,509.745127436282
1652.99527715635,1921.45165299528,494.752623688156
1695.25229927915,1155.8538404176,509.745127436282
1717.62366393239,865.026099925429,509.745127436282
1725.08078548347,857.568978374347,494.752623688156
1807.10912254536,947.054436987323,509.745127436282
1826.99478001491,959.482972905792,509.745127436282
1849.36614466816,1476.51006711409,494.752623688156
2028.33706189411,700.969425801641,509.745127436282
2070.5940840169,1777.28063634104,509.745127436282
2172.50807854835,1561.02411135968,494.752623688156
295.799154859558,879.940343027591,524.737631184408
345.513298533433,1220.48222719364,524.737631184408
352.970420084514,1227.93934874472,524.737631184408
539.398458861546,1327.36763609247,524.737631184408
688.540889883172,1031.56848123291,524.737631184408
807.854834700472,1155.8538404176,509.745127436282
877.454635843898,1533.68133233905,509.745127436282
922.197365150385,1056.42555306985,509.745127436282
1076.3112105394,1121.05393984589,524.737631184408
1081.28262490679,1416.85309470544,539.730134932534
1086.25403927417,1116.0825254785,509.745127436282
1155.8538404176,1086.25403927417,524.737631184408
1178.22520507084,1091.22545364156,524.737631184408
1372.11036539896,892.36887894606,524.737631184408
1677.85234899329,865.026099925429,524.737631184408
1695.25229927915,412.627392493164,524.737631184408
1749.93785732041,725.826497638578,509.745127436282
1916.48023862789,1553.5669898086,524.737631184408
512.055679840915,1536.16703952274,539.730134932534
676.112353964703,1041.51130996769,524.737631184408
787.969177230922,1250.31071339796,524.737631184408
1068.85408898832,392.741735023614,524.737631184408
1076.3112105394,402.684563758389,539.730134932534
1145.91101168282,1317.42480735769,539.730134932534
1287.59632115337,1252.79642058166,524.737631184408
1359.68182948049,897.340293313448,539.730134932534
1563.50981854338,1461.59582401193,554.72263868066
1814.56624409645,1951.2801391996,539.730134932534
2085.50832711907,1613.22396221725,539.730134932534
320.656226696495,1518.76708923689,554.72263868066
648.769574944072,524.484215759384,554.72263868066
1048.96843151877,1106.13969674372,539.730134932534
1056.42555306985,1066.36838180462,569.715142428786
1071.33979617201,1081.28262490679,554.72263868066
1133.48247576436,1317.42480735769,539.730134932534
1168.28237633607,417.598806860552,539.730134932534
1168.28237633607,432.513049962714,539.730134932534
1280.13919960229,1247.82500621427,539.730134932534
1536.16703952274,554.312701963709,539.730134932534
1802.13770817798,1802.13770817798,554.72263868066
2090.47974148645,1466.56723837932,554.72263868066
2100.42257022123,1461.59582401193,569.715142428786
2135.22247079294,1048.96843151877,539.730134932534
298.284862043251,1250.31071339796,554.72263868066
300.770569226945,1260.25354213274,554.72263868066
544.369873228934,740.740740740741,584.707646176912
648.769574944072,750.683569475516,569.715142428786
867.511807109123,554.312701963709,554.72263868066
874.968928660204,561.76982351479,569.715142428786
1036.5398956003,1088.73974645787,554.72263868066
1051.45413870246,1101.16828237634,554.72263868066
1066.36838180462,1106.13969674372,569.715142428786
1213.02510564256,2105.39398458862,569.715142428786
1215.51081282625,462.34153616704,569.715142428786
1227.93934874472,2102.90827740492,569.715142428786
1389.51031568481,1717.62366393239,554.72263868066
1401.93885160328,1725.08078548347,569.715142428786
1546.10986825752,1449.16728809346,554.72263868066
1553.5669898086,1469.05294556301,554.72263868066
1558.53840417599,1439.22445935869,584.707646176912
1804.62341536167,1787.22346507581,569.715142428786
1956.25155356699,1101.16828237634,554.72263868066
1966.19438230176,1113.5968182948,554.72263868066
2112.8511061397,1362.16753666418,569.715142428786
633.855331841909,847.626149639573,584.707646176912
845.140442455879,1918.96594581158,584.707646176912
922.197365150385,444.941585881183,584.707646176912
1051.45413870246,1546.10986825752,569.715142428786
1056.42555306985,1551.08128262491,599.700149925038
1071.33979617201,1061.39696743724,569.715142428786
1086.25403927417,1168.28237633607,584.707646176912
1123.53964702958,566.741237882178,569.715142428786
1143.42530449913,564.255530698484,584.707646176912
1436.73875217499,1213.02510564256,569.715142428786
1478.99577429779,1906.53740989311,569.715142428786
1506.33855331842,1009.19711657967,584.707646176912
1600.79542629878,976.882923191648,584.707646176912
1814.56624409645,1794.6805866269,569.715142428786
1844.39473030077,1006.71140939597,599.700149925038
601.54113845389,1053.93984588615,614.692653673163
775.540641312453,1578.42406164554,599.700149925038
927.168779517773,1217.99652000994,599.700149925038
1039.02560278399,681.08376833209,599.700149925038
1043.99701715138,1978.62291822023,599.700149925038
1061.39696743724,1981.10862540393,599.700149925038
1180.71091225454,1876.70892368879,584.707646176912
1190.65374098931,1861.79468058663,584.707646176912
1282.62490678598,1426.79592344022,599.700149925038
1399.45314441959,812.82624906786,614.692653673163
1521.25279642058,1016.65423813075,584.707646176912
1558.53840417599,1471.53865274671,584.707646176912
1625.65249813572,566.741237882178,599.700149925038
1836.93760874969,872.48322147651,614.692653673163
1988.56574695501,1483.96718866518,599.700149925038
889.883171762366,1685.30947054437,629.685157421289
927.168779517773,1232.91076311211,599.700149925038
1048.96843151877,1988.56574695501,614.692653673163
1337.31046482724,832.71190653741,614.692653673163
1645.53815560527,929.654486701467,614.692653673163
1722.59507829978,1526.22421078797,614.692653673163
1911.5088242605,1193.13944817301,614.692653673163
638.826746209297,760.626398210291,614.692653673163
795.426298782004,1762.36639323888,629.685157421289
832.71190653741,584.141188168034,614.692653673163
869.997514292816,1672.8809346259,614.692653673163
1091.22545364156,1809.59482972906,629.685157421289
1722.59507829978,723.340790454884,629.685157421289
1727.56649266716,713.397961720109,614.692653673163
1053.93984588615,1650.50956997266,644.677661169415
1742.48073576933,902.311707680835,644.677661169415
832.71190653741,584.141188168034,644.677661169415
1421.82450907283,1295.05344270445,644.677661169415
1459.11011682824,1145.91101168282,689.655172413793
795.426298782004,1749.93785732041,659.670164917541
1053.93984588615,1640.56674123788,659.670164917541
1409.39597315436,1295.05344270445,659.670164917541
827.740492170022,989.311459110117,689.655172413793
892.36887894606,1685.30947054437,674.662668665667
1093.71116082525,1812.08053691275,674.662668665667
1270.19637086751,1424.31021625653,704.647676161919
1357.19612229679,1086.25403927417,704.647676161919
1382.05319413373,1086.25403927417,689.655172413793
1419.33880188914,1297.53914988814,674.662668665667
1483.96718866518,869.997514292816,689.655172413793
1752.4235645041,899.826000497141,674.662668665667
1208.05369127517,1180.71091225454,704.647676161919
1280.13919960229,1290.08202833706,689.655172413793
1287.59632115337,1302.51056425553,704.647676161919
1322.39622172508,1528.70991797166,719.640179910045
1411.88168033806,1222.96793437733,704.647676161919
922.197365150385,1121.05393984589,719.640179910045
934.625901068854,1113.5968182948,719.640179910045
1210.53939845886,1155.8538404176,704.647676161919
1414.36738752175,1372.11036539896,719.640179910045
1411.88168033806,1357.19612229679,719.640179910045
1401.93885160328,1222.96793437733,719.640179910045
1404.42455878698,1372.11036539896,734.632683658171
1444.19587372608,1138.45389013174,734.632683658171
