221.227939348745,1677.85234899329,14.9925037481259
236.142182450907,1662.93810589113,14.9925037481259
382.798906288839,2448.42157593835,29.9850074962519
763.112105393985,1021.62565249814,14.9925037481259
765.597812577678,1083.76833209048,14.9925037481259
773.05493412876,1068.85408898832,14.9925037481259
830.226199353716,2165.05095699727,14.9925037481259
860.054685558041,86.9997514292816,29.9850074962519
902.311707680835,1722.59507829978,14.9925037481259
912.25453641561,1889.13745960726,29.9850074962519
927.168779517773,1762.36639323888,14.9925037481259
944.568729803629,1717.62366393239,14.9925037481259
964.454387273179,1774.79492915735,14.9925037481259
969.425801640567,1829.48048719861,14.9925037481259
971.911508824261,27.3427790206314,29.9850074962519
1021.62565249814,1804.62341536167,14.9925037481259
1031.56848123291,1648.02386278896,29.9850074962519
1039.02560278399,1638.08103405419,14.9925037481259
1043.99701715138,1839.42331593338,14.9925037481259
1083.76833209048,1633.1096196868,14.9925037481259
1304.99627143922,924.683072334079,29.9850074962519
1319.91051454139,924.683072334079,29.9850074962519
1478.99577429779,1461.59582401193,29.9850074962519
1491.42431021626,1501.36713895103,29.9850074962519
1503.85284613473,1548.59557544121,29.9850074962519
1506.33855331842,1466.56723837932,29.9850074962519
1508.82426050211,1491.42431021626,29.9850074962519
1506.33855331842,1414.36738752175,29.9850074962519
1570.96694009446,1630.62391250311,29.9850074962519
1640.56674123788,753.16927665921,29.9850074962519
1747.45215013671,1103.65398956003,29.9850074962519
1782.25205070843,2376.33606761124,29.9850074962519
1809.59482972906,2358.93611732538,14.9925037481259
1839.42331593338,2170.02237136465,14.9925037481259
1849.36614466816,2142.67959234402,14.9925037481259
1846.88043748446,2157.59383544618,14.9925037481259
1851.85185185185,2184.93661446682,14.9925037481259
1879.19463087248,2222.22222222222,14.9925037481259
1884.16604523987,2237.13646532438,29.9850074962519
2073.0797912006,922.197365150385,29.9850074962519
2095.45115585384,1073.8255033557,29.9850074962519
2100.42257022123,954.511558538404,29.9850074962519
2115.33681332339,942.083022619935,29.9850074962519
2115.33681332339,914.740243599304,29.9850074962519
2177.47949291573,1963.70867511807,29.9850074962519
2234.65075814069,1275.1677852349,29.9850074962519
2249.56500124285,1285.11061396967,29.9850074962519
2259.50782997763,1304.99627143922,29.9850074962519
2291.82202336565,1384.53890131742,29.9850074962519
2309.2219736515,1391.99602286851,29.9850074962519
437.484464330102,2167.53666418096,29.9850074962519
613.969674372359,1175.73949788715,44.9775112443778
691.026597066866,278.399204573701,29.9850074962519
1121.05393984589,246.085011185682,44.9775112443778
1304.99627143922,942.083022619935,29.9850074962519
1399.45314441959,790.454884414616,44.9775112443778
1466.56723837932,1518.76708923689,29.9850074962519
1471.53865274671,1441.71016654238,29.9850074962519
1476.51006711409,1496.39572458364,29.9850074962519
1488.93860303256,1429.28163062391,29.9850074962519
1503.85284613473,1449.16728809346,29.9850074962519
1506.33855331842,1431.76733780761,29.9850074962519
1518.76708923689,1441.71016654238,29.9850074962519
1531.19562515536,1466.56723837932,29.9850074962519
1707.68083519761,1145.91101168282,44.9775112443778
1725.08078548347,1071.33979617201,44.9775112443778
1747.45215013671,1111.11111111111,29.9850074962519
1752.4235645041,1113.5968182948,29.9850074962519
1809.59482972906,780.512055679841,44.9775112443778
1876.70892368879,2237.13646532438,29.9850074962519
1946.30872483221,1399.45314441959,29.9850074962519
1951.2801391996,1414.36738752175,44.9775112443778
1953.7658463833,1406.91026597067,29.9850074962519
1966.19438230176,1411.88168033806,29.9850074962519
2065.62266964952,1083.76833209048,29.9850074962519
2097.93686303753,919.711657966692,29.9850074962519
2110.365398956,929.654486701467,29.9850074962519
2155.10812826249,1103.65398956003,29.9850074962519
2254.53641561024,1650.50956997266,44.9775112443778
2264.47924434502,1359.68182948049,29.9850074962519
2281.87919463087,596.569724086503,29.9850074962519
2321.65050956997,1369.62465821526,29.9850074962519
2388.7646035297,1056.42555306985,29.9850074962519
29.8284862043251,2070.5940840169,44.9775112443778
32.3141933880189,2080.53691275168,44.9775112443778
29.8284862043251,2092.96544867015,44.9775112443778
390.25602783992,1421.82450907283,59.9700149925037
457.370121799652,1471.53865274671,59.9700149925037
459.855828983346,1483.96718866518,44.9775112443778
817.797663435247,2214.76510067114,59.9700149925037
825.254784986329,1762.36639323888,59.9700149925037
842.654735272185,1762.36639323888,59.9700149925037
914.740243599304,504.598558289833,44.9775112443778
932.14019388516,512.055679840915,59.9700149925037
1121.05393984589,1767.33780760626,44.9775112443778
1123.53964702958,1774.79492915735,44.9775112443778
1133.48247576436,817.797663435247,44.9775112443778
1374.59607258265,335.570469798658,44.9775112443778
1568.48123291076,1846.88043748446,59.9700149925037
1618.19537658464,487.198608003977,59.9700149925037
1633.1096196868,328.113348247576,74.9625187406297
1720.10937111608,1150.88242605021,44.9775112443778
1856.82326621924,2145.16529952772,44.9775112443778
1973.65150385285,1411.88168033806,44.9775112443778
2013.42281879195,216.256524981357,59.9700149925037
2070.5940840169,1091.22545364156,44.9775112443778
2112.8511061397,34.7999005717127,59.9700149925037
2182.45090728312,735.769326373353,59.9700149925037
2249.56500124285,116.828237633607,59.9700149925037
2304.25055928412,497.141436738752,59.9700149925037
2319.16480238628,1178.22520507084,59.9700149925037
2403.67884663187,303.256276410639,44.9775112443778
2403.67884663187,313.199105145414,44.9775112443778
228.685060899826,1573.45264727815,59.9700149925037
285.856326124783,800.397713149391,74.9625187406297
385.284613472533,1431.76733780761,74.9625187406297
387.770320656227,628.883917474521,59.9700149925037
430.027342779021,1638.08103405419,74.9625187406297
447.427293064877,1625.65249813572,74.9625187406297
454.884414615958,265.970668655232,59.9700149925037
944.568729803629,444.941585881183,74.9625187406297
999.254287844892,1180.71091225454,59.9700149925037
1270.19637086751,1660.45239870743,59.9700149925037
1267.71066368382,1648.02386278896,59.9700149925037
1603.28113348248,489.684315187671,59.9700149925037
1608.25254784986,1108.62540392742,74.9625187406297
1650.50956997266,350.48471290082,74.9625187406297
1648.02386278896,320.656226696495,59.9700149925037
1675.36664180959,1210.53939845886,74.9625187406297
1710.16654238131,1322.39622172508,74.9625187406297
1933.88018891375,795.426298782004,59.9700149925037
2083.02261993537,1123.53964702958,59.9700149925037
2090.47974148645,1116.0825254785,59.9700149925037
2102.90827740492,47.2284364901815,59.9700149925037
2105.39398458862,621.42679592344,74.9625187406297
2361.42182450907,571.712652249565,59.9700149925037
2433.50733283619,778.026348496147,59.9700149925037
44.7427293064877,1956.25155356699,74.9625187406297
223.713646532438,1580.90976882923,89.9550224887556
226.199353716132,728.312204822272,74.9625187406297
233.656475267214,730.797912005966,89.9550224887556
434.998757146408,131.742480735769,74.9625187406297
452.398707432264,136.713895103157,74.9625187406297
477.255779269202,295.799154859558,89.9550224887556
705.940840169028,2065.62266964952,74.9625187406297
847.626149639573,1058.91126025354,89.9550224887556
857.568978374347,1058.91126025354,74.9625187406297
949.540144171017,454.884414615958,74.9625187406297
1004.22570221228,375.341784737758,74.9625187406297
1016.65423813075,377.827491921452,74.9625187406297
1046.48272433507,1083.76833209048,74.9625187406297
1103.65398956003,1613.22396221725,89.9550224887556
1237.88217747949,775.540641312453,89.9550224887556
1508.82426050211,1742.48073576933,89.9550224887556
1516.28138205319,1732.53790703455,89.9550224887556
1575.93835446184,1322.39622172508,89.9550224887556
1578.42406164554,1312.45339299031,74.9625187406297
1598.30971911509,1091.22545364156,74.9625187406297
1600.79542629878,1941.33731046483,74.9625187406297
1605.76684066617,1951.2801391996,74.9625187406297
1618.19537658464,1941.33731046483,74.9625187406297
1700.22371364653,837.683320904797,74.9625187406297
1886.65175242356,2319.16480238628,74.9625187406297
1968.68008948546,678.598061148397,74.9625187406297
2003.47999005717,1787.22346507581,89.9550224887556
2376.33606761124,2060.65125528213,74.9625187406297
2388.7646035297,2065.62266964952,74.9625187406297
2433.50733283619,1165.79666915237,89.9550224887556
2435.99304001989,1178.22520507084,89.9550224887556
0,2167.53666418096,89.9550224887556
0,2174.99378573204,89.9550224887556
188.913745960726,1449.16728809346,89.9550224887556
258.513547104151,2003.47999005717,104.947526236882
352.970420084514,2120.30822769078,89.9550224887556
380.313199105145,1996.02286850609,89.9550224887556
748.197862291822,1208.05369127517,89.9550224887556
748.197862291822,1220.48222719364,104.947526236882
857.568978374347,1707.68083519761,89.9550224887556
867.511807109123,1707.68083519761,89.9550224887556
912.25453641561,479.741486452896,89.9550224887556
917.225950782998,489.684315187671,89.9550224887556
917.225950782998,477.255779269202,89.9550224887556
1053.93984588615,1083.76833209048,89.9550224887556
1391.99602286851,121.799652000994,104.947526236882
1449.16728809346,743.226447924435,104.947526236882
1598.30971911509,126.771066368382,104.947526236882
1916.48023862789,2135.22247079294,89.9550224887556
1946.30872483221,778.026348496147,89.9550224887556
1946.30872483221,797.912005965697,89.9550224887556
2020.87994034303,1198.11086254039,89.9550224887556
2058.16554809843,54.6855580412627,89.9550224887556
2147.65100671141,141.685309470544,89.9550224887556
2152.6224210788,44.7427293064877,89.9550224887556
2155.10812826249,2286.85060899826,104.947526236882
2162.56524981357,141.685309470544,89.9550224887556
2261.99353716132,2045.73701217997,104.947526236882
2344.02187422322,1926.42306736266,104.947526236882
2376.33606761124,892.36887894606,104.947526236882
2383.79318916232,494.655729555058,89.9550224887556
2391.2503107134,497.141436738752,89.9550224887556
34.7999005717127,668.655232413622,119.940029985007
328.113348247576,2329.10763112105,104.947526236882
380.313199105145,84.5140442455879,104.947526236882
693.512304250559,1536.16703952274,104.947526236882
708.426547352722,1981.10862540393,104.947526236882
820.283370618941,1700.22371364653,104.947526236882
939.597315436242,869.997514292816,104.947526236882
1006.71140939597,1088.73974645787,104.947526236882
1016.65423813075,1083.76833209048,104.947526236882
1034.0541884166,1752.4235645041,119.940029985007
1138.45389013174,715.883668903803,104.947526236882
1329.85334327616,27.3427790206314,104.947526236882
1342.28187919463,34.7999005717127,104.947526236882
1401.93885160328,2070.5940840169,119.940029985007
1742.48073576933,246.085011185682,119.940029985007
1826.99478001491,1635.59532687049,104.947526236882
1841.90902311708,1625.65249813572,104.947526236882
1846.88043748446,832.71190653741,104.947526236882
1983.59433258762,1645.53815560527,104.947526236882
2073.0797912006,1638.08103405419,119.940029985007
2152.6224210788,1456.62440964454,119.940029985007
2157.59383544618,2276.90778026349,104.947526236882
2155.10812826249,1290.08202833706,119.940029985007
2157.59383544618,1424.31021625653,104.947526236882
2189.9080288342,2371.36465324385,104.947526236882
2237.13646532438,894.854586129754,119.940029985007
2304.25055928412,2075.56549838429,104.947526236882
2316.67909520259,2073.0797912006,104.947526236882
2334.07904548844,1682.82376336068,119.940029985007
2413.62167536664,1600.79542629878,119.940029985007
39.7713149391002,678.598061148397,119.940029985007
345.513298533433,2025.85135471042,119.940029985007
370.37037037037,77.0569226945066,134.932533733133
390.25602783992,74.5712155108128,119.940029985007
628.883917474521,211.28511061397,119.940029985007
631.369624658215,201.342281879195,119.940029985007
643.798160576684,211.28511061397,134.932533733133
658.712403678847,1029.08277404922,119.940029985007
683.569475515784,805.369127516779,134.932533733133
790.454884414616,305.741983594333,119.940029985007
852.59756400696,2428.5359184688,134.932533733133
1043.99701715138,1752.4235645041,119.940029985007
1235.3964702958,2334.07904548844,134.932533733133
1262.73924931643,937.111608252548,119.940029985007
1265.22495650012,949.540144171017,119.940029985007
1309.96768580661,141.685309470544,134.932533733133
1319.91051454139,134.228187919463,119.940029985007
1536.16703952274,1849.36614466816,119.940029985007
1593.3383047477,2475.76435495899,134.932533733133
1650.50956997266,2411.13596818295,119.940029985007
2170.02237136465,728.312204822272,134.932533733133
2259.50782997763,2281.87919463087,119.940029985007
2279.39348744718,1742.48073576933,119.940029985007
2339.05045985583,2053.19413373105,119.940029985007
2376.33606761124,474.770072085508,134.932533733133
2406.16455381556,397.713149391002,119.940029985007
308.227690778026,357.941834451902,134.932533733133
442.455878697489,604.026845637584,134.932533733133
489.684315187671,1175.73949788715,149.925037481259
499.627143922446,1170.76808351976,134.932533733133
514.541387024609,387.770320656227,134.932533733133
621.42679592344,773.05493412876,134.932533733133
623.912503107134,787.969177230922,134.932533733133
648.769574944072,1039.02560278399,134.932533733133
653.740989311459,1021.62565249814,134.932533733133
676.112353964703,827.740492170022,134.932533733133
842.654735272185,166.542381307482,134.932533733133
1071.33979617201,1421.82450907283,134.932533733133
1123.53964702958,1976.13721103654,149.925037481259
1232.91076311211,89.4854586129754,134.932533733133
1387.02460850112,1829.48048719861,134.932533733133
1702.70942083023,1501.36713895103,149.925037481259
1772.30922197365,1983.59433258762,149.925037481259
1789.70917225951,1118.56823266219,149.925037481259
1792.1948794432,1101.16828237634,149.925037481259
1884.16604523987,944.568729803629,149.925037481259
1916.48023862789,382.798906288839,134.932533733133
1918.96594581158,1300.02485707184,134.932533733133
1923.93736017897,1297.53914988814,134.932533733133
1933.88018891375,1297.53914988814,134.932533733133
2291.82202336565,1986.08003977131,134.932533733133
2296.79343773304,2003.47999005717,134.932533733133
2304.25055928412,1988.56574695501,134.932533733133
2304.25055928412,1043.99701715138,134.932533733133
2311.7076808352,2000.99428287348,134.932533733133
2321.65050956997,1036.5398956003,134.932533733133
2361.42182450907,489.684315187671,134.932533733133
2406.16455381556,1986.08003977131,149.925037481259
2463.33581904052,633.855331841909,134.932533733133
2475.76435495899,638.826746209297,134.932533733133
216.256524981357,979.368630375342,149.925037481259
536.912751677852,310.71339796172,149.925037481259
549.341287596321,305.741983594333,149.925037481259
730.797912005966,1319.91051454139,149.925037481259
738.255033557047,1329.85334327616,149.925037481259
822.769077802635,1991.0514541387,164.917541229385
919.711657966692,1357.19612229679,164.917541229385
1076.3112105394,2165.05095699727,149.925037481259
1078.79691772309,1093.71116082525,149.925037481259
1086.25403927417,1083.76833209048,149.925037481259
1091.22545364156,1081.28262490679,149.925037481259
1389.51031568481,2368.87894606015,149.925037481259
1387.02460850112,1844.39473030077,164.917541229385
1687.79517772806,1697.73800646284,149.925037481259
1764.85210042257,1966.19438230176,164.917541229385
1784.73775789212,1252.79642058166,149.925037481259
1859.30897340293,678.598061148397,164.917541229385
1881.68033805618,952.02585135471,149.925037481259
1909.02311707681,27.3427790206314,164.917541229385
2247.07929405916,733.283619189659,164.917541229385
2284.36490181457,1270.19637086751,164.917541229385
2304.25055928412,2000.99428287348,149.925037481259
67.1140939597315,512.055679840915,164.917541229385
101.913994531444,1118.56823266219,179.910044977511
156.599552572707,2321.65050956997,179.910044977511
268.456375838926,1034.0541884166,164.917541229385
380.313199105145,1772.30922197365,164.917541229385
902.311707680835,1369.62465821526,179.910044977511
924.683072334079,283.370618941089,164.917541229385
1063.88267462093,2229.6793437733,164.917541229385
1061.39696743724,2242.10787969177,164.917541229385
1076.3112105394,2398.70743226448,164.917541229385
1078.79691772309,2249.56500124285,179.910044977511
1081.28262490679,2239.62217250808,164.917541229385
1175.73949788715,594.084016902809,164.917541229385
1262.73924931643,1948.79443201591,164.917541229385
1364.65324384787,2470.7929405916,164.917541229385
1379.56748695004,1841.90902311708,164.917541229385
1436.73875217499,17.3999502858563,164.917541229385
1675.36664180959,1695.25229927915,164.917541229385
1690.28088491176,1019.13994531444,164.917541229385
1697.73800646284,1011.68282376336,164.917541229385
1717.62366393239,1404.42455878698,179.910044977511
1792.1948794432,1265.22495650012,164.917541229385
1921.45165299528,24.8570718369376,164.917541229385
2204.82227193637,1573.45264727815,179.910044977511
2254.53641561024,718.369376087497,164.917541229385
2271.9363658961,1971.16579666915,164.917541229385
2366.39323887646,2033.3084762615,164.917541229385
124.285359184688,2264.47924434502,179.910044977511
139.199602286851,2269.4506587124,179.910044977511
270.94208302262,549.341287596321,179.910044977511
273.427790206314,1026.59706686552,179.910044977511
564.255530698484,2371.36465324385,179.910044977511
919.711657966692,2005.96569724086,179.910044977511
1056.42555306985,2254.53641561024,179.910044977511
1071.33979617201,1046.48272433507,179.910044977511
1081.28262490679,1053.93984588615,194.902548725637
1103.65398956003,1906.53740989311,179.910044977511
1546.10986825752,1140.93959731544,179.910044977511
1884.16604523987,1205.56798409147,179.910044977511
1933.88018891375,1389.51031568481,179.910044977511
1978.62291822023,134.228187919463,179.910044977511
2038.27989062888,2152.6224210788,179.910044977511
2050.70842654735,2155.10812826249,179.910044977511
2160.07954262988,1053.93984588615,179.910044977511
2261.99353716132,768.083519761372,179.910044977511
2314.19338801889,1854.33755903555,179.910044977511
2316.67909520259,1836.93760874969,179.910044977511
2319.16480238628,1841.90902311708,179.910044977511
74.5712155108128,1091.22545364156,194.902548725637
82.0283370618941,1081.28262490679,194.902548725637
154.113845389013,907.283122048223,194.902548725637
166.542381307482,897.340293313448,194.902548725637
171.513795674869,877.454635843898,209.895052473763
191.39945314442,897.340293313448,209.895052473763
218.742232165051,847.626149639573,194.902548725637
226.199353716132,837.683320904797,194.902548725637
236.142182450907,2234.65075814069,194.902548725637
345.513298533433,2426.05021128511,209.895052473763
412.627392493164,1618.19537658464,194.902548725637
487.198608003977,1205.56798409147,209.895052473763
626.398210290828,956.997265722098,194.902548725637
636.341039025603,959.482972905792,194.902548725637
683.569475515784,559.284116331096,194.902548725637
944.568729803629,464.827243350733,194.902548725637
959.482972905792,459.855828983346,194.902548725637
971.911508824261,2348.9932885906,194.902548725637
1063.88267462093,1048.96843151877,194.902548725637
1135.96818294805,2229.6793437733,194.902548725637
1240.36788466319,34.7999005717127,194.902548725637
1528.70991797166,2296.79343773304,194.902548725637
1536.16703952274,2281.87919463087,194.902548725637
1556.05269699229,1143.42530449913,194.902548725637
1792.1948794432,1971.16579666915,209.895052473763
1921.45165299528,1996.02286850609,194.902548725637
1933.88018891375,1986.08003977131,194.902548725637
1986.08003977131,134.228187919463,194.902548725637
2242.10787969177,775.540641312453,194.902548725637
2247.07929405916,787.969177230922,194.902548725637
2259.50782997763,288.342033308476,194.902548725637
2281.87919463087,773.05493412876,194.902548725637
2440.96445438727,666.169525229928,194.902548725637
114.342530449913,2165.05095699727,224.887556221889
154.113845389013,884.911757394979,209.895052473763
169.028088491176,1364.65324384787,209.895052473763
176.485210042257,1369.62465821526,224.887556221889
270.94208302262,1936.36589609744,224.887556221889
278.399204573701,1923.93736017897,224.887556221889
333.084762614964,2115.33681332339,224.887556221889
352.970420084514,1722.59507829978,224.887556221889
355.456127268208,2423.56450410142,209.895052473763
395.227442207308,912.25453641561,209.895052473763
628.883917474521,2468.3072334079,209.895052473763
666.169525229928,2460.85011185682,209.895052473763
715.883668903803,1307.48197862292,209.895052473763
912.25453641561,678.598061148397,224.887556221889
924.683072334079,666.169525229928,209.895052473763
1096.19686800895,1789.70917225951,209.895052473763
1106.13969674372,1789.70917225951,209.895052473763
1173.25379070346,1215.51081282625,209.895052473763
1185.68232662192,1225.45364156102,209.895052473763
1737.50932140194,32.3141933880189,209.895052473763
1891.62316679095,22.3713646532438,209.895052473763
1983.59433258762,2087.99403430276,209.895052473763
1996.02286850609,447.427293064877,224.887556221889
2209.79368630375,1372.11036539896,209.895052473763
2259.50782997763,770.569226945066,209.895052473763
2264.47924434502,770.569226945066,209.895052473763
57.1712652249565,760.626398210291,224.887556221889
104.399701715138,333.084762614964,224.887556221889
104.399701715138,1334.82475764355,239.880059970015
129.256773552076,1240.36788466319,224.887556221889
136.713895103157,1260.25354213274,224.887556221889
139.199602286851,1245.33929903057,224.887556221889
156.599552572707,897.340293313448,224.887556221889
432.513049962714,1312.45339299031,224.887556221889
591.598309719115,2105.39398458862,224.887556221889
710.912254536416,730.797912005966,239.880059970015
1026.59706686552,44.7427293064877,224.887556221889
1031.56848123291,29.8284862043251,224.887556221889
1063.88267462093,850.111856823266,224.887556221889
1083.76833209048,867.511807109123,224.887556221889
1178.22520507084,52.199850857569,239.880059970015
1245.33929903057,1643.05244842158,239.880059970015
1446.68158090977,308.227690778026,224.887556221889
1503.85284613473,504.598558289833,224.887556221889
1531.19562515536,2281.87919463087,224.887556221889
1628.13820531941,1615.70966940094,224.887556221889
1759.88068605518,1946.30872483221,224.887556221889
1792.1948794432,1983.59433258762,224.887556221889
1846.88043748446,2329.10763112105,239.880059970015
2259.50782997763,830.226199353716,224.887556221889
2276.90778026349,1762.36639323888,224.887556221889
2286.85060899826,1777.28063634104,224.887556221889
2423.56450410142,556.798409147402,224.887556221889
106.885408898832,400.198856574696,239.880059970015
166.542381307482,1364.65324384787,239.880059970015
357.941834451902,176.485210042257,239.880059970015
407.655978125777,89.4854586129754,239.880059970015
715.883668903803,715.883668903803,239.880059970015
795.426298782004,850.111856823266,269.865067466267
817.797663435247,840.169028088491,254.872563718141
897.340293313448,529.455630126771,239.880059970015
912.25453641561,536.912751677852,239.880059970015
917.225950782998,544.369873228934,254.872563718141
1300.02485707184,1419.33880188914,254.872563718141
1314.939100174,176.485210042257,239.880059970015
1424.31021625653,1685.30947054437,239.880059970015
1677.85234899329,2018.39423315933,239.880059970015
1680.33805617698,2008.45140442456,239.880059970015
1817.05195128014,504.598558289833,254.872563718141
1973.65150385285,1237.88217747949,254.872563718141
2070.5940840169,2242.10787969177,239.880059970015
2078.05120556798,1277.65349241859,239.880059970015
2085.50832711907,1275.1677852349,239.880059970015
2090.47974148645,1275.1677852349,239.880059970015
2110.365398956,1777.28063634104,239.880059970015
2170.02237136465,2254.53641561024,254.872563718141
2339.05045985583,673.626646781009,239.880059970015
2416.10738255034,1093.71116082525,239.880059970015
2416.10738255034,1103.65398956003,239.880059970015
477.255779269202,464.827243350733,254.872563718141
1277.65349241859,1670.39522744221,254.872563718141
1282.62490678598,1682.82376336068,254.872563718141
1327.36763609247,171.513795674869,254.872563718141
1332.33905045986,191.39945314442,269.865067466267
1772.30922197365,1618.19537658464,254.872563718141
1938.85160328113,2189.9080288342,254.872563718141
1953.7658463833,2192.3937360179,254.872563718141
54.6855580412627,494.655729555058,269.865067466267
64.6283867760378,489.684315187671,269.865067466267
208.799403430276,1784.73775789212,269.865067466267
370.37037037037,139.199602286851,269.865067466267
382.798906288839,206.313696246582,284.857571214393
392.741735023614,2115.33681332339,269.865067466267
397.713149391002,213.770817797663,284.857571214393
782.997762863535,842.654735272185,269.865067466267
1220.48222719364,2023.36564752672,269.865067466267
1227.93934874472,2080.53691275168,269.865067466267
1227.93934874472,2068.10837683321,269.865067466267
1322.39622172508,161.570966940094,284.857571214393
1359.68182948049,176.485210042257,269.865067466267
1441.71016654238,1153.36813323391,269.865067466267
1712.652249565,2304.25055928412,269.865067466267
1712.652249565,2192.3937360179,269.865067466267
1871.7375093214,74.5712155108128,284.857571214393
1879.19463087248,57.1712652249565,269.865067466267
1941.33731046483,2177.47949291573,269.865067466267
2348.9932885906,1394.4817300522,284.857571214393
2391.2503107134,641.31245339299,269.865067466267
2408.65026099925,646.283867760378,284.857571214393
305.741983594333,449.913000248571,299.850074962519
499.627143922446,1068.85408898832,299.850074962519
611.483967188665,2247.07929405916,284.857571214393
616.455381556053,1051.45413870246,284.857571214393
626.398210290828,2249.56500124285,284.857571214393
683.569475515784,1213.02510564256,284.857571214393
760.626398210291,350.48471290082,284.857571214393
840.169028088491,275.913497390007,299.850074962519
902.311707680835,695.998011434253,299.850074962519
1307.48197862292,151.628138205319,284.857571214393
1317.42480735769,154.113845389013,284.857571214393
1322.39622172508,146.656723837932,284.857571214393
1342.28187919463,198.856574695501,284.857571214393
1344.76758637832,171.513795674869,284.857571214393
1354.7104151131,164.056674123788,284.857571214393
1357.19612229679,191.39945314442,299.850074962519
1387.02460850112,2187.42232165051,299.850074962519
1459.11011682824,377.827491921452,284.857571214393
1794.6805866269,1551.08128262491,284.857571214393
1986.08003977131,1665.42381307482,284.857571214393
2301.76485210042,1817.05195128014,284.857571214393
2314.19338801889,1814.56624409645,284.857571214393
27.3427790206314,1203.08227690778,299.850074962519
243.599304001989,1732.53790703455,314.842578710645
370.37037037037,787.969177230922,299.850074962519
382.798906288839,790.454884414616,299.850074962519
437.484464330102,1347.25329356202,314.842578710645
452.398707432264,1342.28187919463,314.842578710645
464.827243350733,116.828237633607,299.850074962519
469.798657718121,1277.65349241859,299.850074962519
469.798657718121,1290.08202833706,314.842578710645
512.055679840915,1041.51130996769,314.842578710645
559.284116331096,1185.68232662192,299.850074962519
584.141188168034,2455.87869748944,299.850074962519
594.084016902809,2458.36440467313,299.850074962519
611.483967188665,2368.87894606015,299.850074962519
626.398210290828,22.3713646532438,299.850074962519
683.569475515784,641.31245339299,314.842578710645
785.483470047228,2386.27889634601,299.850074962519
840.169028088491,263.484961471539,314.842578710645
1029.08277404922,243.599304001989,314.842578710645
1041.51130996769,253.542132736764,314.842578710645
1051.45413870246,1309.96768580661,314.842578710645
1111.11111111111,1297.53914988814,299.850074962519
1170.76808351976,2020.87994034303,314.842578710645
1309.96768580661,191.39945314442,299.850074962519
1334.82475764355,151.628138205319,299.850074962519
1399.45314441959,2184.93661446682,299.850074962519
1404.42455878698,1332.33905045986,314.842578710645
1481.48148148148,1031.56848123291,299.850074962519
1541.13845389013,1016.65423813075,299.850074962519
1610.73825503356,2304.25055928412,314.842578710645
1630.62391250311,1819.53765846383,314.842578710645
1749.93785732041,62.142679592344,314.842578710645
1767.33780760626,64.6283867760378,299.850074962519
1871.7375093214,1931.39448173005,299.850074962519
1874.2232165051,1943.82301764852,299.850074962519
1884.16604523987,1923.93736017897,299.850074962519
2142.67959234402,1275.1677852349,314.842578710645
2157.59383544618,377.827491921452,314.842578710645
2204.82227193637,1213.02510564256,299.850074962519
2214.76510067114,1210.53939845886,299.850074962519
2329.10763112105,1792.1948794432,299.850074962519
2339.05045985583,586.626895351728,299.850074962519
2358.93611732538,521.99850857569,314.842578710645
2363.90753169277,1396.96743723589,299.850074962519
2428.5359184688,1769.82351478996,299.850074962519
335.570469798658,2015.90852597564,314.842578710645
345.513298533433,2038.27989062888,314.842578710645
375.341784737758,792.94059159831,314.842578710645
623.912503107134,29.8284862043251,314.842578710645
626.398210290828,1270.19637086751,329.835082458771
994.282873477504,2132.73676360925,329.835082458771
1009.19711657967,2122.79393487447,314.842578710645
1061.39696743724,1066.36838180462,314.842578710645
1123.53964702958,1297.53914988814,314.842578710645
1170.76808351976,2388.7646035297,314.842578710645
1275.1677852349,765.597812577678,314.842578710645
1561.02411135968,1011.68282376336,314.842578710645
1635.59532687049,2314.19338801889,314.842578710645
1660.45239870743,410.141685309471,314.842578710645
2455.87869748944,1096.19686800895,314.842578710645
22.3713646532438,1429.28163062391,329.835082458771
19.8856574695501,1396.96743723589,344.827586206897
29.8284862043251,1424.31021625653,344.827586206897
310.71339796172,432.513049962714,329.835082458771
323.141933880189,447.427293064877,329.835082458771
340.541884166045,2023.36564752672,329.835082458771
355.456127268208,2023.36564752672,344.827586206897
474.770072085508,260.999254287845,344.827586206897
713.397961720109,1314.939100174,329.835082458771
728.312204822272,517.027094208302,344.827586206897
939.597315436242,1928.90877454636,329.835082458771
959.482972905792,395.227442207308,329.835082458771
969.425801640567,405.170270942083,329.835082458771
1106.13969674372,2470.7929405916,359.820089955023
1163.31096196868,474.770072085508,329.835082458771
1267.71066368382,922.197365150385,344.827586206897
1272.68207805121,1665.42381307482,344.827586206897
1292.56773552076,785.483470047228,329.835082458771
1401.93885160328,564.255530698484,329.835082458771
1474.0243599304,2316.67909520259,344.827586206897
1481.48148148148,2306.73626646781,329.835082458771
1643.05244842158,4.97141436738752,329.835082458771
1657.96669152374,422.570221227939,329.835082458771
1754.9092716878,544.369873228934,344.827586206897
1764.85210042257,566.741237882178,344.827586206897
1772.30922197365,554.312701963709,329.835082458771
1784.73775789212,1901.56599552573,344.827586206897
1797.16629381059,1896.59458115834,329.835082458771
1799.65200099428,1904.05170270942,329.835082458771
1812.08053691275,176.485210042257,329.835082458771
1819.53765846383,186.428038777032,329.835082458771
2073.0797912006,328.113348247576,329.835082458771
221.227939348745,1784.73775789212,359.820089955023
285.856326124783,360.427541635595,344.827586206897
489.684315187671,273.427790206314,344.827586206897
539.398458861546,1215.51081282625,359.820089955023
551.826994780015,2366.39323887646,344.827586206897
569.226945065871,2366.39323887646,344.827586206897
715.883668903803,509.569972657221,359.820089955023
817.797663435247,2174.99378573204,359.820089955023
929.654486701467,1807.10912254536,344.827586206897
1088.73974645787,134.228187919463,344.827586206897
1093.71116082525,144.171016654238,359.820089955023
1113.5968182948,144.171016654238,359.820089955023
1183.19661943823,1414.36738752175,359.820089955023
1200.59656972409,1700.22371364653,359.820089955023
1322.39622172508,1200.59656972409,359.820089955023
1367.13895103157,19.8856574695501,344.827586206897
1369.62465821526,633.855331841909,344.827586206897
1573.45264727815,1958.73726075068,359.820089955023
1635.59532687049,2299.27914491673,344.827586206897
1640.56674123788,2311.7076808352,359.820089955023
1787.22346507581,1889.13745960726,344.827586206897
1794.6805866269,1884.16604523987,344.827586206897
1822.02336564753,1307.48197862292,344.827586206897
1834.451901566,1307.48197862292,359.820089955023
1986.08003977131,1031.56848123291,344.827586206897
2299.27914491673,618.941088739746,344.827586206897
2319.16480238628,1332.33905045986,344.827586206897
2316.67909520259,1339.79617201094,344.827586206897
231.17076808352,1071.33979617201,359.820089955023
270.94208302262,1011.68282376336,359.820089955023
270.94208302262,999.254287844892,359.820089955023
285.856326124783,362.913248819289,359.820089955023
335.570469798658,1404.42455878698,374.812593703148
360.427541635595,2040.76559781258,359.820089955023
375.341784737758,303.256276410639,359.820089955023
390.25602783992,1066.36838180462,359.820089955023
397.713149391002,1061.39696743724,359.820089955023
410.141685309471,559.284116331096,359.820089955023
430.027342779021,569.226945065871,359.820089955023
454.884414615958,1379.56748695004,359.820089955023
467.312950534427,1387.02460850112,374.812593703148
551.826994780015,1203.08227690778,359.820089955023
708.426547352722,1282.62490678598,359.820089955023
735.769326373353,395.227442207308,374.812593703148
748.197862291822,377.827491921452,374.812593703148
763.112105393985,1526.22421078797,359.820089955023
954.511558538404,559.284116331096,359.820089955023
956.997265722098,574.198359433259,359.820089955023
1081.28262490679,141.685309470544,359.820089955023
1106.13969674372,136.713895103157,359.820089955023
1108.62540392742,176.485210042257,359.820089955023
1121.05393984589,169.028088491176,359.820089955023
1255.28212776535,1856.82326621924,359.820089955023
1270.19637086751,1295.05344270445,374.812593703148
1409.39597315436,559.284116331096,359.820089955023
1481.48148148148,2060.65125528213,359.820089955023
1618.19537658464,1461.59582401193,359.820089955023
1715.13795674869,183.942331593338,374.812593703148
1715.13795674869,191.39945314442,359.820089955023
1715.13795674869,44.7427293064877,359.820089955023
1717.62366393239,1247.82500621427,359.820089955023
1725.08078548347,52.199850857569,359.820089955023
1822.02336564753,1409.39597315436,359.820089955023
1826.99478001491,1429.28163062391,359.820089955023
1918.96594581158,477.255779269202,359.820089955023
1926.42306736266,216.256524981357,359.820089955023
2003.47999005717,1026.59706686552,359.820089955023
2306.73626646781,1831.9661943823,359.820089955023
2.48570718369376,1501.36713895103,374.812593703148
164.056674123788,676.112353964703,389.805097451274
352.970420084514,345.513298533433,374.812593703148
432.513049962714,2170.02237136465,389.805097451274
447.427293064877,1379.56748695004,374.812593703148
474.770072085508,1399.45314441959,374.812593703148
526.969922943077,275.913497390007,389.805097451274
541.88416604524,265.970668655232,404.7976011994
835.197613721104,2070.5940840169,389.805097451274
889.883171762366,2291.82202336565,374.812593703148
899.826000497141,2306.73626646781,374.812593703148
986.825751926423,397.713149391002,374.812593703148
1001.73999502859,392.741735023614,389.805097451274
1101.16828237634,2418.59308973403,374.812593703148
1111.11111111111,2408.65026099925,389.805097451274
1113.5968182948,169.028088491176,374.812593703148
1237.88217747949,830.226199353716,374.812593703148
1247.82500621427,840.169028088491,389.805097451274
1314.939100174,1451.65299527716,374.812593703148
1434.2530449913,1648.02386278896,374.812593703148
1506.33855331842,581.65548098434,404.7976011994
1590.85259756401,825.254784986329,374.812593703148
1585.88118319662,842.654735272185,374.812593703148
1707.68083519761,206.313696246582,374.812593703148
1710.16654238131,198.856574695501,374.812593703148
1720.10937111608,206.313696246582,374.812593703148
1722.59507829978,201.342281879195,374.812593703148
1784.73775789212,467.312950534427,374.812593703148
1782.25205070843,477.255779269202,389.805097451274
1814.56624409645,1429.28163062391,374.812593703148
1831.9661943823,1399.45314441959,374.812593703148
1834.451901566,1409.39597315436,374.812593703148
1839.42331593338,1411.88168033806,374.812593703148
1884.16604523987,1956.25155356699,389.805097451274
1981.10862540393,1036.5398956003,374.812593703148
1981.10862540393,223.713646532438,374.812593703148
1986.08003977131,2100.42257022123,374.812593703148
1993.5371613224,226.199353716132,374.812593703148
2100.42257022123,1851.85185185185,374.812593703148
2269.4506587124,1804.62341536167,389.805097451274
2269.4506587124,1814.56624409645,374.812593703148
2299.27914491673,1822.02336564753,374.812593703148
2304.25055928412,1826.99478001491,374.812593703148
338.056176982351,735.769326373353,389.805097451274
343.027591349739,347.999005717127,389.805097451274
422.570221227939,1414.36738752175,389.805097451274
549.341287596321,280.884911757395,404.7976011994
554.312701963709,273.427790206314,389.805097451274
817.797663435247,2065.62266964952,389.805097451274
867.511807109123,1503.85284613473,389.805097451274
877.454635843898,1493.91001739995,389.805097451274
1039.02560278399,984.340044742729,404.7976011994
1058.91126025354,2296.79343773304,389.805097451274
1066.36838180462,2291.82202336565,404.7976011994
1098.68257519264,1309.96768580661,389.805097451274
1317.42480735769,1444.19587372608,389.805097451274
1633.1096196868,633.855331841909,389.805097451274
1834.451901566,1792.1948794432,389.805097451274
1851.85185185185,1769.82351478996,404.7976011994
1988.56574695501,2020.87994034303,404.7976011994
2045.73701217997,305.741983594333,389.805097451274
656.226696495153,1297.53914988814,404.7976011994
661.19811086254,738.255033557047,419.790104947526
840.169028088491,1449.16728809346,419.790104947526
952.02585135471,2418.59308973403,419.790104947526
981.854337559036,37.2856077554064,419.790104947526
1061.39696743724,2304.25055928412,404.7976011994
1058.91126025354,2279.39348744718,404.7976011994
1615.70966940094,340.541884166045,404.7976011994
1613.22396221725,1685.30947054437,404.7976011994
1717.62366393239,2301.76485210042,404.7976011994
1981.10862540393,2015.90852597564,404.7976011994
2311.7076808352,944.568729803629,404.7976011994
191.39945314442,1101.16828237634,419.790104947526
243.599304001989,1894.10887397465,434.782608695652
385.284613472533,444.941585881183,419.790104947526
390.25602783992,1968.68008948546,434.782608695652
447.427293064877,991.797166293811,419.790104947526
591.598309719115,703.455132985334,419.790104947526
663.683818046234,1302.51056425553,419.790104947526
691.026597066866,2271.9363658961,449.775112443778
728.312204822272,171.513795674869,434.782608695652
1352.22470792941,765.597812577678,434.782608695652
1657.96669152374,213.770817797663,419.790104947526
2008.45140442456,1712.652249565,419.790104947526
2212.27939348745,621.42679592344,419.790104947526
2324.13621675367,947.054436987323,419.790104947526
144.171016654238,1565.99552572707,449.775112443778
720.855083271191,188.913745960726,434.782608695652
785.483470047228,1481.48148148148,449.775112443778
782.997762863535,1347.25329356202,434.782608695652
1128.51106139697,248.570718369376,434.782608695652
1158.33954760129,1180.71091225454,434.782608695652
1168.28237633607,1183.19661943823,434.782608695652
1839.42331593338,415.113099676858,434.782608695652
1941.33731046483,932.14019388516,434.782608695652
1951.2801391996,919.711657966692,449.775112443778
1953.7658463833,939.597315436242,449.775112443778
2010.93711160825,1702.70942083023,434.782608695652
2005.96569724086,1019.13994531444,449.775112443778
2184.93661446682,1797.16629381059,449.775112443778
2266.96495152871,1021.62565249814,449.775112443778
191.39945314442,1088.73974645787,449.775112443778
519.512801391996,427.541635595327,464.767616191904
621.42679592344,1593.3383047477,464.767616191904
643.798160576684,1583.39547601293,464.767616191904
1282.62490678598,2356.45041014169,464.767616191904
1322.39622172508,89.4854586129754,464.767616191904
1344.76758637832,1705.19512801392,464.767616191904
1454.13870246085,1710.16654238131,464.767616191904
1464.08153119563,1695.25229927915,449.775112443778
1469.05294556301,2329.10763112105,449.775112443778
1476.51006711409,2329.10763112105,449.775112443778
1575.93835446184,1749.93785732041,464.767616191904
1588.36689038031,1747.45215013671,464.767616191904
1635.59532687049,1605.76684066617,449.775112443778
1772.30922197365,1851.85185185185,449.775112443778
1998.50857568978,713.397961720109,449.775112443778
1998.50857568978,720.855083271191,449.775112443778
343.027591349739,643.798160576684,479.76011994003
345.513298533433,1981.10862540393,464.767616191904
355.456127268208,1981.10862540393,464.767616191904
405.170270942083,1208.05369127517,479.76011994003
415.113099676858,1193.13944817301,479.76011994003
427.541635595327,1205.56798409147,464.767616191904
961.968680089485,765.597812577678,464.767616191904
976.882923191648,755.654983842903,464.767616191904
1352.22470792941,2286.85060899826,464.767616191904
1357.19612229679,2271.9363658961,464.767616191904
1369.62465821526,2078.05120556798,479.76011994003
1389.51031568481,2329.10763112105,479.76011994003
1570.96694009446,268.456375838926,479.76011994003
1772.30922197365,1859.30897340293,464.767616191904
1913.9945314442,1056.42555306985,464.767616191904
2045.73701217997,531.941337310465,479.76011994003
173.999502858563,1630.62391250311,479.76011994003
173.999502858563,1620.68108376833,479.76011994003
176.485210042257,956.997265722098,494.752623688156
228.685060899826,1687.79517772806,494.752623688156
427.541635595327,1213.02510564256,479.76011994003
439.970171513796,971.911508824261,479.76011994003
521.99850857569,2078.05120556798,479.76011994003
584.141188168034,1270.19637086751,479.76011994003
693.512304250559,2247.07929405916,479.76011994003
708.426547352722,2244.59358687547,479.76011994003
708.426547352722,2033.3084762615,509.745127436282
738.255033557047,566.741237882178,479.76011994003
748.197862291822,564.255530698484,494.752623688156
837.683320904797,1250.31071339796,479.76011994003
1091.22545364156,2092.96544867015,494.752623688156
1374.59607258265,2083.02261993537,479.76011994003
1382.05319413373,840.169028088491,479.76011994003
1558.53840417599,939.597315436242,479.76011994003
1618.19537658464,1948.79443201591,494.752623688156
1677.85234899329,2083.02261993537,479.76011994003
1894.10887397465,1866.76609495401,494.752623688156
1916.48023862789,1068.85408898832,479.76011994003
1963.70867511807,653.740989311459,479.76011994003
1976.13721103654,653.740989311459,479.76011994003
176.485210042257,952.02585135471,494.752623688156
223.713646532438,991.797166293811,509.745127436282
260.999254287845,862.540392741735,494.752623688156
574.198359433259,1260.25354213274,494.752623688156
579.169773800646,1257.76783494904,494.752623688156
599.055431270196,2127.76534924186,494.752623688156
613.969674372359,2125.27964205817,494.752623688156
646.283867760378,618.941088739746,494.752623688156
651.255282127765,608.998260004971,509.745127436282
812.82624906786,2207.30797912006,509.745127436282
852.59756400696,546.855580412627,509.745127436282
971.911508824261,748.197862291822,494.752623688156
1277.65349241859,2306.73626646781,509.745127436282
1675.36664180959,2068.10837683321,494.752623688156
186.428038777032,1088.73974645787,509.745127436282
196.370867511807,1083.76833209048,509.745127436282
248.570718369376,867.511807109123,509.745127436282
256.027839920457,1610.73825503356,524.737631184408
268.456375838926,869.997514292816,509.745127436282
340.541884166045,944.568729803629,524.737631184408
551.826994780015,2013.42281879195,524.737631184408
606.512552821278,2117.82252050708,509.745127436282
651.255282127765,415.113099676858,509.745127436282
877.454635843898,1029.08277404922,509.745127436282
1252.79642058166,1660.45239870743,509.745127436282
1322.39622172508,1205.56798409147,509.745127436282
1327.36763609247,1195.6251553567,509.745127436282
1421.82450907283,2165.05095699727,509.745127436282
1434.2530449913,2170.02237136465,509.745127436282
1652.99527715635,1697.73800646284,524.737631184408
1667.90952025851,1705.19512801392,524.737631184408
2182.45090728312,1031.56848123291,524.737631184408
330.59905543127,832.71190653741,539.730134932534
755.654983842903,425.055928411633,554.72263868066
822.769077802635,857.568978374347,524.737631184408
996.768580661198,1963.70867511807,539.730134932534
1009.19711657967,1966.19438230176,539.730134932534
1011.68282376336,1466.56723837932,524.737631184408
1063.88267462093,2224.70792940592,524.737631184408
1068.85408898832,2222.22222222222,524.737631184408
1071.33979617201,2214.76510067114,539.730134932534
1138.45389013174,380.313199105145,524.737631184408
1205.56798409147,1966.19438230176,524.737631184408
1309.96768580661,2174.99378573204,539.730134932534
1327.36763609247,290.82774049217,524.737631184408
1436.73875217499,2232.165050957,524.737631184408
1444.19587372608,2232.165050957,524.737631184408
1451.65299527716,2239.62217250808,524.737631184408
1474.0243599304,1732.53790703455,524.737631184408
1538.65274670644,1526.22421078797,539.730134932534
1548.59557544121,1518.76708923689,524.737631184408
1565.99552572707,397.713149391002,524.737631184408
1568.48123291076,405.170270942083,539.730134932534
1648.02386278896,1715.13795674869,524.737631184408
1802.13770817798,1797.16629381059,524.737631184408
1896.59458115834,1362.16753666418,524.737631184408
1968.68008948546,631.369624658215,524.737631184408
1998.50857568978,1491.42431021626,524.737631184408
477.255779269202,1140.93959731544,554.72263868066
800.397713149391,1707.68083519761,539.730134932534
837.683320904797,860.054685558041,539.730134932534
986.825751926423,330.59905543127,554.72263868066
999.254287844892,335.570469798658,539.730134932534
1309.96768580661,2189.9080288342,539.730134932534
1329.85334327616,303.256276410639,539.730134932534
1531.19562515536,1799.65200099428,539.730134932534
1538.65274670644,1787.22346507581,539.730134932534
1973.65150385285,641.31245339299,539.730134932534
2112.8511061397,1511.30996768581,539.730134932534
365.398956002983,1334.82475764355,569.715142428786
512.055679840915,1757.39497887149,554.72263868066
855.083271190654,676.112353964703,569.715142428786
902.311707680835,2068.10837683321,569.715142428786
912.25453641561,2060.65125528213,569.715142428786
1009.19711657967,2125.27964205817,554.72263868066
1295.05344270445,2167.53666418096,554.72263868066
1327.36763609247,293.313447675864,554.72263868066
1399.45314441959,1526.22421078797,554.72263868066
1523.73850360428,1789.70917225951,554.72263868066
1528.70991797166,1782.25205070843,554.72263868066
1553.5669898086,730.797912005966,554.72263868066
1588.36689038031,1764.85210042257,554.72263868066
2048.22271936366,1061.39696743724,569.715142428786
2097.93686303753,1496.39572458364,554.72263868066
484.712900820283,1143.42530449913,569.715142428786
487.198608003977,1568.48123291076,599.700149925038
559.284116331096,683.569475515784,569.715142428786
628.883917474521,1081.28262490679,569.715142428786
735.769326373353,1978.62291822023,569.715142428786
867.511807109123,671.140939597315,569.715142428786
999.254287844892,335.570469798658,569.715142428786
1352.22470792941,599.055431270196,569.715142428786
1394.4817300522,1561.02411135968,569.715142428786
1394.4817300522,1556.05269699229,569.715142428786
1523.73850360428,1819.53765846383,569.715142428786
1575.93835446184,1802.13770817798,569.715142428786
1605.76684066617,494.655729555058,569.715142428786
1996.02286850609,1553.5669898086,569.715142428786
504.598558289833,1570.96694009446,599.700149925038
579.169773800646,1802.13770817798,584.707646176912
760.626398210291,668.655232413622,599.700149925038
1339.79617201094,1483.96718866518,584.707646176912
1354.7104151131,1486.45289584887,599.700149925038
1362.16753666418,571.712652249565,584.707646176912
1404.42455878698,1533.68133233905,584.707646176912
1615.70966940094,467.312950534427,584.707646176912
2003.47999005717,1526.22421078797,584.707646176912
2005.96569724086,1106.13969674372,584.707646176912
534.427044494159,860.054685558041,614.692653673163
606.512552821278,782.997762863535,599.700149925038
648.769574944072,1635.59532687049,599.700149925038
991.797166293811,656.226696495153,614.692653673163
994.282873477504,1026.59706686552,599.700149925038
1016.65423813075,1645.53815560527,599.700149925038
1073.8255033557,1817.05195128014,614.692653673163
1086.25403927417,1822.02336564753,599.700149925038
1121.05393984589,1309.96768580661,599.700149925038
1210.53939845886,1710.16654238131,599.700149925038
1220.48222719364,1705.19512801392,599.700149925038
1312.45339299031,1034.0541884166,599.700149925038
1314.939100174,1029.08277404922,599.700149925038
1327.36763609247,1021.62565249814,599.700149925038
1416.85309470544,1682.82376336068,599.700149925038
1588.36689038031,750.683569475516,599.700149925038
1595.82401193139,758.140691026597,599.700149925038
1623.16679095203,477.255779269202,599.700149925038
1697.73800646284,571.712652249565,599.700149925038
1986.08003977131,1334.82475764355,614.692653673163
474.770072085508,1573.45264727815,614.692653673163
561.76982351479,1220.48222719364,614.692653673163
807.854834700472,1839.42331593338,629.685157421289
812.82624906786,1846.88043748446,629.685157421289
860.054685558041,1441.71016654238,629.685157421289
1086.25403927417,1891.62316679095,629.685157421289
1474.0243599304,1931.39448173005,614.692653673163
1630.62391250311,1516.28138205319,614.692653673163
1643.05244842158,1523.73850360428,614.692653673163
1685.30947054437,571.712652249565,614.692653673163
1700.22371364653,1019.13994531444,614.692653673163
1707.68083519761,1009.19711657967,614.692653673163
1961.22296793438,1312.45339299031,614.692653673163
1963.70867511807,1302.51056425553,614.692653673163
591.598309719115,1638.08103405419,644.677661169415
618.941088739746,1374.59607258265,644.677661169415
618.941088739746,939.597315436242,644.677661169415
1034.0541884166,1481.48148148148,644.677661169415
1066.36838180462,1590.85259756401,644.677661169415
1295.05344270445,1041.51130996769,629.685157421289
1471.53865274671,1941.33731046483,629.685157421289
1511.30996768581,1720.10937111608,629.685157421289
1630.62391250311,1523.73850360428,629.685157421289
1675.36664180959,589.112602535421,629.685157421289
1687.79517772806,1036.5398956003,629.685157421289
1690.28088491176,1016.65423813075,629.685157421289
1697.73800646284,1024.11135968183,629.685157421289
1889.13745960726,1051.45413870246,629.685157421289
1896.59458115834,1053.93984588615,629.685157421289
1958.73726075068,1324.88192890877,629.685157421289
663.683818046234,1546.10986825752,659.670164917541
1513.7956748695,1707.68083519761,644.677661169415
1521.25279642058,1717.62366393239,644.677661169415
1635.59532687049,1516.28138205319,644.677661169415
1702.70942083023,1014.16853094705,644.677661169415
1777.28063634104,1362.16753666418,644.677661169415
1789.70917225951,1362.16753666418,644.677661169415
1904.05170270942,1041.51130996769,644.677661169415
671.140939597315,1546.10986825752,674.662668665667
899.826000497141,822.769077802635,659.670164917541
1180.71091225454,974.397216007954,674.662668665667
1232.91076311211,1824.50907283122,674.662668665667
1242.85359184688,1831.9661943823,674.662668665667
1416.85309470544,855.083271190654,674.662668665667
979.368630375342,1419.33880188914,674.662668665667
1019.13994531444,1533.68133233905,674.662668665667
1275.1677852349,1215.51081282625,689.655172413793
1667.90952025851,1384.53890131742,689.655172413793
874.968928660204,1312.45339299031,704.647676161919
964.454387273179,1466.56723837932,704.647676161919
1034.0541884166,1528.70991797166,689.655172413793
1113.5968182948,1158.33954760129,704.647676161919
1677.85234899329,1384.53890131742,704.647676161919
1687.79517772806,1200.59656972409,689.655172413793
909.768829231916,1255.28212776535,719.640179910045
956.997265722098,1483.96718866518,719.640179910045
971.911508824261,1488.93860303256,704.647676161919
981.854337559036,1469.05294556301,719.640179910045
1379.56748695004,914.740243599304,719.640179910045
1426.79592344022,860.054685558041,704.647676161919
1692.76659209545,1382.05319413373,704.647676161919
1692.76659209545,1389.51031568481,719.640179910045
1697.73800646284,1200.59656972409,704.647676161919
874.968928660204,1322.39622172508,719.640179910045
1260.25354213274,1232.91076311211,719.640179910045
