9.94282873477504,1814.56624409645,40
19.8856574695501,1804.62341536167,40
29.8284862043251,1103.65398956003,20
34.7999005717127,1851.85185185185,40
39.7713149391002,2030.8227690778,20
42.2570221227939,927.168779517773,20
44.7427293064877,1822.02336564753,40
44.7427293064877,1116.0825254785,40
54.6855580412627,631.369624658215,40
57.1712652249565,1126.02535421327,20
77.0569226945066,1068.85408898832,20
109.371116082525,2025.85135471042,40
104.399701715138,1091.22545364156,40
106.885408898832,1521.25279642058,20
111.856823266219,927.168779517773,40
114.342530449913,1230.42505592841,40
119.313944817301,248.570718369376,60
124.285359184688,1046.48272433507,40
124.285359184688,1255.28212776535,40
131.742480735769,1543.62416107383,20
129.256773552076,2097.93686303753,40
136.713895103157,1518.76708923689,20
136.713895103157,2035.79418344519,20
134.228187919463,2170.02237136465,80
139.199602286851,1078.79691772309,40
139.199602286851,2015.90852597564,20
154.113845389013,2083.02261993537,40
154.113845389013,2207.30797912006,60
156.599552572707,1098.68257519264,40
161.570966940094,1048.96843151877,40
166.542381307482,1213.02510564256,40
176.485210042257,2142.67959234402,40
186.428038777032,2219.73651503853,20
228.685060899826,2152.6224210788,20
228.685060899826,2097.93686303753,20
228.685060899826,2135.22247079294,20
231.17076808352,2286.85060899826,20
233.656475267214,2266.96495152871,20
241.113596818295,2331.59333830475,20
241.113596818295,1374.59607258265,40
258.513547104151,84.5140442455879,40
330.59905543127,439.970171513796,40
355.456127268208,1290.08202833706,40
357.941834451902,1367.13895103157,60
357.941834451902,2344.02187422322,60
365.398956002983,439.970171513796,40
367.884663186677,2411.13596818295,60
382.798906288839,447.427293064877,40
382.798906288839,1292.56773552076,20
395.227442207308,613.969674372359,40
400.198856574696,1130.99676858066,40
405.170270942083,459.855828983346,40
402.684563758389,787.969177230922,60
405.170270942083,1111.11111111111,20
412.627392493164,1389.51031568481,40
407.655978125777,12.4285359184688,40
410.141685309471,539.398458861546,40
410.141685309471,2373.85036042754,40
412.627392493164,574.198359433259,40
417.598806860552,1416.85309470544,40
420.084514044246,2319.16480238628,40
422.570221227939,1382.05319413373,40
430.027342779021,591.598309719115,40
430.027342779021,1118.56823266219,40
447.427293064877,1404.42455878698,20
452.398707432264,1493.91001739995,60
457.370121799652,561.76982351479,40
464.827243350733,2428.5359184688,20
479.741486452896,382.798906288839,40
482.22719363659,2381.30748197862,20
487.198608003977,345.513298533433,40
499.627143922446,2289.33631618195,20
499.627143922446,2348.9932885906,20
507.084265473527,2311.7076808352,20
512.055679840915,1036.5398956003,20
512.055679840915,1058.91126025354,20
519.512801391996,2348.9932885906,20
519.512801391996,2339.05045985583,20
519.512801391996,1270.19637086751,40
526.969922943077,402.684563758389,40
531.941337310465,343.027591349739,40
531.941337310465,996.768580661198,20
539.398458861546,971.911508824261,20
541.88416604524,2460.85011185682,40
541.88416604524,984.340044742729,40
539.398458861546,1041.51130996769,40
546.855580412627,954.511558538404,40
551.826994780015,1797.16629381059,40
579.169773800646,2160.07954262988,40
584.141188168034,753.16927665921,40
608.998260004971,760.626398210291,20
613.969674372359,1429.28163062391,40
623.912503107134,763.112105393985,40
623.912503107134,700.969425801641,40
631.369624658215,820.283370618941,40
636.341039025603,802.883420333085,40
641.31245339299,410.141685309471,40
638.826746209297,770.569226945066,40
641.31245339299,1118.56823266219,40
648.769574944072,1195.6251553567,40
648.769574944072,1593.3383047477,60
656.226696495153,432.513049962714,40
656.226696495153,375.341784737758,40
658.712403678847,825.254784986329,40
661.19811086254,1091.22545364156,20
661.19811086254,2145.16529952772,40
666.169525229928,1133.48247576436,40
673.626646781009,218.742232165051,80
681.08376833209,2445.93586875466,20
693.512304250559,1486.45289584887,40
678.598061148397,1116.0825254785,20
683.569475515784,407.655978125777,40
686.055182699478,370.37037037037,40
693.512304250559,2431.0216256525,20
693.512304250559,2408.65026099925,40
713.397961720109,420.084514044246,40
703.455132985334,2465.82152622421,20
705.940840169028,1121.05393984589,20
705.940840169028,1513.7956748695,40
708.426547352722,452.398707432264,40
715.883668903803,1063.88267462093,40
713.397961720109,1777.28063634104,60
715.883668903803,1359.68182948049,20
720.855083271191,502.11285110614,60
718.369376087497,1347.25329356202,20
728.312204822272,251.05642555307,20
730.797912005966,216.256524981357,40
743.226447924435,251.05642555307,40
745.712155108128,1503.85284613473,20
745.712155108128,395.227442207308,40
745.712155108128,295.799154859558,40
778.026348496147,1538.65274670644,40
778.026348496147,2438.47874720358,40
778.026348496147,2388.7646035297,40
785.483470047228,1973.65150385285,40
790.454884414616,2460.85011185682,20
805.369127516779,1973.65150385285,40
817.797663435247,1866.76609495401,40
822.769077802635,390.25602783992,40
825.254784986329,1859.30897340293,40
845.140442455879,1916.48023862789,40
852.59756400696,1991.0514541387,40
850.111856823266,2234.65075814069,40
855.083271190654,1953.7658463833,20
860.054685558041,1344.76758637832,40
865.026099925429,2279.39348744718,40
869.997514292816,370.37037037037,40
877.454635843898,1461.59582401193,60
882.426050211285,2229.6793437733,20
884.911757394979,2207.30797912006,20
887.397464578673,1265.22495650012,60
887.397464578673,1986.08003977131,40
892.36887894606,1377.08177976634,40
892.36887894606,1948.79443201591,40
909.768829231916,1421.82450907283,20
917.225950782998,1116.0825254785,60
927.168779517773,1856.82326621924,20
929.654486701467,1441.71016654238,20
944.568729803629,1503.85284613473,40
952.02585135471,1491.42431021626,20
959.482972905792,1469.05294556301,40
961.968680089485,1846.88043748446,20
966.940094456873,1831.9661943823,40
976.882923191648,1864.28038777032,40
986.825751926423,1478.99577429779,40
994.282873477504,1195.6251553567,40
994.282873477504,1165.79666915237,40
994.282873477504,1744.96644295302,20
996.768580661198,2289.33631618195,40
999.254287844892,2421.07879691772,20
1001.73999502859,1792.1948794432,20
1009.19711657967,1464.08153119563,40
1014.16853094705,2053.19413373105,40
1014.16853094705,1899.08028834203,60
1021.62565249814,1752.4235645041,40
1021.62565249814,2266.96495152871,40
1021.62565249814,1894.10887397465,20
1029.08277404922,2043.25130499627,20
1029.08277404922,149.142431021626,60
1041.51130996769,2073.0797912006,20
1039.02560278399,1083.76833209048,40
1039.02560278399,256.027839920457,40
1039.02560278399,698.483718617947,40
1051.45413870246,2408.65026099925,40
1056.42555306985,718.369376087497,40
1058.91126025354,648.769574944072,40
1066.36838180462,2341.53616703952,60
1073.8255033557,2413.62167536664,20
1076.3112105394,656.226696495153,40
1083.76833209048,1782.25205070843,40
1106.13969674372,1160.82525478499,40
1113.5968182948,1722.59507829978,20
1118.56823266219,1195.6251553567,40
1128.51106139697,1215.51081282625,20
1128.51106139697,1735.02361421825,60
1130.99676858066,1762.36639323888,40
1138.45389013174,1183.19661943823,40
1145.91101168282,1735.02361421825,40
1155.8538404176,1638.08103405419,40
1158.33954760129,1700.22371364653,40
1158.33954760129,812.82624906786,40
1158.33954760129,1205.56798409147,40
1160.82525478499,1292.56773552076,40
1168.28237633607,1265.22495650012,80
1163.31096196868,1762.36639323888,40
1168.28237633607,865.026099925429,40
1170.76808351976,1725.08078548347,20
1183.19661943823,1648.02386278896,40
1178.22520507084,323.141933880189,40
1195.6251553567,2000.99428287348,40
1193.13944817301,1304.99627143922,40
1193.13944817301,1623.16679095203,40
1205.56798409147,1899.08028834203,40
1200.59656972409,1270.19637086751,40
1208.05369127517,877.454635843898,40
1208.05369127517,315.684812329108,40
1213.02510564256,835.197613721104,40
1225.45364156102,17.3999502858563,40
1235.3964702958,569.226945065871,40
1240.36788466319,34.7999005717127,40
1237.88217747949,1314.939100174,20
1245.33929903057,1287.59632115337,20
1255.28212776535,594.084016902809,40
1260.25354213274,251.05642555307,40
1267.71066368382,44.7427293064877,40
1265.22495650012,1304.99627143922,40
1270.19637086751,1280.13919960229,40
1277.65349241859,22.3713646532438,40
1280.13919960229,892.36887894606,40
1277.65349241859,280.884911757395,40
1282.62490678598,1899.08028834203,60
1347.25329356202,917.225950782998,40
1354.7104151131,700.969425801641,80
1359.68182948049,728.312204822272,40
1372.11036539896,2393.73601789709,40
1377.08177976634,2269.4506587124,20
1389.51031568481,2222.22222222222,20
1391.99602286851,2167.53666418096,40
1396.96743723589,832.71190653741,40
1399.45314441959,748.197862291822,40
1426.79592344022,2261.99353716132,40
1429.28163062391,514.541387024609,40
1436.73875217499,497.141436738752,40
1436.73875217499,1232.91076311211,40
1439.22445935869,842.654735272185,40
1456.62440964454,427.541635595327,40
1461.59582401193,2232.165050957,20
1476.51006711409,1198.11086254039,40
1486.45289584887,2257.02212279394,20
1491.42431021626,1004.22570221228,20
1493.91001739995,1126.02535421327,40
1498.88143176734,2219.73651503853,40
1508.82426050211,1043.99701715138,20
1521.25279642058,1076.3112105394,40
1521.25279642058,1011.68282376336,20
1531.19562515536,1737.50932140194,20
1541.13845389013,2259.50782997763,60
1548.59557544121,1041.51130996769,40
1548.59557544121,1735.02361421825,40
1585.88118319662,2348.9932885906,40
1595.82401193139,549.341287596321,20
1608.25254784986,517.027094208302,40
1608.25254784986,2080.53691275168,40
1620.68108376833,1123.53964702958,40
1633.1096196868,1058.91126025354,40
1640.56674123788,1128.51106139697,40
1650.50956997266,1096.19686800895,40
1650.50956997266,912.25453641561,40
1650.50956997266,2035.79418344519,20
1652.99527715635,589.112602535421,60
1655.48098434004,1135.96818294805,40
1660.45239870743,318.170519512801,40
1660.45239870743,740.740740740741,40
1665.42381307482,1986.08003977131,20
1662.93810589113,347.999005717127,40
1667.90952025851,785.483470047228,40
1675.36664180959,842.654735272185,40
1680.33805617698,2107.87969177231,40
1677.85234899329,367.884663186677,40
1680.33805617698,1096.19686800895,40
1687.79517772806,2053.19413373105,60
1685.30947054437,2122.79393487447,40
1692.76659209545,2028.33706189411,20
1692.76659209545,2000.99428287348,20
1702.70942083023,822.769077802635,40
1700.22371364653,753.16927665921,40
1705.19512801392,865.026099925429,40
1722.59507829978,2010.93711160825,20
1720.10937111608,2055.67984091474,40
1730.05219985086,2090.47974148645,20
1732.53790703455,2068.10837683321,40
1737.50932140194,380.313199105145,40
1744.96644295302,2040.76559781258,40
1754.9092716878,367.884663186677,40
1757.39497887149,2083.02261993537,20
1757.39497887149,561.76982351479,40
1759.88068605518,546.855580412627,40
1759.88068605518,2063.13696246582,20
1762.36639323888,2112.8511061397,20
1764.85210042257,275.913497390007,40
1772.30922197365,382.798906288839,40
1774.79492915735,1667.90952025851,40
1777.28063634104,2281.87919463087,20
1777.28063634104,1844.39473030077,20
1777.28063634104,554.312701963709,40
1789.70917225951,1819.53765846383,40
1799.65200099428,2311.7076808352,20
1804.62341536167,231.17076808352,40
1817.05195128014,991.797166293811,40
1839.42331593338,991.797166293811,40
1839.42331593338,1091.22545364156,40
1841.90902311708,800.397713149391,20
1844.39473030077,208.799403430276,20
1859.30897340293,1111.11111111111,40
1854.33755903555,2083.02261993537,60
1864.28038777032,827.740492170022,40
1861.79468058663,1501.36713895103,40
1861.79468058663,594.084016902809,40
1866.76609495401,1541.13845389013,40
1869.25180213771,67.1140939597315,60
1874.2232165051,1817.05195128014,20
1874.2232165051,795.426298782004,40
1876.70892368879,934.625901068854,40
1876.70892368879,1093.71116082525,40
1891.62316679095,576.684066616953,60
1879.19463087248,1764.85210042257,40
1886.65175242356,1456.62440964454,40
1894.10887397465,1541.13845389013,40
1896.59458115834,2010.93711160825,40
1899.08028834203,1526.22421078797,20
1901.56599552573,1782.25205070843,20
1901.56599552573,2045.73701217997,20
1909.02311707681,1720.10937111608,40
1916.48023862789,1531.19562515536,20
1921.45165299528,2040.76559781258,20
1923.93736017897,2440.96445438727,40
1928.90877454636,2458.36440467313,40
1933.88018891375,1690.28088491176,40
1941.33731046483,365.398956002983,40
1946.30872483221,1782.25205070843,40
1946.30872483221,1511.30996768581,40
1946.30872483221,1675.36664180959,20
1951.2801391996,392.741735023614,40
1951.2801391996,1272.68207805121,40
1956.25155356699,1580.90976882923,40
1966.19438230176,1702.70942083023,20
1971.16579666915,1287.59632115337,40
1978.62291822023,1245.33929903057,40
1986.08003977131,991.797166293811,40
1988.56574695501,1267.71066368382,40
2003.47999005717,1004.22570221228,40
2018.39423315933,991.797166293811,40
2043.25130499627,482.22719363659,40
2043.25130499627,1332.33905045986,60
2050.70842654735,169.028088491176,40
2060.65125528213,653.740989311459,60
2068.10837683321,551.826994780015,40
2070.5940840169,2008.45140442456,40
2083.02261993537,444.941585881183,40
2078.05120556798,1138.45389013174,40
2085.50832711907,1727.56649266716,20
2085.50832711907,1513.7956748695,40
2095.45115585384,462.34153616704,40
2092.96544867015,2279.39348744718,40
2095.45115585384,1926.42306736266,80
2105.39398458862,1660.45239870743,40
2105.39398458862,1508.82426050211,40
2110.365398956,1737.50932140194,20
2130.25105642555,775.540641312453,60
2127.76534924186,1650.50956997266,40
2135.22247079294,1670.39522744221,40
2212.27939348745,693.512304250559,40
2212.27939348745,2028.33706189411,20
2214.76510067114,1896.59458115834,40
2214.76510067114,2060.65125528213,20
2219.73651503853,2473.27864777529,40
2219.73651503853,1369.62465821526,40
2222.22222222222,2005.96569724086,40
2222.22222222222,2336.56475267214,40
2224.70792940592,966.940094456873,40
2224.70792940592,2095.45115585384,20
2234.65075814069,944.568729803629,40
2237.13646532438,1382.05319413373,40
2249.56500124285,1600.79542629878,40
2259.50782997763,323.141933880189,60
2261.99353716132,954.511558538404,40
2274.42207307979,2339.05045985583,40
2279.39348744718,1896.59458115834,20
2276.90778026349,1869.25180213771,40
2296.79343773304,1598.30971911509,40
2311.7076808352,1257.76783494904,40
2329.10763112105,715.883668903803,40
2339.05045985583,541.88416604524,40
2339.05045985583,449.913000248571,60
2348.9932885906,2087.99403430276,40
2348.9932885906,713.397961720109,40
2351.4789957743,1585.88118319662,40
2353.96470295799,1404.42455878698,60
2366.39323887646,2097.93686303753,40
2368.87894606015,698.483718617947,40
2381.30748197862,1511.30996768581,40
2381.30748197862,688.540889883172,40
2388.7646035297,1307.48197862292,40
2406.16455381556,1578.42406164554,40
2406.16455381556,1501.36713895103,40
2423.56450410142,1590.85259756401,40
2423.56450410142,770.569226945066,40
2435.99304001989,1297.53914988814,40
2438.47874720358,1526.22421078797,40
2453.39299030574,509.569972657221,60
2468.3072334079,1322.39622172508,40
2463.33581904052,1588.36689038031,60
14.9142431021626,1536.16703952274,40
19.8856574695501,842.654735272185,80
121.799652000994,2107.87969177231,60
268.456375838926,566.741237882178,60
283.370618941089,569.226945065871,60
278.399204573701,1951.2801391996,80
283.370618941089,589.112602535421,80
347.999005717127,2090.47974148645,80
372.856077554064,2344.02187422322,40
589.112602535421,1096.19686800895,80
589.112602535421,529.455630126771,80
618.941088739746,735.769326373353,60
663.683818046234,2107.87969177231,80
715.883668903803,1754.9092716878,80
728.312204822272,2358.93611732538,60
807.854834700472,942.083022619935,80
810.340541884166,285.856326124783,80
867.511807109123,1449.16728809346,60
924.683072334079,410.141685309471,80
974.397216007954,19.8856574695501,60
991.797166293811,2279.39348744718,40
994.282873477504,909.768829231916,80
999.254287844892,2276.90778026349,40
1011.68282376336,109.371116082525,80
1004.22570221228,2286.85060899826,60
1014.16853094705,2276.90778026349,60
1091.22545364156,2070.5940840169,80
1133.48247576436,1483.96718866518,80
1203.08227690778,733.283619189659,80
1230.42505592841,2232.165050957,80
1290.08202833706,377.827491921452,80
1332.33905045986,879.940343027591,60
1339.79617201094,2401.19313944817,80
1369.62465821526,703.455132985334,60
1396.96743723589,1931.39448173005,80
1409.39597315436,1272.68207805121,60
1416.85309470544,797.912005965697,40
1511.30996768581,825.254784986329,80
1598.30971911509,34.7999005717127,80
1702.70942083023,1812.08053691275,80
1849.36614466816,1817.05195128014,80
1849.36614466816,1804.62341536167,60
1856.82326621924,2097.93686303753,80
1874.2232165051,2092.96544867015,80
1886.65175242356,131.742480735769,80
1913.9945314442,1498.88143176734,80
1913.9945314442,2070.5940840169,40
1916.48023862789,2058.16554809843,40
1928.90877454636,514.541387024609,60
2058.16554809843,89.4854586129754,60
2058.16554809843,1334.82475764355,60
2080.53691275168,2063.13696246582,60
2110.365398956,775.540641312453,60
2130.25105642555,1610.73825503356,80
2132.73676360925,497.141436738752,40
2150.1367138951,472.284364901815,60
2184.93661446682,2125.27964205817,80
2247.07929405916,1891.62316679095,60
2321.65050956997,1138.45389013174,80
2435.99304001989,328.113348247576,60
144.171016654238,2155.10812826249,60
149.142431021626,2187.42232165051,80
246.085011185682,1404.42455878698,80
241.113596818295,1474.0243599304,100
248.570718369376,1416.85309470544,60
280.884911757395,1891.62316679095,100
360.427541635595,2279.39348744718,100
529.455630126771,1332.33905045986,100
534.427044494159,427.541635595327,100
536.912751677852,1342.28187919463,100
581.65548098434,1382.05319413373,80
581.65548098434,1391.99602286851,80
606.512552821278,743.226447924435,80
743.226447924435,2125.27964205817,100
785.483470047228,1324.88192890877,100
807.854834700472,268.456375838926,100
822.769077802635,1513.7956748695,100
904.797414864529,2020.87994034303,120
917.225950782998,1998.50857568978,100
1053.93984588615,1449.16728809346,100
1235.3964702958,2073.0797912006,100
1295.05344270445,1904.05170270942,60
1312.45339299031,2376.33606761124,100
1324.88192890877,1700.22371364653,100
1406.91026597067,464.827243350733,100
1416.85309470544,785.483470047228,60
1469.05294556301,979.368630375342,100
1511.30996768581,1352.22470792941,100
1598.30971911509,549.341287596321,60
1600.79542629878,7.45712155108128,80
1652.99527715635,198.856574695501,100
1677.85234899329,2431.0216256525,80
1685.30947054437,723.340790454884,100
1849.36614466816,72.0855083271191,80
1869.25180213771,367.884663186677,80
1926.42306736266,526.969922943077,80
1963.70867511807,0,60
2105.39398458862,2309.2219736515,100
2150.1367138951,494.655729555058,100
2155.10812826249,2351.4789957743,80
2177.47949291573,2112.8511061397,80
2212.27939348745,703.455132985334,80
2366.39323887646,355.456127268208,100
2445.93586875466,467.312950534427,80
2450.90728312205,497.141436738752,60
2453.39299030574,492.170022371365,60
2473.27864777529,539.398458861546,60
14.9142431021626,1538.65274670644,80
82.0283370618941,1449.16728809346,100
86.9997514292816,1073.8255033557,100
178.970917225951,1996.02286850609,120
248.570718369376,2274.42207307979,100
270.94208302262,434.998757146408,80
275.913497390007,867.511807109123,100
357.941834451902,49.7141436738752,100
375.341784737758,927.168779517773,100
377.827491921452,1578.42406164554,100
372.856077554064,52.199850857569,120
410.141685309471,1575.93835446184,120
430.027342779021,2431.0216256525,100
434.998757146408,2413.62167536664,100
447.427293064877,2426.05021128511,80
579.169773800646,365.398956002983,100
889.883171762366,116.828237633607,100
924.683072334079,1133.48247576436,100
942.083022619935,780.512055679841,100
947.054436987323,328.113348247576,120
1036.5398956003,1777.28063634104,120
1039.02560278399,156.599552572707,80
1083.76833209048,1240.36788466319,120
1103.65398956003,1051.45413870246,120
1213.02510564256,1623.16679095203,100
1232.91076311211,1436.73875217499,100
1235.3964702958,2060.65125528213,80
1242.85359184688,32.3141933880189,100
1329.85334327616,2366.39323887646,100
1342.28187919463,221.227939348745,120
1416.85309470544,797.912005965697,100
1431.76733780761,1292.56773552076,100
1461.59582401193,1670.39522744221,100
1466.56723837932,1685.30947054437,100
1573.45264727815,869.997514292816,100
1575.93835446184,2003.47999005717,120
1575.93835446184,1889.13745960726,120
1672.8809346259,668.655232413622,120
1682.82376336068,1720.10937111608,120
1685.30947054437,1575.93835446184,120
1700.22371364653,2145.16529952772,120
1744.96644295302,166.542381307482,120
1759.88068605518,884.911757394979,120
1856.82326621924,64.6283867760378,80
1899.08028834203,173.999502858563,120
1991.0514541387,375.341784737758,100
2005.96569724086,2000.99428287348,100
2010.93711160825,121.799652000994,120
2010.93711160825,2010.93711160825,100
2033.3084762615,79.5426298782003,120
2145.16529952772,1608.25254784986,100
2145.16529952772,2043.25130499627,120
2194.87944320159,156.599552572707,120
2212.27939348745,1933.88018891375,120
2217.25080785483,432.513049962714,100
2232.165050957,432.513049962714,120
2252.05070842655,800.397713149391,120
2.48570718369376,1210.53939845886,120
7.45712155108128,1369.62465821526,120
9.94282873477504,1948.79443201591,140
9.94282873477504,1354.7104151131,120
94.4568729803629,1086.25403927417,120
141.685309470544,2045.73701217997,140
183.942331593338,715.883668903803,120
223.713646532438,173.999502858563,140
328.113348247576,2115.33681332339,160
345.513298533433,1593.3383047477,140
390.25602783992,1056.42555306985,140
405.170270942083,1563.50981854338,120
405.170270942083,397.713149391002,120
417.598806860552,2194.87944320159,120
412.627392493164,412.627392493164,120
422.570221227939,397.713149391002,120
444.941585881183,1981.10862540393,140
546.855580412627,2.48570718369376,100
576.684066616953,2199.85085756898,140
869.997514292816,805.369127516779,140
909.768829231916,1135.96818294805,100
969.425801640567,1538.65274670644,140
1019.13994531444,2020.87994034303,100
1183.19661943823,2068.10837683321,140
1193.13944817301,959.482972905792,140
1250.31071339796,512.055679840915,140
1260.25354213274,2344.02187422322,140
1285.11061396967,1232.91076311211,140
1309.96768580661,1991.0514541387,140
1319.91051454139,186.428038777032,140
1399.45314441959,2426.05021128511,120
1424.31021625653,2192.3937360179,120
1439.22445935869,2197.36515038528,120
1446.68158090977,939.597315436242,120
1461.59582401193,944.568729803629,120
1466.56723837932,1048.96843151877,140
1511.30996768581,1521.25279642058,140
1523.73850360428,2460.85011185682,120
1565.99552572707,877.454635843898,120
1580.90976882923,872.48322147651,100
1620.68108376833,1787.22346507581,140
1782.25205070843,1053.93984588615,140
1876.70892368879,2060.65125528213,120
1889.13745960726,320.656226696495,120
2015.90852597564,2478.25006214268,160
2030.8227690778,2025.85135471042,140
2043.25130499627,59.6569724086503,120
2053.19413373105,1436.73875217499,140
2063.13696246582,845.140442455879,100
2142.67959234402,904.797414864529,120
2165.05095699727,904.797414864529,120
2334.07904548844,492.170022371365,100
2348.9932885906,487.198608003977,120
2368.87894606015,1051.45413870246,140
2428.5359184688,1051.45413870246,140
2440.96445438727,1058.91126025354,140
54.6855580412627,1203.08227690778,160
134.228187919463,1354.7104151131,160
166.542381307482,1640.56674123788,160
273.427790206314,434.998757146408,120
343.027591349739,283.370618941089,160
375.341784737758,2326.62192393736,160
385.284613472533,380.313199105145,160
427.541635595327,151.628138205319,140
427.541635595327,136.713895103157,140
514.541387024609,1034.0541884166,160
581.65548098434,303.256276410639,140
591.598309719115,686.055182699478,140
604.026845637584,1449.16728809346,140
678.598061148397,2137.70817797663,140
730.797912005966,1471.53865274671,140
743.226447924435,559.284116331096,140
755.654983842903,596.569724086503,160
830.226199353716,1565.99552572707,140
827.740492170022,1053.93984588615,140
882.426050211285,1262.73924931643,140
919.711657966692,2160.07954262988,140
934.625901068854,2055.67984091474,140
937.111608252548,713.397961720109,160
956.997265722098,2435.99304001989,180
1086.25403927417,753.16927665921,140
1098.68257519264,1242.85359184688,120
1111.11111111111,847.626149639573,160
1205.56798409147,1623.16679095203,120
1327.36763609247,482.22719363659,140
1339.79617201094,472.284364901815,140
1384.53890131742,1585.88118319662,140
1429.28163062391,1198.11086254039,160
1431.76733780761,2184.93661446682,120
1431.76733780761,1220.48222719364,140
1531.19562515536,1232.91076311211,160
1528.70991797166,1185.68232662192,160
1575.93835446184,2162.56524981357,160
1630.62391250311,822.769077802635,160
1635.59532687049,710.912254536416,160
1677.85234899329,1565.99552572707,140
1700.22371364653,840.169028088491,160
1720.10937111608,1928.90877454636,160
1829.48048719861,773.05493412876,160
1881.68033805618,502.11285110614,160
1889.13745960726,626.398210290828,160
1911.5088242605,2383.79318916232,140
1981.10862540393,760.626398210291,160
2005.96569724086,646.283867760378,160
2023.36564752672,469.798657718121,160
2028.33706189411,69.5998011434253,140
2110.365398956,1173.25379070346,160
2127.76534924186,902.311707680835,120
2150.1367138951,477.255779269202,120
2152.6224210788,472.284364901815,120
2160.07954262988,551.826994780015,120
2167.53666418096,564.255530698484,140
2182.45090728312,1968.68008948546,160
2284.36490181457,1983.59433258762,160
2294.30773054934,2296.79343773304,160
2353.96470295799,499.627143922446,120
22.3713646532438,790.454884414616,160
74.5712155108128,1573.45264727815,180
84.5140442455879,372.856077554064,180
136.713895103157,1267.71066368382,180
300.770569226945,1563.50981854338,160
308.227690778026,2053.19413373105,200
303.256276410639,1548.59557544121,160
333.084762614964,268.456375838926,160
382.798906288839,74.5712155108128,160
415.113099676858,753.16927665921,180
472.284364901815,745.712155108128,180
499.627143922446,2224.70792940592,180
502.11285110614,902.311707680835,180
524.484215759384,561.76982351479,180
534.427044494159,561.76982351479,160
544.369873228934,0,160
646.283867760378,241.113596818295,180
653.740989311459,144.171016654238,180
663.683818046234,497.141436738752,160
738.255033557047,2237.13646532438,180
802.883420333085,1620.68108376833,160
797.912005965697,1605.76684066617,160
812.82624906786,1608.25254784986,160
830.226199353716,1292.56773552076,180
845.140442455879,86.9997514292816,160
869.997514292816,303.256276410639,180
894.854586129754,1260.25354213274,140
914.740243599304,1702.70942083023,160
981.854337559036,1210.53939845886,180
1004.22570221228,1409.39597315436,180
1014.16853094705,2028.33706189411,140
1016.65423813075,561.76982351479,180
1135.96818294805,1894.10887397465,180
1168.28237633607,1354.7104151131,160
1267.71066368382,1874.2232165051,180
1334.82475764355,703.455132985334,200
1369.62465821526,2386.27889634601,160
1377.08177976634,1406.91026597067,180
1396.96743723589,1799.65200099428,180
1421.82450907283,484.712900820283,180
1431.76733780761,2194.87944320159,140
1548.59557544121,2130.25105642555,160
1561.02411135968,887.397464578673,140
1563.50981854338,884.911757394979,140
1575.93835446184,869.997514292816,140
1605.76684066617,0,140
1638.08103405419,52.199850857569,180
1677.85234899329,479.741486452896,180
1677.85234899329,64.6283867760378,160
1685.30947054437,1553.5669898086,180
1732.53790703455,1652.99527715635,180
1804.62341536167,1081.28262490679,180
1814.56624409645,119.313944817301,160
1834.451901566,109.371116082525,180
1831.9661943823,2207.30797912006,180
1844.39473030077,96.9425801640567,160
1846.88043748446,221.227939348745,160
1871.7375093214,84.5140442455879,180
1874.2232165051,2294.30773054934,180
1879.19463087248,74.5712155108128,140
1913.9945314442,1419.33880188914,180
1926.42306736266,1633.1096196868,180
1931.39448173005,64.6283867760378,180
2110.365398956,258.513547104151,160
2122.79393487447,191.39945314442,160
2259.50782997763,2132.73676360925,180
2266.96495152871,2087.99403430276,180
2274.42207307979,1889.13745960726,160
2393.73601789709,1973.65150385285,160
2393.73601789709,932.14019388516,180
2406.16455381556,1981.10862540393,160
2423.56450410142,1036.5398956003,140
2438.47874720358,1036.5398956003,140
2460.85011185682,1824.50907283122,160
64.6283867760378,1831.9661943823,180
64.6283867760378,673.626646781009,200
74.5712155108128,1836.93760874969,180
149.142431021626,1767.33780760626,200
176.485210042257,837.683320904797,200
213.770817797663,1282.62490678598,200
290.82774049217,1553.5669898086,160
303.256276410639,1501.36713895103,180
318.170519512801,1108.62540392742,180
318.170519512801,971.911508824261,200
330.59905543127,1098.68257519264,180
357.941834451902,579.169773800646,200
405.170270942083,2284.36490181457,200
442.455878697489,919.711657966692,200
604.026845637584,19.8856574695501,200
643.798160576684,1839.42331593338,180
656.226696495153,723.340790454884,200
663.683818046234,2314.19338801889,200
681.08376833209,2304.25055928412,180
681.08376833209,2316.67909520259,180
713.397961720109,569.226945065871,200
718.369376087497,1541.13845389013,200
763.112105393985,815.311956251554,200
802.883420333085,1605.76684066617,160
837.683320904797,1091.22545364156,180
845.140442455879,1290.08202833706,160
912.25453641561,2421.07879691772,200
947.054436987323,1608.25254784986,200
959.482972905792,1876.70892368879,180
971.911508824261,1869.25180213771,180
994.282873477504,939.597315436242,220
1021.62565249814,2020.87994034303,160
1093.71116082525,1287.59632115337,200
1130.99676858066,405.170270942083,200
1250.31071339796,2197.36515038528,200
1290.08202833706,554.312701963709,180
1317.42480735769,1424.31021625653,200
1317.42480735769,1404.42455878698,200
1337.31046482724,780.512055679841,200
1394.4817300522,1782.25205070843,180
1478.99577429779,1777.28063634104,200
1531.19562515536,2426.05021128511,200
1665.42381307482,524.484215759384,200
1677.85234899329,7.45712155108128,200
1692.76659209545,1809.59482972906,180
1700.22371364653,1546.10986825752,160
1735.02361421825,1441.71016654238,200
1747.45215013671,2346.50758140691,200
1784.73775789212,845.140442455879,200
1799.65200099428,2219.73651503853,200
1824.50907283122,2194.87944320159,180
1839.42331593338,1655.48098434004,200
1884.16604523987,34.7999005717127,180
1899.08028834203,47.2284364901815,180
1921.45165299528,1772.30922197365,200
2005.96569724086,912.25453641561,180
2013.42281879195,877.454635843898,200
2020.87994034303,1031.56848123291,200
2020.87994034303,2058.16554809843,200
2028.33706189411,653.740989311459,220
2050.70842654735,1844.39473030077,200
2152.6224210788,1004.22570221228,200
2165.05095699727,2242.10787969177,200
2177.47949291573,1009.19711657967,200
2204.82227193637,832.71190653741,200
2234.65075814069,929.654486701467,200
2279.39348744718,1876.70892368879,160
2311.7076808352,1655.48098434004,180
2473.27864777529,1240.36788466319,200
24.8570718369376,1004.22570221228,220
34.7999005717127,1327.36763609247,200
62.142679592344,1478.99577429779,220
263.484961471539,1262.73924931643,220
265.970668655232,258.513547104151,200
278.399204573701,263.484961471539,220
303.256276410639,283.370618941089,220
382.798906288839,226.199353716132,220
454.884414615958,131.742480735769,220
454.884414615958,1772.30922197365,200
492.170022371365,1130.99676858066,220
494.655729555058,1797.16629381059,220
499.627143922446,1081.28262490679,220
499.627143922446,1784.73775789212,220
623.912503107134,417.598806860552,220
623.912503107134,2.48570718369376,220
678.598061148397,1444.19587372608,220
695.998011434253,651.255282127765,220
710.912254536416,785.483470047228,220
805.369127516779,700.969425801641,200
817.797663435247,2055.67984091474,220
817.797663435247,330.59905543127,200
1213.02510564256,780.512055679841,200
1220.48222719364,2050.70842654735,220
1232.91076311211,561.76982351479,200
1240.36788466319,1118.56823266219,220
1314.939100174,954.511558538404,220
1374.59607258265,2137.70817797663,200
1382.05319413373,2125.27964205817,200
1424.31021625653,1981.10862540393,220
1419.33880188914,1700.22371364653,220
1523.73850360428,1387.02460850112,220
1583.39547601293,969.425801640567,200
1610.73825503356,929.654486701467,220
1615.70966940094,479.741486452896,220
1630.62391250311,700.969425801641,180
1759.88068605518,1113.5968182948,200
1772.30922197365,1103.65398956003,200
1782.25205070843,216.256524981357,200
1911.5088242605,1916.48023862789,220
2170.02237136465,1297.53914988814,220
2189.9080288342,745.712155108128,200
2271.9363658961,1695.25229927915,200
2358.93611732538,529.455630126771,220
2401.19313944817,1352.22470792941,180
2406.16455381556,1354.7104151131,180
2443.45016157097,618.941088739746,220
2453.39299030574,1831.9661943823,200
22.3713646532438,986.825751926423,220
34.7999005717127,648.769574944072,240
67.1140939597315,976.882923191648,220
64.6283867760378,738.255033557047,240
265.970668655232,397.713149391002,220
308.227690778026,2167.53666418096,220
325.627641063883,1643.05244842158,240
360.427541635595,2194.87944320159,220
402.684563758389,2110.365398956,240
434.998757146408,1797.16629381059,220
442.455878697489,1493.91001739995,240
457.370121799652,956.997265722098,220
596.569724086503,1377.08177976634,220
648.769574944072,1280.13919960229,240
745.712155108128,591.598309719115,220
782.997762863535,285.856326124783,240
810.340541884166,320.656226696495,220
835.197613721104,914.740243599304,220
869.997514292816,874.968928660204,240
869.997514292816,571.712652249565,220
937.111608252548,802.883420333085,200
1009.19711657967,183.942331593338,240
1056.42555306985,584.141188168034,240
1267.71066368382,489.684315187671,220
1270.19637086751,914.740243599304,220
1319.91051454139,1252.79642058166,220
1359.68182948049,638.826746209297,240
1357.19612229679,1337.31046482724,240
1372.11036539896,1396.96743723589,240
1391.99602286851,1660.45239870743,220
1419.33880188914,2179.96520009943,220
1456.62440964454,1282.62490678598,200
1531.19562515536,2478.25006214268,240
1556.05269699229,121.799652000994,220
1578.42406164554,315.684812329108,240
1660.45239870743,1091.22545364156,240
1660.45239870743,815.311956251554,240
1675.36664180959,1501.36713895103,220
1712.652249565,2105.39398458862,220
1762.36639323888,2475.76435495899,240
1787.22346507581,2083.02261993537,220
1804.62341536167,1168.28237633607,240
1874.2232165051,914.740243599304,220
1879.19463087248,929.654486701467,220
1889.13745960726,1899.08028834203,240
1998.50857568978,2234.65075814069,240
2050.70842654735,171.513795674869,220
2065.62266964952,350.48471290082,220
2125.27964205817,288.342033308476,240
2127.76534924186,449.913000248571,240
2165.05095699727,1046.48272433507,240
2204.82227193637,1605.76684066617,220
2214.76510067114,710.912254536416,240
2252.05070842655,1692.76659209545,200
2279.39348744718,1608.25254784986,240
2296.79343773304,1511.30996768581,220
2346.50758140691,1036.5398956003,220
2383.79318916232,1508.82426050211,240
49.7141436738752,949.540144171017,240
201.342281879195,1421.82450907283,240
246.085011185682,1001.73999502859,260
305.741983594333,1362.16753666418,260
338.056176982351,2179.96520009943,240
375.341784737758,2145.16529952772,260
380.313199105145,1158.33954760129,260
422.570221227939,877.454635843898,240
529.455630126771,780.512055679841,260
551.826994780015,768.083519761372,240
581.65548098434,1106.13969674372,220
691.026597066866,188.913745960726,280
708.426547352722,604.026845637584,220
720.855083271191,611.483967188665,220
725.826497638578,589.112602535421,220
778.026348496147,2172.50807854835,260
782.997762863535,9.94282873477504,240
787.969177230922,748.197862291822,260
862.540392741735,2045.73701217997,260
929.654486701467,432.513049962714,260
927.168779517773,1533.68133233905,260
1029.08277404922,1911.5088242605,240
1053.93984588615,874.968928660204,260
1061.39696743724,1558.53840417599,240
1066.36838180462,1165.79666915237,220
1121.05393984589,728.312204822272,240
1128.51106139697,1869.25180213771,240
1175.73949788715,653.740989311459,260
1290.08202833706,1528.70991797166,240
1307.48197862292,62.142679592344,220
1384.53890131742,1672.8809346259,240
1431.76733780761,1073.8255033557,280
1441.71016654238,956.997265722098,260
1493.91001739995,34.7999005717127,240
1508.82426050211,49.7141436738752,240
1511.30996768581,1173.25379070346,240
1625.65249813572,1118.56823266219,220
1643.05244842158,1091.22545364156,220
1675.36664180959,176.485210042257,240
1687.79517772806,1508.82426050211,240
1702.70942083023,136.713895103157,240
1720.10937111608,1309.96768580661,240
1744.96644295302,34.7999005717127,260
1841.90902311708,959.482972905792,240
1918.96594581158,1871.7375093214,260
1928.90877454636,2227.19363658961,260
1998.50857568978,1024.11135968183,220
2008.45140442456,1019.13994531444,260
2013.42281879195,1357.19612229679,260
2020.87994034303,295.799154859558,260
2033.3084762615,1961.22296793438,260
2038.27989062888,2373.85036042754,260
2068.10837683321,1078.79691772309,220
2097.93686303753,1391.99602286851,220
2214.76510067114,1595.82401193139,240
2316.67909520259,531.941337310465,240
2371.36465324385,949.540144171017,240
2388.7646035297,961.968680089485,240
77.0569226945066,889.883171762366,240
149.142431021626,1869.25180213771,280
151.628138205319,1844.39473030077,300
156.599552572707,1906.53740989311,280
208.799403430276,1809.59482972906,260
221.227939348745,1523.73850360428,280
280.884911757395,405.170270942083,240
308.227690778026,1026.59706686552,280
308.227690778026,1406.91026597067,260
325.627641063883,1071.33979617201,260
325.627641063883,365.398956002983,280
365.398956002983,1078.79691772309,260
372.856077554064,278.399204573701,260
402.684563758389,1416.85309470544,280
417.598806860552,1426.79592344022,260
434.998757146408,874.968928660204,240
464.827243350733,956.997265722098,240
497.141436738752,1976.13721103654,280
586.626895351728,1101.16828237634,260
596.569724086503,703.455132985334,300
604.026845637584,86.9997514292816,280
651.255282127765,487.198608003977,260
718.369376087497,604.026845637584,240
715.883668903803,879.940343027591,280
725.826497638578,613.969674372359,240
735.769326373353,596.569724086503,240
782.997762863535,2003.47999005717,260
822.769077802635,323.141933880189,240
820.283370618941,618.941088739746,280
961.968680089485,728.312204822272,280
971.911508824261,111.856823266219,280
1046.48272433507,260.999254287845,280
1071.33979617201,1158.33954760129,280
1086.25403927417,1543.62416107383,280
1118.56823266219,743.226447924435,260
1128.51106139697,1692.76659209545,280
1140.93959731544,407.655978125777,240
1163.31096196868,1558.53840417599,280
1215.51081282625,1362.16753666418,260
1247.82500621427,556.798409147402,240
1247.82500621427,566.741237882178,240
1309.96768580661,850.111856823266,260
1314.939100174,69.5998011434253,280
1332.33905045986,1583.39547601293,300
1349.73900074571,708.426547352722,240
1377.08177976634,1625.65249813572,240
1384.53890131742,1528.70991797166,280
1387.02460850112,91.9711657966692,260
1516.28138205319,1183.19661943823,240
1546.10986825752,1374.59607258265,280
1568.48123291076,121.799652000994,260
1598.30971911509,1006.71140939597,280
1605.76684066617,1610.73825503356,260
1655.48098434004,745.712155108128,260
1722.59507829978,1354.7104151131,280
1727.56649266716,805.369127516779,300
1799.65200099428,1901.56599552573,280
1844.39473030077,944.568729803629,240
1879.19463087248,1262.73924931643,280
1886.65175242356,1329.85334327616,280
1904.05170270942,1722.59507829978,280
1958.73726075068,1725.08078548347,260
2053.19413373105,1707.68083519761,280
2075.56549838429,1073.8255033557,280
2080.53691275168,1088.73974645787,280
2160.07954262988,1143.42530449913,260
2179.96520009943,1210.53939845886,260
2179.96520009943,1802.13770817798,280
2269.4506587124,1083.76833209048,280
2319.16480238628,1836.93760874969,280
2408.65026099925,1449.16728809346,280
2413.62167536664,1459.11011682824,260
2428.5359184688,760.626398210291,300
2448.42157593835,1337.31046482724,280
109.371116082525,1493.91001739995,280
156.599552572707,1282.62490678598,300
188.913745960726,1474.0243599304,280
203.827989062888,1414.36738752175,280
258.513547104151,459.855828983346,300
268.456375838926,1317.42480735769,300
323.141933880189,961.968680089485,280
365.398956002983,1372.11036539896,320
594.084016902809,2301.76485210042,280
621.42679592344,1884.16604523987,300
671.140939597315,2212.27939348745,280
693.512304250559,1904.05170270942,280
695.998011434253,169.028088491176,260
753.16927665921,0,260
884.911757394979,2254.53641561024,280
884.911757394979,2247.07929405916,280
889.883171762366,745.712155108128,300
894.854586129754,29.8284862043251,300
937.111608252548,2125.27964205817,280
1026.59706686552,432.513049962714,280
1034.0541884166,417.598806860552,280
1046.48272433507,862.540392741735,260
1051.45413870246,96.9425801640567,300
1091.22545364156,365.398956002983,300
1101.16828237634,1421.82450907283,280
1128.51106139697,867.511807109123,300
1222.96793437733,57.1712652249565,280
1300.02485707184,243.599304001989,280
1302.51056425553,782.997762863535,280
1329.85334327616,156.599552572707,320
1362.16753666418,1128.51106139697,280
1635.59532687049,2348.9932885906,280
1645.53815560527,2361.42182450907,280
1720.10937111608,1772.30922197365,300
1730.05219985086,221.227939348745,300
1861.79468058663,1531.19562515536,300
1938.85160328113,1705.19512801392,280
1976.13721103654,1911.5088242605,300
1991.0514541387,860.054685558041,300
1996.02286850609,1349.73900074571,260
2013.42281879195,228.685060899826,280
2015.90852597564,2160.07954262988,280
2023.36564752672,417.598806860552,300
2025.85135471042,432.513049962714,280
2060.65125528213,2204.82227193637,300
2100.42257022123,1391.99602286851,280
2105.39398458862,474.770072085508,300
2142.67959234402,1941.33731046483,300
2177.47949291573,1707.68083519761,300
2202.33656475267,1300.02485707184,300
2234.65075814069,1936.36589609744,260
2423.56450410142,996.768580661198,280
2468.3072334079,902.311707680835,300
7.45712155108128,1066.36838180462,320
4.97141436738752,879.940343027591,320
62.142679592344,698.483718617947,300
72.0855083271191,887.397464578673,300
99.4282873477504,927.168779517773,300
104.399701715138,914.740243599304,300
109.371116082525,633.855331841909,320
134.228187919463,929.654486701467,320
233.656475267214,1213.02510564256,320
253.542132736764,549.341287596321,300
313.199105145414,454.884414615958,320
320.656226696495,1896.59458115834,300
338.056176982351,768.083519761372,340
357.941834451902,1792.1948794432,300
360.427541635595,2197.36515038528,280
395.227442207308,748.197862291822,320
464.827243350733,1516.28138205319,320
482.22719363659,1511.30996768581,320
631.369624658215,1874.2232165051,300
656.226696495153,2202.33656475267,300
661.19811086254,169.028088491176,320
698.483718617947,268.456375838926,300
695.998011434253,2160.07954262988,300
733.283619189659,820.283370618941,320
723.340790454884,2227.19363658961,320
735.769326373353,621.42679592344,300
852.59756400696,651.255282127765,340
842.654735272185,2388.7646035297,320
904.797414864529,19.8856574695501,300
947.054436987323,765.597812577678,320
966.940094456873,865.026099925429,300
1001.73999502859,1618.19537658464,320
1048.96843151877,1675.36664180959,300
1048.96843151877,902.311707680835,320
1126.02535421327,1682.82376336068,280
1222.96793437733,1369.62465821526,280
1322.39622172508,904.797414864529,300
1339.79617201094,362.913248819289,300
1344.76758637832,1126.02535421327,320
1352.22470792941,1399.45314441959,300
1367.13895103157,7.45712155108128,300
1377.08177976634,1625.65249813572,280
1374.59607258265,763.112105393985,320
1471.53865274671,69.5998011434253,320
1498.88143176734,156.599552572707,340
1563.50981854338,549.341287596321,300
1648.02386278896,1319.91051454139,300
1757.39497887149,2383.79318916232,340
1779.76634352473,2366.39323887646,320
1829.48048719861,961.968680089485,340
1866.76609495401,902.311707680835,300
1901.56599552573,1242.85359184688,340
1913.9945314442,1399.45314441959,300
1926.42306736266,1389.51031568481,300
2078.05120556798,1307.48197862292,280
2090.47974148645,360.427541635595,300
2100.42257022123,1198.11086254039,300
2155.10812826249,1792.1948794432,320
2194.87944320159,469.798657718121,320
2261.99353716132,1088.73974645787,300
2289.33631618195,1715.13795674869,320
2331.59333830475,1901.56599552573,300
2346.50758140691,1904.05170270942,300
2433.50733283619,775.540641312453,280
17.3999502858563,1332.33905045986,340
37.2856077554064,1160.82525478499,340
47.2284364901815,944.568729803629,300
201.342281879195,1710.16654238131,300
268.456375838926,1839.42331593338,300
365.398956002983,802.883420333085,340
362.913248819289,1391.99602286851,320
362.913248819289,2048.22271936366,340
375.341784737758,1382.05319413373,300
442.455878697489,449.913000248571,340
569.226945065871,688.540889883172,340
631.369624658215,952.02585135471,320
646.283867760378,1088.73974645787,320
643.798160576684,949.540144171017,300
755.654983842903,519.512801391996,320
785.483470047228,641.31245339299,340
815.311956251554,2386.27889634601,340
822.769077802635,2403.67884663187,320
837.683320904797,1575.93835446184,360
937.111608252548,17.3999502858563,340
947.054436987323,971.911508824261,300
949.540144171017,961.968680089485,320
959.482972905792,1635.59532687049,340
961.968680089485,872.48322147651,300
996.768580661198,1605.76684066617,320
1021.62565249814,2363.90753169277,340
1143.42530449913,2463.33581904052,360
1150.88242605021,256.027839920457,340
1160.82525478499,1240.36788466319,340
1165.79666915237,865.026099925429,340
1165.79666915237,1255.28212776535,340
1252.79642058166,1648.02386278896,340
1280.13919960229,502.11285110614,340
1339.79617201094,1387.02460850112,320
1396.96743723589,119.313944817301,320
1469.05294556301,1063.88267462093,340
1476.51006711409,2346.50758140691,340
1496.39572458364,994.282873477504,340
1553.5669898086,246.085011185682,320
1575.93835446184,260.999254287845,300
1625.65249813572,1287.59632115337,340
1645.53815560527,1309.96768580661,300
1662.93810589113,879.940343027591,360
1779.76634352473,2403.67884663187,340
1814.56624409645,869.997514292816,360
1904.05170270942,494.655729555058,340
1936.36589609744,1546.10986825752,340
1958.73726075068,554.312701963709,340
1981.10862540393,2048.22271936366,340
2020.87994034303,1568.48123291076,300
2025.85135471042,2165.05095699727,300
2073.0797912006,350.48471290082,320
2097.93686303753,1466.56723837932,340
2239.62217250808,857.568978374347,340
2324.13621675367,1762.36639323888,340
2353.96470295799,1859.30897340293,340
9.94282873477504,996.768580661198,340
134.228187919463,1657.96669152374,360
171.513795674869,1578.42406164554,340
208.799403430276,1767.33780760626,360
285.856326124783,1784.73775789212,340
502.11285110614,758.140691026597,360
571.712652249565,944.568729803629,340
574.198359433259,1881.68033805618,360
641.31245339299,2271.9363658961,340
815.311956251554,2160.07954262988,380
862.540392741735,2174.99378573204,360
929.654486701467,976.882923191648,360
964.454387273179,464.827243350733,360
996.768580661198,574.198359433259,320
1173.25379070346,1053.93984588615,340
1339.79617201094,1369.62465821526,360
1342.28187919463,1628.13820531941,360
1603.28113348248,1158.33954760129,360
1655.48098434004,2028.33706189411,360
1712.652249565,1260.25354213274,340
1789.70917225951,1777.28063634104,360
1904.05170270942,437.484464330102,360
1911.5088242605,999.254287844892,380
1973.65150385285,1424.31021625653,360
2010.93711160825,1764.85210042257,380
2020.87994034303,720.855083271191,360
2058.16554809843,825.254784986329,380
2127.76534924186,519.512801391996,360
2145.16529952772,718.369376087497,380
2182.45090728312,966.940094456873,380
2202.33656475267,917.225950782998,340
2222.22222222222,917.225950782998,340
2294.30773054934,748.197862291822,360
2301.76485210042,835.197613721104,360
2304.25055928412,825.254784986329,320
139.199602286851,733.283619189659,380
206.313696246582,1712.652249565,360
223.713646532438,1789.70917225951,380
360.427541635595,1792.1948794432,340
432.513049962714,1304.99627143922,380
434.998757146408,1958.73726075068,400
454.884414615958,847.626149639573,380
449.913000248571,591.598309719115,380
549.341287596321,2018.39423315933,380
584.141188168034,241.113596818295,380
666.169525229928,1839.42331593338,380
785.483470047228,770.569226945066,380
797.912005965697,2346.50758140691,360
837.683320904797,2162.56524981357,380
865.026099925429,2053.19413373105,360
879.940343027591,1570.96694009446,380
922.197365150385,2383.79318916232,380
929.654486701467,1720.10937111608,380
954.511558538404,897.340293313448,360
984.340044742729,2025.85135471042,380
1004.22570221228,579.169773800646,340
1123.53964702958,181.456624409645,360
1300.02485707184,407.655978125777,380
1329.85334327616,1009.19711657967,380
1344.76758637832,96.9425801640567,380
1404.42455878698,2445.93586875466,380
1421.82450907283,708.426547352722,380
1441.71016654238,315.684812329108,380
1638.08103405419,1476.51006711409,360
1695.25229927915,1665.42381307482,380
1839.42331593338,248.570718369376,380
1906.53740989311,2194.87944320159,380
1931.39448173005,1292.56773552076,340
1956.25155356699,1292.56773552076,380
2013.42281879195,705.940840169028,340
2043.25130499627,820.283370618941,360
2080.53691275168,1312.45339299031,340
2132.73676360925,507.084265473527,360
2130.25105642555,1804.62341536167,380
2142.67959234402,1140.93959731544,400
2155.10812826249,1300.02485707184,400
2155.10812826249,1290.08202833706,360
2174.99378573204,954.511558538404,380
2254.53641561024,922.197365150385,400
2294.30773054934,1911.5088242605,380
2353.96470295799,852.59756400696,380
2443.45016157097,1327.36763609247,380
196.370867511807,686.055182699478,400
246.085011185682,1456.62440964454,400
305.741983594333,1461.59582401193,400
420.084514044246,1570.96694009446,380
462.34153616704,860.054685558041,360
817.797663435247,211.28511061397,400
850.111856823266,405.170270942083,420
855.083271190654,400.198856574696,360
862.540392741735,944.568729803629,400
947.054436987323,1720.10937111608,380
974.397216007954,2035.79418344519,360
976.882923191648,867.511807109123,360
984.340044742729,2043.25130499627,360
1061.39696743724,1222.96793437733,400
1068.85408898832,2309.2219736515,400
1078.79691772309,218.742232165051,380
1103.65398956003,1802.13770817798,400
1101.16828237634,1819.53765846383,400
1118.56823266219,2336.56475267214,380
1205.56798409147,2421.07879691772,400
1208.05369127517,2401.19313944817,400
1260.25354213274,1717.62366393239,380
1342.28187919463,1312.45339299031,400
1374.59607258265,2438.47874720358,380
1379.56748695004,477.255779269202,400
1372.11036539896,1660.45239870743,380
1414.36738752175,775.540641312453,420
1421.82450907283,760.626398210291,400
1431.76733780761,1093.71116082525,400
1451.65299527716,328.113348247576,380
1469.05294556301,1180.71091225454,380
1503.85284613473,2115.33681332339,400
1543.62416107383,141.685309470544,400
1580.90976882923,561.76982351479,400
1620.68108376833,2070.5940840169,400
1640.56674123788,2398.70743226448,380
1769.82351478996,1232.91076311211,400
1841.90902311708,231.17076808352,360
1866.76609495401,1886.65175242356,400
1881.68033805618,1904.05170270942,400
1891.62316679095,604.026845637584,400
1998.50857568978,1183.19661943823,380
2008.45140442456,2172.50807854835,400
2035.79418344519,1290.08202833706,360
2078.05120556798,743.226447924435,400
2257.02212279394,1615.70966940094,400
2274.42207307979,758.140691026597,400
2356.45041014169,1677.85234899329,380
2376.33606761124,1593.3383047477,400
2.48570718369376,999.254287844892,380
231.17076808352,1213.02510564256,400
303.256276410639,459.855828983346,380
417.598806860552,1859.30897340293,440
469.798657718121,576.684066616953,440
594.084016902809,1643.05244842158,420
671.140939597315,956.997265722098,420
681.08376833209,236.142182450907,420
703.455132985334,832.71190653741,420
705.940840169028,730.797912005966,420
765.597812577678,2249.56500124285,400
817.797663435247,1404.42455878698,420
867.511807109123,1792.1948794432,440
867.511807109123,410.141685309471,420
932.14019388516,2053.19413373105,400
944.568729803629,897.340293313448,380
949.540144171017,584.141188168034,420
949.540144171017,596.569724086503,420
989.311459110117,2242.10787969177,420
1086.25403927417,1864.28038777032,420
1106.13969674372,248.570718369376,420
1165.79666915237,1053.93984588615,380
1225.45364156102,1083.76833209048,460
1434.2530449913,907.283122048223,420
1536.16703952274,961.968680089485,420
1643.05244842158,1730.05219985086,460
1652.99527715635,887.397464578673,400
1695.25229927915,1297.53914988814,400
1697.73800646284,1314.939100174,400
1735.02361421825,437.484464330102,440
1739.99502858563,1421.82450907283,420
1904.05170270942,1759.88068605518,400
1926.42306736266,2005.96569724086,440
2018.39423315933,1645.53815560527,420
2033.3084762615,1297.53914988814,420
2060.65125528213,860.054685558041,480
2125.27964205817,976.882923191648,420
2187.42232165051,1573.45264727815,420
2321.65050956997,1362.16753666418,400
280.884911757395,1784.73775789212,400
310.71339796172,653.740989311459,420
430.027342779021,1513.7956748695,480
447.427293064877,1804.62341536167,440
608.998260004971,1163.31096196868,520
633.855331841909,494.655729555058,440
638.826746209297,1280.13919960229,420
686.055182699478,733.283619189659,420
698.483718617947,1797.16629381059,440
840.169028088491,1834.451901566,460
840.169028088491,2015.90852597564,440
855.083271190654,688.540889883172,460
899.826000497141,2326.62192393736,420
927.168779517773,1762.36639323888,440
961.968680089485,1387.02460850112,400
969.425801640567,1391.99602286851,440
1051.45413870246,743.226447924435,440
1096.19686800895,1327.36763609247,440
1098.68257519264,2314.19338801889,460
1163.31096196868,1387.02460850112,440
1295.05344270445,865.026099925429,460
1374.59607258265,874.968928660204,440
1384.53890131742,231.17076808352,440
1384.53890131742,688.540889883172,420
1431.76733780761,2363.90753169277,420
1610.73825503356,1670.39522744221,440
1660.45239870743,2028.33706189411,400
1789.70917225951,693.512304250559,420
1804.62341536167,1076.3112105394,420
1802.13770817798,1533.68133233905,420
1814.56624409645,328.113348247576,440
1916.48023862789,628.883917474521,420
1933.88018891375,1168.28237633607,440
1961.22296793438,1543.62416107383,460
2048.22271936366,643.798160576684,420
2135.22247079294,517.027094208302,400
2167.53666418096,1222.96793437733,440
2336.56475267214,1469.05294556301,440
507.084265473527,1377.08177976634,460
646.283867760378,1394.4817300522,460
668.655232413622,1643.05244842158,460
710.912254536416,869.997514292816,460
713.397961720109,1270.19637086751,460
894.854586129754,574.198359433259,460
902.311707680835,1183.19661943823,460
971.911508824261,1879.19463087248,440
984.340044742729,253.542132736764,460
1001.73999502859,1894.10887397465,420
1103.65398956003,2127.76534924186,460
1133.48247576436,1247.82500621427,460
1130.99676858066,1556.05269699229,420
1205.56798409147,646.283867760378,440
1225.45364156102,984.340044742729,460
1225.45364156102,161.570966940094,460
1237.88217747949,380.313199105145,460
1324.88192890877,1399.45314441959,480
1337.31046482724,265.970668655232,460
1379.56748695004,1546.10986825752,460
1382.05319413373,792.94059159831,460
1431.76733780761,2107.87969177231,460
1444.19587372608,2361.42182450907,420
1613.22396221725,705.940840169028,460
1697.73800646284,1986.08003977131,480
1779.76634352473,1772.30922197365,480
1794.6805866269,986.825751926423,460
1941.33731046483,1379.56748695004,460
1958.73726075068,1710.16654238131,440
2087.99403430276,1150.88242605021,460
2187.42232165051,805.369127516779,460
2212.27939348745,1421.82450907283,480
2301.76485210042,1456.62440964454,440
206.313696246582,1394.4817300522,460
385.284613472533,1652.99527715635,460
422.570221227939,1754.9092716878,480
668.655232413622,2063.13696246582,480
857.568978374347,780.512055679841,480
979.368630375342,290.82774049217,480
1066.36838180462,678.598061148397,440
1116.0825254785,1208.05369127517,480
1208.05369127517,1262.73924931643,500
1240.36788466319,2289.33631618195,480
1255.28212776535,335.570469798658,480
1300.02485707184,676.112353964703,480
1302.51056425553,1135.96818294805,480
1377.08177976634,2155.10812826249,480
1364.65324384787,372.856077554064,480
1394.4817300522,243.599304001989,440
1419.33880188914,285.856326124783,480
1436.73875217499,268.456375838926,460
1439.22445935869,529.455630126771,500
1446.68158090977,1757.39497887149,480
1486.45289584887,1998.50857568978,480
1516.28138205319,1551.08128262491,480
1561.02411135968,703.455132985334,480
1633.1096196868,2165.05095699727,480
1670.39522744221,1648.02386278896,440
1754.9092716878,1876.70892368879,480
2197.36515038528,1454.13870246085,480
2239.62217250808,1088.73974645787,500
482.22719363659,1009.19711657967,500
613.969674372359,730.797912005966,500
656.226696495153,1650.50956997266,480
790.454884414616,1675.36664180959,520
830.226199353716,2010.93711160825,460
991.797166293811,666.169525229928,520
1004.22570221228,477.255779269202,520
1083.76833209048,909.768829231916,500
1260.25354213274,1369.62465821526,560
1302.51056425553,1491.42431021626,460
1304.99627143922,1486.45289584887,460
1352.22470792941,2199.85085756898,500
1508.82426050211,1570.96694009446,500
1531.19562515536,1707.68083519761,500
1551.08128262491,850.111856823266,500
1655.48098434004,571.712652249565,500
2018.39423315933,1364.65324384787,500
2199.85085756898,1275.1677852349,500
2199.85085756898,1290.08202833706,500
2207.30797912006,1585.88118319662,480
479.741486452896,1700.22371364653,520
539.398458861546,1250.31071339796,500
601.54113845389,1198.11086254039,540
618.941088739746,1769.82351478996,520
636.341039025603,1108.62540392742,500
797.912005965697,1961.22296793438,520
845.140442455879,1389.51031568481,520
857.568978374347,857.568978374347,520
999.254287844892,1891.62316679095,480
1063.88267462093,668.655232413622,480
1073.8255033557,1933.88018891375,540
1098.68257519264,1213.02510564256,500
1126.02535421327,2150.1367138951,540
1295.05344270445,1123.53964702958,500
1329.85334327616,812.82624906786,540
1377.08177976634,275.913497390007,520
1387.02460850112,2112.8511061397,500
1391.99602286851,1759.88068605518,560
1409.39597315436,1471.53865274671,520
1710.16654238131,810.340541884166,500
1759.88068605518,554.312701963709,540
1792.1948794432,743.226447924435,500
1797.16629381059,758.140691026597,480
1807.10912254536,745.712155108128,480
1819.53765846383,1988.56574695501,540
1841.90902311708,1961.22296793438,520
2010.93711160825,773.05493412876,520
2304.25055928412,1459.11011682824,500
345.513298533433,1364.65324384787,540
427.541635595327,1275.1677852349,580
581.65548098434,591.598309719115,540
658.712403678847,1454.13870246085,520
663.683818046234,606.512552821278,540
705.940840169028,1886.65175242356,560
787.969177230922,1081.28262490679,560
927.168779517773,1593.3383047477,520
1106.13969674372,1993.5371613224,580
1163.31096196868,1240.36788466319,540
1170.76808351976,1185.68232662192,540
1195.6251553567,626.398210290828,580
1208.05369127517,643.798160576684,500
1220.48222719364,2008.45140442456,540
1210.53939845886,643.798160576684,500
1225.45364156102,156.599552572707,500
1232.91076311211,330.59905543127,540
1272.68207805121,2192.3937360179,520
1285.11061396967,648.769574944072,540
1302.51056425553,223.713646532438,520
1329.85334327616,1444.19587372608,520
1434.2530449913,2150.1367138951,500
1446.68158090977,894.854586129754,560
1575.93835446184,1946.30872483221,560
1618.19537658464,994.282873477504,540
459.855828983346,1118.56823266219,600
551.826994780015,1329.85334327616,580
584.141188168034,1287.59632115337,580
611.483967188665,1610.73825503356,560
661.19811086254,1861.79468058663,560
758.140691026597,1086.25403927417,560
807.854834700472,1287.59632115337,580
835.197613721104,1456.62440964454,600
830.226199353716,529.455630126771,560
882.426050211285,1633.1096196868,580
922.197365150385,1496.39572458364,540
969.425801640567,482.22719363659,560
1066.36838180462,681.08376833209,520
1190.65374098931,1794.6805866269,600
1198.11086254039,728.312204822272,560
1260.25354213274,800.397713149391,580
1290.08202833706,1215.51081282625,560
1419.33880188914,2075.56549838429,580
1411.88168033806,1185.68232662192,560
1466.56723837932,966.940094456873,580
1496.39572458364,1720.10937111608,540
1615.70966940094,2005.96569724086,580
1672.8809346259,658.712403678847,560
1804.62341536167,1536.16703952274,580
449.913000248571,1235.3964702958,600
700.969425801641,810.340541884166,560
1098.68257519264,1578.42406164554,600
1130.99676858066,340.541884166045,600
1245.33929903057,902.311707680835,660
1282.62490678598,932.14019388516,600
1285.11061396967,1767.33780760626,580
1292.56773552076,1784.73775789212,580
1456.62440964454,2025.85135471042,580
1483.96718866518,1481.48148148148,600
1648.02386278896,1068.85408898832,580
1799.65200099428,1406.91026597067,600
1901.56599552573,1610.73825503356,620
549.341287596321,1021.62565249814,640
616.455381556053,1409.39597315436,620
947.054436987323,852.59756400696,620
979.368630375342,1198.11086254039,620
999.254287844892,442.455878697489,600
1235.3964702958,1966.19438230176,600
1406.91026597067,641.31245339299,600
1431.76733780761,663.683818046234,640
1429.28163062391,494.655729555058,620
1469.05294556301,780.512055679841,600
1826.99478001491,1630.62391250311,620
1834.451901566,1710.16654238131,600
1904.05170270942,1638.08103405419,580
1933.88018891375,1290.08202833706,600
1941.33731046483,1300.02485707184,580
536.912751677852,1153.36813323391,640
641.31245339299,1103.65398956003,580
678.598061148397,743.226447924435,620
745.712155108128,1190.65374098931,640
753.16927665921,765.597812577678,640
845.140442455879,1692.76659209545,640
981.854337559036,504.598558289833,640
1240.36788466319,899.826000497141,580
1354.7104151131,1337.31046482724,620
1436.73875217499,1871.7375093214,640
1623.16679095203,1670.39522744221,640
1747.45215013671,1436.73875217499,640
1824.50907283122,1436.73875217499,640
1871.7375093214,1252.79642058166,660
1886.65175242356,1615.70966940094,580
1923.93736017897,1625.65249813572,600
705.940840169028,897.340293313448,640
942.083022619935,666.169525229928,660
1128.51106139697,830.226199353716,640
1123.53964702958,1531.19562515536,660
1126.02535421327,837.683320904797,600
1250.31071339796,1225.45364156102,660
1312.45339299031,1513.7956748695,660
1794.6805866269,1021.62565249814,660
1792.1948794432,1476.51006711409,660
613.969674372359,1150.88242605021,620
961.968680089485,1690.28088491176,660
1093.71116082525,651.255282127765,640
1098.68257519264,827.740492170022,660
1113.5968182948,1078.79691772309,660
1260.25354213274,1772.30922197365,660
1359.68182948049,1250.31071339796,660
1561.02411135968,1638.08103405419,660
1707.68083519761,1652.99527715635,660
912.25453641561,1220.48222719364,680
947.054436987323,904.797414864529,660
956.997265722098,899.826000497141,640
1073.8255033557,1488.93860303256,680
1170.76808351976,850.111856823266,680
1391.99602286851,1401.93885160328,660
1401.93885160328,1660.45239870743,660
1404.42455878698,1667.90952025851,640
1406.91026597067,1406.91026597067,640
1556.05269699229,1498.88143176734,660
1747.45215013671,1421.82450907283,640
1215.51081282625,964.454387273179,680
1364.65324384787,1163.31096196868,660
1377.08177976634,1163.31096196868,680
1404.42455878698,1446.68158090977,660
1419.33880188914,1091.22545364156,680
1444.19587372608,1078.79691772309,680
1078.79691772309,1006.71140939597,680
1138.45389013174,1048.96843151877,680
1431.76733780761,1103.65398956003,680
738.255033557047,1188.16803380562,700
753.16927665921,1190.65374098931,700
1404.42455878698,1449.16728809346,700
