27.3427790206314,397.713149391002,14.9925037481259
32.3141933880189,407.655978125777,14.9925037481259
47.2284364901815,1441.71016654238,14.9925037481259
57.1712652249565,1707.68083519761,14.9925037481259
121.799652000994,1459.11011682824,14.9925037481259
161.570966940094,686.055182699478,14.9925037481259
166.542381307482,713.397961720109,14.9925037481259
188.913745960726,723.340790454884,14.9925037481259
253.542132736764,2135.22247079294,29.9850074962519
315.684812329108,2160.07954262988,14.9925037481259
320.656226696495,1849.36614466816,14.9925037481259
338.056176982351,2172.50807854835,14.9925037481259
357.941834451902,2117.82252050708,14.9925037481259
365.398956002983,1707.68083519761,29.9850074962519
400.198856574696,2286.85060899826,14.9925037481259
400.198856574696,2301.76485210042,14.9925037481259
405.170270942083,2291.82202336565,14.9925037481259
412.627392493164,2294.30773054934,14.9925037481259
514.541387024609,2294.30773054934,14.9925037481259
566.741237882178,2319.16480238628,14.9925037481259
596.569724086503,1996.02286850609,44.9775112443778
604.026845637584,996.768580661198,29.9850074962519
611.483967188665,2005.96569724086,29.9850074962519
613.969674372359,989.311459110117,29.9850074962519
686.055182699478,1001.73999502859,29.9850074962519
879.940343027591,1001.73999502859,14.9925037481259
912.25453641561,986.825751926423,14.9925037481259
922.197365150385,1511.30996768581,29.9850074962519
944.568729803629,1553.5669898086,29.9850074962519
947.054436987323,1541.13845389013,29.9850074962519
954.511558538404,544.369873228934,14.9925037481259
959.482972905792,1538.65274670644,29.9850074962519
971.911508824261,507.084265473527,14.9925037481259
979.368630375342,464.827243350733,14.9925037481259
994.282873477504,477.255779269202,14.9925037481259
1029.08277404922,9.94282873477504,29.9850074962519
1061.39696743724,1742.48073576933,29.9850074962519
1083.76833209048,1735.02361421825,29.9850074962519
1121.05393984589,12.4285359184688,29.9850074962519
1155.8538404176,2319.16480238628,14.9925037481259
1168.28237633607,434.998757146408,14.9925037481259
1188.16803380562,1886.65175242356,14.9925037481259
1190.65374098931,2346.50758140691,29.9850074962519
1203.08227690778,17.3999502858563,29.9850074962519
1203.08227690778,1881.68033805618,14.9925037481259
1210.53939845886,437.484464330102,29.9850074962519
1213.02510564256,469.798657718121,29.9850074962519
1347.25329356202,308.227690778026,29.9850074962519
1362.16753666418,295.799154859558,29.9850074962519
1362.16753666418,1250.31071339796,29.9850074962519
1377.08177976634,1255.28212776535,29.9850074962519
1553.5669898086,1232.91076311211,29.9850074962519
1561.02411135968,1213.02510564256,29.9850074962519
1575.93835446184,1200.59656972409,29.9850074962519
1580.90976882923,1245.33929903057,29.9850074962519
1764.85210042257,1906.53740989311,29.9850074962519
1772.30922197365,1936.36589609744,29.9850074962519
1844.39473030077,825.254784986329,29.9850074962519
1874.2232165051,1444.19587372608,29.9850074962519
1876.70892368879,1665.42381307482,29.9850074962519
1891.62316679095,1454.13870246085,29.9850074962519
1891.62316679095,1700.22371364653,29.9850074962519
1896.59458115834,1648.02386278896,29.9850074962519
1896.59458115834,1667.90952025851,29.9850074962519
1901.56599552573,2356.45041014169,14.9925037481259
1928.90877454636,2348.9932885906,29.9850074962519
1998.50857568978,765.597812577678,29.9850074962519
2075.56549838429,633.855331841909,29.9850074962519
2092.96544867015,656.226696495153,29.9850074962519
2112.8511061397,1884.16604523987,29.9850074962519
2117.82252050708,688.540889883172,29.9850074962519
2142.67959234402,653.740989311459,29.9850074962519
2142.67959234402,720.855083271191,29.9850074962519
2147.65100671141,1876.70892368879,14.9925037481259
2152.6224210788,869.997514292816,29.9850074962519
2160.07954262988,760.626398210291,29.9850074962519
2174.99378573204,1722.59507829978,29.9850074962519
2182.45090728312,879.940343027591,29.9850074962519
2187.42232165051,1814.56624409645,29.9850074962519
2187.42232165051,166.542381307482,29.9850074962519
2187.42232165051,181.456624409645,29.9850074962519
2192.3937360179,700.969425801641,29.9850074962519
2207.30797912006,899.826000497141,29.9850074962519
2204.82227193637,867.511807109123,29.9850074962519
2207.30797912006,1732.53790703455,29.9850074962519
2232.165050957,218.742232165051,29.9850074962519
2249.56500124285,1772.30922197365,29.9850074962519
2254.53641561024,1725.08078548347,29.9850074962519
2301.76485210042,1759.88068605518,29.9850074962519
2321.65050956997,256.027839920457,29.9850074962519
109.371116082525,1874.2232165051,44.9775112443778
104.399701715138,927.168779517773,59.9700149925037
134.228187919463,787.969177230922,44.9775112443778
231.17076808352,2025.85135471042,44.9775112443778
313.199105145414,1436.73875217499,44.9775112443778
539.398458861546,2192.3937360179,44.9775112443778
546.855580412627,2182.45090728312,29.9850074962519
551.826994780015,2065.62266964952,44.9775112443778
556.798409147402,2197.36515038528,44.9775112443778
673.626646781009,2117.82252050708,44.9775112443778
678.598061148397,2000.99428287348,44.9775112443778
748.197862291822,1314.939100174,44.9775112443778
800.397713149391,1213.02510564256,44.9775112443778
807.854834700472,1227.93934874472,44.9775112443778
815.311956251554,1222.96793437733,29.9850074962519
830.226199353716,2040.76559781258,44.9775112443778
847.626149639573,2030.8227690778,44.9775112443778
845.140442455879,1625.65249813572,59.9700149925037
984.340044742729,499.627143922446,29.9850074962519
1051.45413870246,2087.99403430276,59.9700149925037
1051.45413870246,405.170270942083,44.9775112443778
1061.39696743724,395.227442207308,29.9850074962519
1193.13944817301,1876.70892368879,29.9850074962519
1210.53939845886,2261.99353716132,59.9700149925037
1307.48197862292,2.48570718369376,29.9850074962519
1364.65324384787,1643.05244842158,44.9775112443778
1369.62465821526,1630.62391250311,44.9775112443778
1513.7956748695,1951.2801391996,44.9775112443778
1565.99552572707,1227.93934874472,29.9850074962519
1575.93835446184,1951.2801391996,44.9775112443778
1742.48073576933,1854.33755903555,44.9775112443778
1826.99478001491,2020.87994034303,59.9700149925037
1824.50907283122,608.998260004971,44.9775112443778
1864.28038777032,439.970171513796,44.9775112443778
1943.82301764852,1486.45289584887,29.9850074962519
2130.25105642555,2237.13646532438,59.9700149925037
2145.16529952772,352.970420084514,44.9775112443778
2224.70792940592,2050.70842654735,44.9775112443778
2229.6793437733,2030.8227690778,44.9775112443778
2314.19338801889,1973.65150385285,44.9775112443778
2478.25006214268,1203.08227690778,44.9775112443778
111.856823266219,797.912005965697,44.9775112443778
114.342530449913,775.540641312453,59.9700149925037
198.856574695501,695.998011434253,59.9700149925037
216.256524981357,2043.25130499627,44.9775112443778
223.713646532438,2038.27989062888,44.9775112443778
305.741983594333,1444.19587372608,44.9775112443778
457.370121799652,1501.36713895103,74.9625187406297
509.569972657221,1369.62465821526,74.9625187406297
748.197862291822,1329.85334327616,59.9700149925037
845.140442455879,1643.05244842158,59.9700149925037
922.197365150385,894.854586129754,59.9700149925037
944.568729803629,2078.05120556798,74.9625187406297
971.911508824261,77.0569226945066,59.9700149925037
1155.8538404176,785.483470047228,59.9700149925037
1304.99627143922,1948.79443201591,59.9700149925037
1498.88143176734,1764.85210042257,74.9625187406297
1506.33855331842,1966.19438230176,59.9700149925037
1705.19512801392,1695.25229927915,59.9700149925037
1722.59507829978,1732.53790703455,59.9700149925037
1737.50932140194,1844.39473030077,59.9700149925037
1814.56624409645,1180.71091225454,74.9625187406297
1933.88018891375,820.283370618941,59.9700149925037
1963.70867511807,1486.45289584887,74.9625187406297
1968.68008948546,882.426050211285,59.9700149925037
2050.70842654735,2266.96495152871,59.9700149925037
2097.93686303753,1076.3112105394,44.9775112443778
2107.87969177231,1086.25403927417,59.9700149925037
2115.33681332339,874.968928660204,59.9700149925037
2117.82252050708,1096.19686800895,59.9700149925037
2127.76534924186,2438.47874720358,59.9700149925037
2130.25105642555,2418.59308973403,44.9775112443778
2145.16529952772,2426.05021128511,59.9700149925037
2145.16529952772,2438.47874720358,59.9700149925037
2160.07954262988,377.827491921452,74.9625187406297
2179.96520009943,1548.59557544121,59.9700149925037
2182.45090728312,347.999005717127,74.9625187406297
2219.73651503853,2038.27989062888,44.9775112443778
2234.65075814069,2040.76559781258,59.9700149925037
2239.62217250808,2115.33681332339,74.9625187406297
2274.42207307979,236.142182450907,59.9700149925037
2358.93611732538,1498.88143176734,59.9700149925037
2465.82152622421,2035.79418344519,44.9775112443778
19.8856574695501,2058.16554809843,74.9625187406297
27.3427790206314,2045.73701217997,74.9625187406297
37.2856077554064,2063.13696246582,74.9625187406297
101.913994531444,787.969177230922,59.9700149925037
151.628138205319,1590.85259756401,74.9625187406297
216.256524981357,2224.70792940592,74.9625187406297
221.227939348745,2237.13646532438,74.9625187406297
372.856077554064,1690.28088491176,89.9550224887556
412.627392493164,350.48471290082,89.9550224887556
434.998757146408,2147.65100671141,89.9550224887556
738.255033557047,1561.02411135968,74.9625187406297
758.140691026597,1553.5669898086,74.9625187406297
787.969177230922,1391.99602286851,74.9625187406297
802.883420333085,1387.02460850112,89.9550224887556
877.454635843898,2060.65125528213,74.9625187406297
887.397464578673,2073.0797912006,74.9625187406297
929.654486701467,2073.0797912006,74.9625187406297
947.054436987323,2065.62266964952,59.9700149925037
989.311459110117,569.226945065871,74.9625187406297
994.282873477504,1180.71091225454,74.9625187406297
1295.05344270445,1963.70867511807,74.9625187406297
1419.33880188914,2261.99353716132,59.9700149925037
1434.2530449913,2271.9363658961,74.9625187406297
1431.76733780761,2254.53641561024,74.9625187406297
1488.93860303256,1777.28063634104,74.9625187406297
1493.91001739995,2192.3937360179,89.9550224887556
1511.30996768581,1774.79492915735,74.9625187406297
1536.16703952274,1879.19463087248,89.9550224887556
1553.5669898086,1869.25180213771,89.9550224887556
1707.68083519761,1712.652249565,74.9625187406297
1819.53765846383,1168.28237633607,59.9700149925037
1834.451901566,954.511558538404,74.9625187406297
1918.96594581158,1635.59532687049,89.9550224887556
1946.30872483221,1478.99577429779,74.9625187406297
1956.25155356699,1464.08153119563,74.9625187406297
1973.65150385285,1461.59582401193,74.9625187406297
1981.10862540393,897.340293313448,59.9700149925037
1986.08003977131,452.398707432264,74.9625187406297
1988.56574695501,434.998757146408,74.9625187406297
1998.50857568978,449.913000248571,74.9625187406297
2107.87969177231,1068.85408898832,59.9700149925037
2127.76534924186,872.48322147651,59.9700149925037
2165.05095699727,2351.4789957743,74.9625187406297
2222.22222222222,2043.25130499627,59.9700149925037
2314.19338801889,2015.90852597564,74.9625187406297
119.313944817301,790.454884414616,74.9625187406297
121.799652000994,802.883420333085,74.9625187406297
216.256524981357,1471.53865274671,89.9550224887556
218.742232165051,2286.85060899826,104.947526236882
231.17076808352,2025.85135471042,74.9625187406297
228.685060899826,2038.27989062888,89.9550224887556
338.056176982351,1993.5371613224,104.947526236882
579.169773800646,206.313696246582,74.9625187406297
613.969674372359,860.054685558041,89.9550224887556
735.769326373353,1901.56599552573,89.9550224887556
797.912005965697,723.340790454884,74.9625187406297
979.368630375342,1170.76808351976,89.9550224887556
1195.6251553567,2234.65075814069,89.9550224887556
1208.05369127517,2229.6793437733,89.9550224887556
1237.88217747949,1359.68182948049,104.947526236882
1247.82500621427,1275.1677852349,89.9550224887556
1526.22421078797,1859.30897340293,89.9550224887556
1541.13845389013,1849.36614466816,89.9550224887556
1541.13845389013,1859.30897340293,74.9625187406297
1575.93835446184,631.369624658215,104.947526236882
1628.13820531941,517.027094208302,89.9550224887556
1633.1096196868,499.627143922446,89.9550224887556
1717.62366393239,1690.28088491176,74.9625187406297
1725.08078548347,1700.22371364653,89.9550224887556
1834.451901566,22.3713646532438,89.9550224887556
1836.93760874969,966.940094456873,74.9625187406297
1846.88043748446,37.2856077554064,104.947526236882
1876.70892368879,2068.10837683321,89.9550224887556
1976.13721103654,1496.39572458364,74.9625187406297
1991.0514541387,2341.53616703952,89.9550224887556
2063.13696246582,1563.50981854338,74.9625187406297
2087.99403430276,800.397713149391,89.9550224887556
2100.42257022123,800.397713149391,89.9550224887556
2174.99378573204,129.256773552076,89.9550224887556
2174.99378573204,765.597812577678,104.947526236882
2187.42232165051,2023.36564752672,89.9550224887556
2192.3937360179,2035.79418344519,89.9550224887556
2314.19338801889,1998.50857568978,89.9550224887556
2324.13621675367,1971.16579666915,74.9625187406297
2363.90753169277,1247.82500621427,104.947526236882
2371.36465324385,1496.39572458364,74.9625187406297
2460.85011185682,912.25453641561,89.9550224887556
27.3427790206314,1551.08128262491,104.947526236882
77.0569226945066,295.799154859558,104.947526236882
99.4282873477504,608.998260004971,104.947526236882
188.913745960726,517.027094208302,104.947526236882
228.685060899826,2015.90852597564,104.947526236882
293.313447675864,251.05642555307,104.947526236882
345.513298533433,912.25453641561,119.940029985007
347.999005717127,2028.33706189411,119.940029985007
534.427044494159,559.284116331096,104.947526236882
564.255530698484,347.999005717127,104.947526236882
576.684066616953,186.428038777032,89.9550224887556
720.855083271191,566.741237882178,89.9550224887556
787.969177230922,725.826497638578,89.9550224887556
807.854834700472,1991.0514541387,104.947526236882
815.311956251554,1968.68008948546,104.947526236882
850.111856823266,2083.02261993537,104.947526236882
1036.5398956003,1031.56848123291,104.947526236882
1083.76833209048,2020.87994034303,89.9550224887556
1098.68257519264,2023.36564752672,89.9550224887556
1133.48247576436,1697.73800646284,104.947526236882
1217.99652000994,1262.73924931643,89.9550224887556
1317.42480735769,2463.33581904052,89.9550224887556
1382.05319413373,1456.62440964454,89.9550224887556
1958.73726075068,1451.65299527716,89.9550224887556
1971.16579666915,877.454635843898,89.9550224887556
2137.70817797663,387.770320656227,119.940029985007
2346.50758140691,1245.33929903057,104.947526236882
2383.79318916232,1396.96743723589,104.947526236882
2468.3072334079,482.22719363659,104.947526236882
2473.27864777529,502.11285110614,89.9550224887556
22.3713646532438,1538.65274670644,104.947526236882
211.28511061397,2279.39348744718,104.947526236882
295.799154859558,1700.22371364653,119.940029985007
328.113348247576,904.797414864529,119.940029985007
338.056176982351,889.883171762366,104.947526236882
343.027591349739,894.854586129754,104.947526236882
362.913248819289,785.483470047228,119.940029985007
452.398707432264,2073.0797912006,119.940029985007
526.969922943077,576.684066616953,119.940029985007
825.254784986329,775.540641312453,119.940029985007
1098.68257519264,2249.56500124285,119.940029985007
1163.31096196868,1928.90877454636,134.932533733133
1280.13919960229,740.740740740741,119.940029985007
1297.53914988814,845.140442455879,134.932533733133
1362.16753666418,775.540641312453,119.940029985007
1578.42406164554,57.1712652249565,119.940029985007
1570.96694009446,1106.13969674372,119.940029985007
1662.93810589113,2294.30773054934,119.940029985007
1667.90952025851,2463.33581904052,104.947526236882
1675.36664180959,2475.76435495899,119.940029985007
1690.28088491176,2468.3072334079,119.940029985007
1720.10937111608,1727.56649266716,104.947526236882
1859.30897340293,2276.90778026349,119.940029985007
1968.68008948546,1043.99701715138,119.940029985007
1988.56574695501,1051.45413870246,119.940029985007
1993.5371613224,2.48570718369376,104.947526236882
2063.13696246582,1327.36763609247,104.947526236882
2070.5940840169,1332.33905045986,104.947526236882
2219.73651503853,1240.36788466319,119.940029985007
2234.65075814069,1230.42505592841,119.940029985007
2371.36465324385,1237.88217747949,104.947526236882
2388.7646035297,840.169028088491,119.940029985007
54.6855580412627,295.799154859558,134.932533733133
72.0855083271191,512.055679840915,134.932533733133
99.4282873477504,2110.365398956,134.932533733133
104.399701715138,2122.79393487447,134.932533733133
111.856823266219,569.226945065871,119.940029985007
111.856823266219,556.798409147402,134.932533733133
285.856326124783,1332.33905045986,149.925037481259
325.627641063883,2025.85135471042,119.940029985007
477.255779269202,462.34153616704,119.940029985007
477.255779269202,474.770072085508,134.932533733133
623.912503107134,17.3999502858563,149.925037481259
718.369376087497,57.1712652249565,119.940029985007
723.340790454884,52.199850857569,119.940029985007
785.483470047228,2087.99403430276,134.932533733133
825.254784986329,1794.6805866269,119.940029985007
835.197613721104,1784.73775789212,134.932533733133
907.283122048223,852.59756400696,149.925037481259
1128.51106139697,658.712403678847,119.940029985007
1130.99676858066,927.168779517773,134.932533733133
1130.99676858066,651.255282127765,134.932533733133
1135.96818294805,942.083022619935,134.932533733133
1200.59656972409,1277.65349241859,149.925037481259
1389.51031568481,400.198856574696,134.932533733133
1411.88168033806,1198.11086254039,134.932533733133
1486.45289584887,2147.65100671141,134.932533733133
1610.73825503356,1764.85210042257,134.932533733133
1633.1096196868,1764.85210042257,134.932533733133
1891.62316679095,350.48471290082,149.925037481259
1916.48023862789,1911.5088242605,149.925037481259
1986.08003977131,1039.02560278399,119.940029985007
2073.0797912006,231.17076808352,119.940029985007
47.2284364901815,308.227690778026,134.932533733133
131.742480735769,1290.08202833706,149.925037481259
375.341784737758,283.370618941089,164.917541229385
526.969922943077,357.941834451902,149.925037481259
579.169773800646,2336.56475267214,164.917541229385
591.598309719115,713.397961720109,149.925037481259
623.912503107134,4.97141436738752,134.932533733133
728.312204822272,59.6569724086503,134.932533733133
725.826497638578,47.2284364901815,134.932533733133
758.140691026597,1173.25379070346,149.925037481259
790.454884414616,2102.90827740492,134.932533733133
795.426298782004,2090.47974148645,134.932533733133
1190.65374098931,1036.5398956003,164.917541229385
1203.08227690778,1024.11135968183,149.925037481259
1205.56798409147,1043.99701715138,149.925037481259
1277.65349241859,524.484215759384,134.932533733133
1309.96768580661,850.111856823266,134.932533733133
1374.59607258265,785.483470047228,134.932533733133
1391.99602286851,1195.6251553567,134.932533733133
1538.65274670644,208.799403430276,134.932533733133
1590.85259756401,2435.99304001989,134.932533733133
1881.68033805618,325.627641063883,134.932533733133
1904.05170270942,357.941834451902,134.932533733133
1928.90877454636,1906.53740989311,134.932533733133
1931.39448173005,1911.5088242605,134.932533733133
2122.79393487447,529.455630126771,134.932533733133
2294.30773054934,1319.91051454139,149.925037481259
42.2570221227939,2177.47949291573,164.917541229385
136.713895103157,1628.13820531941,164.917541229385
171.513795674869,1836.93760874969,164.917541229385
183.942331593338,1854.33755903555,164.917541229385
238.627889634601,1633.1096196868,179.910044977511
243.599304001989,2383.79318916232,164.917541229385
335.570469798658,2025.85135471042,149.925037481259
380.313199105145,268.456375838926,164.917541229385
489.684315187671,2286.85060899826,164.917541229385
507.084265473527,2145.16529952772,194.902548725637
569.226945065871,2334.07904548844,149.925037481259
616.455381556053,4.97141436738752,149.925037481259
663.683818046234,2473.27864777529,164.917541229385
718.369376087497,54.6855580412627,149.925037481259
723.340790454884,847.626149639573,179.910044977511
758.140691026597,1195.6251553567,164.917541229385
778.026348496147,2085.50832711907,149.925037481259
778.026348496147,2100.42257022123,149.925037481259
795.426298782004,1690.28088491176,164.917541229385
810.340541884166,1690.28088491176,164.917541229385
944.568729803629,12.4285359184688,164.917541229385
979.368630375342,812.82624906786,164.917541229385
984.340044742729,827.740492170022,164.917541229385
1036.5398956003,872.48322147651,164.917541229385
1190.65374098931,1014.16853094705,149.925037481259
1227.93934874472,822.769077802635,149.925037481259
1227.93934874472,805.369127516779,164.917541229385
1265.22495650012,519.512801391996,149.925037481259
1285.11061396967,842.654735272185,149.925037481259
1292.56773552076,2413.62167536664,149.925037481259
1295.05344270445,2416.10738255034,149.925037481259
1300.02485707184,837.683320904797,149.925037481259
1302.51056425553,2401.19313944817,149.925037481259
1352.22470792941,770.569226945066,149.925037481259
1374.59607258265,392.741735023614,149.925037481259
1379.56748695004,1195.6251553567,149.925037481259
1399.45314441959,1195.6251553567,149.925037481259
1474.0243599304,2140.19388516033,149.925037481259
1518.76708923689,1911.5088242605,179.910044977511
1526.22421078797,208.799403430276,164.917541229385
1575.93835446184,735.769326373353,149.925037481259
1583.39547601293,2431.0216256525,149.925037481259
1595.82401193139,728.312204822272,164.917541229385
1603.28113348248,1764.85210042257,149.925037481259
1603.28113348248,735.769326373353,164.917541229385
1620.68108376833,1762.36639323888,149.925037481259
1643.05244842158,2045.73701217997,149.925037481259
1841.90902311708,2281.87919463087,149.925037481259
1846.88043748446,2284.36490181457,149.925037481259
1866.76609495401,328.113348247576,164.917541229385
1874.2232165051,360.427541635595,149.925037481259
1881.68033805618,345.513298533433,164.917541229385
1894.10887397465,365.398956002983,149.925037481259
1899.08028834203,335.570469798658,179.910044977511
1904.05170270942,1909.02311707681,149.925037481259
1911.5088242605,333.084762614964,164.917541229385
1973.65150385285,2393.73601789709,164.917541229385
2043.25130499627,116.828237633607,164.917541229385
2102.90827740492,1819.53765846383,164.917541229385
2102.90827740492,2045.73701217997,179.910044977511
2107.87969177231,524.484215759384,164.917541229385
2130.25105642555,370.37037037037,164.917541229385
2227.19363658961,1232.91076311211,149.925037481259
2261.99353716132,782.997762863535,164.917541229385
2279.39348744718,1319.91051454139,149.925037481259
2426.05021128511,1217.99652000994,164.917541229385
2465.82152622421,1904.05170270942,179.910044977511
17.3999502858563,387.770320656227,179.910044977511
34.7999005717127,1844.39473030077,179.910044977511
77.0569226945066,2204.82227193637,164.917541229385
116.828237633607,1717.62366393239,179.910044977511
178.970917225951,1824.50907283122,164.917541229385
203.827989062888,673.626646781009,179.910044977511
370.37037037037,1126.02535421327,179.910044977511
564.255530698484,2100.42257022123,179.910044977511
576.684066616953,1672.8809346259,179.910044977511
584.141188168034,1685.30947054437,179.910044977511
591.598309719115,1667.90952025851,179.910044977511
601.54113845389,2421.07879691772,179.910044977511
646.283867760378,1633.1096196868,164.917541229385
651.255282127765,1648.02386278896,164.917541229385
663.683818046234,1640.56674123788,179.910044977511
934.625901068854,7.45712155108128,164.917541229385
1001.73999502859,1814.56624409645,179.910044977511
1009.19711657967,1826.99478001491,179.910044977511
1257.76783494904,621.42679592344,179.910044977511
1307.48197862292,1267.71066368382,179.910044977511
1309.96768580661,1188.16803380562,194.902548725637
1317.42480735769,1260.25354213274,164.917541229385
1327.36763609247,1523.73850360428,179.910044977511
1369.62465821526,1518.76708923689,179.910044977511
1394.4817300522,1531.19562515536,179.910044977511
1439.22445935869,141.685309470544,179.910044977511
1511.30996768581,2242.10787969177,179.910044977511
1630.62391250311,2048.22271936366,164.917541229385
1742.48073576933,1262.73924931643,179.910044977511
1754.9092716878,1255.28212776535,179.910044977511
1836.93760874969,787.969177230922,179.910044977511
1851.85185185185,775.540641312453,179.910044977511
1904.05170270942,352.970420084514,164.917541229385
1948.79443201591,1583.39547601293,179.910044977511
1953.7658463833,1598.30971911509,179.910044977511
2063.13696246582,241.113596818295,164.917541229385
2120.30822769078,372.856077554064,179.910044977511
2194.87944320159,2286.85060899826,194.902548725637
2254.53641561024,489.684315187671,179.910044977511
2266.96495152871,509.569972657221,179.910044977511
2421.07879691772,1861.79468058663,194.902548725637
64.6283867760378,392.741735023614,209.895052473763
101.913994531444,1493.91001739995,194.902548725637
164.056674123788,606.512552821278,194.902548725637
186.428038777032,835.197613721104,179.910044977511
213.770817797663,661.19811086254,194.902548725637
223.713646532438,1866.76609495401,194.902548725637
447.427293064877,1406.91026597067,194.902548725637
479.741486452896,2294.30773054934,179.910044977511
497.141436738752,2294.30773054934,194.902548725637
514.541387024609,2160.07954262988,194.902548725637
544.369873228934,1881.68033805618,194.902548725637
596.569724086503,1635.59532687049,194.902548725637
658.712403678847,472.284364901815,194.902548725637
705.940840169028,2418.59308973403,194.902548725637
792.94059159831,1866.76609495401,194.902548725637
924.683072334079,2413.62167536664,179.910044977511
956.997265722098,1404.42455878698,179.910044977511
964.454387273179,1630.62391250311,194.902548725637
994.282873477504,1824.50907283122,179.910044977511
1029.08277404922,2428.5359184688,194.902548725637
1267.71066368382,524.484215759384,179.910044977511
1516.28138205319,2229.6793437733,194.902548725637
1533.68133233905,1531.19562515536,194.902548725637
1570.96694009446,2152.6224210788,194.902548725637
1578.42406164554,2431.0216256525,179.910044977511
1747.45215013671,2194.87944320159,209.895052473763
1784.73775789212,1195.6251553567,194.902548725637
1809.59482972906,842.654735272185,209.895052473763
1812.08053691275,1322.39622172508,194.902548725637
1846.88043748446,24.8570718369376,194.902548725637
1851.85185185185,564.255530698484,209.895052473763
1904.05170270942,755.654983842903,194.902548725637
1918.96594581158,743.226447924435,194.902548725637
1958.73726075068,161.570966940094,209.895052473763
1988.56574695501,253.542132736764,209.895052473763
2073.0797912006,1660.45239870743,194.902548725637
2112.8511061397,236.142182450907,194.902548725637
2117.82252050708,2043.25130499627,179.910044977511
2157.59383544618,1160.82525478499,179.910044977511
2162.56524981357,1143.42530449913,194.902548725637
2184.93661446682,1372.11036539896,194.902548725637
2219.73651503853,1387.02460850112,209.895052473763
2222.22222222222,1411.88168033806,209.895052473763
2286.85060899826,1976.13721103654,194.902548725637
2386.27889634601,1103.65398956003,194.902548725637
2393.73601789709,1864.28038777032,194.902548725637
17.3999502858563,1839.42331593338,209.895052473763
104.399701715138,1603.28113348248,194.902548725637
173.999502858563,2252.05070842655,224.887556221889
325.627641063883,2209.79368630375,224.887556221889
340.541884166045,1928.90877454636,224.887556221889
340.541884166045,2207.30797912006,194.902548725637
392.741735023614,84.5140442455879,209.895052473763
434.998757146408,1401.93885160328,194.902548725637
494.655729555058,196.370867511807,224.887556221889
514.541387024609,198.856574695501,209.895052473763
524.484215759384,206.313696246582,209.895052473763
638.826746209297,12.4285359184688,209.895052473763
648.769574944072,24.8570718369376,209.895052473763
673.626646781009,37.2856077554064,209.895052473763
698.483718617947,2416.10738255034,194.902548725637
852.59756400696,636.341039025603,224.887556221889
914.740243599304,2408.65026099925,194.902548725637
974.397216007954,840.169028088491,194.902548725637
999.254287844892,1173.25379070346,224.887556221889
1314.939100174,1260.25354213274,194.902548725637
1327.36763609247,2237.13646532438,209.895052473763
1451.65299527716,2428.5359184688,209.895052473763
1511.30996768581,2125.27964205817,209.895052473763
1518.76708923689,2137.70817797663,209.895052473763
1546.10986825752,1536.16703952274,194.902548725637
1767.33780760626,1203.08227690778,209.895052473763
1904.05170270942,1491.42431021626,194.902548725637
1971.16579666915,1784.73775789212,194.902548725637
1976.13721103654,1523.73850360428,194.902548725637
2065.62266964952,820.283370618941,194.902548725637
2068.10837683321,1652.99527715635,194.902548725637
2127.76534924186,375.341784737758,194.902548725637
2209.79368630375,1374.59607258265,194.902548725637
2222.22222222222,1431.76733780761,194.902548725637
2224.70792940592,715.883668903803,209.895052473763
2294.30773054934,427.541635595327,209.895052473763
2296.79343773304,1983.59433258762,194.902548725637
2413.62167536664,1409.39597315436,209.895052473763
2413.62167536664,1876.70892368879,194.902548725637
27.3427790206314,1831.9661943823,209.895052473763
29.8284862043251,1839.42331593338,209.895052473763
72.0855083271191,1841.90902311708,209.895052473763
86.9997514292816,1899.08028834203,224.887556221889
116.828237633607,1595.82401193139,209.895052473763
198.856574695501,832.71190653741,209.895052473763
198.856574695501,333.084762614964,224.887556221889
221.227939348745,663.683818046234,209.895052473763
221.227939348745,658.712403678847,209.895052473763
280.884911757395,2192.3937360179,224.887556221889
303.256276410639,1772.30922197365,224.887556221889
318.170519512801,161.570966940094,224.887556221889
333.084762614964,2227.19363658961,224.887556221889
333.084762614964,2194.87944320159,224.887556221889
347.999005717127,2204.82227193637,224.887556221889
345.513298533433,2219.73651503853,224.887556221889
362.913248819289,1675.36664180959,224.887556221889
462.34153616704,1399.45314441959,209.895052473763
489.684315187671,817.797663435247,239.880059970015
497.141436738752,2242.10787969177,224.887556221889
574.198359433259,1247.82500621427,224.887556221889
591.598309719115,186.428038777032,239.880059970015
668.655232413622,469.798657718121,209.895052473763
708.426547352722,2426.05021128511,209.895052473763
723.340790454884,293.313447675864,239.880059970015
845.140442455879,623.912503107134,224.887556221889
867.511807109123,507.084265473527,224.887556221889
879.940343027591,1874.2232165051,239.880059970015
924.683072334079,2408.65026099925,209.895052473763
942.083022619935,1319.91051454139,254.872563718141
966.940094456873,1406.91026597067,209.895052473763
984.340044742729,840.169028088491,209.895052473763
991.797166293811,822.769077802635,209.895052473763
991.797166293811,1158.33954760129,224.887556221889
1004.22570221228,1150.88242605021,224.887556221889
1091.22545364156,109.371116082525,224.887556221889
1170.76808351976,974.397216007954,239.880059970015
1185.68232662192,981.854337559036,239.880059970015
1250.31071339796,1374.59607258265,224.887556221889
1277.65349241859,524.484215759384,209.895052473763
1304.99627143922,1906.53740989311,224.887556221889
1404.42455878698,1531.19562515536,209.895052473763
1434.2530449913,2478.25006214268,224.887556221889
1526.22421078797,1909.02311707681,209.895052473763
1556.05269699229,1536.16703952274,209.895052473763
1558.53840417599,2314.19338801889,224.887556221889
1563.50981854338,452.398707432264,224.887556221889
1573.45264727815,2309.2219736515,224.887556221889
1588.36689038031,961.968680089485,224.887556221889
1633.1096196868,1971.16579666915,224.887556221889
1720.10937111608,579.169773800646,224.887556221889
1730.05219985086,589.112602535421,224.887556221889
1774.79492915735,22.3713646532438,239.880059970015
1792.1948794432,1078.79691772309,224.887556221889
1849.36614466816,787.969177230922,209.895052473763
1869.25180213771,328.113348247576,209.895052473763
1896.59458115834,1630.62391250311,224.887556221889
1916.48023862789,1491.42431021626,209.895052473763
1913.9945314442,755.654983842903,209.895052473763
1928.90877454636,743.226447924435,209.895052473763
1973.65150385285,1135.96818294805,224.887556221889
1976.13721103654,1794.6805866269,224.887556221889
1983.59433258762,1782.25205070843,224.887556221889
1981.10862540393,1140.93959731544,209.895052473763
1981.10862540393,1153.36813323391,224.887556221889
1988.56574695501,1526.22421078797,239.880059970015
2055.67984091474,942.083022619935,239.880059970015
2075.56549838429,820.283370618941,224.887556221889
2172.50807854835,1145.91101168282,209.895052473763
2194.87944320159,1372.11036539896,209.895052473763
2219.73651503853,1374.59607258265,209.895052473763
2224.70792940592,1357.19612229679,239.880059970015
2266.96495152871,395.227442207308,209.895052473763
2289.33631618195,405.170270942083,209.895052473763
2306.73626646781,1983.59433258762,209.895052473763
2435.99304001989,1217.99652000994,209.895052473763
4.97141436738752,1921.45165299528,239.880059970015
268.456375838926,2187.42232165051,239.880059970015
283.370618941089,2179.96520009943,239.880059970015
367.884663186677,1685.30947054437,224.887556221889
427.541635595327,2078.05120556798,239.880059970015
559.284116331096,1879.19463087248,224.887556221889
641.31245339299,596.569724086503,239.880059970015
651.255282127765,1633.1096196868,239.880059970015
668.655232413622,1618.19537658464,239.880059970015
720.855083271191,275.913497390007,239.880059970015
730.797912005966,1451.65299527716,239.880059970015
860.054685558041,800.397713149391,239.880059970015
862.540392741735,499.627143922446,239.880059970015
902.311707680835,1692.76659209545,254.872563718141
1178.22520507084,2274.42207307979,239.880059970015
1180.71091225454,2289.33631618195,239.880059970015
1195.6251553567,2284.36490181457,239.880059970015
1203.08227690778,621.42679592344,224.887556221889
1208.05369127517,623.912503107134,224.887556221889
1322.39622172508,2465.82152622421,224.887556221889
1533.68133233905,797.912005965697,254.872563718141
1588.36689038031,2363.90753169277,239.880059970015
1665.42381307482,1481.48148148148,254.872563718141
1777.28063634104,2110.365398956,239.880059970015
1784.73775789212,1068.85408898832,239.880059970015
1841.90902311708,2177.47949291573,239.880059970015
1986.08003977131,621.42679592344,239.880059970015
2040.76559781258,1344.76758637832,224.887556221889
2040.76559781258,1364.65324384787,224.887556221889
2040.76559781258,748.197862291822,224.887556221889
2053.19413373105,740.740740740741,239.880059970015
2055.67984091474,1359.68182948049,239.880059970015
2353.96470295799,753.16927665921,254.872563718141
9.94282873477504,1894.10887397465,239.880059970015
7.45712155108128,1909.02311707681,239.880059970015
126.771066368382,576.684066616953,254.872563718141
198.856574695501,318.170519512801,239.880059970015
221.227939348745,1814.56624409645,254.872563718141
243.599304001989,2276.90778026349,239.880059970015
464.827243350733,1324.88192890877,254.872563718141
656.226696495153,608.998260004971,239.880059970015
656.226696495153,599.055431270196,254.872563718141
723.340790454884,1456.62440964454,254.872563718141
725.826497638578,1444.19587372608,254.872563718141
812.82624906786,1931.39448173005,254.872563718141
825.254784986329,1941.33731046483,254.872563718141
857.568978374347,1503.85284613473,254.872563718141
869.997514292816,1508.82426050211,254.872563718141
869.997514292816,790.454884414616,254.872563718141
879.940343027591,1894.10887397465,239.880059970015
897.340293313448,1098.68257519264,269.865067466267
912.25453641561,1943.82301764852,269.865067466267
924.683072334079,1958.73726075068,269.865067466267
942.083022619935,2344.02187422322,254.872563718141
952.02585135471,2339.05045985583,254.872563718141
1180.71091225454,1556.05269699229,269.865067466267
1230.42505592841,850.111856823266,254.872563718141
1255.28212776535,1394.4817300522,239.880059970015
1322.39622172508,929.654486701467,254.872563718141
1364.65324384787,1466.56723837932,254.872563718141
1369.62465821526,1476.51006711409,254.872563718141
1523.73850360428,343.027591349739,269.865067466267
1662.93810589113,1349.73900074571,254.872563718141
1777.28063634104,2095.45115585384,254.872563718141
1777.28063634104,1841.90902311708,239.880059970015
1779.76634352473,1073.8255033557,239.880059970015
1784.73775789212,1864.28038777032,254.872563718141
1804.62341536167,589.112602535421,254.872563718141
1921.45165299528,795.426298782004,254.872563718141
1968.68008948546,1459.11011682824,239.880059970015
1981.10862540393,1459.11011682824,239.880059970015
2137.70817797663,559.284116331096,254.872563718141
19.8856574695501,1700.22371364653,269.865067466267
193.885160328113,1242.85359184688,269.865067466267
201.342281879195,656.226696495153,269.865067466267
203.827989062888,1819.53765846383,269.865067466267
208.799403430276,1237.88217747949,269.865067466267
293.313447675864,1282.62490678598,269.865067466267
293.313447675864,1300.02485707184,269.865067466267
298.284862043251,382.798906288839,284.857571214393
310.71339796172,539.398458861546,269.865067466267
447.427293064877,832.71190653741,269.865067466267
457.370121799652,1314.939100174,269.865067466267
469.798657718121,1307.48197862292,269.865067466267
867.511807109123,1874.2232165051,254.872563718141
1043.99701715138,1471.53865274671,284.857571214393
1242.85359184688,857.568978374347,254.872563718141
1255.28212776535,2311.7076808352,254.872563718141
1262.73924931643,2309.2219736515,254.872563718141
1265.22495650012,1009.19711657967,254.872563718141
1267.71066368382,1019.13994531444,269.865067466267
1277.65349241859,1004.22570221228,269.865067466267
1342.28187919463,1488.93860303256,269.865067466267
1349.73900074571,1926.42306736266,269.865067466267
1352.22470792941,1474.0243599304,269.865067466267
1401.93885160328,613.969674372359,284.857571214393
1404.42455878698,1024.11135968183,269.865067466267
1424.31021625653,728.312204822272,284.857571214393
1478.99577429779,101.913994531444,269.865067466267
1585.88118319662,1789.70917225951,284.857571214393
1585.88118319662,2152.6224210788,269.865067466267
1590.85259756401,1165.79666915237,269.865067466267
1662.93810589113,2351.4789957743,269.865067466267
1675.36664180959,1354.7104151131,254.872563718141
1677.85234899329,2341.53616703952,269.865067466267
1769.82351478996,1444.19587372608,269.865067466267
1787.22346507581,1451.65299527716,284.857571214393
1978.62291822023,1307.48197862292,269.865067466267
2000.99428287348,768.083519761372,269.865067466267
2259.50782997763,653.740989311459,269.865067466267
2271.9363658961,661.19811086254,269.865067466267
2279.39348744718,2035.79418344519,254.872563718141
2281.87919463087,2058.16554809843,254.872563718141
2309.2219736515,1680.33805617698,269.865067466267
2321.65050956997,1690.28088491176,269.865067466267
7.45712155108128,1270.19637086751,299.850074962519
72.0855083271191,1978.62291822023,284.857571214393
265.970668655232,700.969425801641,284.857571214393
352.970420084514,601.54113845389,299.850074962519
422.570221227939,907.283122048223,284.857571214393
427.541635595327,919.711657966692,284.857571214393
536.912751677852,1836.93760874969,284.857571214393
653.740989311459,889.883171762366,284.857571214393
653.740989311459,2083.02261993537,299.850074962519
653.740989311459,2097.93686303753,299.850074962519
725.826497638578,1615.70966940094,284.857571214393
787.969177230922,2140.19388516033,269.865067466267
795.426298782004,2132.73676360925,284.857571214393
817.797663435247,1304.99627143922,284.857571214393
822.769077802635,2356.45041014169,284.857571214393
889.883171762366,1118.56823266219,284.857571214393
904.797414864529,1121.05393984589,284.857571214393
1116.0825254785,2020.87994034303,284.857571214393
1128.51106139697,1573.45264727815,269.865067466267
1143.42530449913,1565.99552572707,284.857571214393
1260.25354213274,2319.16480238628,269.865067466267
1339.79617201094,1931.39448173005,269.865067466267
1344.76758637832,730.797912005966,269.865067466267
1352.22470792941,740.740740740741,269.865067466267
1401.93885160328,596.569724086503,269.865067466267
1416.85309470544,604.026845637584,284.857571214393
1483.96718866518,84.5140442455879,299.850074962519
1488.93860303256,1705.19512801392,299.850074962519
1496.39572458364,104.399701715138,284.857571214393
1496.39572458364,84.5140442455879,269.865067466267
1506.33855331842,2063.13696246582,284.857571214393
1558.53840417599,2132.73676360925,284.857571214393
1568.48123291076,2112.8511061397,284.857571214393
1570.96694009446,2122.79393487447,269.865067466267
1595.82401193139,39.7713149391002,284.857571214393
1598.30971911509,1168.28237633607,284.857571214393
1620.68108376833,1861.79468058663,284.857571214393
1623.16679095203,1874.2232165051,284.857571214393
1787.22346507581,2368.87894606015,299.850074962519
1812.08053691275,2112.8511061397,284.857571214393
1807.10912254536,2247.07929405916,284.857571214393
1849.36614466816,2440.96445438727,269.865067466267
1906.53740989311,1031.56848123291,284.857571214393
2219.73651503853,641.31245339299,284.857571214393
9.94282873477504,1896.59458115834,284.857571214393
268.456375838926,1148.39671886652,299.850074962519
298.284862043251,1185.68232662192,299.850074962519
338.056176982351,1958.73726075068,314.842578710645
454.884414615958,2112.8511061397,314.842578710645
479.741486452896,2125.27964205817,284.857571214393
482.22719363659,1774.79492915735,314.842578710645
569.226945065871,2252.05070842655,299.850074962519
584.141188168034,937.111608252548,314.842578710645
643.798160576684,879.940343027591,284.857571214393
850.111856823266,927.168779517773,314.842578710645
860.054685558041,954.511558538404,314.842578710645
894.854586129754,454.884414615958,314.842578710645
1011.68282376336,2050.70842654735,284.857571214393
1014.16853094705,2043.25130499627,299.850074962519
1019.13994531444,2055.67984091474,284.857571214393
1108.62540392742,1342.28187919463,299.850074962519
1108.62540392742,1436.73875217499,314.842578710645
1130.99676858066,1556.05269699229,284.857571214393
1165.79666915237,474.770072085508,314.842578710645
1382.05319413373,1523.73850360428,299.850074962519
1431.76733780761,1285.11061396967,299.850074962519
1434.2530449913,1265.22495650012,299.850074962519
1449.16728809346,1280.13919960229,299.850074962519
1469.05294556301,1826.99478001491,314.842578710645
1474.0243599304,72.0855083271191,284.857571214393
1695.25229927915,2475.76435495899,299.850074962519
1715.13795674869,2470.7929405916,284.857571214393
1871.7375093214,181.456624409645,284.857571214393
1911.5088242605,1021.62565249814,284.857571214393
2172.50807854835,1839.42331593338,314.842578710645
2351.4789957743,733.283619189659,314.842578710645
7.45712155108128,1198.11086254039,314.842578710645
114.342530449913,1387.02460850112,344.827586206897
144.171016654238,1657.96669152374,314.842578710645
256.027839920457,1148.39671886652,314.842578710645
579.169773800646,2257.02212279394,299.850074962519
591.598309719115,1135.96818294805,314.842578710645
658.712403678847,2433.50733283619,329.835082458771
785.483470047228,4.97141436738752,299.850074962519
927.168779517773,1782.25205070843,314.842578710645
932.14019388516,1769.82351478996,314.842578710645
1071.33979617201,1451.65299527716,329.835082458771
1317.42480735769,1610.73825503356,314.842578710645
1334.82475764355,1861.79468058663,314.842578710645
1334.82475764355,1931.39448173005,299.850074962519
1339.79617201094,1615.70966940094,314.842578710645
1362.16753666418,1513.7956748695,299.850074962519
1369.62465821526,1533.68133233905,314.842578710645
1441.71016654238,1292.56773552076,299.850074962519
1491.42431021626,2065.62266964952,299.850074962519
1496.39572458364,1690.28088491176,299.850074962519
1543.62416107383,1583.39547601293,314.842578710645
1600.79542629878,1583.39547601293,299.850074962519
1610.73825503356,1575.93835446184,314.842578710645
1618.19537658464,1441.71016654238,314.842578710645
1707.68083519761,2470.7929405916,314.842578710645
1712.652249565,1411.88168033806,314.842578710645
1829.48048719861,2271.9363658961,314.842578710645
1846.88043748446,2276.90778026349,314.842578710645
1871.7375093214,196.370867511807,299.850074962519
2122.79393487447,1561.02411135968,314.842578710645
2147.65100671141,1377.08177976634,314.842578710645
2167.53666418096,434.998757146408,314.842578710645
2182.45090728312,432.513049962714,314.842578710645
2204.82227193637,1871.7375093214,329.835082458771
2353.96470295799,1717.62366393239,329.835082458771
2358.93611732538,1730.05219985086,329.835082458771
2366.39323887646,1387.02460850112,314.842578710645
2440.96445438727,1459.11011682824,314.842578710645
109.371116082525,1128.51106139697,344.827586206897
360.427541635595,1300.02485707184,344.827586206897
375.341784737758,1295.05344270445,344.827586206897
442.455878697489,1558.53840417599,329.835082458771
449.913000248571,1546.10986825752,329.835082458771
482.22719363659,2110.365398956,329.835082458771
521.99850857569,2299.27914491673,329.835082458771
524.484215759384,2279.39348744718,344.827586206897
653.740989311459,1543.62416107383,329.835082458771
681.08376833209,1702.70942083023,329.835082458771
850.111856823266,2237.13646532438,329.835082458771
879.940343027591,2316.67909520259,329.835082458771
887.397464578673,1183.19661943823,329.835082458771
892.36887894606,2334.07904548844,344.827586206897
912.25453641561,462.34153616704,314.842578710645
986.825751926423,1973.65150385285,344.827586206897
1016.65423813075,1155.8538404176,329.835082458771
1026.59706686552,1143.42530449913,329.835082458771
1063.88267462093,1073.8255033557,314.842578710645
1071.33979617201,1399.45314441959,314.842578710645
1083.76833209048,1399.45314441959,329.835082458771
1083.76833209048,1461.59582401193,314.842578710645
1103.65398956003,608.998260004971,329.835082458771
1106.13969674372,1421.82450907283,329.835082458771
1145.91101168282,1904.05170270942,329.835082458771
1163.31096196868,1242.85359184688,329.835082458771
1170.76808351976,251.05642555307,329.835082458771
1178.22520507084,1247.82500621427,344.827586206897
1178.22520507084,243.599304001989,329.835082458771
1193.13944817301,1275.1677852349,314.842578710645
1292.56773552076,773.05493412876,329.835082458771
1322.39622172508,837.683320904797,329.835082458771
1347.25329356202,1600.79542629878,329.835082458771
1379.56748695004,1513.7956748695,314.842578710645
1478.99577429779,2331.59333830475,344.827586206897
1491.42431021626,1235.3964702958,329.835082458771
1511.30996768581,1227.93934874472,329.835082458771
1593.3383047477,1573.45264727815,314.842578710645
1630.62391250311,1436.73875217499,314.842578710645
2279.39348744718,1528.70991797166,329.835082458771
2299.27914491673,1528.70991797166,344.827586206897
2433.50733283619,1466.56723837932,329.835082458771
2448.42157593835,1476.51006711409,314.842578710645
2450.90728312205,1464.08153119563,329.835082458771
82.0283370618941,1909.02311707681,344.827586206897
79.5426298782003,1300.02485707184,329.835082458771
86.9997514292816,1309.96768580661,329.835082458771
124.285359184688,1133.48247576436,359.820089955023
347.999005717127,720.855083271191,344.827586206897
350.48471290082,705.940840169028,344.827586206897
437.484464330102,2065.62266964952,329.835082458771
469.798657718121,2127.76534924186,344.827586206897
551.826994780015,723.340790454884,344.827586206897
638.826746209297,1538.65274670644,344.827586206897
691.026597066866,1707.68083519761,329.835082458771
715.883668903803,1222.96793437733,344.827586206897
728.312204822272,74.5712155108128,344.827586206897
800.397713149391,860.054685558041,344.827586206897
1006.71140939597,1879.19463087248,344.827586206897
1068.85408898832,1421.82450907283,359.820089955023
1083.76833209048,1414.36738752175,329.835082458771
1086.25403927417,1429.28163062391,344.827586206897
1093.71116082525,1436.73875217499,329.835082458771
1143.42530449913,1111.11111111111,344.827586206897
1163.31096196868,1217.99652000994,329.835082458771
1175.73949788715,999.254287844892,344.827586206897
1193.13944817301,1265.22495650012,344.827586206897
1217.99652000994,472.284364901815,344.827586206897
1232.91076311211,459.855828983346,344.827586206897
1257.76783494904,1819.53765846383,344.827586206897
1265.22495650012,2003.47999005717,359.820089955023
1272.68207805121,1797.16629381059,344.827586206897
1357.19612229679,1618.19537658464,329.835082458771
1431.76733780761,1205.56798409147,329.835082458771
1476.51006711409,1178.22520507084,344.827586206897
1508.82426050211,1250.31071339796,344.827586206897
1516.28138205319,623.912503107134,359.820089955023
1548.59557544121,1367.13895103157,344.827586206897
1610.73825503356,1357.19612229679,359.820089955023
1672.8809346259,1138.45389013174,344.827586206897
1819.53765846383,855.083271190654,359.820089955023
1958.73726075068,417.598806860552,359.820089955023
2232.165050957,646.283867760378,344.827586206897
2291.82202336565,1541.13845389013,344.827586206897
2358.93611732538,1108.62540392742,359.820089955023
2406.16455381556,1474.0243599304,359.820089955023
2421.07879691772,1034.0541884166,344.827586206897
96.9425801640567,1491.42431021626,374.812593703148
425.055928411633,2065.62266964952,344.827586206897
452.398707432264,2237.13646532438,359.820089955023
651.255282127765,2373.85036042754,359.820089955023
745.712155108128,1697.73800646284,359.820089955023
877.454635843898,1148.39671886652,359.820089955023
889.883171762366,1145.91101168282,359.820089955023
1063.88267462093,1071.33979617201,344.827586206897
1093.71116082525,1401.93885160328,344.827586206897
1183.19661943823,1006.71140939597,344.827586206897
1193.13944817301,1280.13919960229,344.827586206897
1227.93934874472,166.542381307482,359.820089955023
1232.91076311211,477.255779269202,344.827586206897
1287.59632115337,1287.59632115337,359.820089955023
1312.45339299031,1610.73825503356,344.827586206897
1444.19587372608,1183.19661943823,344.827586206897
1600.79542629878,1372.11036539896,344.827586206897
1623.16679095203,1369.62465821526,359.820089955023
1638.08103405419,141.685309470544,359.820089955023
1667.90952025851,1126.02535421327,359.820089955023
1672.8809346259,1155.8538404176,344.827586206897
1812.08053691275,507.084265473527,374.812593703148
1826.99478001491,1931.39448173005,359.820089955023
1884.16604523987,1797.16629381059,374.812593703148
1904.05170270942,1789.70917225951,359.820089955023
2135.22247079294,1501.36713895103,344.827586206897
2232.165050957,842.654735272185,359.820089955023
2383.79318916232,1481.48148148148,344.827586206897
2388.7646035297,1486.45289584887,344.827586206897
2403.67884663187,1158.33954760129,374.812593703148
2406.16455381556,1039.02560278399,344.827586206897
2413.62167536664,1019.13994531444,344.827586206897
2411.13596818295,1486.45289584887,344.827586206897
646.283867760378,1563.50981854338,374.812593703148
661.19811086254,1561.02411135968,374.812593703148
671.140939597315,1797.16629381059,389.805097451274
723.340790454884,1235.3964702958,359.820089955023
907.283122048223,743.226447924435,374.812593703148
947.054436987323,638.826746209297,374.812593703148
959.482972905792,1737.50932140194,389.805097451274
971.911508824261,1737.50932140194,374.812593703148
1135.96818294805,971.911508824261,389.805097451274
1359.68182948049,1483.96718866518,374.812593703148
1377.08177976634,1481.48148148148,374.812593703148
1434.2530449913,104.399701715138,374.812593703148
1449.16728809346,94.4568729803629,389.805097451274
1478.99577429779,1165.79666915237,374.812593703148
1488.93860303256,2291.82202336565,389.805097451274
1516.28138205319,643.798160576684,359.820089955023
1551.08128262491,1956.25155356699,374.812593703148
1578.42406164554,121.799652000994,389.805097451274
1662.93810589113,1143.42530449913,374.812593703148
1834.451901566,1727.56649266716,389.805097451274
1836.93760874969,1232.91076311211,359.820089955023
1854.33755903555,1222.96793437733,374.812593703148
1869.25180213771,256.027839920457,389.805097451274
1916.48023862789,2214.76510067114,389.805097451274
2013.42281879195,1834.451901566,389.805097451274
2125.27964205817,1496.39572458364,359.820089955023
2137.70817797663,1493.91001739995,374.812593703148
2281.87919463087,1026.59706686552,389.805097451274
2301.76485210042,1764.85210042257,374.812593703148
2348.9932885906,1113.5968182948,359.820089955023
2391.2503107134,1158.33954760129,374.812593703148
2421.07879691772,1225.45364156102,374.812593703148
24.8570718369376,1573.45264727815,389.805097451274
27.3427790206314,1548.59557544121,389.805097451274
39.7713149391002,1575.93835446184,389.805097451274
47.2284364901815,1563.50981854338,389.805097451274
241.113596818295,524.484215759384,404.7976011994
432.513049962714,879.940343027591,404.7976011994
439.970171513796,2207.30797912006,389.805097451274
447.427293064877,2117.82252050708,404.7976011994
469.798657718121,1844.39473030077,374.812593703148
477.255779269202,1836.93760874969,374.812593703148
494.655729555058,1744.96644295302,389.805097451274
551.826994780015,489.684315187671,404.7976011994
626.398210290828,2030.8227690778,374.812593703148
668.655232413622,1081.28262490679,389.805097451274
671.140939597315,1063.88267462093,389.805097451274
671.140939597315,2279.39348744718,389.805097451274
790.454884414616,2286.85060899826,389.805097451274
792.94059159831,2301.76485210042,389.805097451274
820.283370618941,919.711657966692,389.805097451274
835.197613721104,909.768829231916,389.805097451274
939.597315436242,626.398210290828,374.812593703148
954.511558538404,623.912503107134,374.812593703148
1034.0541884166,1016.65423813075,389.805097451274
1039.02560278399,1006.71140939597,389.805097451274
1116.0825254785,54.6855580412627,389.805097451274
1158.33954760129,181.456624409645,389.805097451274
1175.73949788715,2435.99304001989,389.805097451274
1198.11086254039,1272.68207805121,374.812593703148
1329.85334327616,889.883171762366,404.7976011994
1369.62465821526,1476.51006711409,374.812593703148
1630.62391250311,2145.16529952772,389.805097451274
1670.39522744221,315.684812329108,389.805097451274
1682.82376336068,1143.42530449913,374.812593703148
1712.652249565,2301.76485210042,404.7976011994
1712.652249565,1538.65274670644,389.805097451274
1717.62366393239,2324.13621675367,404.7976011994
1717.62366393239,218.742232165051,404.7976011994
1720.10937111608,1521.25279642058,389.805097451274
1725.08078548347,221.227939348745,374.812593703148
1732.53790703455,2316.67909520259,389.805097451274
1735.02361421825,1536.16703952274,404.7976011994
1779.76634352473,2331.59333830475,389.805097451274
1921.45165299528,1682.82376336068,389.805097451274
1978.62291822023,611.483967188665,404.7976011994
2000.99428287348,1824.50907283122,389.805097451274
2112.8511061397,549.341287596321,389.805097451274
2187.42232165051,1943.82301764852,389.805097451274
2244.59358687547,735.769326373353,389.805097451274
82.0283370618941,1623.16679095203,404.7976011994
256.027839920457,1613.22396221725,404.7976011994
298.284862043251,1081.28262490679,404.7976011994
444.941585881183,2197.36515038528,389.805097451274
489.684315187671,1732.53790703455,404.7976011994
502.11285110614,1876.70892368879,419.790104947526
748.197862291822,1702.70942083023,389.805097451274
825.254784986329,899.826000497141,389.805097451274
904.797414864529,733.283619189659,389.805097451274
994.282873477504,144.171016654238,404.7976011994
1103.65398956003,52.199850857569,389.805097451274
1250.31071339796,1352.22470792941,419.790104947526
1265.22495650012,126.771066368382,419.790104947526
1618.19537658464,1108.62540392742,404.7976011994
1640.56674123788,787.969177230922,389.805097451274
1695.25229927915,1088.73974645787,404.7976011994
1730.05219985086,2301.76485210042,389.805097451274
1735.02361421825,221.227939348745,404.7976011994
1911.5088242605,1685.30947054437,404.7976011994
2115.33681332339,569.226945065871,404.7976011994
2155.10812826249,1051.45413870246,419.790104947526
2177.47949291573,1563.50981854338,404.7976011994
2182.45090728312,1575.93835446184,404.7976011994
86.9997514292816,1610.73825503356,419.790104947526
161.570966940094,1175.73949788715,419.790104947526
246.085011185682,1613.22396221725,419.790104947526
362.913248819289,566.741237882178,419.790104947526
427.541635595327,2092.96544867015,434.782608695652
514.541387024609,1869.25180213771,419.790104947526
576.684066616953,651.255282127765,419.790104947526
643.798160576684,1230.42505592841,419.790104947526
800.397713149391,201.342281879195,434.782608695652
1041.51130996769,1573.45264727815,434.782608695652
1133.48247576436,912.25453641561,419.790104947526
1135.96818294805,1155.8538404176,419.790104947526
1168.28237633607,1155.8538404176,419.790104947526
1232.91076311211,1362.16753666418,419.790104947526
1242.85359184688,2386.27889634601,419.790104947526
1247.82500621427,1377.08177976634,419.790104947526
1257.76783494904,1374.59607258265,419.790104947526
1267.71066368382,1357.19612229679,419.790104947526
1590.85259756401,2102.90827740492,434.782608695652
1610.73825503356,952.02585135471,419.790104947526
1650.50956997266,790.454884414616,419.790104947526
1657.96669152374,1429.28163062391,419.790104947526
1670.39522744221,1436.73875217499,419.790104947526
1715.13795674869,1551.08128262491,404.7976011994
1749.93785732041,347.999005717127,419.790104947526
1754.9092716878,330.59905543127,419.790104947526
1757.39497887149,2043.25130499627,434.782608695652
1769.82351478996,2085.50832711907,434.782608695652
1764.85210042257,2068.10837683321,434.782608695652
1846.88043748446,539.398458861546,434.782608695652
1928.90877454636,1372.11036539896,434.782608695652
2015.90852597564,695.998011434253,419.790104947526
2070.5940840169,1257.76783494904,419.790104947526
2085.50832711907,1260.25354213274,419.790104947526
2092.96544867015,1953.7658463833,434.782608695652
2182.45090728312,1334.82475764355,419.790104947526
2197.36515038528,1814.56624409645,434.782608695652
186.428038777032,1185.68232662192,434.782608695652
350.48471290082,559.284116331096,434.782608695652
367.884663186677,584.141188168034,434.782608695652
380.313199105145,569.226945065871,434.782608695652
412.627392493164,1352.22470792941,449.775112443778
760.626398210291,2155.10812826249,434.782608695652
763.112105393985,2167.53666418096,434.782608695652
795.426298782004,1324.88192890877,434.782608695652
879.940343027591,2179.96520009943,449.775112443778
929.654486701467,703.455132985334,449.775112443778
1106.13969674372,1066.36838180462,449.775112443778
1123.53964702958,1051.45413870246,449.775112443778
1195.6251553567,2090.47974148645,449.775112443778
1237.88217747949,208.799403430276,449.775112443778
1232.91076311211,1377.08177976634,434.782608695652
1242.85359184688,121.799652000994,434.782608695652
1255.28212776535,1337.31046482724,419.790104947526
1304.99627143922,536.912751677852,449.775112443778
1324.88192890877,703.455132985334,434.782608695652
1352.22470792941,1797.16629381059,449.775112443778
1444.19587372608,2145.16529952772,434.782608695652
1652.99527715635,1839.42331593338,449.775112443778
1918.96594581158,1710.16654238131,449.775112443778
2028.33706189411,695.998011434253,419.790104947526
2122.79393487447,929.654486701467,434.782608695652
2142.67959234402,922.197365150385,434.782608695652
377.827491921452,1620.68108376833,449.775112443778
390.25602783992,1608.25254784986,434.782608695652
400.198856574696,1426.79592344022,449.775112443778
405.170270942083,1416.85309470544,449.775112443778
439.970171513796,494.655729555058,464.767616191904
502.11285110614,517.027094208302,449.775112443778
517.027094208302,526.969922943077,434.782608695652
517.027094208302,517.027094208302,449.775112443778
633.855331841909,1138.45389013174,449.775112443778
653.740989311459,914.740243599304,464.767616191904
835.197613721104,1996.02286850609,464.767616191904
872.48322147651,1056.42555306985,449.775112443778
884.911757394979,2257.02212279394,449.775112443778
884.911757394979,2244.59358687547,449.775112443778
971.911508824261,268.456375838926,464.767616191904
1056.42555306985,1739.99502858563,449.775112443778
1083.76833209048,1354.7104151131,449.775112443778
1230.42505592841,196.370867511807,434.782608695652
1260.25354213274,1347.25329356202,434.782608695652
1339.79617201094,1812.08053691275,449.775112443778
1389.51031568481,343.027591349739,434.782608695652
1404.42455878698,347.999005717127,449.775112443778
1657.96669152374,1826.99478001491,449.775112443778
1670.39522744221,367.884663186677,464.767616191904
1680.33805617698,1188.16803380562,449.775112443778
1712.652249565,2319.16480238628,434.782608695652
1993.5371613224,1324.88192890877,464.767616191904
2112.8511061397,561.76982351479,434.782608695652
2132.73676360925,944.568729803629,434.782608695652
2299.27914491673,1165.79666915237,464.767616191904
154.113845389013,1260.25354213274,464.767616191904
236.142182450907,795.426298782004,479.76011994003
318.170519512801,1923.93736017897,464.767616191904
343.027591349739,1909.02311707681,464.767616191904
377.827491921452,1605.76684066617,449.775112443778
432.513049962714,576.684066616953,479.76011994003
457.370121799652,571.712652249565,479.76011994003
646.283867760378,899.826000497141,479.76011994003
661.19811086254,2117.82252050708,464.767616191904
822.769077802635,1981.10862540393,464.767616191904
827.740492170022,1807.10912254536,464.767616191904
860.054685558041,1978.62291822023,464.767616191904
887.397464578673,275.913497390007,464.767616191904
1155.8538404176,778.026348496147,464.767616191904
1200.59656972409,1508.82426050211,479.76011994003
1401.93885160328,504.598558289833,479.76011994003
1518.76708923689,2266.96495152871,479.76011994003
1687.79517772806,2117.82252050708,464.767616191904
1720.10937111608,1568.48123291076,479.76011994003
1839.42331593338,2073.0797912006,464.767616191904
2003.47999005717,1332.33905045986,464.767616191904
2252.05070842655,1369.62465821526,464.767616191904
223.713646532438,807.854834700472,479.76011994003
372.856077554064,989.311459110117,494.752623688156
397.713149391002,971.911508824261,479.76011994003
469.798657718121,1640.56674123788,479.76011994003
519.512801391996,865.026099925429,479.76011994003
658.712403678847,2102.90827740492,479.76011994003
666.169525229928,275.913497390007,464.767616191904
773.05493412876,1913.9945314442,479.76011994003
787.969177230922,1916.48023862789,494.752623688156
874.968928660204,275.913497390007,479.76011994003
1056.42555306985,882.426050211285,494.752623688156
1205.56798409147,1173.25379070346,479.76011994003
1217.99652000994,1175.73949788715,479.76011994003
1267.71066368382,857.568978374347,494.752623688156
1302.51056425553,2078.05120556798,479.76011994003
1342.28187919463,442.455878697489,494.752623688156
1511.30996768581,2286.85060899826,479.76011994003
1595.82401193139,1590.85259756401,479.76011994003
1620.68108376833,1879.19463087248,494.752623688156
1675.36664180959,1178.22520507084,479.76011994003
1725.08078548347,1725.08078548347,494.752623688156
1812.08053691275,2033.3084762615,479.76011994003
1976.13721103654,1155.8538404176,479.76011994003
1981.10862540393,1173.25379070346,494.752623688156
2065.62266964952,909.768829231916,494.752623688156
166.542381307482,1327.36763609247,494.752623688156
392.741735023614,986.825751926423,494.752623688156
410.141685309471,981.854337559036,494.752623688156
449.913000248571,1774.79492915735,509.745127436282
457.370121799652,1633.1096196868,479.76011994003
586.626895351728,1048.96843151877,509.745127436282
768.083519761372,1628.13820531941,509.745127436282
780.512055679841,1918.96594581158,479.76011994003
778.026348496147,1928.90877454636,479.76011994003
855.083271190654,2122.79393487447,509.745127436282
867.511807109123,845.140442455879,509.745127436282
1210.53939845886,1561.02411135968,494.752623688156
1232.91076311211,256.027839920457,509.745127436282
1285.11061396967,2092.96544867015,494.752623688156
1546.10986825752,1561.02411135968,494.752623688156
1575.93835446184,574.198359433259,509.745127436282
1573.45264727815,2167.53666418096,509.745127436282
1690.28088491176,1205.56798409147,509.745127436282
2015.90852597564,1608.25254784986,479.76011994003
154.113845389013,1322.39622172508,494.752623688156
238.627889634601,1257.76783494904,509.745127436282
467.312950534427,1628.13820531941,494.752623688156
477.255779269202,1869.25180213771,509.745127436282
479.741486452896,1884.16604523987,509.745127436282
536.912751677852,1491.42431021626,524.737631184408
807.854834700472,355.456127268208,524.737631184408
847.626149639573,1461.59582401193,524.737631184408
867.511807109123,2115.33681332339,509.745127436282
889.883171762366,2028.33706189411,509.745127436282
919.711657966692,1195.6251553567,524.737631184408
1051.45413870246,872.48322147651,494.752623688156
1081.28262490679,1317.42480735769,524.737631184408
1354.7104151131,1667.90952025851,524.737631184408
1369.62465821526,1687.79517772806,524.737631184408
1401.93885160328,1245.33929903057,524.737631184408
1469.05294556301,865.026099925429,509.745127436282
1521.25279642058,872.48322147651,524.737631184408
1556.05269699229,1565.99552572707,509.745127436282
1608.25254784986,1884.16604523987,494.752623688156
1735.02361421825,1720.10937111608,494.752623688156
1802.13770817798,526.969922943077,524.737631184408
1812.08053691275,1971.16579666915,524.737631184408
2167.53666418096,1272.68207805121,524.737631184408
216.256524981357,1011.68282376336,524.737631184408
484.712900820283,673.626646781009,539.730134932534
830.226199353716,1478.99577429779,539.730134932534
877.454635843898,1372.11036539896,539.730134932534
1048.96843151877,1143.42530449913,539.730134932534
1063.88267462093,345.513298533433,539.730134932534
1275.1677852349,964.454387273179,524.737631184408
1324.88192890877,1339.79617201094,539.730134932534
1334.82475764355,822.769077802635,524.737631184408
1692.76659209545,1285.11061396967,524.737631184408
1757.39497887149,830.226199353716,539.730134932534
1802.13770817798,514.541387024609,524.737631184408
1804.62341536167,1958.73726075068,524.737631184408
1839.42331593338,1255.28212776535,524.737631184408
1834.451901566,1267.71066368382,539.730134932534
1911.5088242605,1217.99652000994,524.737631184408
1951.2801391996,991.797166293811,554.72263868066
2028.33706189411,884.911757394979,554.72263868066
2092.96544867015,1001.73999502859,539.730134932534
226.199353716132,1267.71066368382,524.737631184408
241.113596818295,1399.45314441959,554.72263868066
385.284613472533,974.397216007954,524.737631184408
462.34153616704,1640.56674123788,524.737631184408
472.284364901815,1884.16604523987,524.737631184408
810.340541884166,1399.45314441959,554.72263868066
879.940343027591,1354.7104151131,554.72263868066
939.597315436242,1822.02336564753,524.737631184408
1036.5398956003,1145.91101168282,539.730134932534
1056.42555306985,877.454635843898,524.737631184408
1205.56798409147,459.855828983346,554.72263868066
1220.48222719364,1667.90952025851,554.72263868066
1357.19612229679,2137.70817797663,554.72263868066
1372.11036539896,2145.16529952772,554.72263868066
1431.76733780761,581.65548098434,554.72263868066
1643.05244842158,2035.79418344519,554.72263868066
1792.1948794432,1399.45314441959,554.72263868066
1851.85185185185,1265.22495650012,539.730134932534
1896.59458115834,1210.53939845886,539.730134932534
1921.45165299528,1846.88043748446,539.730134932534
2087.99403430276,989.311459110117,554.72263868066
387.770320656227,887.397464578673,569.715142428786
477.255779269202,1866.76609495401,539.730134932534
770.569226945066,1630.62391250311,539.730134932534
847.626149639573,1190.65374098931,569.715142428786
869.997514292816,517.027094208302,569.715142428786
917.225950782998,1506.33855331842,569.715142428786
944.568729803629,1814.56624409645,569.715142428786
981.854337559036,869.997514292816,554.72263868066
1006.71140939597,1769.82351478996,554.72263868066
1086.25403927417,1891.62316679095,569.715142428786
1086.25403927417,2192.3937360179,539.730134932534
1113.5968182948,2179.96520009943,539.730134932534
1225.45364156102,457.370121799652,554.72263868066
1240.36788466319,1687.79517772806,554.72263868066
1240.36788466319,1672.8809346259,554.72263868066
1304.99627143922,1071.33979617201,554.72263868066
1585.88118319662,1237.88217747949,554.72263868066
1749.93785732041,842.654735272185,539.730134932534
1762.36639323888,842.654735272185,539.730134932534
1864.28038777032,976.882923191648,554.72263868066
1936.36589609744,1670.39522744221,539.730134932534
1948.79443201591,1657.96669152374,554.72263868066
2058.16554809843,1436.73875217499,584.707646176912
2070.5940840169,1173.25379070346,569.715142428786
400.198856574696,897.340293313448,569.715142428786
805.369127516779,1419.33880188914,569.715142428786
820.283370618941,1414.36738752175,569.715142428786
877.454635843898,502.11285110614,569.715142428786
961.968680089485,869.997514292816,554.72263868066
1048.96843151877,1300.02485707184,569.715142428786
1160.82525478499,1339.79617201094,569.715142428786
1270.19637086751,591.598309719115,569.715142428786
1573.45264727815,733.283619189659,569.715142428786
1580.90976882923,2055.67984091474,584.707646176912
1583.39547601293,2040.76559781258,584.707646176912
1652.99527715635,770.569226945066,569.715142428786
1735.02361421825,865.026099925429,599.700149925038
1744.96644295302,1222.96793437733,569.715142428786
1754.9092716878,1213.02510564256,569.715142428786
1899.08028834203,1633.1096196868,584.707646176912
1956.25155356699,1670.39522744221,554.72263868066
412.627392493164,1546.10986825752,599.700149925038
412.627392493164,996.768580661198,614.692653673163
420.084514044246,1168.28237633607,584.707646176912
422.570221227939,1406.91026597067,599.700149925038
464.827243350733,1024.11135968183,584.707646176912
462.34153616704,1150.88242605021,599.700149925038
469.798657718121,1650.50956997266,584.707646176912
474.770072085508,1036.5398956003,584.707646176912
492.170022371365,1357.19612229679,599.700149925038
666.169525229928,775.540641312453,614.692653673163
653.740989311459,805.369127516779,584.707646176912
658.712403678847,656.226696495153,584.707646176912
837.683320904797,1615.70966940094,599.700149925038
860.054685558041,633.855331841909,584.707646176912
981.854337559036,2028.33706189411,584.707646176912
1034.0541884166,663.683818046234,599.700149925038
1091.22545364156,1710.16654238131,584.707646176912
1170.76808351976,489.684315187671,584.707646176912
1215.51081282625,467.312950534427,569.715142428786
1225.45364156102,1682.82376336068,569.715142428786
1431.76733780761,1459.11011682824,569.715142428786
1449.16728809346,1667.90952025851,599.700149925038
1471.53865274671,1399.45314441959,599.700149925038
1615.70966940094,904.797414864529,584.707646176912
1630.62391250311,907.283122048223,599.700149925038
1675.36664180959,1921.45165299528,599.700149925038
1680.33805617698,877.454635843898,614.692653673163
1697.73800646284,705.940840169028,584.707646176912
462.34153616704,1421.82450907283,584.707646176912
477.255779269202,1662.93810589113,584.707646176912
489.684315187671,1650.50956997266,584.707646176912
666.169525229928,1580.90976882923,599.700149925038
668.655232413622,661.19811086254,599.700149925038
671.140939597315,802.883420333085,584.707646176912
671.140939597315,790.454884414616,599.700149925038
780.512055679841,1774.79492915735,614.692653673163
894.854586129754,1118.56823266219,614.692653673163
902.311707680835,1128.51106139697,584.707646176912
986.825751926423,1899.08028834203,614.692653673163
1029.08277404922,787.969177230922,614.692653673163
1041.51130996769,805.369127516779,614.692653673163
1334.82475764355,835.197613721104,629.685157421289
1342.28187919463,840.169028088491,584.707646176912
1876.70892368879,1314.939100174,614.692653673163
457.370121799652,1424.31021625653,629.685157421289
653.740989311459,1588.36689038031,599.700149925038
795.426298782004,1421.82450907283,599.700149925038
830.226199353716,787.969177230922,599.700149925038
830.226199353716,780.512055679841,599.700149925038
902.311707680835,1135.96818294805,599.700149925038
932.14019388516,1819.53765846383,599.700149925038
971.911508824261,2025.85135471042,599.700149925038
1016.65423813075,1841.90902311708,629.685157421289
1039.02560278399,1312.45339299031,599.700149925038
1078.79691772309,1896.59458115834,599.700149925038
1081.28262490679,589.112602535421,599.700149925038
1103.65398956003,1548.59557544121,629.685157421289
1377.08177976634,1772.30922197365,644.677661169415
1441.71016654238,1933.88018891375,629.685157421289
1650.50956997266,768.083519761372,599.700149925038
1849.36614466816,1372.11036539896,629.685157421289
1851.85185185185,1424.31021625653,629.685157421289
1859.30897340293,1414.36738752175,599.700149925038
457.370121799652,1016.65423813075,614.692653673163
492.170022371365,1143.42530449913,644.677661169415
599.055431270196,1290.08202833706,644.677661169415
710.912254536416,1304.99627143922,644.677661169415
832.71190653741,773.05493412876,644.677661169415
1083.76833209048,581.65548098434,644.677661169415
1111.11111111111,1531.19562515536,629.685157421289
1168.28237633607,479.741486452896,629.685157421289
1265.22495650012,581.65548098434,614.692653673163
1513.7956748695,877.454635843898,644.677661169415
1613.22396221725,894.854586129754,614.692653673163
1692.76659209545,695.998011434253,614.692653673163
507.084265473527,1133.48247576436,644.677661169415
656.226696495153,646.283867760378,629.685157421289
661.19811086254,648.769574944072,629.685157421289
676.112353964703,1588.36689038031,629.685157421289
922.197365150385,748.197862291822,644.677661169415
1036.5398956003,1170.76808351976,659.670164917541
1091.22545364156,1362.16753666418,644.677661169415
1116.0825254785,693.512304250559,659.670164917541
1153.36813323391,1488.93860303256,659.670164917541
1302.51056425553,1871.7375093214,659.670164917541
1300.02485707184,1232.91076311211,644.677661169415
1377.08177976634,1841.90902311708,659.670164917541
1389.51031568481,1849.36614466816,674.662668665667
778.026348496147,971.911508824261,674.662668665667
914.740243599304,753.16927665921,659.670164917541
1185.68232662192,1056.42555306985,644.677661169415
1203.08227690778,1058.91126025354,689.655172413793
1399.45314441959,1712.652249565,674.662668665667
1508.82426050211,1446.68158090977,659.670164917541
638.826746209297,1304.99627143922,689.655172413793
852.59756400696,964.454387273179,704.647676161919
956.997265722098,1168.28237633607,704.647676161919
949.540144171017,1011.68282376336,689.655172413793
989.311459110117,1389.51031568481,659.670164917541
1006.71140939597,1379.56748695004,689.655172413793
1076.3112105394,1804.62341536167,674.662668665667
1150.88242605021,1260.25354213274,704.647676161919
1168.28237633607,1237.88217747949,689.655172413793
1190.65374098931,1051.45413870246,674.662668665667
1222.96793437733,797.912005965697,689.655172413793
1396.96743723589,832.71190653741,704.647676161919
1523.73850360428,1143.42530449913,674.662668665667
1682.82376336068,869.997514292816,659.670164917541
1058.91126025354,847.626149639573,674.662668665667
1205.56798409147,909.768829231916,704.647676161919
1436.73875217499,1235.3964702958,689.655172413793
1518.76708923689,1130.99676858066,689.655172413793
1046.48272433507,845.140442455879,689.655172413793
1175.73949788715,1257.76783494904,704.647676161919
1208.05369127517,922.197365150385,704.647676161919
1235.3964702958,904.797414864529,704.647676161919
1183.19661943823,1245.33929903057,719.640179910045
1235.3964702958,917.225950782998,704.647676161919
937.111608252548,1150.88242605021,734.632683658171
1078.79691772309,1802.13770817798,734.632683658171
1205.56798409147,1088.73974645787,734.632683658171
