104.399701715138,763.112105393985,14.9925037481259
114.342530449913,770.569226945066,14.9925037481259
136.713895103157,897.340293313448,14.9925037481259
149.142431021626,899.826000497141,14.9925037481259
183.942331593338,628.883917474521,14.9925037481259
228.685060899826,551.826994780015,14.9925037481259
233.656475267214,569.226945065871,29.9850074962519
236.142182450907,512.055679840915,14.9925037481259
243.599304001989,521.99850857569,14.9925037481259
241.113596818295,628.883917474521,29.9850074962519
246.085011185682,546.855580412627,14.9925037481259
251.05642555307,564.255530698484,14.9925037481259
251.05642555307,504.598558289833,14.9925037481259
253.542132736764,531.941337310465,14.9925037481259
265.970668655232,840.169028088491,14.9925037481259
280.884911757395,1526.22421078797,29.9850074962519
280.884911757395,845.140442455879,14.9925037481259
300.770569226945,1523.73850360428,44.9775112443778
313.199105145414,420.084514044246,14.9925037481259
318.170519512801,415.113099676858,14.9925037481259
430.027342779021,270.94208302262,14.9925037481259
444.941585881183,275.913497390007,14.9925037481259
611.483967188665,534.427044494159,14.9925037481259
616.455381556053,529.455630126771,14.9925037481259
686.055182699478,1794.6805866269,14.9925037481259
691.026597066866,519.512801391996,14.9925037481259
718.369376087497,1817.05195128014,14.9925037481259
765.597812577678,852.59756400696,14.9925037481259
775.540641312453,857.568978374347,14.9925037481259
830.226199353716,2127.76534924186,14.9925037481259
842.654735272185,2127.76534924186,14.9925037481259
860.054685558041,1983.59433258762,14.9925037481259
872.48322147651,1981.10862540393,14.9925037481259
899.826000497141,956.997265722098,14.9925037481259
919.711657966692,375.341784737758,14.9925037481259
1029.08277404922,2358.93611732538,14.9925037481259
1034.0541884166,380.313199105145,14.9925037481259
1034.0541884166,2252.05070842655,29.9850074962519
1046.48272433507,370.37037037037,14.9925037481259
1096.19686800895,2242.10787969177,14.9925037481259
1185.68232662192,2276.90778026349,14.9925037481259
1290.08202833706,2.48570718369376,14.9925037481259
1394.4817300522,2348.9932885906,14.9925037481259
1409.39597315436,2261.99353716132,14.9925037481259
1434.2530449913,825.254784986329,14.9925037481259
1439.22445935869,569.226945065871,14.9925037481259
1451.65299527716,2418.59308973403,14.9925037481259
1469.05294556301,807.854834700472,14.9925037481259
1538.65274670644,2336.56475267214,14.9925037481259
1595.82401193139,2227.19363658961,14.9925037481259
1598.30971911509,2232.165050957,14.9925037481259
1605.76684066617,2224.70792940592,14.9925037481259
1618.19537658464,2247.07929405916,14.9925037481259
1851.85185185185,1565.99552572707,14.9925037481259
1956.25155356699,2020.87994034303,14.9925037481259
2015.90852597564,2145.16529952772,14.9925037481259
2020.87994034303,2194.87944320159,14.9925037481259
2145.16529952772,19.8856574695501,14.9925037481259
2314.19338801889,944.568729803629,14.9925037481259
2329.10763112105,971.911508824261,14.9925037481259
2331.59333830475,976.882923191648,14.9925037481259
2336.56475267214,949.540144171017,14.9925037481259
2353.96470295799,944.568729803629,14.9925037481259
89.4854586129754,832.71190653741,29.9850074962519
99.4282873477504,837.683320904797,29.9850074962519
121.799652000994,1876.70892368879,29.9850074962519
121.799652000994,971.911508824261,29.9850074962519
134.228187919463,969.425801640567,29.9850074962519
131.742480735769,1891.62316679095,29.9850074962519
216.256524981357,623.912503107134,29.9850074962519
226.199353716132,589.112602535421,29.9850074962519
231.17076808352,616.455381556053,29.9850074962519
241.113596818295,604.026845637584,29.9850074962519
238.627889634601,589.112602535421,29.9850074962519
253.542132736764,909.768829231916,29.9850074962519
258.513547104151,927.168779517773,29.9850074962519
263.484961471539,1503.85284613473,29.9850074962519
270.94208302262,924.683072334079,29.9850074962519
290.82774049217,1506.33855331842,29.9850074962519
300.770569226945,487.198608003977,29.9850074962519
300.770569226945,1503.85284613473,29.9850074962519
360.427541635595,241.113596818295,29.9850074962519
415.113099676858,340.541884166045,29.9850074962519
430.027342779021,345.513298533433,29.9850074962519
591.598309719115,2346.50758140691,29.9850074962519
596.569724086503,604.026845637584,29.9850074962519
604.026845637584,599.055431270196,29.9850074962519
678.598061148397,589.112602535421,29.9850074962519
748.197862291822,922.197365150385,29.9850074962519
760.626398210291,927.168779517773,29.9850074962519
907.283122048223,447.427293064877,29.9850074962519
1026.59706686552,444.941585881183,44.9775112443778
1056.42555306985,164.056674123788,29.9850074962519
1183.19661943823,72.0855083271191,29.9850074962519
1213.02510564256,54.6855580412627,29.9850074962519
1275.1677852349,72.0855083271191,29.9850074962519
1287.59632115337,52.199850857569,29.9850074962519
1384.53890131742,2391.2503107134,29.9850074962519
1396.96743723589,2304.25055928412,29.9850074962519
1401.93885160328,2040.76559781258,29.9850074962519
1421.82450907283,641.31245339299,29.9850074962519
1441.71016654238,2460.85011185682,29.9850074962519
1454.13870246085,879.940343027591,29.9850074962519
1521.25279642058,2383.79318916232,29.9850074962519
1528.70991797166,2378.82177479493,29.9850074962519
1538.65274670644,2264.47924434502,29.9850074962519
1605.76684066617,2289.33631618195,29.9850074962519
1841.90902311708,1608.25254784986,29.9850074962519
1854.33755903555,1615.70966940094,29.9850074962519
1866.76609495401,1605.76684066617,29.9850074962519
1948.79443201591,2063.13696246582,29.9850074962519
2040.76559781258,1861.79468058663,29.9850074962519
2055.67984091474,1859.30897340293,29.9850074962519
2135.22247079294,91.9711657966692,29.9850074962519
2301.76485210042,1019.13994531444,29.9850074962519
2306.73626646781,1024.11135968183,29.9850074962519
2314.19338801889,1019.13994531444,29.9850074962519
2314.19338801889,1046.48272433507,29.9850074962519
2324.13621675367,1021.62565249814,29.9850074962519
2341.53616703952,1016.65423813075,29.9850074962519
2460.85011185682,855.083271190654,29.9850074962519
2478.25006214268,855.083271190654,29.9850074962519
116.828237633607,927.168779517773,44.9775112443778
124.285359184688,1894.10887397465,44.9775112443778
129.256773552076,1911.5088242605,44.9775112443778
129.256773552076,922.197365150385,44.9775112443778
211.28511061397,576.684066616953,44.9775112443778
216.256524981357,536.912751677852,44.9775112443778
236.142182450907,531.941337310465,44.9775112443778
236.142182450907,556.798409147402,44.9775112443778
241.113596818295,872.48322147651,44.9775112443778
243.599304001989,96.9425801640567,44.9775112443778
258.513547104151,1521.25279642058,44.9775112443778
265.970668655232,1526.22421078797,44.9775112443778
280.884911757395,1548.59557544121,44.9775112443778
295.799154859558,439.970171513796,44.9775112443778
300.770569226945,1546.10986825752,44.9775112443778
352.970420084514,193.885160328113,44.9775112443778
594.084016902809,2366.39323887646,44.9775112443778
596.569724086503,556.798409147402,44.9775112443778
671.140939597315,544.369873228934,44.9775112443778
688.540889883172,554.312701963709,59.9700149925037
743.226447924435,874.968928660204,44.9775112443778
758.140691026597,879.940343027591,44.9775112443778
837.683320904797,1339.79617201094,44.9775112443778
1014.16853094705,402.684563758389,44.9775112443778
1024.11135968183,392.741735023614,44.9775112443778
1034.0541884166,2269.4506587124,44.9775112443778
1051.45413870246,116.828237633607,44.9775112443778
1053.93984588615,129.256773552076,59.9700149925037
1178.22520507084,24.8570718369376,44.9775112443778
1188.16803380562,9.94282873477504,44.9775112443778
1198.11086254039,29.8284862043251,44.9775112443778
1208.05369127517,12.4285359184688,44.9775112443778
1230.42505592841,24.8570718369376,44.9775112443778
1235.3964702958,19.8856574695501,44.9775112443778
1237.88217747949,29.8284862043251,59.9700149925037
1387.02460850112,2269.4506587124,44.9775112443778
1391.99602286851,1998.50857568978,44.9775112443778
1503.85284613473,2252.05070842655,44.9775112443778
1511.30996768581,2341.53616703952,44.9775112443778
1528.70991797166,2222.22222222222,44.9775112443778
1680.33805617698,785.483470047228,59.9700149925037
1784.73775789212,417.598806860552,59.9700149925037
1836.93760874969,1558.53840417599,44.9775112443778
1844.39473030077,1573.45264727815,44.9775112443778
1856.82326621924,1563.50981854338,44.9775112443778
1938.85160328113,2020.87994034303,44.9775112443778
2033.3084762615,1822.02336564753,44.9775112443778
2048.22271936366,1819.53765846383,44.9775112443778
2085.50832711907,72.0855083271191,59.9700149925037
2127.76534924186,49.7141436738752,44.9775112443778
2170.02237136465,847.626149639573,44.9775112443778
2286.85060899826,1735.02361421825,44.9775112443778
2294.30773054934,971.911508824261,44.9775112443778
2311.7076808352,91.9711657966692,59.9700149925037
2314.19338801889,974.397216007954,44.9775112443778
2326.62192393736,121.799652000994,59.9700149925037
2453.39299030574,805.369127516779,44.9775112443778
2458.36440467313,812.82624906786,59.9700149925037
2455.87869748944,462.34153616704,59.9700149925037
2470.7929405916,807.854834700472,44.9775112443778
2478.25006214268,1707.68083519761,44.9775112443778
2480.73576932637,1091.22545364156,44.9775112443778
119.313944817301,1874.2232165051,59.9700149925037
124.285359184688,415.113099676858,59.9700149925037
131.742480735769,1901.56599552573,59.9700149925037
131.742480735769,412.627392493164,59.9700149925037
260.999254287845,1503.85284613473,59.9700149925037
278.399204573701,1498.88143176734,59.9700149925037
288.342033308476,1511.30996768581,59.9700149925037
303.256276410639,1501.36713895103,59.9700149925037
350.48471290082,2408.65026099925,74.9625187406297
400.198856574696,1809.59482972906,74.9625187406297
437.484464330102,2015.90852597564,74.9625187406297
559.284116331096,1568.48123291076,74.9625187406297
559.284116331096,1588.36689038031,74.9625187406297
671.140939597315,559.284116331096,59.9700149925037
686.055182699478,2336.56475267214,74.9625187406297
750.683569475516,1093.71116082525,59.9700149925037
837.683320904797,1319.91051454139,59.9700149925037
929.654486701467,653.740989311459,59.9700149925037
934.625901068854,641.31245339299,59.9700149925037
979.368630375342,1645.53815560527,74.9625187406297
994.282873477504,313.199105145414,59.9700149925037
1006.71140939597,723.340790454884,59.9700149925037
1019.13994531444,725.826497638578,59.9700149925037
1016.65423813075,313.199105145414,59.9700149925037
1029.08277404922,452.398707432264,59.9700149925037
1036.5398956003,723.340790454884,59.9700149925037
1034.0541884166,2252.05070842655,59.9700149925037
1039.02560278399,444.941585881183,59.9700149925037
1183.19661943823,34.7999005717127,59.9700149925037
1208.05369127517,2426.05021128511,59.9700149925037
1391.99602286851,2013.42281879195,59.9700149925037
1493.91001739995,420.084514044246,59.9700149925037
1958.73726075068,1292.56773552076,59.9700149925037
2020.87994034303,405.170270942083,59.9700149925037
2172.50807854835,855.083271190654,59.9700149925037
2279.39348744718,2334.07904548844,59.9700149925037
2314.19338801889,114.342530449913,59.9700149925037
2378.82177479493,705.940840169028,59.9700149925037
2388.7646035297,698.483718617947,59.9700149925037
2455.87869748944,474.770072085508,59.9700149925037
9.94282873477504,2207.30797912006,74.9625187406297
156.599552572707,410.141685309471,74.9625187406297
251.05642555307,534.427044494159,74.9625187406297
263.484961471539,1966.19438230176,74.9625187406297
295.799154859558,1526.22421078797,74.9625187406297
328.113348247576,2411.13596818295,74.9625187406297
370.37037037037,1561.02411135968,74.9625187406297
385.284613472533,191.39945314442,74.9625187406297
412.627392493164,126.771066368382,74.9625187406297
415.113099676858,2418.59308973403,74.9625187406297
571.712652249565,1575.93835446184,74.9625187406297
705.940840169028,551.826994780015,74.9625187406297
782.997762863535,1086.25403927417,74.9625187406297
785.483470047228,1056.42555306985,74.9625187406297
807.854834700472,2418.59308973403,74.9625187406297
884.911757394979,1043.99701715138,74.9625187406297
961.968680089485,648.769574944072,74.9625187406297
966.940094456873,636.341039025603,74.9625187406297
1026.59706686552,308.227690778026,74.9625187406297
1039.02560278399,285.856326124783,74.9625187406297
1043.99701715138,293.313447675864,74.9625187406297
1048.96843151877,310.71339796172,74.9625187406297
1048.96843151877,293.313447675864,74.9625187406297
1051.45413870246,720.855083271191,74.9625187406297
1068.85408898832,723.340790454884,74.9625187406297
1068.85408898832,437.484464330102,74.9625187406297
1088.73974645787,126.771066368382,74.9625187406297
1282.62490678598,77.0569226945066,74.9625187406297
1344.76758637832,1789.70917225951,74.9625187406297
1429.28163062391,2003.47999005717,74.9625187406297
1528.70991797166,417.598806860552,74.9625187406297
1752.4235645041,1486.45289584887,74.9625187406297
1819.53765846383,412.627392493164,74.9625187406297
1824.50907283122,318.170519512801,74.9625187406297
1831.9661943823,524.484215759384,74.9625187406297
1831.9661943823,310.71339796172,74.9625187406297
1841.90902311708,509.569972657221,74.9625187406297
1931.39448173005,1173.25379070346,74.9625187406297
1996.02286850609,1282.62490678598,74.9625187406297
2053.19413373105,400.198856574696,74.9625187406297
2065.62266964952,392.741735023614,74.9625187406297
2117.82252050708,69.5998011434253,74.9625187406297
2125.27964205817,1784.73775789212,74.9625187406297
2204.82227193637,847.626149639573,74.9625187406297
2316.67909520259,2321.65050956997,74.9625187406297
2324.13621675367,82.0283370618941,74.9625187406297
2348.9932885906,109.371116082525,74.9625187406297
2346.50758140691,91.9711657966692,74.9625187406297
2361.42182450907,116.828237633607,74.9625187406297
2401.19313944817,860.054685558041,74.9625187406297
2411.13596818295,700.969425801641,74.9625187406297
2421.07879691772,693.512304250559,74.9625187406297
2478.25006214268,459.855828983346,74.9625187406297
96.9425801640567,1461.59582401193,89.9550224887556
109.371116082525,1459.11011682824,104.947526236882
109.371116082525,1469.05294556301,89.9550224887556
116.828237633607,415.113099676858,89.9550224887556
154.113845389013,1344.76758637832,104.947526236882
161.570966940094,1329.85334327616,104.947526236882
241.113596818295,554.312701963709,104.947526236882
310.71339796172,2426.05021128511,89.9550224887556
333.084762614964,2423.56450410142,89.9550224887556
355.456127268208,1578.42406164554,89.9550224887556
375.341784737758,129.256773552076,104.947526236882
382.798906288839,1819.53765846383,104.947526236882
397.713149391002,2431.0216256525,89.9550224887556
420.084514044246,2030.8227690778,89.9550224887556
531.941337310465,1585.88118319662,104.947526236882
541.88416604524,1580.90976882923,89.9550224887556
541.88416604524,1603.28113348248,89.9550224887556
663.683818046234,2351.4789957743,89.9550224887556
673.626646781009,2351.4789957743,89.9550224887556
743.226447924435,1088.73974645787,89.9550224887556
745.712155108128,1058.91126025354,104.947526236882
790.454884414616,2428.5359184688,89.9550224887556
845.140442455879,1048.96843151877,89.9550224887556
954.511558538404,2264.47924434502,89.9550224887556
961.968680089485,1657.96669152374,104.947526236882
984.340044742729,313.199105145414,89.9550224887556
991.797166293811,725.826497638578,89.9550224887556
996.768580661198,290.82774049217,89.9550224887556
1006.71140939597,298.284862043251,89.9550224887556
1009.19711657967,313.199105145414,89.9550224887556
1009.19711657967,725.826497638578,89.9550224887556
1026.59706686552,725.826497638578,89.9550224887556
1170.76808351976,2070.5940840169,104.947526236882
1188.16803380562,2435.99304001989,89.9550224887556
1235.3964702958,94.4568729803629,89.9550224887556
1242.85359184688,82.0283370618941,89.9550224887556
1242.85359184688,94.4568729803629,104.947526236882
1304.99627143922,1789.70917225951,89.9550224887556
1377.08177976634,2411.13596818295,104.947526236882
1391.99602286851,2005.96569724086,89.9550224887556
1476.51006711409,422.570221227939,89.9550224887556
1483.96718866518,420.084514044246,89.9550224887556
1526.22421078797,1625.65249813572,104.947526236882
1538.65274670644,1628.13820531941,104.947526236882
1712.652249565,1488.93860303256,89.9550224887556
1730.05219985086,2346.50758140691,104.947526236882
1779.76634352473,320.656226696495,89.9550224887556
1789.70917225951,313.199105145414,89.9550224887556
1792.1948794432,526.969922943077,89.9550224887556
1802.13770817798,512.055679840915,89.9550224887556
1876.70892368879,2254.53641561024,104.947526236882
1894.10887397465,1178.22520507084,89.9550224887556
1956.25155356699,1285.11061396967,89.9550224887556
2010.93711160825,402.684563758389,89.9550224887556
2023.36564752672,395.227442207308,89.9550224887556
2090.47974148645,1787.22346507581,104.947526236882
2135.22247079294,676.112353964703,104.947526236882
2165.05095699727,850.111856823266,89.9550224887556
2279.39348744718,2324.13621675367,89.9550224887556
2276.90778026349,1799.65200099428,104.947526236882
2289.33631618195,1787.22346507581,104.947526236882
2306.73626646781,111.856823266219,89.9550224887556
2319.16480238628,119.313944817301,89.9550224887556
2361.42182450907,862.540392741735,104.947526236882
2366.39323887646,700.969425801641,89.9550224887556
2381.30748197862,700.969425801641,89.9550224887556
2440.96445438727,462.34153616704,89.9550224887556
146.656723837932,2294.30773054934,119.940029985007
248.570718369376,571.712652249565,119.940029985007
248.570718369376,559.284116331096,104.947526236882
258.513547104151,559.284116331096,119.940029985007
300.770569226945,1128.51106139697,119.940029985007
768.083519761372,1297.53914988814,119.940029985007
1128.51106139697,1019.13994531444,119.940029985007
1168.28237633607,2058.16554809843,119.940029985007
1705.19512801392,1334.82475764355,119.940029985007
1705.19512801392,1319.91051454139,119.940029985007
1874.2232165051,2266.96495152871,104.947526236882
1986.08003977131,2038.27989062888,119.940029985007
2130.25105642555,661.19811086254,104.947526236882
2177.47949291573,1210.53939845886,134.932533733133
2209.79368630375,2348.9932885906,104.947526236882
2403.67884663187,303.256276410639,104.947526236882
2406.16455381556,318.170519512801,104.947526236882
2431.0216256525,2078.05120556798,119.940029985007
37.2856077554064,412.627392493164,119.940029985007
270.94208302262,2431.0216256525,119.940029985007
288.342033308476,2000.99428287348,119.940029985007
288.342033308476,422.570221227939,119.940029985007
295.799154859558,1993.5371613224,119.940029985007
320.656226696495,2470.7929405916,119.940029985007
395.227442207308,2426.05021128511,119.940029985007
430.027342779021,69.5998011434253,119.940029985007
437.484464330102,52.199850857569,119.940029985007
785.483470047228,84.5140442455879,119.940029985007
795.426298782004,89.4854586129754,119.940029985007
800.397713149391,449.913000248571,119.940029985007
952.02585135471,2331.59333830475,119.940029985007
954.511558538404,1826.99478001491,119.940029985007
974.397216007954,1998.50857568978,119.940029985007
994.282873477504,1996.02286850609,119.940029985007
1140.93959731544,1029.08277404922,119.940029985007
1222.96793437733,2192.3937360179,119.940029985007
1232.91076311211,2184.93661446682,119.940029985007
1245.33929903057,2179.96520009943,134.932533733133
1270.19637086751,362.913248819289,119.940029985007
1277.65349241859,377.827491921452,134.932533733133
1275.1677852349,462.34153616704,119.940029985007
1290.08202833706,357.941834451902,134.932533733133
1372.11036539896,2053.19413373105,134.932533733133
1391.99602286851,787.969177230922,119.940029985007
1578.42406164554,2448.42157593835,134.932533733133
1595.82401193139,745.712155108128,119.940029985007
1710.16654238131,718.369376087497,119.940029985007
1754.9092716878,512.055679840915,119.940029985007
1772.30922197365,507.084265473527,134.932533733133
2000.99428287348,2035.79418344519,119.940029985007
2013.42281879195,2038.27989062888,134.932533733133
2065.62266964952,559.284116331096,119.940029985007
2152.6224210788,1546.10986825752,134.932533733133
2189.9080288342,1700.22371364653,119.940029985007
2192.3937360179,1687.79517772806,119.940029985007
2266.96495152871,1399.45314441959,119.940029985007
2326.62192393736,1573.45264727815,119.940029985007
2408.65026099925,2078.05120556798,119.940029985007
44.7427293064877,417.598806860552,134.932533733133
151.628138205319,345.513298533433,134.932533733133
156.599552572707,335.570469798658,134.932533733133
166.542381307482,2281.87919463087,134.932533733133
265.970668655232,566.741237882178,134.932533733133
290.82774049217,434.998757146408,134.932533733133
290.82774049217,2421.07879691772,134.932533733133
305.741983594333,1991.0514541387,134.932533733133
310.71339796172,1128.51106139697,134.932533733133
318.170519512801,1983.59433258762,134.932533733133
422.570221227939,57.1712652249565,134.932533733133
442.455878697489,72.0855083271191,134.932533733133
449.913000248571,54.6855580412627,134.932533733133
790.454884414616,1287.59632115337,134.932533733133
807.854834700472,91.9711657966692,134.932533733133
810.340541884166,454.884414615958,134.932533733133
942.083022619935,308.227690778026,134.932533733133
964.454387273179,2314.19338801889,134.932533733133
976.882923191648,2321.65050956997,134.932533733133
976.882923191648,1817.05195128014,134.932533733133
986.825751926423,1812.08053691275,134.932533733133
994.282873477504,1983.59433258762,134.932533733133
1006.71140939597,1993.5371613224,134.932533733133
1188.16803380562,2050.70842654735,134.932533733133
1188.16803380562,2058.16554809843,134.932533733133
1260.25354213274,2174.99378573204,134.932533733133
1399.45314441959,790.454884414616,134.932533733133
1717.62366393239,720.855083271191,134.932533733133
1727.56649266716,723.340790454884,134.932533733133
2075.56549838429,556.798409147402,134.932533733133
2271.9363658961,1401.93885160328,134.932533733133
104.399701715138,531.941337310465,164.917541229385
109.371116082525,551.826994780015,164.917541229385
106.885408898832,347.999005717127,149.925037481259
126.771066368382,278.399204573701,149.925037481259
129.256773552076,288.342033308476,149.925037481259
144.171016654238,2025.85135471042,149.925037481259
144.171016654238,2097.93686303753,164.917541229385
241.113596818295,444.941585881183,149.925037481259
248.570718369376,434.998757146408,149.925037481259
283.370618941089,1993.5371613224,149.925037481259
283.370618941089,2227.19363658961,164.917541229385
318.170519512801,1824.50907283122,164.917541229385
375.341784737758,67.1140939597315,149.925037481259
392.741735023614,84.5140442455879,149.925037481259
395.227442207308,67.1140939597315,149.925037481259
402.684563758389,2035.79418344519,164.917541229385
415.113099676858,2030.8227690778,164.917541229385
487.198608003977,1290.08202833706,164.917541229385
507.084265473527,1290.08202833706,164.917541229385
526.969922943077,681.08376833209,164.917541229385
661.19811086254,1933.88018891375,149.925037481259
658.712403678847,1946.30872483221,164.917541229385
673.626646781009,1956.25155356699,149.925037481259
671.140939597315,1941.33731046483,149.925037481259
730.797912005966,1384.53890131742,164.917541229385
760.626398210291,464.827243350733,149.925037481259
770.569226945066,1287.59632115337,149.925037481259
792.94059159831,1976.13721103654,164.917541229385
802.883420333085,1988.56574695501,149.925037481259
822.769077802635,897.340293313448,164.917541229385
862.540392741735,728.312204822272,164.917541229385
894.854586129754,318.170519512801,149.925037481259
942.083022619935,2316.67909520259,149.925037481259
961.968680089485,1814.56624409645,149.925037481259
1076.3112105394,1921.45165299528,164.917541229385
1091.22545364156,1928.90877454636,164.917541229385
1230.42505592841,370.37037037037,164.917541229385
1230.42505592841,390.25602783992,149.925037481259
1319.91051454139,201.342281879195,164.917541229385
1344.76758637832,802.883420333085,149.925037481259
1548.59557544121,755.654983842903,149.925037481259
1585.88118319662,2030.8227690778,149.925037481259
1590.85259756401,2015.90852597564,164.917541229385
1657.96669152374,1638.08103405419,164.917541229385
1677.85234899329,730.797912005966,149.925037481259
1856.82326621924,64.6283867760378,164.917541229385
1856.82326621924,54.6855580412627,149.925037481259
1876.70892368879,1021.62565249814,164.917541229385
1886.65175242356,1011.68282376336,164.917541229385
1899.08028834203,164.056674123788,149.925037481259
1941.33731046483,430.027342779021,149.925037481259
1953.7658463833,422.570221227939,149.925037481259
1958.73726075068,434.998757146408,164.917541229385
2025.85135471042,564.255530698484,149.925037481259
2075.56549838429,539.398458861546,149.925037481259
2117.82252050708,1019.13994531444,164.917541229385
2219.73651503853,606.512552821278,164.917541229385
2299.27914491673,1717.62366393239,164.917541229385
2309.2219736515,1722.59507829978,164.917541229385
2401.19313944817,1866.76609495401,149.925037481259
2418.59308973403,1874.2232165051,149.925037481259
84.5140442455879,1476.51006711409,164.917541229385
101.913994531444,1583.39547601293,164.917541229385
109.371116082525,1474.0243599304,179.910044977511
111.856823266219,1588.36689038031,164.917541229385
114.342530449913,1580.90976882923,164.917541229385
211.28511061397,1312.45339299031,164.917541229385
293.313447675864,2227.19363658961,164.917541229385
310.71339796172,303.256276410639,164.917541229385
320.656226696495,310.71339796172,164.917541229385
382.798906288839,82.0283370618941,164.917541229385
412.627392493164,1886.65175242356,164.917541229385
482.22719363659,89.4854586129754,164.917541229385
758.140691026597,1735.02361421825,164.917541229385
882.426050211285,942.083022619935,164.917541229385
976.882923191648,370.37037037037,164.917541229385
984.340044742729,377.827491921452,164.917541229385
1004.22570221228,884.911757394979,164.917541229385
1006.71140939597,899.826000497141,164.917541229385
1327.36763609247,1682.82376336068,179.910044977511
1478.99577429779,1436.73875217499,164.917541229385
1491.42431021626,1439.22445935869,179.910044977511
1546.10986825752,1792.1948794432,179.910044977511
1556.05269699229,1807.10912254536,164.917541229385
1578.42406164554,315.684812329108,164.917541229385
1682.82376336068,14.9142431021626,164.917541229385
1864.28038777032,69.5998011434253,164.917541229385
1869.25180213771,54.6855580412627,164.917541229385
1906.53740989311,2351.4789957743,179.910044977511
2115.33681332339,1031.56848123291,164.917541229385
2127.76534924186,1021.62565249814,164.917541229385
2229.6793437733,611.483967188665,164.917541229385
2344.02187422322,686.055182699478,164.917541229385
2421.07879691772,633.855331841909,164.917541229385
124.285359184688,1580.90976882923,194.902548725637
129.256773552076,1471.53865274671,194.902548725637
134.228187919463,1575.93835446184,179.910044977511
154.113845389013,524.484215759384,179.910044977511
169.028088491176,2095.45115585384,179.910044977511
186.428038777032,666.169525229928,194.902548725637
191.39945314442,681.08376833209,179.910044977511
203.827989062888,566.741237882178,179.910044977511
208.799403430276,576.684066616953,179.910044977511
236.142182450907,1309.96768580661,179.910044977511
243.599304001989,1270.19637086751,194.902548725637
283.370618941089,1675.36664180959,209.895052473763
305.741983594333,2222.22222222222,179.910044977511
320.656226696495,2224.70792940592,179.910044977511
333.084762614964,1287.59632115337,194.902548725637
365.398956002983,303.256276410639,179.910044977511
367.884663186677,295.799154859558,179.910044977511
427.541635595327,2030.8227690778,179.910044977511
437.484464330102,1884.16604523987,194.902548725637
529.455630126771,84.5140442455879,179.910044977511
539.398458861546,77.0569226945066,179.910044977511
579.169773800646,671.140939597315,179.910044977511
676.112353964703,1558.53840417599,194.902548725637
681.08376833209,1573.45264727815,194.902548725637
755.654983842903,1384.53890131742,179.910044977511
770.569226945066,1198.11086254039,179.910044977511
768.083519761372,308.227690778026,194.902548725637
773.05493412876,1737.50932140194,209.895052473763
778.026348496147,320.656226696495,194.902548725637
782.997762863535,1730.05219985086,179.910044977511
782.997762863535,1744.96644295302,179.910044977511
792.94059159831,1747.45215013671,194.902548725637
800.397713149391,1757.39497887149,194.902548725637
815.311956251554,1976.13721103654,179.910044977511
917.225950782998,718.369376087497,179.910044977511
934.625901068854,932.14019388516,194.902548725637
1029.08277404922,365.398956002983,179.910044977511
1051.45413870246,874.968928660204,179.910044977511
1056.42555306985,889.883171762366,179.910044977511
1073.8255033557,474.770072085508,194.902548725637
1101.16828237634,1918.96594581158,179.910044977511
1116.0825254785,1926.42306736266,179.910044977511
1349.73900074571,208.799403430276,179.910044977511
1357.19612229679,198.856574695501,179.910044977511
1436.73875217499,1667.90952025851,194.902548725637
1488.93860303256,2301.76485210042,209.895052473763
1580.90976882923,929.654486701467,179.910044977511
1605.76684066617,315.684812329108,179.910044977511
1610.73825503356,2020.87994034303,179.910044977511
1712.652249565,12.4285359184688,179.910044977511
1727.56649266716,1150.88242605021,179.910044977511
1730.05219985086,1173.25379070346,179.910044977511
1812.08053691275,1866.76609495401,194.902548725637
1819.53765846383,1735.02361421825,179.910044977511
1831.9661943823,514.541387024609,179.910044977511
1846.88043748446,497.141436738752,194.902548725637
1839.42331593338,514.541387024609,179.910044977511
1899.08028834203,2344.02187422322,179.910044977511
1909.02311707681,1342.28187919463,194.902548725637
1916.48023862789,1011.68282376336,179.910044977511
1926.42306736266,1344.76758637832,194.902548725637
1953.7658463833,1170.76808351976,179.910044977511
1956.25155356699,94.4568729803629,179.910044977511
2152.6224210788,1016.65423813075,179.910044977511
2189.9080288342,937.111608252548,179.910044977511
2197.36515038528,954.511558538404,179.910044977511
2214.76510067114,1752.4235645041,179.910044977511
2227.19363658961,1732.53790703455,179.910044977511
2232.165050957,1749.93785732041,194.902548725637
2244.59358687547,1747.45215013671,194.902548725637
2252.05070842655,606.512552821278,179.910044977511
2348.9932885906,1819.53765846383,179.910044977511
2353.96470295799,1829.48048719861,194.902548725637
2368.87894606015,1822.02336564753,194.902548725637
2373.85036042754,676.112353964703,179.910044977511
2438.47874720358,618.941088739746,179.910044977511
2440.96445438727,628.883917474521,179.910044977511
2448.42157593835,643.798160576684,179.910044977511
2448.42157593835,631.369624658215,179.910044977511
2460.85011185682,618.941088739746,194.902548725637
479.741486452896,1309.96768580661,224.887556221889
494.655729555058,1874.2232165051,209.895052473763
497.141436738752,1889.13745960726,194.902548725637
700.969425801641,1797.16629381059,209.895052473763
700.969425801641,1784.73775789212,194.902548725637
728.312204822272,2023.36564752672,209.895052473763
750.683569475516,2058.16554809843,194.902548725637
765.597812577678,1190.65374098931,194.902548725637
765.597812577678,1730.05219985086,194.902548725637
775.540641312453,589.112602535421,209.895052473763
1021.62565249814,596.569724086503,194.902548725637
1036.5398956003,2142.67959234402,209.895052473763
1148.39671886652,1650.50956997266,209.895052473763
1277.65349241859,2155.10812826249,194.902548725637
1292.56773552076,2165.05095699727,224.887556221889
1300.02485707184,2155.10812826249,194.902548725637
1399.45314441959,2025.85135471042,209.895052473763
1411.88168033806,2033.3084762615,209.895052473763
1416.85309470544,2018.39423315933,209.895052473763
1598.30971911509,922.197365150385,194.902548725637
1618.19537658464,2013.42281879195,194.902548725637
1623.16679095203,303.256276410639,194.902548725637
1727.56649266716,2.48570718369376,194.902548725637
1744.96644295302,1140.93959731544,194.902548725637
1749.93785732041,1163.31096196868,194.902548725637
1754.9092716878,1876.70892368879,209.895052473763
1831.9661943823,1687.79517772806,209.895052473763
1846.88043748446,253.542132736764,209.895052473763
1886.65175242356,2127.76534924186,209.895052473763
1936.36589609744,32.3141933880189,194.902548725637
1971.16579666915,1163.31096196868,209.895052473763
1973.65150385285,86.9997514292816,209.895052473763
2132.73676360925,944.568729803629,209.895052473763
2132.73676360925,924.683072334079,194.902548725637
2145.16529952772,934.625901068854,194.902548725637
2207.30797912006,929.654486701467,194.902548725637
2209.79368630375,944.568729803629,194.902548725637
2473.27864777529,601.54113845389,194.902548725637
2478.25006214268,611.483967188665,194.902548725637
29.8284862043251,1001.73999502859,224.887556221889
89.4854586129754,1946.30872483221,224.887556221889
96.9425801640567,1938.85160328113,224.887556221889
94.4568729803629,683.569475515784,239.880059970015
131.742480735769,479.741486452896,224.887556221889
360.427541635595,469.798657718121,224.887556221889
370.37037037037,695.998011434253,209.895052473763
482.22719363659,1886.65175242356,224.887556221889
521.99850857569,512.055679840915,224.887556221889
1267.71066368382,2140.19388516033,209.895052473763
1277.65349241859,2130.25105642555,239.880059970015
1307.48197862292,2167.53666418096,209.895052473763
1784.73775789212,2053.19413373105,224.887556221889
1809.59482972906,1744.96644295302,209.895052473763
1814.56624409645,1749.93785732041,209.895052473763
1846.88043748446,265.970668655232,209.895052473763
2055.67984091474,1498.88143176734,224.887556221889
2068.10837683321,1506.33855331842,224.887556221889
37.2856077554064,1009.19711657967,224.887556221889
86.9997514292816,691.026597066866,224.887556221889
99.4282873477504,710.912254536416,224.887556221889
382.798906288839,705.940840169028,239.880059970015
387.770320656227,718.369376087497,224.887556221889
494.655729555058,1886.65175242356,224.887556221889
524.484215759384,1377.08177976634,224.887556221889
531.941337310465,497.141436738752,239.880059970015
534.427044494159,1382.05319413373,239.880059970015
544.369873228934,1387.02460850112,224.887556221889
646.283867760378,22.3713646532438,239.880059970015
703.455132985334,1782.25205070843,224.887556221889
850.111856823266,760.626398210291,239.880059970015
872.48322147651,2212.27939348745,239.880059970015
1009.19711657967,1735.02361421825,239.880059970015
1021.62565249814,1730.05219985086,239.880059970015
1123.53964702958,1648.02386278896,239.880059970015
1140.93959731544,1667.90952025851,224.887556221889
1145.91101168282,1640.56674123788,239.880059970015
1250.31071339796,2135.22247079294,224.887556221889
1260.25354213274,241.113596818295,239.880059970015
1270.19637086751,2174.99378573204,224.887556221889
1339.79617201094,2435.99304001989,239.880059970015
1359.68182948049,1026.59706686552,239.880059970015
1367.13895103157,1029.08277404922,224.887556221889
1623.16679095203,1148.39671886652,239.880059970015
1638.08103405419,1126.02535421327,239.880059970015
1662.93810589113,691.026597066866,254.872563718141
1782.25205070843,2065.62266964952,224.887556221889
1871.7375093214,288.342033308476,239.880059970015
1881.68033805618,298.284862043251,239.880059970015
1988.56574695501,797.912005965697,239.880059970015
2150.1367138951,1722.59507829978,224.887556221889
2182.45090728312,1717.62366393239,239.880059970015
2187.42232165051,457.370121799652,254.872563718141
2361.42182450907,1923.93736017897,239.880059970015
2361.42182450907,1904.05170270942,239.880059970015
2398.70743226448,1058.91126025354,239.880059970015
52.199850857569,862.540392741735,254.872563718141
94.4568729803629,705.940840169028,239.880059970015
300.770569226945,1352.22470792941,269.865067466267
641.31245339299,29.8284862043251,239.880059970015
718.369376087497,1968.68008948546,254.872563718141
738.255033557047,758.140691026597,254.872563718141
760.626398210291,1170.76808351976,269.865067466267
827.740492170022,763.112105393985,239.880059970015
830.226199353716,768.083519761372,239.880059970015
845.140442455879,1501.36713895103,269.865067466267
862.540392741735,2194.87944320159,239.880059970015
1036.5398956003,2135.22247079294,239.880059970015
1138.45389013174,1652.99527715635,239.880059970015
1252.79642058166,248.570718369376,254.872563718141
1262.73924931643,2147.65100671141,239.880059970015
1367.13895103157,144.171016654238,254.872563718141
1409.39597315436,380.313199105145,254.872563718141
1528.70991797166,626.398210290828,269.865067466267
1757.39497887149,1814.56624409645,254.872563718141
1769.82351478996,1829.48048719861,254.872563718141
1794.6805866269,1779.76634352473,254.872563718141
1809.59482972906,1794.6805866269,254.872563718141
1909.02311707681,82.0283370618941,254.872563718141
2172.50807854835,444.941585881183,239.880059970015
2184.93661446682,2097.93686303753,254.872563718141
2274.42207307979,1446.68158090977,269.865067466267
2398.70743226448,1043.99701715138,239.880059970015
273.427790206314,415.113099676858,284.857571214393
278.399204573701,457.370121799652,254.872563718141
285.856326124783,1382.05319413373,269.865067466267
380.313199105145,991.797166293811,284.857571214393
713.397961720109,1302.51056425553,269.865067466267
715.883668903803,1317.42480735769,269.865067466267
835.197613721104,763.112105393985,254.872563718141
869.997514292816,425.055928411633,269.865067466267
984.340044742729,524.484215759384,254.872563718141
986.825751926423,845.140442455879,269.865067466267
1486.45289584887,79.5426298782003,269.865067466267
1501.36713895103,564.255530698484,269.865067466267
1518.76708923689,1660.45239870743,269.865067466267
1752.4235645041,1834.451901566,269.865067466267
1794.6805866269,1794.6805866269,254.872563718141
1814.56624409645,1774.79492915735,254.872563718141
1824.50907283122,969.425801640567,254.872563718141
1834.451901566,932.14019388516,254.872563718141
1849.36614466816,937.111608252548,254.872563718141
1948.79443201591,1851.85185185185,269.865067466267
1988.56574695501,2207.30797912006,254.872563718141
2167.53666418096,2100.42257022123,269.865067466267
2170.02237136465,2085.50832711907,269.865067466267
2286.85060899826,1441.71016654238,269.865067466267
151.628138205319,1585.88118319662,284.857571214393
260.999254287845,432.513049962714,284.857571214393
410.141685309471,270.94208302262,284.857571214393
427.541635595327,1973.65150385285,284.857571214393
611.483967188665,1081.28262490679,269.865067466267
740.740740740741,1561.02411135968,269.865067466267
782.997762863535,879.940343027591,284.857571214393
802.883420333085,318.170519512801,284.857571214393
815.311956251554,298.284862043251,269.865067466267
820.283370618941,323.141933880189,284.857571214393
822.769077802635,310.71339796172,269.865067466267
842.654735272185,658.712403678847,284.857571214393
952.02585135471,9.94282873477504,284.857571214393
974.397216007954,857.568978374347,269.865067466267
986.825751926423,509.569972657221,269.865067466267
1004.22570221228,509.569972657221,299.850074962519
1026.59706686552,502.11285110614,284.857571214393
1024.11135968183,1401.93885160328,284.857571214393
1036.5398956003,1399.45314441959,269.865067466267
1066.36838180462,792.94059159831,284.857571214393
1106.13969674372,899.826000497141,284.857571214393
1200.59656972409,1262.73924931643,284.857571214393
1242.85359184688,1777.28063634104,284.857571214393
1314.939100174,325.627641063883,284.857571214393
1319.91051454139,308.227690778026,284.857571214393
1327.36763609247,323.141933880189,284.857571214393
1332.33905045986,305.741983594333,284.857571214393
1342.28187919463,191.39945314442,284.857571214393
1354.7104151131,181.456624409645,284.857571214393
1824.50907283122,979.368630375342,269.865067466267
2142.67959234402,340.541884166045,269.865067466267
2167.53666418096,355.456127268208,269.865067466267
2207.30797912006,385.284613472533,269.865067466267
2234.65075814069,1889.13745960726,284.857571214393
2244.59358687547,385.284613472533,284.857571214393
2356.45041014169,1856.82326621924,284.857571214393
2418.59308973403,1354.7104151131,284.857571214393
2465.82152622421,1546.10986825752,284.857571214393
2478.25006214268,1536.16703952274,269.865067466267
2478.25006214268,1551.08128262491,284.857571214393
144.171016654238,1595.82401193139,284.857571214393
380.313199105145,1029.08277404922,299.850074962519
541.88416604524,1399.45314441959,299.850074962519
673.626646781009,554.312701963709,299.850074962519
753.16927665921,1568.48123291076,284.857571214393
755.654983842903,1563.50981854338,284.857571214393
768.083519761372,884.911757394979,299.850074962519
780.512055679841,892.36887894606,299.850074962519
847.626149639573,648.769574944072,299.850074962519
986.825751926423,2199.85085756898,284.857571214393
1011.68282376336,492.170022371365,299.850074962519
1096.19686800895,889.883171762366,284.857571214393
1148.39671886652,671.140939597315,299.850074962519
1232.91076311211,1789.70917225951,284.857571214393
1339.79617201094,253.542132736764,299.850074962519
1344.76758637832,315.684812329108,284.857571214393
1372.11036539896,183.942331593338,299.850074962519
1389.51031568481,1951.2801391996,299.850074962519
1739.99502858563,2324.13621675367,299.850074962519
1759.88068605518,1548.59557544121,299.850074962519
1762.36639323888,1538.65274670644,284.857571214393
1777.28063634104,1553.5669898086,299.850074962519
1981.10862540393,2222.22222222222,284.857571214393
1993.5371613224,2214.76510067114,284.857571214393
2085.50832711907,176.485210042257,299.850074962519
2090.47974148645,191.39945314442,299.850074962519
2217.25080785483,390.25602783992,284.857571214393
2227.19363658961,1011.68282376336,299.850074962519
2348.9932885906,1866.76609495401,284.857571214393
2361.42182450907,1203.08227690778,299.850074962519
2408.65026099925,1660.45239870743,299.850074962519
2408.65026099925,671.140939597315,299.850074962519
2433.50733283619,1140.93959731544,299.850074962519
2433.50733283619,1155.8538404176,299.850074962519
49.7141436738752,1078.79691772309,314.842578710645
52.199850857569,1670.39522744221,329.835082458771
111.856823266219,1660.45239870743,314.842578710645
131.742480735769,1429.28163062391,314.842578710645
248.570718369376,1819.53765846383,314.842578710645
377.827491921452,1043.99701715138,299.850074962519
420.084514044246,1963.70867511807,299.850074962519
641.31245339299,2202.33656475267,314.842578710645
730.797912005966,1754.9092716878,329.835082458771
743.226447924435,447.427293064877,329.835082458771
974.397216007954,1978.62291822023,314.842578710645
984.340044742729,524.484215759384,299.850074962519
1011.68282376336,743.226447924435,314.842578710645
1043.99701715138,109.371116082525,314.842578710645
1270.19637086751,673.626646781009,314.842578710645
1300.02485707184,24.8570718369376,314.842578710645
1401.93885160328,1203.08227690778,329.835082458771
1623.16679095203,1265.22495650012,314.842578710645
1727.56649266716,1073.8255033557,314.842578710645
1752.4235645041,2068.10837683321,329.835082458771
1759.88068605518,109.371116082525,314.842578710645
1762.36639323888,1561.02411135968,299.850074962519
2244.59358687547,1011.68282376336,314.842578710645
2242.10787969177,996.768580661198,314.842578710645
2247.07929405916,947.054436987323,299.850074962519
2257.02212279394,954.511558538404,299.850074962519
2391.2503107134,1491.42431021626,329.835082458771
57.1712652249565,1061.39696743724,314.842578710645
131.742480735769,1411.88168033806,329.835082458771
159.085259756401,735.769326373353,329.835082458771
529.455630126771,1411.88168033806,329.835082458771
596.569724086503,1804.62341536167,329.835082458771
840.169028088491,1021.62565249814,329.835082458771
877.454635843898,1909.02311707681,344.827586206897
1009.19711657967,725.826497638578,329.835082458771
1163.31096196868,1026.59706686552,314.842578710645
1230.42505592841,2403.67884663187,314.842578710645
1232.91076311211,2391.2503107134,314.842578710645
1250.31071339796,661.19811086254,329.835082458771
1265.22495650012,653.740989311459,329.835082458771
1265.22495650012,688.540889883172,314.842578710645
1282.62490678598,681.08376833209,314.842578710645
1285.11061396967,671.140939597315,329.835082458771
1297.53914988814,671.140939597315,314.842578710645
1304.99627143922,2348.9932885906,329.835082458771
1384.53890131742,1936.36589609744,314.842578710645
1588.36689038031,1993.5371613224,329.835082458771
1707.68083519761,2309.2219736515,329.835082458771
1759.88068605518,2075.56549838429,314.842578710645
2219.73651503853,924.683072334079,329.835082458771
2259.50782997763,1019.13994531444,329.835082458771
24.8570718369376,1026.59706686552,344.827586206897
37.2856077554064,1016.65423813075,329.835082458771
59.6569724086503,1051.45413870246,329.835082458771
67.1140939597315,1078.79691772309,329.835082458771
164.056674123788,718.369376087497,329.835082458771
164.056674123788,797.912005965697,344.827586206897
457.370121799652,1071.33979617201,344.827586206897
521.99850857569,1399.45314441959,329.835082458771
782.997762863535,1324.88192890877,344.827586206897
835.197613721104,991.797166293811,329.835082458771
850.111856823266,1006.71140939597,329.835082458771
867.511807109123,1918.96594581158,344.827586206897
1009.19711657967,917.225950782998,359.820089955023
1121.05393984589,400.198856574696,344.827586206897
1277.65349241859,695.998011434253,329.835082458771
1421.82450907283,253.542132736764,329.835082458771
1444.19587372608,243.599304001989,344.827586206897
1491.42431021626,2331.59333830475,344.827586206897
1548.59557544121,1618.19537658464,329.835082458771
1558.53840417599,1628.13820531941,329.835082458771
1608.25254784986,2172.50807854835,329.835082458771
1620.68108376833,2182.45090728312,344.827586206897
1667.90952025851,1213.02510564256,344.827586206897
1762.36639323888,1551.08128262491,329.835082458771
1764.85210042257,1558.53840417599,329.835082458771
1764.85210042257,1553.5669898086,329.835082458771
1921.45165299528,666.169525229928,344.827586206897
1958.73726075068,1595.82401193139,344.827586206897
2008.45140442456,2090.47974148645,344.827586206897
2145.16529952772,2015.90852597564,344.827586206897
2182.45090728312,1757.39497887149,344.827586206897
2311.7076808352,1563.50981854338,344.827586206897
2321.65050956997,820.283370618941,344.827586206897
2321.65050956997,1570.96694009446,344.827586206897
2329.10763112105,830.226199353716,329.835082458771
2366.39323887646,1205.56798409147,329.835082458771
260.999254287845,1011.68282376336,344.827586206897
432.513049962714,1068.85408898832,344.827586206897
623.912503107134,1720.10937111608,359.820089955023
830.226199353716,1021.62565249814,344.827586206897
835.197613721104,1026.59706686552,344.827586206897
837.683320904797,1009.19711657967,344.827586206897
837.683320904797,1948.79443201591,344.827586206897
847.626149639573,1956.25155356699,344.827586206897
917.225950782998,1546.10986825752,344.827586206897
917.225950782998,1536.16703952274,344.827586206897
929.654486701467,1543.62416107383,344.827586206897
1208.05369127517,2423.56450410142,344.827586206897
1217.99652000994,2416.10738255034,344.827586206897
1280.13919960229,661.19811086254,344.827586206897
1285.11061396967,683.569475515784,344.827586206897
1287.59632115337,688.540889883172,344.827586206897
1426.79592344022,233.656475267214,359.820089955023
1441.71016654238,260.999254287845,359.820089955023
1861.79468058663,2227.19363658961,359.820089955023
1923.93736017897,681.08376833209,344.827586206897
1953.7658463833,1414.36738752175,374.812593703148
2125.27964205817,1749.93785732041,359.820089955023
2179.96520009943,728.312204822272,359.820089955023
2316.67909520259,894.854586129754,359.820089955023
2348.9932885906,1232.91076311211,344.827586206897
2361.42182450907,1222.96793437733,359.820089955023
42.2570221227939,1014.16853094705,359.820089955023
221.227939348745,678.598061148397,359.820089955023
236.142182450907,1297.53914988814,389.805097451274
263.484961471539,810.340541884166,359.820089955023
579.169773800646,434.998757146408,389.805097451274
584.141188168034,952.02585135471,374.812593703148
646.283867760378,2105.39398458862,374.812593703148
656.226696495153,2112.8511061397,374.812593703148
792.94059159831,1322.39622172508,359.820089955023
795.426298782004,1332.33905045986,359.820089955023
842.654735272185,1024.11135968183,359.820089955023
892.36887894606,1911.5088242605,359.820089955023
934.625901068854,720.855083271191,359.820089955023
937.111608252548,653.740989311459,359.820089955023
952.02585135471,671.140939597315,374.812593703148
1138.45389013174,882.426050211285,374.812593703148
1198.11086254039,1958.73726075068,389.805097451274
1208.05369127517,2202.33656475267,374.812593703148
1322.39622172508,1063.88267462093,374.812593703148
1434.2530449913,2378.82177479493,359.820089955023
1851.85185185185,2224.70792940592,359.820089955023
1931.39448173005,156.599552572707,359.820089955023
1943.82301764852,1406.91026597067,359.820089955023
2070.5940840169,778.026348496147,374.812593703148
2299.27914491673,884.911757394979,359.820089955023
2363.90753169277,989.311459110117,389.805097451274
2366.39323887646,1232.91076311211,359.820089955023
211.28511061397,673.626646781009,374.812593703148
251.05642555307,812.82624906786,389.805097451274
300.770569226945,1565.99552572707,404.7976011994
305.741983594333,566.741237882178,389.805097451274
422.570221227939,1481.48148148148,389.805097451274
556.798409147402,937.111608252548,374.812593703148
601.54113845389,693.512304250559,389.805097451274
857.568978374347,1953.7658463833,374.812593703148
902.311707680835,534.427044494159,404.7976011994
924.683072334079,636.341039025603,374.812593703148
1153.36813323391,768.083519761372,389.805097451274
1158.33954760129,750.683569475516,389.805097451274
1190.65374098931,392.741735023614,389.805097451274
1193.13944817301,385.284613472533,374.812593703148
1215.51081282625,2237.13646532438,389.805097451274
1342.28187919463,1051.45413870246,374.812593703148
1367.13895103157,1536.16703952274,389.805097451274
1732.53790703455,2189.9080288342,389.805097451274
1730.05219985086,2179.96520009943,389.805097451274
1757.39497887149,1446.68158090977,389.805097451274
1961.22296793438,1588.36689038031,389.805097451274
2209.79368630375,1762.36639323888,404.7976011994
2259.50782997763,1004.22570221228,389.805097451274
2306.73626646781,892.36887894606,374.812593703148
2334.07904548844,700.969425801641,389.805097451274
320.656226696495,1394.4817300522,389.805097451274
328.113348247576,1382.05319413373,404.7976011994
521.99850857569,375.341784737758,404.7976011994
559.284116331096,952.02585135471,389.805097451274
666.169525229928,1384.53890131742,404.7976011994
775.540641312453,1640.56674123788,404.7976011994
792.94059159831,2003.47999005717,404.7976011994
939.597315436242,728.312204822272,389.805097451274
1135.96818294805,2296.79343773304,404.7976011994
1170.76808351976,765.597812577678,404.7976011994
1230.42505592841,1242.85359184688,404.7976011994
1426.79592344022,338.056176982351,404.7976011994
1630.62391250311,2264.47924434502,404.7976011994
1971.16579666915,1645.53815560527,404.7976011994
2224.70792940592,1774.79492915735,404.7976011994
2229.6793437733,509.569972657221,404.7976011994
529.455630126771,367.884663186677,404.7976011994
534.427044494159,377.827491921452,419.790104947526
638.826746209297,974.397216007954,434.782608695652
695.998011434253,1309.96768580661,404.7976011994
713.397961720109,1309.96768580661,404.7976011994
718.369376087497,355.456127268208,434.782608695652
810.340541884166,1986.08003977131,404.7976011994
1024.11135968183,1456.62440964454,434.782608695652
1043.99701715138,867.511807109123,419.790104947526
1126.02535421327,2304.25055928412,404.7976011994
1143.42530449913,884.911757394979,404.7976011994
1237.88217747949,1250.31071339796,404.7976011994
1406.91026597067,144.171016654238,419.790104947526
1503.85284613473,569.226945065871,419.790104947526
1630.62391250311,1516.28138205319,404.7976011994
1652.99527715635,1523.73850360428,404.7976011994
1640.56674123788,1200.59656972409,449.775112443778
1712.652249565,2150.1367138951,404.7976011994
1981.10862540393,1874.2232165051,419.790104947526
1996.02286850609,646.283867760378,419.790104947526
2085.50832711907,1829.48048719861,404.7976011994
2329.10763112105,889.883171762366,404.7976011994
2401.19313944817,1043.99701715138,404.7976011994
365.398956002983,1665.42381307482,434.782608695652
561.76982351479,1909.02311707681,434.782608695652
686.055182699478,1021.62565249814,449.775112443778
688.540889883172,1096.19686800895,449.775112443778
800.397713149391,1039.02560278399,434.782608695652
847.626149639573,942.083022619935,419.790104947526
914.740243599304,236.142182450907,434.782608695652
1034.0541884166,482.22719363659,434.782608695652
1538.65274670644,146.656723837932,419.790104947526
1697.73800646284,2135.22247079294,434.782608695652
1715.13795674869,2135.22247079294,419.790104947526
1782.25205070843,1230.42505592841,419.790104947526
1784.73775789212,1240.36788466319,419.790104947526
2035.79418344519,1193.13944817301,419.790104947526
2040.76559781258,1203.08227690778,419.790104947526
2135.22247079294,1464.08153119563,434.782608695652
507.084265473527,1518.76708923689,449.775112443778
631.369624658215,579.169773800646,449.775112443778
860.054685558041,944.568729803629,434.782608695652
929.654486701467,827.740492170022,464.767616191904
971.911508824261,2065.62266964952,449.775112443778
974.397216007954,2050.70842654735,449.775112443778
1210.53939845886,581.65548098434,479.76011994003
1359.68182948049,1667.90952025851,449.775112443778
1364.65324384787,1652.99527715635,434.782608695652
1394.4817300522,144.171016654238,434.782608695652
1419.33880188914,345.513298533433,434.782608695652
1431.76733780761,154.113845389013,464.767616191904
1451.65299527716,1812.08053691275,434.782608695652
1491.42431021626,571.712652249565,434.782608695652
1523.73850360428,146.656723837932,449.775112443778
1541.13845389013,1116.0825254785,464.767616191904
1563.50981854338,1118.56823266219,449.775112443778
1618.19537658464,1523.73850360428,434.782608695652
1618.19537658464,1511.30996768581,449.775112443778
1618.19537658464,2261.99353716132,434.782608695652
1635.59532687049,1526.22421078797,449.775112443778
1645.53815560527,2005.96569724086,449.775112443778
1682.82376336068,2137.70817797663,434.782608695652
1700.22371364653,1354.7104151131,449.775112443778
1700.22371364653,2150.1367138951,434.782608695652
1715.13795674869,231.17076808352,449.775112443778
1767.33780760626,1230.42505592841,434.782608695652
1772.30922197365,1242.85359184688,434.782608695652
1831.9661943823,1807.10912254536,449.775112443778
1951.2801391996,1638.08103405419,434.782608695652
1966.19438230176,1876.70892368879,434.782608695652
1986.08003977131,651.255282127765,449.775112443778
1993.5371613224,959.482972905792,464.767616191904
2023.36564752672,1195.6251553567,449.775112443778
2030.8227690778,1175.73949788715,449.775112443778
2073.0797912006,1826.99478001491,434.782608695652
2125.27964205817,1456.62440964454,434.782608695652
2187.42232165051,865.026099925429,434.782608695652
2346.50758140691,1252.79642058166,464.767616191904
2383.79318916232,1046.48272433507,434.782608695652
362.913248819289,1657.96669152374,449.775112443778
773.05493412876,492.170022371365,464.767616191904
909.768829231916,1379.56748695004,464.767616191904
932.14019388516,223.713646532438,464.767616191904
947.054436987323,1657.96669152374,449.775112443778
1198.11086254039,586.626895351728,449.775112443778
1217.99652000994,591.598309719115,449.775112443778
1277.65349241859,2145.16529952772,464.767616191904
1367.13895103157,2020.87994034303,464.767616191904
1379.56748695004,2028.33706189411,449.775112443778
1441.71016654238,1822.02336564753,449.775112443778
1526.22421078797,159.085259756401,464.767616191904
1553.5669898086,1135.96818294805,464.767616191904
1824.50907283122,1819.53765846383,464.767616191904
2003.47999005717,636.341039025603,464.767616191904
2000.99428287348,482.22719363659,479.76011994003
2179.96520009943,874.968928660204,449.775112443778
822.769077802635,1165.79666915237,464.767616191904
912.25453641561,1031.56848123291,479.76011994003
964.454387273179,1662.93810589113,464.767616191904
1242.85359184688,2112.8511061397,479.76011994003
1282.62490678598,2115.33681332339,464.767616191904
1439.22445935869,1227.93934874472,494.752623688156
1456.62440964454,845.140442455879,479.76011994003
1546.10986825752,2170.02237136465,479.76011994003
1628.13820531941,1449.16728809346,464.767616191904
1643.05244842158,1449.16728809346,479.76011994003
1836.93760874969,939.597315436242,464.767616191904
1849.36614466816,927.168779517773,479.76011994003
1846.88043748446,944.568729803629,464.767616191904
1951.2801391996,1849.36614466816,494.752623688156
2229.6793437733,1421.82450907283,494.752623688156
790.454884414616,616.455381556053,479.76011994003
989.311459110117,1692.76659209545,494.752623688156
991.797166293811,1705.19512801392,494.752623688156
1128.51106139697,1068.85408898832,509.745127436282
1449.16728809346,1237.88217747949,494.752623688156
1700.22371364653,482.22719363659,509.745127436282
1717.62366393239,410.141685309471,494.752623688156
1725.08078548347,226.199353716132,479.76011994003
1953.7658463833,768.083519761372,494.752623688156
2127.76534924186,691.026597066866,479.76011994003
2264.47924434502,1262.73924931643,479.76011994003
2266.96495152871,1245.33929903057,494.752623688156
2281.87919463087,1260.25354213274,494.752623688156
442.455878697489,643.798160576684,494.752623688156
444.941585881183,636.341039025603,494.752623688156
708.426547352722,444.941585881183,509.745127436282
710.912254536416,459.855828983346,509.745127436282
723.340790454884,449.913000248571,509.745127436282
850.111856823266,1625.65249813572,524.737631184408
976.882923191648,2078.05120556798,524.737631184408
1078.79691772309,288.342033308476,509.745127436282
1349.73900074571,698.483718617947,509.745127436282
1354.7104151131,686.055182699478,524.737631184408
1387.02460850112,688.540889883172,524.737631184408
1414.36738752175,1205.56798409147,509.745127436282
1426.79592344022,1213.02510564256,509.745127436282
1588.36689038031,663.683818046234,509.745127436282
1593.3383047477,1899.08028834203,524.737631184408
1603.28113348248,1884.16604523987,524.737631184408
1705.19512801392,422.570221227939,509.745127436282
1720.10937111608,425.055928411633,509.745127436282
1727.56649266716,2003.47999005717,509.745127436282
1739.99502858563,2008.45140442456,524.737631184408
1817.05195128014,1439.22445935869,509.745127436282
1879.19463087248,855.083271190654,509.745127436282
1961.22296793438,785.483470047228,509.745127436282
2023.36564752672,1347.25329356202,494.752623688156
2120.30822769078,693.512304250559,509.745127436282
2219.73651503853,1217.99652000994,509.745127436282
2244.59358687547,1217.99652000994,524.737631184408
2259.50782997763,1262.73924931643,494.752623688156
2269.4506587124,1265.22495650012,494.752623688156
961.968680089485,2078.05120556798,524.737631184408
966.940094456873,2100.42257022123,524.737631184408
1039.02560278399,1841.90902311708,524.737631184408
1068.85408898832,283.370618941089,509.745127436282
1073.8255033557,280.884911757395,509.745127436282
1369.62465821526,691.026597066866,509.745127436282
1394.4817300522,325.627641063883,539.730134932534
1528.70991797166,2030.8227690778,524.737631184408
1774.79492915735,1963.70867511807,524.737631184408
1891.62316679095,842.654735272185,524.737631184408
1973.65150385285,1720.10937111608,539.730134932534
2187.42232165051,1285.11061396967,524.737631184408
2194.87944320159,1275.1677852349,539.730134932534
879.940343027591,1493.91001739995,554.72263868066
897.340293313448,1486.45289584887,524.737631184408
1034.0541884166,1831.9661943823,524.737631184408
1048.96843151877,1841.90902311708,524.737631184408
1066.36838180462,300.770569226945,524.737631184408
1518.76708923689,2035.79418344519,524.737631184408
1568.48123291076,1963.70867511807,539.730134932534
1861.79468058663,1831.9661943823,554.72263868066
1973.65150385285,1737.50932140194,539.730134932534
1991.0514541387,1575.93835446184,554.72263868066
551.826994780015,773.05493412876,539.730134932534
780.512055679841,539.398458861546,539.730134932534
822.769077802635,1449.16728809346,539.730134932534
894.854586129754,1496.39572458364,539.730134932534
944.568729803629,449.913000248571,539.730134932534
971.911508824261,576.684066616953,539.730134932534
1031.56848123291,1836.93760874969,539.730134932534
1043.99701715138,1849.36614466816,539.730134932534
1061.39696743724,1324.88192890877,554.72263868066
1068.85408898832,283.370618941089,539.730134932534
1073.8255033557,280.884911757395,539.730134932534
1076.3112105394,1322.39622172508,539.730134932534
1081.28262490679,295.799154859558,539.730134932534
1270.19637086751,1190.65374098931,554.72263868066
1454.13870246085,1565.99552572707,569.715142428786
1563.50981854338,723.340790454884,554.72263868066
1573.45264727815,715.883668903803,554.72263868066
1814.56624409645,773.05493412876,554.72263868066
1861.79468058663,618.941088739746,554.72263868066
544.369873228934,770.569226945066,569.715142428786
765.597812577678,539.398458861546,554.72263868066
810.340541884166,1449.16728809346,554.72263868066
832.71190653741,1628.13820531941,554.72263868066
865.026099925429,1498.88143176734,554.72263868066
927.168779517773,439.970171513796,554.72263868066
937.111608252548,442.455878697489,569.715142428786
952.02585135471,2100.42257022123,554.72263868066
1048.96843151877,1324.88192890877,554.72263868066
1048.96843151877,427.541635595327,554.72263868066
1063.88267462093,415.113099676858,554.72263868066
1188.16803380562,1145.91101168282,554.72263868066
1787.22346507581,877.454635843898,554.72263868066
1861.79468058663,633.855331841909,584.707646176912
464.827243350733,1364.65324384787,584.707646176912
474.770072085508,1374.59607258265,599.700149925038
787.969177230922,641.31245339299,584.707646176912
825.254784986329,1446.68158090977,584.707646176912
897.340293313448,1493.91001739995,569.715142428786
942.083022619935,1024.11135968183,584.707646176912
1009.19711657967,1424.31021625653,584.707646176912
1061.39696743724,425.055928411633,569.715142428786
1076.3112105394,417.598806860552,584.707646176912
1078.79691772309,1319.91051454139,569.715142428786
1203.08227690778,1145.91101168282,584.707646176912
1401.93885160328,323.141933880189,569.715142428786
1578.42406164554,1963.70867511807,569.715142428786
1583.39547601293,708.426547352722,569.715142428786
1600.79542629878,956.997265722098,584.707646176912
1792.1948794432,874.968928660204,584.707646176912
1826.99478001491,773.05493412876,569.715142428786
1861.79468058663,626.398210290828,569.715142428786
1866.76609495401,616.455381556053,584.707646176912
1983.59433258762,1720.10937111608,569.715142428786
2028.33706189411,1133.48247576436,584.707646176912
2033.3084762615,942.083022619935,584.707646176912
544.369873228934,1173.25379070346,599.700149925038
698.483718617947,1692.76659209545,614.692653673163
705.940840169028,1705.19512801392,599.700149925038
780.512055679841,539.398458861546,584.707646176912
825.254784986329,1237.88217747949,584.707646176912
830.226199353716,1250.31071339796,599.700149925038
1026.59706686552,1687.79517772806,599.700149925038
1158.33954760129,1901.56599552573,614.692653673163
1483.96718866518,1881.68033805618,614.692653673163
1565.99552572707,723.340790454884,584.707646176912
1575.93835446184,710.912254536416,584.707646176912
1859.30897340293,1831.9661943823,584.707646176912
1869.25180213771,1498.88143176734,599.700149925038
1988.56574695501,1575.93835446184,584.707646176912
2015.90852597564,1140.93959731544,584.707646176912
581.65548098434,1424.31021625653,614.692653673163
775.540641312453,1660.45239870743,629.685157421289
830.226199353716,1237.88217747949,614.692653673163
1285.11061396967,1598.30971911509,629.685157421289
1292.56773552076,1600.79542629878,599.700149925038
1300.02485707184,1598.30971911509,629.685157421289
1357.19612229679,1628.13820531941,629.685157421289
1369.62465821526,1046.48272433507,629.685157421289
1677.85234899329,1779.76634352473,629.685157421289
1735.02361421825,643.798160576684,614.692653673163
1769.82351478996,1247.82500621427,614.692653673163
1789.70917225951,1255.28212776535,629.685157421289
1814.56624409645,730.797912005966,614.692653673163
2025.85135471042,949.540144171017,599.700149925038
541.88416604524,1163.31096196868,629.685157421289
976.882923191648,1093.71116082525,629.685157421289
1319.91051454139,1672.8809346259,629.685157421289
1598.30971911509,956.997265722098,614.692653673163
1769.82351478996,1260.25354213274,629.685157421289
1861.79468058663,1506.33855331842,614.692653673163
1933.88018891375,1063.88267462093,629.685157421289
1063.88267462093,1511.30996768581,659.670164917541
1163.31096196868,1744.96644295302,659.670164917541
1213.02510564256,725.826497638578,644.677661169415
1352.22470792941,1585.88118319662,659.670164917541
1804.62341536167,1406.91026597067,659.670164917541
1921.45165299528,1061.39696743724,644.677661169415
718.369376087497,927.168779517773,644.677661169415
733.283619189659,932.14019388516,644.677661169415
949.540144171017,1434.2530449913,674.662668665667
1061.39696743724,1019.13994531444,659.670164917541
1183.19661943823,1270.19637086751,644.677661169415
1262.73924931643,1523.73850360428,674.662668665667
1451.65299527716,1469.05294556301,689.655172413793
1491.42431021626,710.912254536416,674.662668665667
1670.39522744221,832.71190653741,659.670164917541
1670.39522744221,815.311956251554,659.670164917541
1799.65200099428,1387.02460850112,659.670164917541
964.454387273179,1429.28163062391,674.662668665667
1193.13944817301,1272.68207805121,659.670164917541
949.540144171017,1349.73900074571,674.662668665667
1031.56848123291,840.169028088491,674.662668665667
1061.39696743724,996.768580661198,674.662668665667
1222.96793437733,705.940840169028,674.662668665667
1322.39622172508,1175.73949788715,674.662668665667
1347.25329356202,1329.85334327616,689.655172413793
1354.7104151131,1314.939100174,689.655172413793
1359.68182948049,1469.05294556301,689.655172413793
1620.68108376833,1449.16728809346,689.655172413793
1620.68108376833,1469.05294556301,674.662668665667
1016.65423813075,1063.88267462093,689.655172413793
1026.59706686552,855.083271190654,689.655172413793
1056.42555306985,1011.68282376336,689.655172413793
1158.33954760129,1036.5398956003,689.655172413793
1277.65349241859,1491.42431021626,689.655172413793
1372.11036539896,1220.48222719364,704.647676161919
1379.56748695004,1471.53865274671,704.647676161919
1026.59706686552,865.026099925429,704.647676161919
1193.13944817301,1272.68207805121,704.647676161919
1297.53914988814,1173.25379070346,719.640179910045
1319.91051454139,1113.5968182948,719.640179910045
1324.88192890877,1168.28237633607,704.647676161919
1014.16853094705,1056.42555306985,719.640179910045
1026.59706686552,852.59756400696,719.640179910045
1155.8538404176,1029.08277404922,719.640179910045
1304.99627143922,1188.16803380562,719.640179910045
1339.79617201094,1332.33905045986,719.640179910045
1347.25329356202,1314.939100174,719.640179910045
1372.11036539896,1471.53865274671,719.640179910045
1610.73825503356,1451.65299527716,719.640179910045
