79.5426298782003,1749.93785732041,29.9850074962519
91.9711657966692,850.111856823266,44.9775112443778
96.9425801640567,1158.33954760129,29.9850074962519
146.656723837932,1158.33954760129,29.9850074962519
216.256524981357,566.741237882178,29.9850074962519
243.599304001989,817.797663435247,29.9850074962519
241.113596818295,517.027094208302,29.9850074962519
256.027839920457,666.169525229928,29.9850074962519
308.227690778026,760.626398210291,29.9850074962519
298.284862043251,1285.11061396967,14.9925037481259
303.256276410639,1277.65349241859,44.9775112443778
310.71339796172,1043.99701715138,29.9850074962519
313.199105145414,432.513049962714,14.9925037481259
320.656226696495,778.026348496147,14.9925037481259
323.141933880189,1285.11061396967,29.9850074962519
320.656226696495,765.597812577678,14.9925037481259
330.59905543127,1307.48197862292,29.9850074962519
355.456127268208,1282.62490678598,29.9850074962519
457.370121799652,425.055928411633,29.9850074962519
507.084265473527,1034.0541884166,14.9925037481259
507.084265473527,1707.68083519761,14.9925037481259
519.512801391996,1098.68257519264,14.9925037481259
524.484215759384,554.312701963709,14.9925037481259
526.969922943077,1742.48073576933,29.9850074962519
519.512801391996,1722.59507829978,29.9850074962519
531.941337310465,1019.13994531444,14.9925037481259
531.941337310465,1725.08078548347,14.9925037481259
531.941337310465,1710.16654238131,29.9850074962519
541.88416604524,1051.45413870246,14.9925037481259
544.369873228934,1695.25229927915,14.9925037481259
551.826994780015,293.313447675864,29.9850074962519
541.88416604524,1730.05219985086,29.9850074962519
549.341287596321,1076.3112105394,14.9925037481259
546.855580412627,1744.96644295302,14.9925037481259
546.855580412627,1732.53790703455,14.9925037481259
556.798409147402,1710.16654238131,29.9850074962519
551.826994780015,1737.50932140194,14.9925037481259
556.798409147402,1016.65423813075,14.9925037481259
559.284116331096,991.797166293811,29.9850074962519
564.255530698484,1051.45413870246,14.9925037481259
561.76982351479,1086.25403927417,14.9925037481259
569.226945065871,1941.33731046483,14.9925037481259
566.741237882178,1732.53790703455,29.9850074962519
571.712652249565,1029.08277404922,14.9925037481259
571.712652249565,1739.99502858563,14.9925037481259
576.684066616953,986.825751926423,14.9925037481259
591.598309719115,1048.96843151877,14.9925037481259
589.112602535421,1029.08277404922,14.9925037481259
594.084016902809,1011.68282376336,14.9925037481259
601.54113845389,1121.05393984589,14.9925037481259
608.998260004971,1121.05393984589,14.9925037481259
613.969674372359,1083.76833209048,14.9925037481259
621.42679592344,1096.19686800895,14.9925037481259
628.883917474521,405.170270942083,29.9850074962519
626.398210290828,1106.13969674372,14.9925037481259
633.855331841909,1036.5398956003,14.9925037481259
633.855331841909,1073.8255033557,14.9925037481259
653.740989311459,947.054436987323,29.9850074962519
765.597812577678,1779.76634352473,14.9925037481259
775.540641312453,810.340541884166,14.9925037481259
778.026348496147,2095.45115585384,14.9925037481259
782.997762863535,805.369127516779,14.9925037481259
787.969177230922,1998.50857568978,14.9925037481259
790.454884414616,1993.5371613224,14.9925037481259
835.197613721104,633.855331841909,14.9925037481259
837.683320904797,2033.3084762615,14.9925037481259
850.111856823266,658.712403678847,29.9850074962519
855.083271190654,2018.39423315933,14.9925037481259
857.568978374347,666.169525229928,14.9925037481259
961.968680089485,683.569475515784,29.9850074962519
966.940094456873,2150.1367138951,59.9700149925037
971.911508824261,733.283619189659,29.9850074962519
971.911508824261,2130.25105642555,44.9775112443778
974.397216007954,1056.42555306985,14.9925037481259
984.340044742729,897.340293313448,29.9850074962519
994.282873477504,1083.76833209048,14.9925037481259
1004.22570221228,1106.13969674372,14.9925037481259
1004.22570221228,909.768829231916,29.9850074962519
1006.71140939597,1093.71116082525,14.9925037481259
1014.16853094705,1001.73999502859,14.9925037481259
1016.65423813075,989.311459110117,14.9925037481259
1039.02560278399,484.712900820283,29.9850074962519
1041.51130996769,912.25453641561,29.9850074962519
1043.99701715138,956.997265722098,14.9925037481259
1066.36838180462,904.797414864529,29.9850074962519
1053.93984588615,874.968928660204,29.9850074962519
1056.42555306985,969.425801640567,29.9850074962519
1073.8255033557,2107.87969177231,14.9925037481259
1078.79691772309,2192.3937360179,14.9925037481259
1088.73974645787,715.883668903803,29.9850074962519
1091.22545364156,2097.93686303753,29.9850074962519
1091.22545364156,2127.76534924186,14.9925037481259
1096.19686800895,2117.82252050708,14.9925037481259
1098.68257519264,2125.27964205817,29.9850074962519
1101.16828237634,2117.82252050708,14.9925037481259
1106.13969674372,961.968680089485,14.9925037481259
1128.51106139697,1043.99701715138,14.9925037481259
1138.45389013174,2068.10837683321,29.9850074962519
1145.91101168282,2055.67984091474,29.9850074962519
1155.8538404176,1043.99701715138,29.9850074962519
1155.8538404176,1061.39696743724,29.9850074962519
1160.82525478499,2102.90827740492,14.9925037481259
1170.76808351976,1043.99701715138,14.9925037481259
1170.76808351976,939.597315436242,14.9925037481259
1175.73949788715,937.111608252548,29.9850074962519
1180.71091225454,2286.85060899826,29.9850074962519
1210.53939845886,2110.365398956,14.9925037481259
1213.02510564256,2294.30773054934,14.9925037481259
1235.3964702958,380.313199105145,29.9850074962519
1237.88217747949,2162.56524981357,14.9925037481259
1262.73924931643,2304.25055928412,14.9925037481259
1270.19637086751,514.541387024609,14.9925037481259
1272.68207805121,2242.10787969177,14.9925037481259
1272.68207805121,2053.19413373105,14.9925037481259
1277.65349241859,2055.67984091474,29.9850074962519
1282.62490678598,2095.45115585384,29.9850074962519
1282.62490678598,2306.73626646781,14.9925037481259
1285.11061396967,2080.53691275168,14.9925037481259
1292.56773552076,855.083271190654,14.9925037481259
1295.05344270445,2438.47874720358,14.9925037481259
1297.53914988814,2445.93586875466,14.9925037481259
1312.45339299031,2199.85085756898,14.9925037481259
1322.39622172508,708.426547352722,29.9850074962519
1324.88192890877,2080.53691275168,14.9925037481259
1329.85334327616,2092.96544867015,14.9925037481259
1334.82475764355,2219.73651503853,29.9850074962519
1344.76758637832,2155.10812826249,29.9850074962519
1334.82475764355,2284.36490181457,29.9850074962519
1339.79617201094,2117.82252050708,29.9850074962519
1334.82475764355,2254.53641561024,14.9925037481259
1344.76758637832,2296.79343773304,14.9925037481259
1362.16753666418,2122.79393487447,29.9850074962519
1347.25329356202,2234.65075814069,29.9850074962519
1354.7104151131,2097.93686303753,14.9925037481259
1354.7104151131,671.140939597315,29.9850074962519
1359.68182948049,623.912503107134,29.9850074962519
1357.19612229679,2155.10812826249,14.9925037481259
1362.16753666418,608.998260004971,14.9925037481259
1377.08177976634,673.626646781009,14.9925037481259
1372.11036539896,2229.6793437733,14.9925037481259
1374.59607258265,2222.22222222222,14.9925037481259
1379.56748695004,2040.76559781258,29.9850074962519
1379.56748695004,2068.10837683321,29.9850074962519
1382.05319413373,2025.85135471042,14.9925037481259
1382.05319413373,2239.62217250808,29.9850074962519
1389.51031568481,2199.85085756898,29.9850074962519
1382.05319413373,2281.87919463087,29.9850074962519
1391.99602286851,2234.65075814069,14.9925037481259
1394.4817300522,2142.67959234402,29.9850074962519
1404.42455878698,2087.99403430276,29.9850074962519
1414.36738752175,2065.62266964952,29.9850074962519
1451.65299527716,2055.67984091474,29.9850074962519
1456.62440964454,2371.36465324385,14.9925037481259
1459.11011682824,1645.53815560527,14.9925037481259
1469.05294556301,693.512304250559,14.9925037481259
1466.56723837932,2403.67884663187,14.9925037481259
1474.0243599304,2063.13696246582,14.9925037481259
1478.99577429779,2413.62167536664,14.9925037481259
1478.99577429779,2383.79318916232,14.9925037481259
1478.99577429779,2391.2503107134,14.9925037481259
1486.45289584887,698.483718617947,29.9850074962519
1486.45289584887,1620.68108376833,14.9925037481259
1493.91001739995,2080.53691275168,14.9925037481259
1493.91001739995,2055.67984091474,14.9925037481259
1506.33855331842,718.369376087497,14.9925037481259
1503.85284613473,2112.8511061397,14.9925037481259
1518.76708923689,678.598061148397,14.9925037481259
1511.30996768581,1628.13820531941,14.9925037481259
1516.28138205319,2058.16554809843,14.9925037481259
1526.22421078797,2013.42281879195,14.9925037481259
1533.68133233905,1630.62391250311,14.9925037481259
1531.19562515536,1909.02311707681,14.9925037481259
1538.65274670644,703.455132985334,14.9925037481259
1548.59557544121,1926.42306736266,14.9925037481259
1563.50981854338,961.968680089485,29.9850074962519
1583.39547601293,1991.0514541387,14.9925037481259
1580.90976882923,641.31245339299,29.9850074962519
1580.90976882923,1538.65274670644,14.9925037481259
1583.39547601293,2018.39423315933,14.9925037481259
1583.39547601293,1541.13845389013,14.9925037481259
1583.39547601293,1548.59557544121,14.9925037481259
1585.88118319662,2023.36564752672,14.9925037481259
1588.36689038031,735.769326373353,14.9925037481259
1588.36689038031,753.16927665921,14.9925037481259
1595.82401193139,1578.42406164554,14.9925037481259
1590.85259756401,1981.10862540393,14.9925037481259
1595.82401193139,623.912503107134,29.9850074962519
1598.30971911509,1864.28038777032,29.9850074962519
1595.82401193139,740.740740740741,14.9925037481259
1600.79542629878,1881.68033805618,14.9925037481259
1608.25254784986,1928.90877454636,14.9925037481259
1608.25254784986,1909.02311707681,14.9925037481259
1615.70966940094,1362.16753666418,29.9850074962519
1610.73825503356,1973.65150385285,14.9925037481259
1613.22396221725,608.998260004971,14.9925037481259
1615.70966940094,668.655232413622,29.9850074962519
1620.68108376833,1377.08177976634,14.9925037481259
1620.68108376833,1911.5088242605,14.9925037481259
1620.68108376833,1551.08128262491,29.9850074962519
1623.16679095203,1946.30872483221,14.9925037481259
1623.16679095203,521.99850857569,14.9925037481259
1633.1096196868,1006.71140939597,14.9925037481259
1633.1096196868,1916.48023862789,14.9925037481259
1635.59532687049,1372.11036539896,14.9925037481259
1638.08103405419,1583.39547601293,14.9925037481259
1645.53815560527,1429.28163062391,14.9925037481259
1645.53815560527,1344.76758637832,14.9925037481259
1650.50956997266,748.197862291822,14.9925037481259
1652.99527715635,658.712403678847,29.9850074962519
1657.96669152374,1339.79617201094,29.9850074962519
1660.45239870743,984.340044742729,14.9925037481259
1657.96669152374,1578.42406164554,14.9925037481259
1665.42381307482,608.998260004971,29.9850074962519
1665.42381307482,869.997514292816,14.9925037481259
1670.39522744221,2331.59333830475,14.9925037481259
1672.8809346259,723.340790454884,14.9925037481259
1677.85234899329,942.083022619935,29.9850074962519
1667.90952025851,1009.19711657967,14.9925037481259
1672.8809346259,1014.16853094705,29.9850074962519
1672.8809346259,676.112353964703,29.9850074962519
1680.33805617698,549.341287596321,29.9850074962519
1680.33805617698,899.826000497141,14.9925037481259
1680.33805617698,661.19811086254,29.9850074962519
1677.85234899329,1774.79492915735,14.9925037481259
1677.85234899329,1717.62366393239,14.9925037481259
1685.30947054437,569.226945065871,14.9925037481259
1685.30947054437,760.626398210291,14.9925037481259
1687.79517772806,2321.65050956997,14.9925037481259
1685.30947054437,964.454387273179,44.9775112443778
1690.28088491176,835.197613721104,29.9850074962519
1692.76659209545,1026.59706686552,14.9925037481259
1700.22371364653,1732.53790703455,29.9850074962519
1697.73800646284,984.340044742729,29.9850074962519
1697.73800646284,1481.48148148148,14.9925037481259
1700.22371364653,897.340293313448,29.9850074962519
1695.25229927915,668.655232413622,14.9925037481259
1705.19512801392,942.083022619935,29.9850074962519
1700.22371364653,1720.10937111608,14.9925037481259
1702.70942083023,1797.16629381059,14.9925037481259
1707.68083519761,638.826746209297,29.9850074962519
1712.652249565,1799.65200099428,14.9925037481259
1707.68083519761,1543.62416107383,14.9925037481259
1707.68083519761,1533.68133233905,14.9925037481259
1712.652249565,1411.88168033806,14.9925037481259
1710.16654238131,1019.13994531444,14.9925037481259
1707.68083519761,1528.70991797166,14.9925037481259
1712.652249565,1769.82351478996,14.9925037481259
1715.13795674869,1742.48073576933,29.9850074962519
1715.13795674869,1334.82475764355,14.9925037481259
1722.59507829978,1471.53865274671,14.9925037481259
1720.10937111608,865.026099925429,29.9850074962519
1720.10937111608,899.826000497141,14.9925037481259
1715.13795674869,566.741237882178,14.9925037481259
1715.13795674869,556.798409147402,14.9925037481259
1725.08078548347,1762.36639323888,29.9850074962519
1717.62366393239,646.283867760378,14.9925037481259
1722.59507829978,1568.48123291076,29.9850074962519
1722.59507829978,691.026597066866,14.9925037481259
1725.08078548347,569.226945065871,29.9850074962519
1725.08078548347,1210.53939845886,14.9925037481259
1722.59507829978,922.197365150385,14.9925037481259
1727.56649266716,991.797166293811,14.9925037481259
1725.08078548347,1533.68133233905,14.9925037481259
1725.08078548347,1367.13895103157,14.9925037481259
1735.02361421825,889.883171762366,44.9775112443778
1727.56649266716,969.425801640567,14.9925037481259
1730.05219985086,1309.96768580661,29.9850074962519
1732.53790703455,914.740243599304,14.9925037481259
1730.05219985086,937.111608252548,14.9925037481259
1730.05219985086,596.569724086503,14.9925037481259
1737.50932140194,768.083519761372,14.9925037481259
1737.50932140194,611.483967188665,29.9850074962519
1735.02361421825,924.683072334079,44.9775112443778
1737.50932140194,1369.62465821526,14.9925037481259
1737.50932140194,860.054685558041,29.9850074962519
1749.93785732041,874.968928660204,29.9850074962519
1735.02361421825,594.084016902809,29.9850074962519
1739.99502858563,1764.85210042257,14.9925037481259
1737.50932140194,586.626895351728,14.9925037481259
1744.96644295302,837.683320904797,44.9775112443778
1742.48073576933,2107.87969177231,14.9925037481259
1742.48073576933,710.912254536416,29.9850074962519
1747.45215013671,1757.39497887149,14.9925037481259
1749.93785732041,919.711657966692,14.9925037481259
1752.4235645041,661.19811086254,29.9850074962519
1744.96644295302,1575.93835446184,14.9925037481259
1749.93785732041,1230.42505592841,14.9925037481259
1749.93785732041,1769.82351478996,14.9925037481259
1749.93785732041,1777.28063634104,14.9925037481259
1749.93785732041,1742.48073576933,14.9925037481259
1752.4235645041,1016.65423813075,14.9925037481259
1757.39497887149,641.31245339299,29.9850074962519
1752.4235645041,768.083519761372,14.9925037481259
1752.4235645041,820.283370618941,14.9925037481259
1754.9092716878,892.36887894606,14.9925037481259
1757.39497887149,1521.25279642058,14.9925037481259
1757.39497887149,884.911757394979,14.9925037481259
1759.88068605518,1009.19711657967,14.9925037481259
1762.36639323888,1245.33929903057,29.9850074962519
1759.88068605518,971.911508824261,29.9850074962519
1752.4235645041,956.997265722098,29.9850074962519
1759.88068605518,723.340790454884,14.9925037481259
1762.36639323888,718.369376087497,14.9925037481259
1772.30922197365,725.826497638578,29.9850074962519
1772.30922197365,1543.62416107383,29.9850074962519
1769.82351478996,986.825751926423,14.9925037481259
1769.82351478996,825.254784986329,14.9925037481259
1772.30922197365,964.454387273179,29.9850074962519
1767.33780760626,1563.50981854338,14.9925037481259
1774.79492915735,810.340541884166,29.9850074962519
1772.30922197365,2102.90827740492,14.9925037481259
1774.79492915735,663.683818046234,29.9850074962519
1769.82351478996,907.283122048223,44.9775112443778
1774.79492915735,874.968928660204,29.9850074962519
1774.79492915735,1235.3964702958,14.9925037481259
1779.76634352473,934.625901068854,29.9850074962519
1779.76634352473,2087.99403430276,14.9925037481259
1784.73775789212,648.769574944072,44.9775112443778
1779.76634352473,1205.56798409147,14.9925037481259
1784.73775789212,768.083519761372,29.9850074962519
1784.73775789212,678.598061148397,44.9775112443778
1794.6805866269,855.083271190654,14.9925037481259
1787.22346507581,1203.08227690778,29.9850074962519
1792.1948794432,884.911757394979,44.9775112443778
1792.1948794432,956.997265722098,14.9925037481259
1792.1948794432,872.48322147651,14.9925037481259
1794.6805866269,917.225950782998,29.9850074962519
1807.10912254536,840.169028088491,29.9850074962519
1802.13770817798,681.08376833209,14.9925037481259
1802.13770817798,954.511558538404,14.9925037481259
1809.59482972906,765.597812577678,29.9850074962519
1807.10912254536,857.568978374347,14.9925037481259
1809.59482972906,656.226696495153,14.9925037481259
1812.08053691275,877.454635843898,14.9925037481259
1807.10912254536,944.568729803629,14.9925037481259
1814.56624409645,927.168779517773,29.9850074962519
1809.59482972906,743.226447924435,29.9850074962519
1809.59482972906,869.997514292816,14.9925037481259
1812.08053691275,693.512304250559,14.9925037481259
1812.08053691275,862.540392741735,14.9925037481259
1822.02336564753,1190.65374098931,29.9850074962519
1819.53765846383,631.369624658215,29.9850074962519
1814.56624409645,618.941088739746,14.9925037481259
1817.05195128014,589.112602535421,14.9925037481259
1819.53765846383,686.055182699478,29.9850074962519
1822.02336564753,723.340790454884,14.9925037481259
1824.50907283122,857.568978374347,29.9850074962519
1824.50907283122,1809.59482972906,14.9925037481259
1831.9661943823,1235.3964702958,14.9925037481259
1841.90902311708,581.65548098434,29.9850074962519
1831.9661943823,1809.59482972906,14.9925037481259
1836.93760874969,1635.59532687049,29.9850074962519
1839.42331593338,1242.85359184688,14.9925037481259
1839.42331593338,728.312204822272,14.9925037481259
1839.42331593338,695.998011434253,14.9925037481259
1839.42331593338,892.36887894606,29.9850074962519
1836.93760874969,2155.10812826249,14.9925037481259
1836.93760874969,860.054685558041,14.9925037481259
1839.42331593338,1807.10912254536,14.9925037481259
1839.42331593338,1342.28187919463,29.9850074962519
1844.39473030077,2137.70817797663,14.9925037481259
1844.39473030077,862.540392741735,29.9850074962519
1849.36614466816,1230.42505592841,29.9850074962519
1851.85185185185,596.569724086503,14.9925037481259
1861.79468058663,691.026597066866,29.9850074962519
1844.39473030077,1327.36763609247,14.9925037481259
1851.85185185185,773.05493412876,14.9925037481259
1854.33755903555,1327.36763609247,14.9925037481259
1856.82326621924,1213.02510564256,14.9925037481259
1864.28038777032,668.655232413622,29.9850074962519
1846.88043748446,1334.82475764355,29.9850074962519
1856.82326621924,2155.10812826249,14.9925037481259
1859.30897340293,1508.82426050211,29.9850074962519
1864.28038777032,807.854834700472,29.9850074962519
1864.28038777032,1210.53939845886,14.9925037481259
1869.25180213771,1662.93810589113,14.9925037481259
1871.7375093214,710.912254536416,14.9925037481259
1876.70892368879,1101.16828237634,14.9925037481259
1884.16604523987,2147.65100671141,29.9850074962519
1891.62316679095,502.11285110614,14.9925037481259
1889.13745960726,1831.9661943823,14.9925037481259
1894.10887397465,720.855083271191,14.9925037481259
1901.56599552573,479.741486452896,29.9850074962519
1904.05170270942,1735.02361421825,14.9925037481259
1899.08028834203,1804.62341536167,14.9925037481259
1904.05170270942,730.797912005966,14.9925037481259
1909.02311707681,531.941337310465,29.9850074962519
1906.53740989311,1009.19711657967,14.9925037481259
1904.05170270942,723.340790454884,14.9925037481259
1918.96594581158,666.169525229928,29.9850074962519
1928.90877454636,517.027094208302,14.9925037481259
1923.93736017897,1829.48048719861,29.9850074962519
1923.93736017897,986.825751926423,14.9925037481259
1933.88018891375,288.342033308476,14.9925037481259
1933.88018891375,991.797166293811,14.9925037481259
1928.90877454636,1884.16604523987,14.9925037481259
1933.88018891375,1891.62316679095,14.9925037481259
1948.79443201591,1001.73999502859,14.9925037481259
1951.2801391996,1682.82376336068,14.9925037481259
1956.25155356699,1707.68083519761,14.9925037481259
1963.70867511807,1048.96843151877,14.9925037481259
1963.70867511807,1844.39473030077,14.9925037481259
1971.16579666915,1685.30947054437,14.9925037481259
1971.16579666915,1720.10937111608,29.9850074962519
1976.13721103654,653.740989311459,14.9925037481259
1971.16579666915,1672.8809346259,14.9925037481259
1971.16579666915,1735.02361421825,14.9925037481259
1978.62291822023,1702.70942083023,14.9925037481259
1986.08003977131,661.19811086254,14.9925037481259
1993.5371613224,1416.85309470544,14.9925037481259
2008.45140442456,1697.73800646284,14.9925037481259
2018.39423315933,904.797414864529,14.9925037481259
2028.33706189411,894.854586129754,14.9925037481259
2043.25130499627,942.083022619935,14.9925037481259
2053.19413373105,869.997514292816,14.9925037481259
2053.19413373105,852.59756400696,29.9850074962519
2058.16554809843,882.426050211285,14.9925037481259
2058.16554809843,2314.19338801889,14.9925037481259
2070.5940840169,646.283867760378,14.9925037481259
2070.5940840169,2309.2219736515,14.9925037481259
2080.53691275168,879.940343027591,14.9925037481259
2085.50832711907,899.826000497141,29.9850074962519
2092.96544867015,596.569724086503,14.9925037481259
2095.45115585384,604.026845637584,29.9850074962519
2095.45115585384,942.083022619935,14.9925037481259
2100.42257022123,902.311707680835,14.9925037481259
2097.93686303753,832.71190653741,14.9925037481259
2105.39398458862,879.940343027591,14.9925037481259
2112.8511061397,860.054685558041,14.9925037481259
2105.39398458862,869.997514292816,14.9925037481259
2110.365398956,874.968928660204,14.9925037481259
2115.33681332339,952.02585135471,14.9925037481259
2115.33681332339,882.426050211285,14.9925037481259
2155.10812826249,795.426298782004,29.9850074962519
2309.2219736515,1822.02336564753,14.9925037481259
2316.67909520259,1839.42331593338,29.9850074962519
2331.59333830475,1841.90902311708,14.9925037481259
2381.30748197862,1946.30872483221,14.9925037481259
2396.22172508079,1772.30922197365,14.9925037481259
2401.19313944817,1789.70917225951,14.9925037481259
2403.67884663187,1777.28063634104,29.9850074962519
32.3141933880189,1757.39497887149,59.9700149925037
243.599304001989,658.712403678847,44.9775112443778
290.82774049217,780.512055679841,29.9850074962519
308.227690778026,790.454884414616,29.9850074962519
328.113348247576,1036.5398956003,29.9850074962519
330.59905543127,790.454884414616,44.9775112443778
335.570469798658,1073.8255033557,29.9850074962519
338.056176982351,778.026348496147,44.9775112443778
345.513298533433,1029.08277404922,44.9775112443778
402.684563758389,1685.30947054437,29.9850074962519
422.570221227939,1682.82376336068,29.9850074962519
606.512552821278,422.570221227939,44.9775112443778
738.255033557047,1799.65200099428,29.9850074962519
825.254784986329,1429.28163062391,29.9850074962519
830.226199353716,1419.33880188914,29.9850074962519
850.111856823266,2050.70842654735,44.9775112443778
862.540392741735,643.798160576684,29.9850074962519
1130.99676858066,830.226199353716,44.9775112443778
1153.36813323391,1220.48222719364,59.9700149925037
1153.36813323391,1387.02460850112,44.9775112443778
1193.13944817301,2122.79393487447,29.9850074962519
1200.59656972409,1369.62465821526,44.9775112443778
1275.1677852349,2324.13621675367,29.9850074962519
1300.02485707184,2438.47874720358,29.9850074962519
1309.96768580661,2249.56500124285,44.9775112443778
1312.45339299031,2172.50807854835,29.9850074962519
1342.28187919463,2274.42207307979,29.9850074962519
1367.13895103157,2242.10787969177,29.9850074962519
1372.11036539896,601.54113845389,29.9850074962519
1382.05319413373,2152.6224210788,44.9775112443778
1389.51031568481,2242.10787969177,29.9850074962519
1414.36738752175,2152.6224210788,44.9775112443778
1426.79592344022,2160.07954262988,44.9775112443778
1424.31021625653,2217.25080785483,44.9775112443778
1451.65299527716,1635.59532687049,29.9850074962519
1511.30996768581,2015.90852597564,29.9850074962519
1558.53840417599,1620.68108376833,29.9850074962519
1620.68108376833,1921.45165299528,29.9850074962519
1628.13820531941,517.027094208302,29.9850074962519
1635.59532687049,914.740243599304,29.9850074962519
1633.1096196868,676.112353964703,44.9775112443778
1645.53815560527,641.31245339299,29.9850074962519
1650.50956997266,1387.02460850112,44.9775112443778
1662.93810589113,899.826000497141,29.9850074962519
1677.85234899329,860.054685558041,29.9850074962519
1677.85234899329,981.854337559036,44.9775112443778
1697.73800646284,827.740492170022,29.9850074962519
1695.25229927915,574.198359433259,29.9850074962519
1697.73800646284,2050.70842654735,29.9850074962519
1707.68083519761,596.569724086503,44.9775112443778
1702.70942083023,1774.79492915735,44.9775112443778
1715.13795674869,1548.59557544121,29.9850074962519
1722.59507829978,718.369376087497,29.9850074962519
1722.59507829978,673.626646781009,44.9775112443778
1725.08078548347,840.169028088491,29.9850074962519
1722.59507829978,646.283867760378,29.9850074962519
1727.56649266716,952.02585135471,29.9850074962519
1730.05219985086,631.369624658215,29.9850074962519
1727.56649266716,705.940840169028,29.9850074962519
1735.02361421825,661.19811086254,29.9850074962519
1735.02361421825,986.825751926423,29.9850074962519
1737.50932140194,937.111608252548,44.9775112443778
1737.50932140194,959.482972905792,29.9850074962519
1737.50932140194,971.911508824261,29.9850074962519
1737.50932140194,991.797166293811,29.9850074962519
1737.50932140194,693.512304250559,44.9775112443778
1747.45215013671,616.455381556053,44.9775112443778
1747.45215013671,2102.90827740492,29.9850074962519
1747.45215013671,1270.19637086751,29.9850074962519
1752.4235645041,1570.96694009446,29.9850074962519
1752.4235645041,942.083022619935,29.9850074962519
1749.93785732041,1533.68133233905,44.9775112443778
1759.88068605518,810.340541884166,29.9850074962519
1757.39497887149,1568.48123291076,29.9850074962519
1762.36639323888,937.111608252548,29.9850074962519
1764.85210042257,683.569475515784,44.9775112443778
1767.33780760626,1210.53939845886,44.9775112443778
1767.33780760626,628.883917474521,44.9775112443778
1772.30922197365,611.483967188665,29.9850074962519
1777.28063634104,837.683320904797,29.9850074962519
1777.28063634104,1747.45215013671,29.9850074962519
1777.28063634104,2289.33631618195,29.9850074962519
1779.76634352473,745.712155108128,29.9850074962519
1772.30922197365,1769.82351478996,44.9775112443778
1779.76634352473,2294.30773054934,29.9850074962519
1784.73775789212,708.426547352722,29.9850074962519
1784.73775789212,1603.28113348248,29.9850074962519
1794.6805866269,663.683818046234,44.9775112443778
1804.62341536167,715.883668903803,29.9850074962519
1807.10912254536,2386.27889634601,29.9850074962519
1809.59482972906,708.426547352722,29.9850074962519
1812.08053691275,1615.70966940094,29.9850074962519
1819.53765846383,743.226447924435,29.9850074962519
1824.50907283122,1145.91101168282,29.9850074962519
1839.42331593338,651.255282127765,29.9850074962519
1841.90902311708,676.112353964703,29.9850074962519
1844.39473030077,1819.53765846383,29.9850074962519
1844.39473030077,1128.51106139697,29.9850074962519
1879.19463087248,1670.39522744221,29.9850074962519
1889.13745960726,745.712155108128,29.9850074962519
1889.13745960726,509.569972657221,29.9850074962519
1891.62316679095,681.08376833209,44.9775112443778
1889.13745960726,1116.0825254785,29.9850074962519
1906.53740989311,1802.13770817798,29.9850074962519
1909.02311707681,2115.33681332339,29.9850074962519
1933.88018891375,1884.16604523987,29.9850074962519
1963.70867511807,1700.22371364653,29.9850074962519
2038.27989062888,686.055182699478,29.9850074962519
2055.67984091474,678.598061148397,29.9850074962519
2065.62266964952,1118.56823266219,59.9700149925037
2097.93686303753,924.683072334079,29.9850074962519
2125.27964205817,514.541387024609,29.9850074962519
2227.19363658961,1650.50956997266,29.9850074962519
2311.7076808352,1048.96843151877,29.9850074962519
47.2284364901815,1784.73775789212,59.9700149925037
57.1712652249565,1906.53740989311,44.9775112443778
72.0855083271191,1250.31071339796,44.9775112443778
86.9997514292816,1272.68207805121,59.9700149925037
94.4568729803629,1247.82500621427,44.9775112443778
101.913994531444,1784.73775789212,59.9700149925037
156.599552572707,1188.16803380562,74.9625187406297
270.94208302262,1436.73875217499,44.9775112443778
275.913497390007,1290.08202833706,44.9775112443778
278.399204573701,778.026348496147,44.9775112443778
285.856326124783,1272.68207805121,59.9700149925037
308.227690778026,1051.45413870246,44.9775112443778
315.684812329108,1051.45413870246,59.9700149925037
320.656226696495,805.369127516779,59.9700149925037
333.084762614964,1287.59632115337,59.9700149925037
352.970420084514,1978.62291822023,59.9700149925037
365.398956002983,927.168779517773,59.9700149925037
367.884663186677,1014.16853094705,44.9775112443778
377.827491921452,1971.16579666915,59.9700149925037
576.684066616953,986.825751926423,44.9775112443778
663.683818046234,1314.939100174,74.9625187406297
979.368630375342,569.226945065871,44.9775112443778
981.854337559036,574.198359433259,44.9775112443778
986.825751926423,698.483718617947,74.9625187406297
994.282873477504,2127.76534924186,59.9700149925037
991.797166293811,2150.1367138951,44.9775112443778
1019.13994531444,2018.39423315933,44.9775112443778
1021.62565249814,932.14019388516,44.9775112443778
1026.59706686552,1991.0514541387,44.9775112443778
1029.08277404922,2018.39423315933,59.9700149925037
1041.51130996769,2003.47999005717,59.9700149925037
1068.85408898832,1991.0514541387,59.9700149925037
1073.8255033557,879.940343027591,59.9700149925037
1076.3112105394,2008.45140442456,59.9700149925037
1108.62540392742,579.169773800646,74.9625187406297
1121.05393984589,1630.62391250311,59.9700149925037
1168.28237633607,1377.08177976634,44.9775112443778
1240.36788466319,2095.45115585384,44.9775112443778
1262.73924931643,514.541387024609,44.9775112443778
1262.73924931643,2249.56500124285,59.9700149925037
1272.68207805121,2254.53641561024,44.9775112443778
1285.11061396967,855.083271190654,44.9775112443778
1290.08202833706,855.083271190654,44.9775112443778
1304.99627143922,676.112353964703,44.9775112443778
1329.85334327616,2264.47924434502,44.9775112443778
1332.33905045986,2244.59358687547,44.9775112443778
1334.82475764355,2254.53641561024,44.9775112443778
1377.08177976634,2187.42232165051,44.9775112443778
1382.05319413373,2209.79368630375,59.9700149925037
1382.05319413373,2170.02237136465,44.9775112443778
1394.4817300522,616.455381556053,44.9775112443778
1411.88168033806,621.42679592344,59.9700149925037
1531.19562515536,1991.0514541387,74.9625187406297
1618.19537658464,608.998260004971,44.9775112443778
1710.16654238131,691.026597066866,59.9700149925037
1707.68083519761,1799.65200099428,44.9775112443778
1717.62366393239,646.283867760378,44.9775112443778
1725.08078548347,1705.19512801392,59.9700149925037
1725.08078548347,914.740243599304,44.9775112443778
1730.05219985086,989.311459110117,44.9775112443778
1742.48073576933,683.569475515784,44.9775112443778
1739.99502858563,904.797414864529,59.9700149925037
1742.48073576933,1265.22495650012,44.9775112443778
1744.96644295302,912.25453641561,44.9775112443778
1764.85210042257,601.54113845389,44.9775112443778
1772.30922197365,708.426547352722,59.9700149925037
1772.30922197365,934.625901068854,59.9700149925037
1769.82351478996,810.340541884166,44.9775112443778
1782.25205070843,857.568978374347,59.9700149925037
1774.79492915735,698.483718617947,44.9775112443778
1782.25205070843,1625.65249813572,44.9775112443778
1784.73775789212,693.512304250559,44.9775112443778
1789.70917225951,1628.13820531941,44.9775112443778
1794.6805866269,693.512304250559,44.9775112443778
1802.13770817798,648.769574944072,44.9775112443778
2038.27989062888,1113.5968182948,59.9700149925037
2120.30822769078,509.569972657221,44.9775112443778
2301.76485210042,1046.48272433507,59.9700149925037
2304.25055928412,1014.16853094705,59.9700149925037
2306.73626646781,1026.59706686552,74.9625187406297
2314.19338801889,1073.8255033557,44.9775112443778
2316.67909520259,1029.08277404922,44.9775112443778
2329.10763112105,1048.96843151877,59.9700149925037
2331.59333830475,1011.68282376336,59.9700149925037
2346.50758140691,1031.56848123291,74.9625187406297
2346.50758140691,1019.13994531444,44.9775112443778
2396.22172508079,551.826994780015,44.9775112443778
69.5998011434253,1906.53740989311,59.9700149925037
84.5140442455879,1111.11111111111,59.9700149925037
89.4854586129754,1928.90877454636,74.9625187406297
285.856326124783,775.540641312453,59.9700149925037
293.313447675864,782.997762863535,59.9700149925037
355.456127268208,2000.99428287348,74.9625187406297
377.827491921452,1988.56574695501,59.9700149925037
596.569724086503,780.512055679841,74.9625187406297
832.71190653741,1429.28163062391,59.9700149925037
904.797414864529,1839.42331593338,74.9625187406297
909.768829231916,1866.76609495401,74.9625187406297
919.711657966692,2078.05120556798,59.9700149925037
994.282873477504,713.397961720109,59.9700149925037
994.282873477504,2145.16529952772,59.9700149925037
1009.19711657967,705.940840169028,59.9700149925037
1011.68282376336,658.712403678847,59.9700149925037
1011.68282376336,666.169525229928,74.9625187406297
1034.0541884166,666.169525229928,74.9625187406297
1051.45413870246,2010.93711160825,59.9700149925037
1056.42555306985,2048.22271936366,59.9700149925037
1078.79691772309,2043.25130499627,74.9625187406297
1111.11111111111,663.683818046234,89.9550224887556
1108.62540392742,1695.25229927915,74.9625187406297
1111.11111111111,1677.85234899329,59.9700149925037
1108.62540392742,638.826746209297,89.9550224887556
1128.51106139697,584.141188168034,59.9700149925037
1150.88242605021,1247.82500621427,59.9700149925037
1183.19661943823,1384.53890131742,59.9700149925037
1190.65374098931,1349.73900074571,74.9625187406297
1195.6251553567,599.055431270196,59.9700149925037
1260.25354213274,544.369873228934,74.9625187406297
1382.05319413373,2234.65075814069,59.9700149925037
1434.2530449913,596.569724086503,74.9625187406297
1446.68158090977,589.112602535421,74.9625187406297
1474.0243599304,768.083519761372,89.9550224887556
1553.5669898086,2160.07954262988,59.9700149925037
1565.99552572707,2155.10812826249,74.9625187406297
1583.39547601293,2145.16529952772,59.9700149925037
1588.36689038031,2087.99403430276,74.9625187406297
1657.96669152374,961.968680089485,59.9700149925037
1667.90952025851,1767.33780760626,59.9700149925037
1717.62366393239,1692.76659209545,74.9625187406297
1730.05219985086,1583.39547601293,74.9625187406297
1735.02361421825,869.997514292816,74.9625187406297
1744.96644295302,1593.3383047477,59.9700149925037
1747.45215013671,897.340293313448,59.9700149925037
1752.4235645041,939.597315436242,59.9700149925037
1754.9092716878,855.083271190654,74.9625187406297
1777.28063634104,1769.82351478996,59.9700149925037
1784.73775789212,927.168779517773,59.9700149925037
1784.73775789212,1459.11011682824,74.9625187406297
1792.1948794432,1603.28113348248,59.9700149925037
1787.22346507581,1474.0243599304,74.9625187406297
1792.1948794432,1553.5669898086,74.9625187406297
1799.65200099428,1585.88118319662,59.9700149925037
1812.08053691275,1493.91001739995,59.9700149925037
1812.08053691275,1486.45289584887,74.9625187406297
1866.76609495401,2115.33681332339,74.9625187406297
1886.65175242356,1971.16579666915,59.9700149925037
1906.53740989311,1946.30872483221,74.9625187406297
1968.68008948546,815.311956251554,59.9700149925037
2040.76559781258,1133.48247576436,59.9700149925037
2045.73701217997,1140.93959731544,59.9700149925037
2058.16554809843,1150.88242605021,74.9625187406297
2284.36490181457,1039.02560278399,74.9625187406297
2428.5359184688,1237.88217747949,89.9550224887556
69.5998011434253,1926.42306736266,89.9550224887556
74.5712155108128,1941.33731046483,89.9550224887556
79.5426298782003,1916.48023862789,74.9625187406297
106.885408898832,1359.68182948049,74.9625187406297
129.256773552076,2010.93711160825,74.9625187406297
131.742480735769,1267.71066368382,89.9550224887556
141.685309470544,1280.13919960229,89.9550224887556
149.142431021626,1277.65349241859,74.9625187406297
263.484961471539,1508.82426050211,74.9625187406297
268.456375838926,1501.36713895103,104.947526236882
462.34153616704,1021.62565249814,89.9550224887556
519.512801391996,976.882923191648,89.9550224887556
633.855331841909,2309.2219736515,74.9625187406297
666.169525229928,1744.96644295302,74.9625187406297
700.969425801641,1966.19438230176,74.9625187406297
720.855083271191,1111.11111111111,119.940029985007
765.597812577678,1270.19637086751,74.9625187406297
768.083519761372,1277.65349241859,74.9625187406297
899.826000497141,2100.42257022123,89.9550224887556
922.197365150385,2130.25105642555,74.9625187406297
927.168779517773,1846.88043748446,74.9625187406297
929.654486701467,2127.76534924186,74.9625187406297
944.568729803629,1844.39473030077,74.9625187406297
989.311459110117,745.712155108128,74.9625187406297
999.254287844892,745.712155108128,74.9625187406297
1024.11135968183,695.998011434253,74.9625187406297
1063.88267462093,636.341039025603,89.9550224887556
1071.33979617201,623.912503107134,74.9625187406297
1071.33979617201,2065.62266964952,89.9550224887556
1081.28262490679,611.483967188665,89.9550224887556
1073.8255033557,1886.65175242356,89.9550224887556
1083.76833209048,638.826746209297,89.9550224887556
1086.25403927417,668.655232413622,119.940029985007
1086.25403927417,2035.79418344519,74.9625187406297
1083.76833209048,1685.30947054437,89.9550224887556
1088.73974645787,591.598309719115,104.947526236882
1091.22545364156,1672.8809346259,74.9625187406297
1116.0825254785,1707.68083519761,74.9625187406297
1123.53964702958,613.969674372359,74.9625187406297
1126.02535421327,1215.51081282625,74.9625187406297
1135.96818294805,1695.25229927915,89.9550224887556
1138.45389013174,633.855331841909,74.9625187406297
1153.36813323391,641.31245339299,89.9550224887556
1180.71091225454,594.084016902809,89.9550224887556
1242.85359184688,2445.93586875466,89.9550224887556
1270.19637086751,760.626398210291,104.947526236882
1369.62465821526,1899.08028834203,74.9625187406297
1382.05319413373,1884.16604523987,89.9550224887556
1434.2530449913,616.455381556053,89.9550224887556
1449.16728809346,1078.79691772309,89.9550224887556
1456.62440964454,1066.36838180462,89.9550224887556
1548.59557544121,2137.70817797663,74.9625187406297
1551.08128262491,2145.16529952772,74.9625187406297
1553.5669898086,2132.73676360925,74.9625187406297
1598.30971911509,1759.88068605518,89.9550224887556
1640.56674123788,1846.88043748446,89.9550224887556
1680.33805617698,1168.28237633607,89.9550224887556
1682.82376336068,1613.22396221725,89.9550224887556
1715.13795674869,882.426050211285,74.9625187406297
1767.33780760626,1439.22445935869,89.9550224887556
1794.6805866269,1237.88217747949,74.9625187406297
1804.62341536167,1483.96718866518,74.9625187406297
1807.10912254536,1287.59632115337,74.9625187406297
1807.10912254536,1434.2530449913,89.9550224887556
1817.05195128014,1250.31071339796,74.9625187406297
1822.02336564753,1295.05344270445,74.9625187406297
1819.53765846383,1471.53865274671,89.9550224887556
1824.50907283122,1265.22495650012,74.9625187406297
1834.451901566,1257.76783494904,74.9625187406297
1859.30897340293,700.969425801641,74.9625187406297
1886.65175242356,1946.30872483221,74.9625187406297
1941.33731046483,812.82624906786,74.9625187406297
1946.30872483221,832.71190653741,74.9625187406297
1978.62291822023,832.71190653741,89.9550224887556
2023.36564752672,1692.76659209545,74.9625187406297
2033.3084762615,1652.99527715635,89.9550224887556
2025.85135471042,1685.30947054437,74.9625187406297
2040.76559781258,1677.85234899329,74.9625187406297
2326.62192393736,1036.5398956003,89.9550224887556
2440.96445438727,934.625901068854,89.9550224887556
22.3713646532438,1886.65175242356,89.9550224887556
84.5140442455879,1854.33755903555,89.9550224887556
121.799652000994,2005.96569724086,119.940029985007
260.999254287845,1938.85160328113,119.940029985007
285.856326124783,1926.42306736266,89.9550224887556
298.284862043251,1913.9945314442,119.940029985007
507.084265473527,981.854337559036,89.9550224887556
638.826746209297,1332.33905045986,89.9550224887556
638.826746209297,2291.82202336565,89.9550224887556
653.740989311459,1342.28187919463,104.947526236882
673.626646781009,1344.76758637832,89.9550224887556
673.626646781009,1956.25155356699,104.947526236882
686.055182699478,1976.13721103654,89.9550224887556
705.940840169028,1986.08003977131,104.947526236882
710.912254536416,1968.68008948546,89.9550224887556
715.883668903803,1953.7658463833,104.947526236882
735.769326373353,1098.68257519264,89.9550224887556
753.16927665921,1285.11061396967,104.947526236882
758.140691026597,1275.1677852349,104.947526236882
760.626398210291,1267.71066368382,89.9550224887556
902.311707680835,1874.2232165051,89.9550224887556
922.197365150385,1856.82326621924,89.9550224887556
924.683072334079,1836.93760874969,89.9550224887556
937.111608252548,1841.90902311708,89.9550224887556
971.911508824261,1401.93885160328,104.947526236882
984.340044742729,708.426547352722,89.9550224887556
1011.68282376336,705.940840169028,89.9550224887556
1011.68282376336,735.769326373353,89.9550224887556
1034.0541884166,599.055431270196,104.947526236882
1036.5398956003,574.198359433259,119.940029985007
1053.93984588615,621.42679592344,119.940029985007
1061.39696743724,648.769574944072,89.9550224887556
1061.39696743724,2008.45140442456,89.9550224887556
1068.85408898832,601.54113845389,89.9550224887556
1081.28262490679,1692.76659209545,89.9550224887556
1083.76833209048,1670.39522744221,89.9550224887556
1083.76833209048,1700.22371364653,89.9550224887556
1088.73974645787,1866.76609495401,104.947526236882
1091.22545364156,2289.33631618195,89.9550224887556
1091.22545364156,621.42679592344,89.9550224887556
1093.71116082525,549.341287596321,104.947526236882
1101.16828237634,621.42679592344,89.9550224887556
1098.68257519264,1710.16654238131,89.9550224887556
1101.16828237634,1881.68033805618,89.9550224887556
1106.13969674372,541.88416604524,119.940029985007
1126.02535421327,1710.16654238131,89.9550224887556
1130.99676858066,594.084016902809,119.940029985007
1135.96818294805,1001.73999502859,104.947526236882
1130.99676858066,1685.30947054437,89.9550224887556
1133.48247576436,1237.88217747949,89.9550224887556
1133.48247576436,626.398210290828,89.9550224887556
1135.96818294805,656.226696495153,89.9550224887556
1130.99676858066,564.255530698484,104.947526236882
1140.93959731544,569.226945065871,89.9550224887556
1145.91101168282,581.65548098434,104.947526236882
1155.8538404176,594.084016902809,104.947526236882
1163.31096196868,641.31245339299,89.9550224887556
1170.76808351976,611.483967188665,104.947526236882
1178.22520507084,628.883917474521,104.947526236882
1225.45364156102,564.255530698484,119.940029985007
1357.19612229679,1894.10887397465,104.947526236882
1513.7956748695,1700.22371364653,119.940029985007
1528.70991797166,1717.62366393239,104.947526236882
1536.16703952274,1710.16654238131,89.9550224887556
1563.50981854338,1662.93810589113,119.940029985007
1570.96694009446,1024.11135968183,104.947526236882
1578.42406164554,857.568978374347,104.947526236882
1590.85259756401,1707.68083519761,119.940029985007
1583.39547601293,835.197613721104,104.947526236882
1605.76684066617,845.140442455879,104.947526236882
1613.22396221725,1826.99478001491,89.9550224887556
1598.30971911509,1735.02361421825,119.940029985007
1638.08103405419,1866.76609495401,89.9550224887556
1648.02386278896,1822.02336564753,89.9550224887556
1652.99527715635,1826.99478001491,89.9550224887556
1695.25229927915,1150.88242605021,104.947526236882
1742.48073576933,1720.10937111608,119.940029985007
1782.25205070843,1409.39597315436,119.940029985007
1779.76634352473,1424.31021625653,89.9550224887556
1784.73775789212,2058.16554809843,104.947526236882
1789.70917225951,1416.85309470544,89.9550224887556
1799.65200099428,1396.96743723589,104.947526236882
1881.68033805618,2137.70817797663,104.947526236882
1896.59458115834,1958.73726075068,89.9550224887556
1948.79443201591,1657.96669152374,89.9550224887556
1971.16579666915,797.912005965697,89.9550224887556
1978.62291822023,1645.53815560527,119.940029985007
2015.90852597564,1672.8809346259,89.9550224887556
2018.39423315933,1650.50956997266,89.9550224887556
2018.39423315933,1665.42381307482,89.9550224887556
2025.85135471042,1717.62366393239,89.9550224887556
2033.3084762615,1715.13795674869,89.9550224887556
2040.76559781258,1493.91001739995,89.9550224887556
2048.22271936366,1481.48148148148,104.947526236882
2045.73701217997,1446.68158090977,104.947526236882
2068.10837683321,1464.08153119563,119.940029985007
2160.07954262988,676.112353964703,89.9550224887556
2314.19338801889,1011.68282376336,89.9550224887556
2319.16480238628,1590.85259756401,119.940029985007
2334.07904548844,1598.30971911509,89.9550224887556
2336.56475267214,1528.70991797166,89.9550224887556
2339.05045985583,1588.36689038031,89.9550224887556
2341.53616703952,643.798160576684,104.947526236882
2353.96470295799,961.968680089485,104.947526236882
2356.45041014169,633.855331841909,89.9550224887556
2361.42182450907,648.769574944072,89.9550224887556
2361.42182450907,666.169525229928,104.947526236882
2421.07879691772,720.855083271191,104.947526236882
2426.05021128511,1217.99652000994,89.9550224887556
19.8856574695501,1874.2232165051,104.947526236882
22.3713646532438,1889.13745960726,119.940029985007
89.4854586129754,1849.36614466816,104.947526236882
96.9425801640567,1359.68182948049,104.947526236882
96.9425801640567,1364.65324384787,104.947526236882
131.742480735769,2018.39423315933,104.947526236882
131.742480735769,1988.56574695501,119.940029985007
579.169773800646,1466.56723837932,104.947526236882
584.141188168034,1446.68158090977,104.947526236882
608.998260004971,2294.30773054934,104.947526236882
613.969674372359,1401.93885160328,104.947526236882
633.855331841909,2276.90778026349,104.947526236882
641.31245339299,1419.33880188914,104.947526236882
638.826746209297,1414.36738752175,104.947526236882
656.226696495153,1764.85210042257,104.947526236882
663.683818046234,1747.45215013671,104.947526236882
671.140939597315,1986.08003977131,134.932533733133
681.08376833209,1725.08078548347,119.940029985007
688.540889883172,1752.4235645041,104.947526236882
693.512304250559,1963.70867511807,119.940029985007
700.969425801641,1160.82525478499,119.940029985007
715.883668903803,1968.68008948546,119.940029985007
735.769326373353,1086.25403927417,104.947526236882
748.197862291822,1088.73974645787,119.940029985007
852.59756400696,1456.62440964454,119.940029985007
894.854586129754,1424.31021625653,119.940029985007
981.854337559036,1372.11036539896,119.940029985007
986.825751926423,738.255033557047,104.947526236882
1043.99701715138,608.998260004971,104.947526236882
1053.93984588615,1508.82426050211,119.940029985007
1066.36838180462,1871.7375093214,119.940029985007
1063.88267462093,1891.62316679095,119.940029985007
1061.39696743724,584.141188168034,119.940029985007
1073.8255033557,648.769574944072,104.947526236882
1083.76833209048,574.198359433259,119.940029985007
1086.25403927417,1861.79468058663,104.947526236882
1091.22545364156,651.255282127765,104.947526236882
1101.16828237634,1702.70942083023,104.947526236882
1126.02535421327,681.08376833209,119.940029985007
1126.02535421327,638.826746209297,104.947526236882
1145.91101168282,666.169525229928,119.940029985007
1150.88242605021,966.940094456873,104.947526236882
1165.79666915237,966.940094456873,104.947526236882
1165.79666915237,561.76982351479,119.940029985007
1185.68232662192,964.454387273179,134.932533733133
1200.59656972409,569.226945065871,119.940029985007
1210.53939845886,581.65548098434,119.940029985007
1372.11036539896,1928.90877454636,134.932533733133
1382.05319413373,1909.02311707681,104.947526236882
1389.51031568481,1916.48023862789,134.932533733133
1401.93885160328,1901.56599552573,104.947526236882
1409.39597315436,1904.05170270942,119.940029985007
1426.79592344022,1889.13745960726,134.932533733133
1533.68133233905,1685.30947054437,119.940029985007
1538.65274670644,1667.90952025851,119.940029985007
1573.45264727815,1697.73800646284,119.940029985007
1600.79542629878,1339.79617201094,119.940029985007
1662.93810589113,1098.68257519264,104.947526236882
1665.42381307482,1163.31096196868,104.947526236882
1667.90952025851,1108.62540392742,104.947526236882
1667.90952025851,1121.05393984589,104.947526236882
1677.85234899329,1123.53964702958,134.932533733133
1695.25229927915,1558.53840417599,104.947526236882
1695.25229927915,1826.99478001491,134.932533733133
1710.16654238131,1561.02411135968,119.940029985007
1777.28063634104,2035.79418344519,104.947526236882
1784.73775789212,2070.5940840169,104.947526236882
1802.13770817798,2050.70842654735,119.940029985007
1864.28038777032,1456.62440964454,119.940029985007
1874.2232165051,1469.05294556301,119.940029985007
1879.19463087248,1956.25155356699,104.947526236882
1884.16604523987,1968.68008948546,104.947526236882
1961.22296793438,845.140442455879,104.947526236882
2008.45140442456,1665.42381307482,104.947526236882
2008.45140442456,1652.99527715635,104.947526236882
2013.42281879195,1697.73800646284,119.940029985007
2028.33706189411,1685.30947054437,104.947526236882
2028.33706189411,1431.76733780761,104.947526236882
2165.05095699727,686.055182699478,119.940029985007
2165.05095699727,1834.451901566,104.947526236882
2172.50807854835,663.683818046234,104.947526236882
2174.99378573204,673.626646781009,104.947526236882
2234.65075814069,787.969177230922,119.940029985007
2358.93611732538,1245.33929903057,134.932533733133
2358.93611732538,1536.16703952274,104.947526236882
2363.90753169277,1521.25279642058,104.947526236882
2371.36465324385,631.369624658215,104.947526236882
2378.82177479493,1543.62416107383,134.932533733133
2378.82177479493,646.283867760378,119.940029985007
2396.22172508079,1523.73850360428,134.932533733133
183.942331593338,1968.68008948546,134.932533733133
248.570718369376,1978.62291822023,134.932533733133
248.570718369376,1921.45165299528,119.940029985007
263.484961471539,1904.05170270942,134.932533733133
270.94208302262,1956.25155356699,119.940029985007
293.313447675864,1938.85160328113,119.940029985007
377.827491921452,1461.59582401193,134.932533733133
596.569724086503,1066.36838180462,119.940029985007
621.42679592344,1449.16728809346,119.940029985007
631.369624658215,2182.45090728312,119.940029985007
643.798160576684,2284.36490181457,119.940029985007
643.798160576684,1737.50932140194,119.940029985007
653.740989311459,2294.30773054934,119.940029985007
658.712403678847,2259.50782997763,134.932533733133
671.140939597315,2232.165050957,134.932533733133
671.140939597315,1317.42480735769,119.940029985007
686.055182699478,1946.30872483221,119.940029985007
691.026597066866,1996.02286850609,149.925037481259
718.369376087497,1165.79666915237,119.940029985007
735.769326373353,2043.25130499627,134.932533733133
775.540641312453,2068.10837683321,119.940029985007
802.883420333085,2060.65125528213,119.940029985007
840.169028088491,2115.33681332339,134.932533733133
842.654735272185,2145.16529952772,149.925037481259
857.568978374347,1434.2530449913,119.940029985007
867.511807109123,1093.71116082525,119.940029985007
872.48322147651,1091.22545364156,119.940029985007
879.940343027591,1083.76833209048,149.925037481259
877.454635843898,1414.36738752175,119.940029985007
877.454635843898,1409.39597315436,119.940029985007
899.826000497141,1073.8255033557,134.932533733133
934.625901068854,1777.28063634104,119.940029985007
1014.16853094705,2326.62192393736,134.932533733133
1058.91126025354,566.741237882178,134.932533733133
1063.88267462093,658.712403678847,119.940029985007
1068.85408898832,606.512552821278,119.940029985007
1071.33979617201,591.598309719115,119.940029985007
1073.8255033557,671.140939597315,119.940029985007
1081.28262490679,715.883668903803,134.932533733133
1081.28262490679,546.855580412627,134.932533733133
1103.65398956003,1876.70892368879,119.940029985007
1101.16828237634,566.741237882178,119.940029985007
1108.62540392742,623.912503107134,119.940029985007
1116.0825254785,571.712652249565,119.940029985007
1118.56823266219,579.169773800646,119.940029985007
1118.56823266219,534.427044494159,134.932533733133
1126.02535421327,1215.51081282625,119.940029985007
1130.99676858066,1222.96793437733,119.940029985007
1133.48247576436,695.998011434253,149.925037481259
1145.91101168282,621.42679592344,134.932533733133
1143.42530449913,710.912254536416,119.940029985007
1145.91101168282,976.882923191648,119.940029985007
1153.36813323391,566.741237882178,119.940029985007
1153.36813323391,979.368630375342,119.940029985007
1163.31096196868,1001.73999502859,119.940029985007
1165.79666915237,589.112602535421,119.940029985007
1178.22520507084,571.712652249565,119.940029985007
1193.13944817301,591.598309719115,119.940029985007
1195.6251553567,586.626895351728,119.940029985007
1198.11086254039,611.483967188665,119.940029985007
1372.11036539896,1953.7658463833,134.932533733133
1391.99602286851,1896.59458115834,119.940029985007
1401.93885160328,1921.45165299528,119.940029985007
1459.11011682824,1866.76609495401,119.940029985007
1459.11011682824,1884.16604523987,119.940029985007
1516.28138205319,1725.08078548347,134.932533733133
1531.19562515536,1700.22371364653,119.940029985007
1541.13845389013,1712.652249565,119.940029985007
1548.59557544121,1707.68083519761,119.940029985007
1553.5669898086,1715.13795674869,134.932533733133
1565.99552572707,1682.82376336068,119.940029985007
1570.96694009446,1312.45339299031,134.932533733133
1580.90976882923,1319.91051454139,119.940029985007
1595.82401193139,1312.45339299031,119.940029985007
1650.50956997266,1824.50907283122,119.940029985007
1665.42381307482,817.797663435247,134.932533733133
1687.79517772806,1160.82525478499,119.940029985007
1707.68083519761,1170.76808351976,119.940029985007
1739.99502858563,1789.70917225951,134.932533733133
1742.48073576933,1695.25229927915,134.932533733133
1747.45215013671,1406.91026597067,119.940029985007
1769.82351478996,1414.36738752175,134.932533733133
1807.10912254536,1411.88168033806,119.940029985007
1822.02336564753,1416.85309470544,119.940029985007
1829.48048719861,1963.70867511807,134.932533733133
1851.85185185185,1976.13721103654,119.940029985007
1976.13721103654,1657.96669152374,119.940029985007
2000.99428287348,1528.70991797166,149.925037481259
2005.96569724086,1501.36713895103,134.932533733133
2003.47999005717,1496.39572458364,119.940029985007
2010.93711160825,1478.99577429779,134.932533733133
2028.33706189411,1488.93860303256,134.932533733133
2040.76559781258,1461.59582401193,134.932533733133
2053.19413373105,1014.16853094705,134.932533733133
2160.07954262988,1841.90902311708,119.940029985007
2189.9080288342,1817.05195128014,119.940029985007
2339.05045985583,1247.82500621427,134.932533733133
2344.02187422322,1257.76783494904,119.940029985007
2346.50758140691,1588.36689038031,134.932533733133
2371.36465324385,1508.82426050211,119.940029985007
2455.87869748944,850.111856823266,134.932533733133
206.313696246582,1968.68008948546,149.925037481259
218.742232165051,1938.85160328113,149.925037481259
233.656475267214,1909.02311707681,149.925037481259
270.94208302262,1918.96594581158,134.932533733133
273.427790206314,1899.08028834203,134.932533733133
280.884911757395,1899.08028834203,134.932533733133
482.22719363659,1976.13721103654,149.925037481259
494.655729555058,986.825751926423,134.932533733133
569.226945065871,2244.59358687547,164.917541229385
589.112602535421,2234.65075814069,149.925037481259
604.026845637584,1394.4817300522,134.932533733133
641.31245339299,2179.96520009943,134.932533733133
656.226696495153,2281.87919463087,134.932533733133
663.683818046234,1764.85210042257,134.932533733133
688.540889883172,2219.73651503853,134.932533733133
691.026597066866,1978.62291822023,134.932533733133
693.512304250559,2341.53616703952,134.932533733133
698.483718617947,1948.79443201591,134.932533733133
705.940840169028,1953.7658463833,134.932533733133
708.426547352722,2070.5940840169,134.932533733133
705.940840169028,2217.25080785483,164.917541229385
720.855083271191,1996.02286850609,149.925037481259
773.05493412876,2050.70842654735,134.932533733133
778.026348496147,2018.39423315933,149.925037481259
782.997762863535,2065.62266964952,134.932533733133
795.426298782004,2028.33706189411,149.925037481259
812.82624906786,2040.76559781258,149.925037481259
869.997514292816,1429.28163062391,134.932533733133
919.711657966692,1590.85259756401,134.932533733133
976.882923191648,2095.45115585384,164.917541229385
1014.16853094705,2112.8511061397,164.917541229385
1078.79691772309,1394.4817300522,134.932533733133
1091.22545364156,1379.56748695004,134.932533733133
1106.13969674372,693.512304250559,134.932533733133
1123.53964702958,1016.65423813075,134.932533733133
1128.51106139697,1026.59706686552,134.932533733133
1163.31096196868,651.255282127765,149.925037481259
1168.28237633607,574.198359433259,134.932533733133
1362.16753666418,1941.33731046483,134.932533733133
1446.68158090977,1874.2232165051,134.932533733133
1459.11011682824,1720.10937111608,149.925037481259
1461.59582401193,1894.10887397465,149.925037481259
1469.05294556301,1861.79468058663,149.925037481259
1501.36713895103,1794.6805866269,149.925037481259
1536.16703952274,1730.05219985086,134.932533733133
1551.08128262491,952.02585135471,149.925037481259
1563.50981854338,937.111608252548,164.917541229385
1563.50981854338,1372.11036539896,149.925037481259
1583.39547601293,969.425801640567,164.917541229385
1583.39547601293,1006.71140939597,134.932533733133
1628.13820531941,2172.50807854835,164.917541229385
1680.33805617698,1824.50907283122,134.932533733133
1697.73800646284,1111.11111111111,134.932533733133
1702.70942083023,1126.02535421327,134.932533733133
1710.16654238131,1846.88043748446,149.925037481259
1715.13795674869,1859.30897340293,149.925037481259
1722.59507829978,1861.79468058663,149.925037481259
1732.53790703455,1685.30947054437,134.932533733133
1747.45215013671,1707.68083519761,134.932533733133
1757.39497887149,1394.4817300522,134.932533733133
1839.42331593338,1958.73726075068,134.932533733133
1841.90902311708,2043.25130499627,134.932533733133
1859.30897340293,2030.8227690778,164.917541229385
1866.76609495401,2045.73701217997,134.932533733133
1874.2232165051,1426.79592344022,134.932533733133
1879.19463087248,2035.79418344519,149.925037481259
1891.62316679095,1991.0514541387,134.932533733133
1986.08003977131,1488.93860303256,164.917541229385
2030.8227690778,1511.30996768581,149.925037481259
2179.96520009943,1814.56624409645,134.932533733133
2229.6793437733,676.112353964703,164.917541229385
2247.07929405916,641.31245339299,164.917541229385
2254.53641561024,658.712403678847,164.917541229385
2358.93611732538,1516.28138205319,149.925037481259
2363.90753169277,1260.25354213274,134.932533733133
2381.30748197862,1511.30996768581,134.932533733133
2388.7646035297,763.112105393985,134.932533733133
2386.27889634601,1491.42431021626,149.925037481259
2396.22172508079,770.569226945066,134.932533733133
2406.16455381556,1546.10986825752,134.932533733133
211.28511061397,1911.5088242605,164.917541229385
233.656475267214,1926.42306736266,149.925037481259
469.798657718121,1968.68008948546,149.925037481259
564.255530698484,2237.13646532438,149.925037481259
569.226945065871,2234.65075814069,149.925037481259
584.141188168034,2224.70792940592,149.925037481259
623.912503107134,2247.07929405916,149.925037481259
633.855331841909,2209.79368630375,179.910044977511
656.226696495153,2244.59358687547,164.917541229385
651.255282127765,2264.47924434502,149.925037481259
676.112353964703,2252.05070842655,149.925037481259
698.483718617947,2008.45140442456,164.917541229385
705.940840169028,2055.67984091474,149.925037481259
735.769326373353,2184.93661446682,164.917541229385
787.969177230922,2040.76559781258,149.925037481259
837.683320904797,1096.19686800895,149.925037481259
837.683320904797,2105.39398458862,149.925037481259
857.568978374347,1101.16828237634,164.917541229385
862.540392741735,1086.25403927417,164.917541229385
860.054685558041,2135.22247079294,149.925037481259
865.026099925429,2107.87969177231,149.925037481259
872.48322147651,2142.67959234402,149.925037481259
872.48322147651,2170.02237136465,149.925037481259
884.911757394979,2122.79393487447,164.917541229385
897.340293313448,1424.31021625653,149.925037481259
894.854586129754,1441.71016654238,149.925037481259
914.740243599304,2150.1367138951,164.917541229385
922.197365150385,2162.56524981357,164.917541229385
909.768829231916,1732.53790703455,164.917541229385
942.083022619935,974.397216007954,164.917541229385
952.02585135471,1697.73800646284,164.917541229385
969.425801640567,2112.8511061397,149.925037481259
1001.73999502859,2097.93686303753,164.917541229385
1073.8255033557,671.140939597315,149.925037481259
1083.76833209048,1357.19612229679,149.925037481259
1101.16828237634,574.198359433259,149.925037481259
1113.5968182948,616.455381556053,164.917541229385
1113.5968182948,604.026845637584,149.925037481259
1123.53964702958,666.169525229928,149.925037481259
1123.53964702958,648.769574944072,149.925037481259
1153.36813323391,2239.62217250808,179.910044977511
1148.39671886652,947.054436987323,149.925037481259
1153.36813323391,979.368630375342,149.925037481259
1158.33954760129,986.825751926423,149.925037481259
1158.33954760129,1004.22570221228,149.925037481259
1237.88217747949,2092.96544867015,179.910044977511
1466.56723837932,1735.02361421825,149.925037481259
1496.39572458364,1784.73775789212,164.917541229385
1491.42431021626,1725.08078548347,149.925037481259
1531.19562515536,1802.13770817798,149.925037481259
1543.62416107383,1707.68083519761,149.925037481259
1556.05269699229,952.02585135471,149.925037481259
1558.53840417599,956.997265722098,149.925037481259
1565.99552572707,1682.82376336068,149.925037481259
1657.96669152374,832.71190653741,149.925037481259
1662.93810589113,830.226199353716,149.925037481259
1672.8809346259,832.71190653741,149.925037481259
1687.79517772806,1138.45389013174,164.917541229385
1700.22371364653,1946.30872483221,149.925037481259
1700.22371364653,1871.7375093214,149.925037481259
1707.68083519761,1966.19438230176,164.917541229385
1722.59507829978,1943.82301764852,164.917541229385
1735.02361421825,1707.68083519761,149.925037481259
1752.4235645041,1389.51031568481,164.917541229385
1824.50907283122,2087.99403430276,179.910044977511
1817.05195128014,2102.90827740492,179.910044977511
1841.90902311708,1923.93736017897,179.910044977511
1854.33755903555,1456.62440964454,149.925037481259
1869.25180213771,1976.13721103654,179.910044977511
1869.25180213771,2068.10837683321,164.917541229385
2005.96569724086,1516.28138205319,149.925037481259
2020.87994034303,1474.0243599304,149.925037481259
2033.3084762615,1528.70991797166,164.917541229385
2065.62266964952,1041.51130996769,149.925037481259
2152.6224210788,695.998011434253,149.925037481259
2244.59358687547,1396.96743723589,164.917541229385
2244.59358687547,668.655232413622,149.925037481259
2366.39323887646,1593.3383047477,149.925037481259
2373.85036042754,765.597812577678,149.925037481259
2383.79318916232,1501.36713895103,149.925037481259
2396.22172508079,865.026099925429,179.910044977511
459.855828983346,1797.16629381059,209.895052473763
613.969674372359,2207.30797912006,164.917541229385
666.169525229928,2209.79368630375,164.917541229385
666.169525229928,1712.652249565,194.902548725637
700.969425801641,2326.62192393736,164.917541229385
705.940840169028,2112.8511061397,179.910044977511
718.369376087497,2264.47924434502,194.902548725637
733.283619189659,2247.07929405916,164.917541229385
735.769326373353,2254.53641561024,164.917541229385
785.483470047228,2045.73701217997,179.910044977511
874.968928660204,2127.76534924186,179.910044977511
872.48322147651,2155.10812826249,179.910044977511
909.768829231916,1429.28163062391,164.917541229385
1056.42555306985,623.912503107134,164.917541229385
1061.39696743724,1387.02460850112,164.917541229385
1068.85408898832,1367.13895103157,164.917541229385
1083.76833209048,1391.99602286851,164.917541229385
1143.42530449913,608.998260004971,164.917541229385
1160.82525478499,2174.99378573204,179.910044977511
1173.25379070346,942.083022619935,164.917541229385
1188.16803380562,2207.30797912006,194.902548725637
1227.93934874472,2078.05120556798,194.902548725637
1245.33929903057,2130.25105642555,179.910044977511
1280.13919960229,2127.76534924186,179.910044977511
1513.7956748695,1807.10912254536,164.917541229385
1573.45264727815,1715.13795674869,179.910044977511
1573.45264727815,1536.16703952274,179.910044977511
1580.90976882923,949.540144171017,164.917541229385
1588.36689038031,1521.25279642058,179.910044977511
1593.3383047477,1551.08128262491,179.910044977511
1600.79542629878,1561.02411135968,179.910044977511
1598.30971911509,1685.30947054437,194.902548725637
1613.22396221725,1655.48098434004,194.902548725637
1700.22371364653,1794.6805866269,164.917541229385
1829.48048719861,2050.70842654735,179.910044977511
1844.39473030077,1966.19438230176,164.917541229385
1851.85185185185,894.854586129754,179.910044977511
1899.08028834203,2068.10837683321,194.902548725637
1906.53740989311,1956.25155356699,164.917541229385
1926.42306736266,1928.90877454636,179.910044977511
1931.39448173005,1953.7658463833,179.910044977511
1928.90877454636,1998.50857568978,179.910044977511
1941.33731046483,2008.45140442456,179.910044977511
1943.82301764852,1948.79443201591,164.917541229385
1976.13721103654,1116.0825254785,179.910044977511
2015.90852597564,1130.99676858066,164.917541229385
2015.90852597564,1501.36713895103,164.917541229385
2028.33706189411,1516.28138205319,164.917541229385
2038.27989062888,1650.50956997266,179.910044977511
2055.67984091474,1638.08103405419,179.910044977511
2075.56549838429,1643.05244842158,194.902548725637
2376.33606761124,1605.76684066617,164.917541229385
308.227690778026,1817.05195128014,209.895052473763
606.512552821278,1277.65349241859,209.895052473763
613.969674372359,1615.70966940094,224.887556221889
646.283867760378,2242.10787969177,179.910044977511
651.255282127765,2219.73651503853,179.910044977511
653.740989311459,2100.42257022123,194.902548725637
678.598061148397,1725.08078548347,179.910044977511
842.654735272185,2132.73676360925,179.910044977511
867.511807109123,2105.39398458862,179.910044977511
884.911757394979,2142.67959234402,194.902548725637
1061.39696743724,1292.56773552076,194.902548725637
1061.39696743724,1260.25354213274,179.910044977511
1265.22495650012,1846.88043748446,194.902548725637
1272.68207805121,1966.19438230176,194.902548725637
1270.19637086751,1996.02286850609,194.902548725637
1429.28163062391,1894.10887397465,179.910044977511
1474.0243599304,1180.71091225454,209.895052473763
1469.05294556301,1155.8538404176,194.902548725637
1506.33855331842,1160.82525478499,179.910044977511
1506.33855331842,1744.96644295302,194.902548725637
1573.45264727815,1551.08128262491,179.910044977511
1575.93835446184,1735.02361421825,179.910044977511
1588.36689038031,1638.08103405419,194.902548725637
1600.79542629878,1876.70892368879,179.910044977511
1615.70966940094,1874.2232165051,194.902548725637
1645.53815560527,1849.36614466816,194.902548725637
1660.45239870743,1849.36614466816,179.910044977511
1670.39522744221,1841.90902311708,179.910044977511
1802.13770817798,1906.53740989311,179.910044977511
1814.56624409645,1896.59458115834,179.910044977511
1841.90902311708,877.454635843898,194.902548725637
1859.30897340293,1998.50857568978,179.910044977511
1861.79468058663,2008.45140442456,179.910044977511
1891.62316679095,2028.33706189411,194.902548725637
1891.62316679095,2085.50832711907,179.910044977511
1906.53740989311,2068.10837683321,179.910044977511
1983.59433258762,1879.19463087248,194.902548725637
1988.56574695501,1103.65398956003,194.902548725637
1993.5371613224,1066.36838180462,179.910044977511
2020.87994034303,1143.42530449913,194.902548725637
2033.3084762615,1135.96818294805,194.902548725637
2030.8227690778,1851.85185185185,194.902548725637
2070.5940840169,1618.19537658464,179.910044977511
2142.67959234402,748.197862291822,209.895052473763
2222.22222222222,1357.19612229679,179.910044977511
288.342033308476,1565.99552572707,194.902548725637
355.456127268208,1590.85259756401,209.895052473763
380.313199105145,1580.90976882923,224.887556221889
551.826994780015,1454.13870246085,239.880059970015
666.169525229928,1620.68108376833,209.895052473763
666.169525229928,1687.79517772806,194.902548725637
668.655232413622,2097.93686303753,194.902548725637
676.112353964703,2209.79368630375,194.902548725637
683.569475515784,1712.652249565,194.902548725637
735.769326373353,2247.07929405916,194.902548725637
1210.53939845886,2192.3937360179,194.902548725637
1295.05344270445,1963.70867511807,209.895052473763
1488.93860303256,1148.39671886652,209.895052473763
1508.82426050211,1165.79666915237,224.887556221889
1508.82426050211,1282.62490678598,194.902548725637
1526.22421078797,1257.76783494904,209.895052473763
1526.22421078797,1235.3964702958,209.895052473763
1528.70991797166,912.25453641561,239.880059970015
1538.65274670644,2087.99403430276,209.895052473763
1538.65274670644,1747.45215013671,194.902548725637
1543.62416107383,1742.48073576933,194.902548725637
1551.08128262491,1744.96644295302,194.902548725637
1561.02411135968,1752.4235645041,209.895052473763
1573.45264727815,1742.48073576933,194.902548725637
1575.93835446184,1680.33805617698,194.902548725637
1588.36689038031,1300.02485707184,194.902548725637
1593.3383047477,1672.8809346259,209.895052473763
1593.3383047477,1595.82401193139,209.895052473763
1665.42381307482,1824.50907283122,194.902548725637
1672.8809346259,1334.82475764355,194.902548725637
1682.82376336068,1314.939100174,224.887556221889
1767.33780760626,2028.33706189411,209.895052473763
1774.79492915735,1247.82500621427,209.895052473763
1807.10912254536,2023.36564752672,194.902548725637
1846.88043748446,865.026099925429,194.902548725637
1851.85185185185,1968.68008948546,194.902548725637
1871.7375093214,2008.45140442456,194.902548725637
1911.5088242605,1958.73726075068,194.902548725637
1956.25155356699,1824.50907283122,209.895052473763
1961.22296793438,1088.73974645787,209.895052473763
1963.70867511807,1121.05393984589,194.902548725637
1966.19438230176,1106.13969674372,194.902548725637
1996.02286850609,1016.65423813075,194.902548725637
1998.50857568978,1081.28262490679,194.902548725637
2013.42281879195,1123.53964702958,194.902548725637
2040.76559781258,1657.96669152374,194.902548725637
2063.13696246582,1163.31096196868,209.895052473763
2063.13696246582,1190.65374098931,224.887556221889
2078.05120556798,1180.71091225454,224.887556221889
2087.99403430276,1643.05244842158,209.895052473763
310.71339796172,1799.65200099428,224.887556221889
323.141933880189,1804.62341536167,209.895052473763
350.48471290082,1580.90976882923,209.895052473763
397.713149391002,1565.99552572707,209.895052473763
594.084016902809,1630.62391250311,224.887556221889
626.398210290828,1645.53815560527,224.887556221889
628.883917474521,1593.3383047477,209.895052473763
638.826746209297,1660.45239870743,224.887556221889
648.769574944072,1600.79542629878,239.880059970015
648.769574944072,1643.05244842158,209.895052473763
653.740989311459,2105.39398458862,209.895052473763
703.455132985334,2137.70817797663,209.895052473763
733.283619189659,1441.71016654238,239.880059970015
1086.25403927417,1307.48197862292,209.895052473763
1230.42505592841,1881.68033805618,239.880059970015
1275.1677852349,2008.45140442456,209.895052473763
1287.59632115337,2025.85135471042,209.895052473763
1295.05344270445,2000.99428287348,209.895052473763
1426.79592344022,1928.90877454636,224.887556221889
1441.71016654238,1936.36589609744,224.887556221889
1491.42431021626,1190.65374098931,224.887556221889
1496.39572458364,1180.71091225454,209.895052473763
1498.88143176734,1195.6251553567,209.895052473763
1503.85284613473,1148.39671886652,209.895052473763
1503.85284613473,1158.33954760129,209.895052473763
1511.30996768581,1148.39671886652,209.895052473763
1511.30996768581,1255.28212776535,209.895052473763
1513.7956748695,1250.31071339796,209.895052473763
1516.28138205319,1744.96644295302,209.895052473763
1533.68133233905,1257.76783494904,209.895052473763
1556.05269699229,1302.51056425553,209.895052473763
1590.85259756401,1747.45215013671,239.880059970015
1595.82401193139,1725.08078548347,224.887556221889
1605.76684066617,1712.652249565,209.895052473763
1648.02386278896,1603.28113348248,224.887556221889
1657.96669152374,1822.02336564753,209.895052473763
1662.93810589113,1309.96768580661,224.887556221889
1662.93810589113,1600.79542629878,209.895052473763
1677.85234899329,1295.05344270445,239.880059970015
1695.25229927915,1300.02485707184,224.887556221889
1710.16654238131,1001.73999502859,239.880059970015
1752.4235645041,2045.73701217997,209.895052473763
1752.4235645041,2038.27989062888,209.895052473763
1759.88068605518,2058.16554809843,224.887556221889
1759.88068605518,782.997762863535,224.887556221889
1767.33780760626,1802.13770817798,254.872563718141
1774.79492915735,2055.67984091474,209.895052473763
1794.6805866269,2090.47974148645,224.887556221889
1802.13770817798,2068.10837683321,209.895052473763
1981.10862540393,1088.73974645787,209.895052473763
2020.87994034303,1643.05244842158,224.887556221889
2030.8227690778,1098.68257519264,209.895052473763
2053.19413373105,1784.73775789212,224.887556221889
2170.02237136465,1434.2530449913,239.880059970015
2217.25080785483,1327.36763609247,254.872563718141
596.569724086503,1971.16579666915,239.880059970015
604.026845637584,1981.10862540393,224.887556221889
613.969674372359,1981.10862540393,239.880059970015
621.42679592344,1600.79542629878,239.880059970015
618.941088739746,1966.19438230176,224.887556221889
668.655232413622,1640.56674123788,224.887556221889
725.826497638578,1459.11011682824,224.887556221889
743.226447924435,1466.56723837932,239.880059970015
750.683569475516,1446.68158090977,239.880059970015
1056.42555306985,1267.71066368382,224.887556221889
1061.39696743724,1260.25354213274,224.887556221889
1066.36838180462,1292.56773552076,224.887556221889
1232.91076311211,1866.76609495401,239.880059970015
1235.3964702958,1894.10887397465,239.880059970015
1292.56773552076,2137.70817797663,239.880059970015
1297.53914988814,2117.82252050708,254.872563718141
1372.11036539896,1874.2232165051,239.880059970015
1391.99602286851,1881.68033805618,239.880059970015
1449.16728809346,1926.42306736266,239.880059970015
1506.33855331842,1285.11061396967,224.887556221889
1518.76708923689,1180.71091225454,224.887556221889
1523.73850360428,1287.59632115337,224.887556221889
1538.65274670644,1282.62490678598,224.887556221889
1541.13845389013,944.568729803629,254.872563718141
1541.13845389013,1302.51056425553,224.887556221889
1546.10986825752,1255.28212776535,224.887556221889
1546.10986825752,1247.82500621427,224.887556221889
1551.08128262491,2073.0797912006,224.887556221889
1556.05269699229,937.111608252548,239.880059970015
1565.99552572707,2075.56549838429,224.887556221889
1570.96694009446,1260.25354213274,224.887556221889
1578.42406164554,1739.99502858563,224.887556221889
1588.36689038031,1762.36639323888,224.887556221889
1588.36689038031,1304.99627143922,224.887556221889
1628.13820531941,1804.62341536167,224.887556221889
1667.90952025851,1593.3383047477,239.880059970015
1722.59507829978,2018.39423315933,224.887556221889
1742.48073576933,2053.19413373105,224.887556221889
1749.93785732041,2028.33706189411,239.880059970015
1802.13770817798,1822.02336564753,239.880059970015
1871.7375093214,810.340541884166,224.887556221889
2055.67984091474,1128.51106139697,224.887556221889
2073.0797912006,785.483470047228,239.880059970015
2080.53691275168,1138.45389013174,239.880059970015
556.798409147402,1787.22346507581,239.880059970015
556.798409147402,1471.53865274671,239.880059970015
596.569724086503,1986.08003977131,239.880059970015
661.19811086254,1650.50956997266,239.880059970015
1272.68207805121,2000.99428287348,239.880059970015
1379.56748695004,1839.42331593338,254.872563718141
1387.02460850112,1859.30897340293,254.872563718141
1476.51006711409,1588.36689038031,239.880059970015
1498.88143176734,1841.90902311708,284.857571214393
1506.33855331842,1190.65374098931,239.880059970015
1513.7956748695,1252.79642058166,239.880059970015
1516.28138205319,937.111608252548,269.865067466267
1533.68133233905,1948.79443201591,284.857571214393
1528.70991797166,1297.53914988814,239.880059970015
1556.05269699229,914.740243599304,239.880059970015
1561.02411135968,974.397216007954,254.872563718141
1565.99552572707,909.768829231916,254.872563718141
1570.96694009446,964.454387273179,269.865067466267
1580.90976882923,1300.02485707184,239.880059970015
1585.88118319662,932.14019388516,254.872563718141
1665.42381307482,1324.88192890877,239.880059970015
1660.45239870743,1595.82401193139,239.880059970015
1667.90952025851,1605.76684066617,239.880059970015
1675.36664180959,1344.76758637832,239.880059970015
1737.50932140194,1819.53765846383,254.872563718141
1742.48073576933,1797.16629381059,254.872563718141
1812.08053691275,1841.90902311708,239.880059970015
1819.53765846383,1066.36838180462,239.880059970015
1836.93760874969,1824.50907283122,284.857571214393
2000.99428287348,1302.51056425553,269.865067466267
2038.27989062888,790.454884414616,254.872563718141
2053.19413373105,1583.39547601293,269.865067466267
2080.53691275168,1565.99552572707,269.865067466267
2194.87944320159,1150.88242605021,254.872563718141
469.798657718121,1859.30897340293,254.872563718141
606.512552821278,1630.62391250311,254.872563718141
611.483967188665,1638.08103405419,254.872563718141
636.341039025603,1620.68108376833,254.872563718141
641.31245339299,1618.19537658464,254.872563718141
656.226696495153,1630.62391250311,254.872563718141
668.655232413622,1625.65249813572,254.872563718141
728.312204822272,1359.68182948049,254.872563718141
743.226447924435,1377.08177976634,269.865067466267
753.16927665921,1406.91026597067,269.865067466267
1255.28212776535,1797.16629381059,269.865067466267
1367.13895103157,1851.85185185185,254.872563718141
1367.13895103157,1889.13745960726,269.865067466267
1416.85309470544,1327.36763609247,299.850074962519
1434.2530449913,1314.939100174,284.857571214393
1446.68158090977,1909.02311707681,254.872563718141
1449.16728809346,1899.08028834203,254.872563718141
1478.99577429779,1938.85160328113,284.857571214393
1483.96718866518,1993.5371613224,269.865067466267
1486.45289584887,969.425801640567,269.865067466267
1488.93860303256,1608.25254784986,254.872563718141
1498.88143176734,974.397216007954,254.872563718141
1511.30996768581,1608.25254784986,254.872563718141
1506.33855331842,1956.25155356699,284.857571214393
1531.19562515536,1931.39448173005,254.872563718141
1531.19562515536,1155.8538404176,284.857571214393
1533.68133233905,966.940094456873,269.865067466267
1548.59557544121,894.854586129754,269.865067466267
1551.08128262491,1143.42530449913,284.857571214393
1575.93835446184,899.826000497141,254.872563718141
1575.93835446184,917.225950782998,254.872563718141
1590.85259756401,922.197365150385,269.865067466267
1603.28113348248,934.625901068854,269.865067466267
1705.19512801392,986.825751926423,254.872563718141
1807.10912254536,1844.39473030077,269.865067466267
1807.10912254536,1093.71116082525,269.865067466267
1876.70892368879,797.912005965697,254.872563718141
1884.16604523987,792.94059159831,254.872563718141
1889.13745960726,802.883420333085,254.872563718141
1896.59458115834,800.397713149391,254.872563718141
1991.0514541387,1290.08202833706,269.865067466267
2023.36564752672,1648.02386278896,254.872563718141
2080.53691275168,1160.82525478499,254.872563718141
2090.47974148645,1160.82525478499,254.872563718141
2199.85085756898,1327.36763609247,269.865067466267
2209.79368630375,1344.76758637832,254.872563718141
479.741486452896,1866.76609495401,269.865067466267
618.941088739746,1737.50932140194,299.850074962519
643.798160576684,1744.96644295302,269.865067466267
656.226696495153,1769.82351478996,299.850074962519
730.797912005966,1364.65324384787,269.865067466267
743.226447924435,1394.4817300522,269.865067466267
755.654983842903,1416.85309470544,269.865067466267
1076.3112105394,1610.73825503356,314.842578710645
1083.76833209048,1583.39547601293,284.857571214393
1081.28262490679,2053.19413373105,284.857571214393
1101.16828237634,1605.76684066617,299.850074962519
1128.51106139697,1533.68133233905,284.857571214393
1135.96818294805,1565.99552572707,269.865067466267
1178.22520507084,1956.25155356699,299.850074962519
1352.22470792941,1854.33755903555,284.857571214393
1434.2530449913,1344.76758637832,284.857571214393
1474.0243599304,1846.88043748446,284.857571214393
1478.99577429779,1802.13770817798,284.857571214393
1474.0243599304,1817.05195128014,314.842578710645
1488.93860303256,1978.62291822023,314.842578710645
1488.93860303256,1901.56599552573,269.865067466267
1498.88143176734,2030.8227690778,269.865067466267
1516.28138205319,1824.50907283122,299.850074962519
1526.22421078797,1856.82326621924,299.850074962519
1518.76708923689,979.368630375342,269.865067466267
1518.76708923689,1976.13721103654,284.857571214393
1523.73850360428,1958.73726075068,269.865067466267
1538.65274670644,884.911757394979,269.865067466267
1533.68133233905,1111.11111111111,299.850074962519
1548.59557544121,1933.88018891375,284.857571214393
1553.5669898086,964.454387273179,269.865067466267
1553.5669898086,1185.68232662192,284.857571214393
1583.39547601293,902.311707680835,284.857571214393
1588.36689038031,1759.88068605518,269.865067466267
1625.65249813572,1001.73999502859,299.850074962519
1789.70917225951,1101.16828237634,299.850074962519
1804.62341536167,1807.10912254536,284.857571214393
1817.05195128014,1784.73775789212,299.850074962519
1819.53765846383,1063.88267462093,269.865067466267
1991.0514541387,1309.96768580661,269.865067466267
1998.50857568978,1317.42480735769,269.865067466267
2013.42281879195,1312.45339299031,269.865067466267
2080.53691275168,1061.39696743724,284.857571214393
2197.36515038528,1337.31046482724,269.865067466267
2199.85085756898,1354.7104151131,284.857571214393
2222.22222222222,1354.7104151131,269.865067466267
2229.6793437733,1342.28187919463,269.865067466267
561.76982351479,1879.19463087248,284.857571214393
566.741237882178,1871.7375093214,299.850074962519
616.455381556053,1759.88068605518,284.857571214393
631.369624658215,1725.08078548347,284.857571214393
626.398210290828,1767.33780760626,284.857571214393
641.31245339299,1784.73775789212,299.850074962519
1093.71116082525,1543.62416107383,329.835082458771
1088.73974645787,2018.39423315933,284.857571214393
1091.22545364156,2025.85135471042,284.857571214393
1098.68257519264,2025.85135471042,284.857571214393
1106.13969674372,1558.53840417599,284.857571214393
1111.11111111111,1531.19562515536,284.857571214393
1113.5968182948,1533.68133233905,284.857571214393
1121.05393984589,1565.99552572707,284.857571214393
1190.65374098931,1106.13969674372,329.835082458771
1188.16803380562,1943.82301764852,314.842578710645
1257.76783494904,1958.73726075068,329.835082458771
1434.2530449913,1844.39473030077,314.842578710645
1444.19587372608,1819.53765846383,314.842578710645
1444.19587372608,1324.88192890877,284.857571214393
1483.96718866518,1834.451901566,284.857571214393
1488.93860303256,1874.2232165051,299.850074962519
1491.42431021626,1911.5088242605,314.842578710645
1493.91001739995,2005.96569724086,299.850074962519
1506.33855331842,1767.33780760626,284.857571214393
1506.33855331842,1797.16629381059,284.857571214393
1513.7956748695,1245.33929903057,314.842578710645
1511.30996768581,1817.05195128014,284.857571214393
1518.76708923689,1789.70917225951,284.857571214393
1528.70991797166,1911.5088242605,299.850074962519
1536.16703952274,1871.7375093214,299.850074962519
1553.5669898086,1456.62440964454,299.850074962519
1570.96694009446,892.36887894606,284.857571214393
1600.79542629878,1001.73999502859,299.850074962519
1625.65249813572,1014.16853094705,284.857571214393
1657.96669152374,1165.79666915237,314.842578710645
1757.39497887149,1692.76659209545,314.842578710645
1799.65200099428,1779.76634352473,299.850074962519
1812.08053691275,1116.0825254785,299.850074962519
1861.79468058663,1807.10912254536,314.842578710645
2097.93686303753,1073.8255033557,299.850074962519
2100.42257022123,1034.0541884166,299.850074962519
2125.27964205817,1088.73974645787,299.850074962519
636.341039025603,1742.48073576933,299.850074962519
745.712155108128,1493.91001739995,329.835082458771
954.511558538404,1556.05269699229,314.842578710645
974.397216007954,1578.42406164554,299.850074962519
971.911508824261,1558.53840417599,299.850074962519
986.825751926423,1565.99552572707,299.850074962519
1034.0541884166,1640.56674123788,329.835082458771
1048.96843151877,1605.76684066617,314.842578710645
1068.85408898832,1575.93835446184,314.842578710645
1091.22545364156,1570.96694009446,299.850074962519
1111.11111111111,1573.45264727815,314.842578710645
1145.91101168282,1538.65274670644,314.842578710645
1150.88242605021,1558.53840417599,314.842578710645
1302.51056425553,1774.79492915735,344.827586206897
1379.56748695004,1332.33905045986,299.850074962519
1416.85309470544,1782.25205070843,314.842578710645
1469.05294556301,1879.19463087248,314.842578710645
1471.53865274671,1784.73775789212,299.850074962519
1508.82426050211,1262.73924931643,314.842578710645
1516.28138205319,1926.42306736266,299.850074962519
1516.28138205319,1777.28063634104,299.850074962519
1518.76708923689,1812.08053691275,299.850074962519
1526.22421078797,1928.90877454636,299.850074962519
1546.10986825752,1844.39473030077,299.850074962519
1548.59557544121,1312.45339299031,299.850074962519
1556.05269699229,1317.42480735769,299.850074962519
1561.02411135968,1429.28163062391,299.850074962519
1580.90976882923,1026.59706686552,299.850074962519
1588.36689038031,984.340044742729,299.850074962519
1593.3383047477,969.425801640567,299.850074962519
1613.22396221725,969.425801640567,299.850074962519
1680.33805617698,1511.30996768581,329.835082458771
1705.19512801392,1506.33855331842,299.850074962519
1715.13795674869,1503.85284613473,299.850074962519
1720.10937111608,1521.25279642058,299.850074962519
1730.05219985086,1506.33855331842,314.842578710645
1749.93785732041,1180.71091225454,299.850074962519
1757.39497887149,1677.85234899329,314.842578710645
1759.88068605518,1165.79666915237,344.827586206897
1774.79492915735,1163.31096196868,299.850074962519
1812.08053691275,1767.33780760626,299.850074962519
1822.02336564753,1061.39696743724,299.850074962519
2005.96569724086,1295.05344270445,299.850074962519
2055.67984091474,1053.93984588615,299.850074962519
2063.13696246582,1063.88267462093,299.850074962519
2073.0797912006,1046.48272433507,299.850074962519
591.598309719115,1715.13795674869,329.835082458771
738.255033557047,1844.39473030077,344.827586206897
986.825751926423,1613.22396221725,359.820089955023
1019.13994531444,1630.62391250311,329.835082458771
1019.13994531444,1623.16679095203,314.842578710645
1046.48272433507,1625.65249813572,314.842578710645
1133.48247576436,1575.93835446184,329.835082458771
1225.45364156102,1938.85160328113,344.827586206897
1247.82500621427,1978.62291822023,329.835082458771
1389.51031568481,1784.73775789212,329.835082458771
1391.99602286851,1802.13770817798,314.842578710645
1498.88143176734,1774.79492915735,314.842578710645
1508.82426050211,1792.1948794432,314.842578710645
1521.25279642058,1794.6805866269,314.842578710645
1628.13820531941,1011.68282376336,314.842578710645
1787.22346507581,1777.28063634104,344.827586206897
2095.45115585384,1051.45413870246,314.842578710645
596.569724086503,1705.19512801392,329.835082458771
601.54113845389,1712.652249565,344.827586206897
1009.19711657967,1794.6805866269,374.812593703148
1036.5398956003,1613.22396221725,329.835082458771
1046.48272433507,1635.59532687049,329.835082458771
1053.93984588615,1593.3383047477,329.835082458771
1158.33954760129,1208.05369127517,359.820089955023
1235.3964702958,1968.68008948546,329.835082458771
1245.33929903057,1921.45165299528,329.835082458771
1401.93885160328,1849.36614466816,344.827586206897
1449.16728809346,1876.70892368879,344.827586206897
1459.11011682824,1904.05170270942,344.827586206897
1474.0243599304,1787.22346507581,329.835082458771
1481.48148148148,1799.65200099428,329.835082458771
1503.85284613473,1913.9945314442,329.835082458771
1511.30996768581,1809.59482972906,329.835082458771
1533.68133233905,1307.48197862292,329.835082458771
1558.53840417599,1257.76783494904,344.827586206897
1563.50981854338,1255.28212776535,329.835082458771
1568.48123291076,1387.02460850112,344.827586206897
1573.45264727815,1406.91026597067,329.835082458771
1573.45264727815,1280.13919960229,329.835082458771
1600.79542629878,1374.59607258265,344.827586206897
1735.02361421825,1170.76808351976,329.835082458771
1749.93785732041,1185.68232662192,329.835082458771
1814.56624409645,979.368630375342,374.812593703148
942.083022619935,1638.08103405419,389.805097451274
969.425801640567,1831.9661943823,374.812593703148
1446.68158090977,1178.22520507084,404.7976011994
1471.53865274671,1879.19463087248,344.827586206897
1511.30996768581,949.540144171017,359.820089955023
1739.99502858563,981.854337559036,374.812593703148
1754.9092716878,976.882923191648,344.827586206897
1792.1948794432,1145.91101168282,374.812593703148
922.197365150385,1665.42381307482,374.812593703148
964.454387273179,1757.39497887149,389.805097451274
989.311459110117,1797.16629381059,389.805097451274
989.311459110117,1817.05195128014,374.812593703148
984.340044742729,1747.45215013671,389.805097451274
1014.16853094705,1764.85210042257,389.805097451274
1200.59656972409,1831.9661943823,389.805097451274
1391.99602286851,1121.05393984589,389.805097451274
1419.33880188914,1106.13969674372,389.805097451274
1449.16728809346,1160.82525478499,374.812593703148
1573.45264727815,1406.91026597067,374.812593703148
1598.30971911509,1399.45314441959,359.820089955023
1677.85234899329,1275.1677852349,389.805097451274
1697.73800646284,976.882923191648,359.820089955023
1705.19512801392,1113.5968182948,374.812593703148
1710.16654238131,994.282873477504,359.820089955023
1777.28063634104,979.368630375342,359.820089955023
1799.65200099428,984.340044742729,374.812593703148
601.54113845389,1712.652249565,374.812593703148
884.911757394979,1570.96694009446,404.7976011994
907.283122048223,1556.05269699229,419.790104947526
919.711657966692,1650.50956997266,389.805097451274
937.111608252548,1662.93810589113,389.805097451274
971.911508824261,1784.73775789212,404.7976011994
984.340044742729,1769.82351478996,374.812593703148
991.797166293811,1441.71016654238,374.812593703148
1001.73999502859,1409.39597315436,404.7976011994
1011.68282376336,1749.93785732041,374.812593703148
1029.08277404922,1737.50932140194,389.805097451274
1031.56848123291,1784.73775789212,389.805097451274
1347.25329356202,1096.19686800895,404.7976011994
1613.22396221725,1364.65324384787,404.7976011994
1623.16679095203,1319.91051454139,389.805097451274
1638.08103405419,1297.53914988814,419.790104947526
1715.13795674869,1297.53914988814,404.7976011994
1712.652249565,1272.68207805121,419.790104947526
994.282873477504,1732.53790703455,389.805097451274
1009.19711657967,1744.96644295302,389.805097451274
1352.22470792941,1217.99652000994,419.790104947526
1364.65324384787,1230.42505592841,419.790104947526
1404.42455878698,1098.68257519264,389.805097451274
1603.28113348248,1292.56773552076,434.782608695652
1610.73825503356,1337.31046482724,434.782608695652
1628.13820531941,1275.1677852349,434.782608695652
1665.42381307482,1312.45339299031,404.7976011994
1692.76659209545,1267.71066368382,389.805097451274
986.825751926423,1772.30922197365,404.7976011994
1043.99701715138,1702.70942083023,434.782608695652
1382.05319413373,1155.8538404176,419.790104947526
1389.51031568481,1195.6251553567,434.782608695652
1436.73875217499,1143.42530449913,434.782608695652
1498.88143176734,1153.36813323391,434.782608695652
1583.39547601293,1349.73900074571,419.790104947526
1590.85259756401,1272.68207805121,434.782608695652
1623.16679095203,1230.42505592841,419.790104947526
1643.05244842158,1255.28212776535,434.782608695652
1667.90952025851,1327.36763609247,404.7976011994
1680.33805617698,1322.39622172508,434.782608695652
1705.19512801392,1319.91051454139,419.790104947526
1039.02560278399,1737.50932140194,419.790104947526
1195.6251553567,1237.88217747949,434.782608695652
1352.22470792941,1190.65374098931,449.775112443778
1466.56723837932,1121.05393984589,434.782608695652
1578.42406164554,1265.22495650012,419.790104947526
1610.73825503356,1265.22495650012,419.790104947526
1618.19537658464,1247.82500621427,419.790104947526
1628.13820531941,1285.11061396967,419.790104947526
1645.53815560527,1359.68182948049,449.775112443778
1657.96669152374,1230.42505592841,419.790104947526
1339.79617201094,1247.82500621427,464.767616191904
1434.2530449913,1198.11086254039,434.782608695652
1628.13820531941,1339.79617201094,434.782608695652
1640.56674123788,1270.19637086751,434.782608695652
1690.28088491176,1307.48197862292,434.782608695652
1021.62565249814,1727.56649266716,449.775112443778
1404.42455878698,1203.08227690778,449.775112443778
1441.71016654238,1180.71091225454,464.767616191904
1573.45264727815,1270.19637086751,449.775112443778
1657.96669152374,1349.73900074571,449.775112443778
1662.93810589113,1272.68207805121,449.775112443778
889.883171762366,1561.02411135968,464.767616191904
1324.88192890877,1272.68207805121,464.767616191904
1352.22470792941,1245.33929903057,464.767616191904
1615.70966940094,1232.91076311211,464.767616191904
