9.94282873477504,1245.33929903057,29.9850074962519
22.3713646532438,1777.28063634104,29.9850074962519
49.7141436738752,1849.36614466816,29.9850074962519
141.685309470544,474.770072085508,29.9850074962519
188.913745960726,1322.39622172508,29.9850074962519
203.827989062888,2301.76485210042,29.9850074962519
238.627889634601,902.311707680835,29.9850074962519
298.284862043251,770.569226945066,44.9775112443778
310.71339796172,1004.22570221228,14.9925037481259
367.884663186677,2341.53616703952,29.9850074962519
442.455878697489,2015.90852597564,29.9850074962519
467.312950534427,1732.53790703455,44.9775112443778
474.770072085508,773.05493412876,29.9850074962519
474.770072085508,1717.62366393239,29.9850074962519
504.598558289833,434.998757146408,44.9775112443778
574.198359433259,1809.59482972906,14.9925037481259
643.798160576684,1036.5398956003,29.9850074962519
703.455132985334,2324.13621675367,29.9850074962519
715.883668903803,2306.73626646781,14.9925037481259
715.883668903803,1782.25205070843,29.9850074962519
720.855083271191,1799.65200099428,29.9850074962519
725.826497638578,658.712403678847,29.9850074962519
780.512055679841,1754.9092716878,29.9850074962519
817.797663435247,715.883668903803,29.9850074962519
862.540392741735,1041.51130996769,29.9850074962519
882.426050211285,2142.67959234402,14.9925037481259
884.911757394979,1031.56848123291,29.9850074962519
887.397464578673,2261.99353716132,14.9925037481259
892.36887894606,1016.65423813075,29.9850074962519
892.36887894606,2132.73676360925,29.9850074962519
912.25453641561,2122.79393487447,14.9925037481259
919.711657966692,1548.59557544121,29.9850074962519
956.997265722098,430.027342779021,29.9850074962519
961.968680089485,1665.42381307482,14.9925037481259
966.940094456873,1317.42480735769,29.9850074962519
974.397216007954,1854.33755903555,29.9850074962519
981.854337559036,1660.45239870743,29.9850074962519
989.311459110117,1327.36763609247,29.9850074962519
1068.85408898832,604.026845637584,29.9850074962519
1148.39671886652,613.969674372359,29.9850074962519
1148.39671886652,2090.47974148645,29.9850074962519
1240.36788466319,1720.10937111608,44.9775112443778
1295.05344270445,295.799154859558,29.9850074962519
1324.88192890877,2475.76435495899,44.9775112443778
1394.4817300522,270.94208302262,44.9775112443778
1563.50981854338,2426.05021128511,29.9850074962519
1742.48073576933,1324.88192890877,29.9850074962519
1846.88043748446,2155.10812826249,14.9925037481259
1879.19463087248,1998.50857568978,29.9850074962519
1998.50857568978,454.884414615958,29.9850074962519
2083.02261993537,1111.11111111111,29.9850074962519
2234.65075814069,1943.82301764852,29.9850074962519
2361.42182450907,1702.70942083023,44.9775112443778
2403.67884663187,1936.36589609744,29.9850074962519
2406.16455381556,663.683818046234,29.9850074962519
2475.76435495899,922.197365150385,29.9850074962519
29.8284862043251,1792.1948794432,29.9850074962519
111.856823266219,683.569475515784,29.9850074962519
201.342281879195,1009.19711657967,44.9775112443778
216.256524981357,415.113099676858,44.9775112443778
226.199353716132,1399.45314441959,44.9775112443778
285.856326124783,19.8856574695501,44.9775112443778
303.256276410639,72.0855083271191,44.9775112443778
305.741983594333,313.199105145414,44.9775112443778
347.999005717127,2177.47949291573,44.9775112443778
454.884414615958,835.197613721104,44.9775112443778
459.855828983346,1973.65150385285,44.9775112443778
464.827243350733,2033.3084762615,44.9775112443778
519.512801391996,417.598806860552,59.9700149925037
531.941337310465,2045.73701217997,44.9775112443778
591.598309719115,171.513795674869,29.9850074962519
604.026845637584,2376.33606761124,44.9775112443778
673.626646781009,390.25602783992,44.9775112443778
703.455132985334,2301.76485210042,29.9850074962519
725.826497638578,2316.67909520259,44.9775112443778
748.197862291822,2247.07929405916,59.9700149925037
753.16927665921,1543.62416107383,44.9775112443778
790.454884414616,228.685060899826,44.9775112443778
917.225950782998,1558.53840417599,44.9775112443778
939.597315436242,434.998757146408,44.9775112443778
944.568729803629,735.769326373353,59.9700149925037
949.540144171017,750.683569475516,59.9700149925037
1004.22570221228,1913.9945314442,44.9775112443778
1009.19711657967,1918.96594581158,44.9775112443778
1130.99676858066,564.255530698484,44.9775112443778
1287.59632115337,633.855331841909,44.9775112443778
1329.85334327616,1595.82401193139,44.9775112443778
1396.96743723589,1483.96718866518,44.9775112443778
1399.45314441959,2184.93661446682,44.9775112443778
1416.85309470544,1966.19438230176,44.9775112443778
1441.71016654238,243.599304001989,29.9850074962519
1558.53840417599,1193.13944817301,44.9775112443778
1558.53840417599,1399.45314441959,44.9775112443778
1652.99527715635,288.342033308476,44.9775112443778
1859.30897340293,1777.28063634104,44.9775112443778
1879.19463087248,1774.79492915735,44.9775112443778
1909.02311707681,2199.85085756898,44.9775112443778
2013.42281879195,546.855580412627,29.9850074962519
2025.85135471042,986.825751926423,29.9850074962519
2028.33706189411,2475.76435495899,44.9775112443778
2043.25130499627,228.685060899826,29.9850074962519
2075.56549838429,84.5140442455879,44.9775112443778
2095.45115585384,94.4568729803629,44.9775112443778
2100.42257022123,186.428038777032,44.9775112443778
2219.73651503853,750.683569475516,29.9850074962519
2373.85036042754,1762.36639323888,44.9775112443778
2428.5359184688,1717.62366393239,59.9700149925037
2450.90728312205,554.312701963709,29.9850074962519
32.3141933880189,529.455630126771,44.9775112443778
94.4568729803629,1121.05393984589,59.9700149925037
216.256524981357,400.198856574696,59.9700149925037
223.713646532438,1384.53890131742,44.9775112443778
278.399204573701,2279.39348744718,59.9700149925037
288.342033308476,305.741983594333,44.9775112443778
375.341784737758,2353.96470295799,44.9775112443778
457.370121799652,1436.73875217499,59.9700149925037
529.455630126771,400.198856574696,59.9700149925037
526.969922943077,268.456375838926,59.9700149925037
606.512552821278,1896.59458115834,59.9700149925037
628.883917474521,1906.53740989311,59.9700149925037
636.341039025603,1220.48222719364,59.9700149925037
663.683818046234,2460.85011185682,59.9700149925037
683.569475515784,2460.85011185682,74.9625187406297
733.283619189659,964.454387273179,59.9700149925037
937.111608252548,191.39945314442,59.9700149925037
956.997265722098,188.913745960726,59.9700149925037
1290.08202833706,14.9142431021626,59.9700149925037
1292.56773552076,1391.99602286851,59.9700149925037
1401.93885160328,1976.13721103654,44.9775112443778
1456.62440964454,1904.05170270942,59.9700149925037
1553.5669898086,2311.7076808352,44.9775112443778
1735.02361421825,377.827491921452,59.9700149925037
1787.22346507581,1692.76659209545,59.9700149925037
1797.16629381059,601.54113845389,59.9700149925037
1836.93760874969,1029.08277404922,59.9700149925037
1881.68033805618,146.656723837932,59.9700149925037
1936.36589609744,551.826994780015,59.9700149925037
2242.10787969177,385.284613472533,59.9700149925037
2289.33631618195,966.940094456873,59.9700149925037
2296.79343773304,986.825751926423,59.9700149925037
2348.9932885906,1742.48073576933,59.9700149925037
2388.7646035297,922.197365150385,44.9775112443778
2406.16455381556,1513.7956748695,59.9700149925037
94.4568729803629,2073.0797912006,74.9625187406297
211.28511061397,1966.19438230176,59.9700149925037
323.141933880189,919.711657966692,74.9625187406297
340.541884166045,564.255530698484,74.9625187406297
402.684563758389,2261.99353716132,59.9700149925037
434.998757146408,549.341287596321,74.9625187406297
489.684315187671,454.884414615958,74.9625187406297
596.569724086503,782.997762863535,74.9625187406297
623.912503107134,178.970917225951,74.9625187406297
638.826746209297,2348.9932885906,74.9625187406297
651.255282127765,2463.33581904052,74.9625187406297
740.740740740741,1697.73800646284,59.9700149925037
768.083519761372,1583.39547601293,74.9625187406297
805.369127516779,1605.76684066617,74.9625187406297
924.683072334079,1588.36689038031,74.9625187406297
944.568729803629,164.056674123788,74.9625187406297
991.797166293811,1568.48123291076,59.9700149925037
1026.59706686552,643.798160576684,74.9625187406297
1039.02560278399,1210.53939845886,74.9625187406297
1088.73974645787,1851.85185185185,59.9700149925037
1153.36813323391,638.826746209297,74.9625187406297
1173.25379070346,1986.08003977131,59.9700149925037
1290.08202833706,1573.45264727815,74.9625187406297
1314.939100174,1620.68108376833,59.9700149925037
1449.16728809346,1232.91076311211,74.9625187406297
1503.85284613473,1444.19587372608,59.9700149925037
1546.10986825752,1660.45239870743,59.9700149925037
1565.99552572707,1309.96768580661,74.9625187406297
1692.76659209545,1846.88043748446,74.9625187406297
1879.19463087248,2383.79318916232,74.9625187406297
1958.73726075068,1618.19537658464,74.9625187406297
2005.96569724086,313.199105145414,74.9625187406297
2413.62167536664,407.655978125777,74.9625187406297
89.4854586129754,1988.56574695501,74.9625187406297
181.456624409645,467.312950534427,74.9625187406297
216.256524981357,1769.82351478996,89.9550224887556
233.656475267214,1784.73775789212,89.9550224887556
258.513547104151,432.513049962714,89.9550224887556
330.59905543127,584.141188168034,89.9550224887556
352.970420084514,576.684066616953,74.9625187406297
420.084514044246,2423.56450410142,89.9550224887556
579.169773800646,2403.67884663187,89.9550224887556
633.855331841909,173.999502858563,89.9550224887556
671.140939597315,1309.96768580661,89.9550224887556
681.08376833209,2411.13596818295,74.9625187406297
686.055182699478,387.770320656227,74.9625187406297
889.883171762366,2291.82202336565,89.9550224887556
907.283122048223,1657.96669152374,74.9625187406297
947.054436987323,2423.56450410142,74.9625187406297
979.368630375342,1242.85359184688,89.9550224887556
1116.0825254785,405.170270942083,89.9550224887556
1205.56798409147,683.569475515784,89.9550224887556
1257.76783494904,457.370121799652,89.9550224887556
1277.65349241859,469.798657718121,89.9550224887556
1322.39622172508,2445.93586875466,74.9625187406297
1359.68182948049,1183.19661943823,89.9550224887556
1546.10986825752,1655.48098434004,89.9550224887556
1575.93835446184,2435.99304001989,74.9625187406297
1628.13820531941,295.799154859558,104.947526236882
1650.50956997266,2110.365398956,89.9550224887556
1692.76659209545,1710.16654238131,74.9625187406297
1710.16654238131,2448.42157593835,74.9625187406297
1737.50932140194,512.055679840915,89.9550224887556
1782.25205070843,1764.85210042257,89.9550224887556
1799.65200099428,1757.39497887149,74.9625187406297
1926.42306736266,797.912005965697,89.9550224887556
1966.19438230176,2378.82177479493,74.9625187406297
1978.62291822023,1836.93760874969,89.9550224887556
1981.10862540393,832.71190653741,74.9625187406297
2000.99428287348,1754.9092716878,89.9550224887556
2100.42257022123,166.542381307482,74.9625187406297
2112.8511061397,99.4282873477504,89.9550224887556
2122.79393487447,753.16927665921,104.947526236882
2234.65075814069,1372.11036539896,89.9550224887556
2331.59333830475,1650.50956997266,89.9550224887556
2480.73576932637,1369.62465821526,89.9550224887556
49.7141436738752,275.913497390007,104.947526236882
566.741237882178,937.111608252548,104.947526236882
589.112602535421,2401.19313944817,104.947526236882
631.369624658215,810.340541884166,104.947526236882
641.31245339299,52.199850857569,104.947526236882
648.769574944072,382.798906288839,104.947526236882
653.740989311459,1190.65374098931,104.947526236882
676.112353964703,2234.65075814069,104.947526236882
733.283619189659,636.341039025603,104.947526236882
787.969177230922,2063.13696246582,104.947526236882
815.311956251554,2348.9932885906,89.9550224887556
820.283370618941,2329.10763112105,104.947526236882
832.71190653741,2254.53641561024,104.947526236882
934.625901068854,673.626646781009,104.947526236882
959.482972905792,1670.39522744221,104.947526236882
966.940094456873,37.2856077554064,104.947526236882
976.882923191648,1222.96793437733,104.947526236882
984.340044742729,44.7427293064877,104.947526236882
991.797166293811,1220.48222719364,104.947526236882
996.768580661198,1210.53939845886,104.947526236882
1026.59706686552,656.226696495153,104.947526236882
1106.13969674372,268.456375838926,119.940029985007
1121.05393984589,260.999254287845,104.947526236882
1128.51106139697,275.913497390007,104.947526236882
1208.05369127517,1662.93810589113,104.947526236882
1230.42505592841,293.313447675864,89.9550224887556
1414.36738752175,1655.48098434004,104.947526236882
1434.2530449913,1660.45239870743,104.947526236882
1580.90976882923,688.540889883172,119.940029985007
1620.68108376833,278.399204573701,89.9550224887556
1757.39497887149,541.88416604524,104.947526236882
1874.2232165051,1879.19463087248,104.947526236882
2028.33706189411,1019.13994531444,104.947526236882
2150.1367138951,2344.02187422322,89.9550224887556
2199.85085756898,1362.16753666418,104.947526236882
2361.42182450907,1409.39597315436,104.947526236882
2371.36465324385,902.311707680835,104.947526236882
2383.79318916232,586.626895351728,104.947526236882
0,1322.39622172508,104.947526236882
74.5712155108128,539.398458861546,119.940029985007
338.056176982351,397.713149391002,119.940029985007
367.884663186677,1493.91001739995,119.940029985007
382.798906288839,1506.33855331842,104.947526236882
400.198856574696,1491.42431021626,119.940029985007
392.741735023614,1513.7956748695,119.940029985007
417.598806860552,1506.33855331842,119.940029985007
439.970171513796,1086.25403927417,119.940029985007
497.141436738752,1608.25254784986,119.940029985007
507.084265473527,914.740243599304,119.940029985007
512.055679840915,1595.82401193139,119.940029985007
579.169773800646,1083.76833209048,119.940029985007
579.169773800646,922.197365150385,104.947526236882
671.140939597315,39.7713149391002,104.947526236882
720.855083271191,2010.93711160825,119.940029985007
792.94059159831,2314.19338801889,119.940029985007
830.226199353716,698.483718617947,119.940029985007
850.111856823266,857.568978374347,119.940029985007
865.026099925429,1396.96743723589,119.940029985007
947.054436987323,581.65548098434,104.947526236882
1034.0541884166,1066.36838180462,119.940029985007
1046.48272433507,499.627143922446,119.940029985007
1096.19686800895,981.854337559036,119.940029985007
1173.25379070346,1175.73949788715,119.940029985007
1265.22495650012,857.568978374347,119.940029985007
1411.88168033806,1175.73949788715,119.940029985007
1461.59582401193,855.083271190654,119.940029985007
1476.51006711409,872.48322147651,119.940029985007
1486.45289584887,1322.39622172508,119.940029985007
1660.45239870743,1337.31046482724,119.940029985007
1809.59482972906,1988.56574695501,104.947526236882
1983.59433258762,1655.48098434004,119.940029985007
2010.93711160825,144.171016654238,119.940029985007
2314.19338801889,387.770320656227,119.940029985007
2433.50733283619,1073.8255033557,119.940029985007
2443.45016157097,1237.88217747949,119.940029985007
231.17076808352,241.113596818295,119.940029985007
355.456127268208,176.485210042257,119.940029985007
380.313199105145,1493.91001739995,119.940029985007
417.598806860552,2132.73676360925,134.932533733133
524.484215759384,375.341784737758,134.932533733133
531.941337310465,1126.02535421327,119.940029985007
539.398458861546,1138.45389013174,134.932533733133
549.341287596321,2005.96569724086,134.932533733133
633.855331841909,2102.90827740492,134.932533733133
695.998011434253,1548.59557544121,134.932533733133
812.82624906786,129.256773552076,134.932533733133
1193.13944817301,1759.88068605518,119.940029985007
1188.16803380562,1754.9092716878,134.932533733133
1285.11061396967,857.568978374347,134.932533733133
1309.96768580661,1424.31021625653,134.932533733133
1491.42431021626,1046.48272433507,134.932533733133
1503.85284613473,869.997514292816,134.932533733133
1541.13845389013,474.770072085508,119.940029985007
1648.02386278896,2087.99403430276,134.932533733133
1670.39522744221,2080.53691275168,134.932533733133
1695.25229927915,718.369376087497,119.940029985007
1720.10937111608,797.912005965697,119.940029985007
1824.50907283122,1620.68108376833,134.932533733133
1844.39473030077,1697.73800646284,119.940029985007
1941.33731046483,1961.22296793438,134.932533733133
2015.90852597564,1118.56823266219,119.940029985007
2020.87994034303,1113.5968182948,134.932533733133
2237.13646532438,2127.76534924186,149.925037481259
2294.30773054934,1899.08028834203,119.940029985007
2319.16480238628,2043.25130499627,134.932533733133
2346.50758140691,415.113099676858,134.932533733133
2403.67884663187,810.340541884166,134.932533733133
2433.50733283619,1717.62366393239,134.932533733133
2458.36440467313,1682.82376336068,119.940029985007
228.685060899826,1009.19711657967,134.932533733133
228.685060899826,2135.22247079294,134.932533733133
323.141933880189,1175.73949788715,134.932533733133
347.999005717127,173.999502858563,134.932533733133
360.427541635595,2249.56500124285,149.925037481259
362.913248819289,2299.27914491673,149.925037481259
375.341784737758,608.998260004971,134.932533733133
420.084514044246,2383.79318916232,134.932533733133
489.684315187671,86.9997514292816,134.932533733133
526.969922943077,1108.62540392742,134.932533733133
526.969922943077,1121.05393984589,134.932533733133
531.941337310465,1150.88242605021,134.932533733133
536.912751677852,1496.39572458364,149.925037481259
541.88416604524,1508.82426050211,134.932533733133
546.855580412627,1150.88242605021,134.932533733133
551.826994780015,1126.02535421327,134.932533733133
574.198359433259,1083.76833209048,134.932533733133
594.084016902809,260.999254287845,149.925037481259
676.112353964703,1210.53939845886,134.932533733133
705.940840169028,661.19811086254,149.925037481259
735.769326373353,169.028088491176,134.932533733133
755.654983842903,1501.36713895103,134.932533733133
780.512055679841,686.055182699478,134.932533733133
832.71190653741,559.284116331096,134.932533733133
845.140442455879,852.59756400696,134.932533733133
1076.3112105394,1185.68232662192,134.932533733133
1292.56773552076,392.741735023614,149.925037481259
1399.45314441959,1372.11036539896,134.932533733133
1424.31021625653,964.454387273179,149.925037481259
1459.11011682824,1163.31096196868,134.932533733133
1478.99577429779,1792.1948794432,149.925037481259
1488.93860303256,2453.39299030574,149.925037481259
1498.88143176734,728.312204822272,134.932533733133
1518.76708923689,1394.4817300522,149.925037481259
1635.59532687049,2326.62192393736,149.925037481259
1635.59532687049,2306.73626646781,149.925037481259
1660.45239870743,2304.25055928412,149.925037481259
1670.39522744221,1563.50981854338,149.925037481259
1677.85234899329,1580.90976882923,149.925037481259
1680.33805617698,1575.93835446184,134.932533733133
1682.82376336068,2184.93661446682,149.925037481259
1707.68083519761,1926.42306736266,149.925037481259
1849.36614466816,1198.11086254039,149.925037481259
1866.76609495401,775.540641312453,134.932533733133
2043.25130499627,728.312204822272,149.925037481259
2135.22247079294,591.598309719115,149.925037481259
2261.99353716132,1670.39522744221,149.925037481259
2309.2219736515,733.283619189659,149.925037481259
2381.30748197862,1088.73974645787,134.932533733133
151.628138205319,1906.53740989311,149.925037481259
330.59905543127,1183.19661943823,149.925037481259
330.59905543127,412.627392493164,164.917541229385
352.970420084514,181.456624409645,149.925037481259
380.313199105145,616.455381556053,149.925037481259
395.227442207308,1516.28138205319,149.925037481259
427.541635595327,2391.2503107134,149.925037481259
425.055928411633,1372.11036539896,164.917541229385
444.941585881183,1792.1948794432,164.917541229385
467.312950534427,1401.93885160328,164.917541229385
477.255779269202,99.4282873477504,164.917541229385
482.22719363659,1889.13745960726,164.917541229385
541.88416604524,1439.22445935869,149.925037481259
549.341287596321,1516.28138205319,149.925037481259
559.284116331096,1130.99676858066,149.925037481259
564.255530698484,400.198856574696,164.917541229385
638.826746209297,2110.365398956,149.925037481259
681.08376833209,1217.99652000994,149.925037481259
720.855083271191,2018.39423315933,149.925037481259
735.769326373353,176.485210042257,149.925037481259
743.226447924435,176.485210042257,149.925037481259
760.626398210291,1508.82426050211,149.925037481259
785.483470047228,693.512304250559,149.925037481259
810.340541884166,686.055182699478,149.925037481259
835.197613721104,668.655232413622,164.917541229385
837.683320904797,569.226945065871,149.925037481259
840.169028088491,395.227442207308,164.917541229385
879.940343027591,735.769326373353,164.917541229385
894.854586129754,1213.02510564256,164.917541229385
897.340293313448,745.712155108128,164.917541229385
969.425801640567,1732.53790703455,149.925037481259
999.254287844892,2311.7076808352,164.917541229385
1138.45389013174,1004.22570221228,149.925037481259
1168.28237633607,1670.39522744221,149.925037481259
1183.19661943823,1680.33805617698,149.925037481259
1193.13944817301,1759.88068605518,149.925037481259
1270.19637086751,865.026099925429,149.925037481259
1344.76758637832,1881.68033805618,149.925037481259
1372.11036539896,720.855083271191,164.917541229385
1404.42455878698,1374.59607258265,149.925037481259
1439.22445935869,84.5140442455879,164.917541229385
1446.68158090977,1227.93934874472,149.925037481259
1501.36713895103,1926.42306736266,164.917541229385
1511.30996768581,1593.3383047477,164.917541229385
1516.28138205319,1573.45264727815,164.917541229385
1605.76684066617,599.055431270196,149.925037481259
1670.39522744221,251.05642555307,164.917541229385
1690.28088491176,1565.99552572707,149.925037481259
1697.73800646284,2170.02237136465,149.925037481259
1749.93785732041,2028.33706189411,164.917541229385
1846.88043748446,1700.22371364653,149.925037481259
1866.76609495401,782.997762863535,149.925037481259
1966.19438230176,2120.30822769078,164.917541229385
2015.90852597564,151.628138205319,149.925037481259
2068.10837683321,681.08376833209,149.925037481259
2087.99403430276,1170.76808351976,164.917541229385
2097.93686303753,1078.79691772309,164.917541229385
2165.05095699727,2339.05045985583,149.925037481259
2252.05070842655,1662.93810589113,149.925037481259
32.3141933880189,1702.70942083023,179.910044977511
265.970668655232,996.768580661198,164.917541229385
362.913248819289,72.0855083271191,164.917541229385
437.484464330102,1357.19612229679,179.910044977511
606.512552821278,698.483718617947,179.910044977511
651.255282127765,658.712403678847,179.910044977511
738.255033557047,2463.33581904052,179.910044977511
780.512055679841,2408.65026099925,164.917541229385
785.483470047228,683.569475515784,179.910044977511
902.311707680835,738.255033557047,164.917541229385
981.854337559036,1220.48222719364,179.910044977511
986.825751926423,2040.76559781258,179.910044977511
999.254287844892,1208.05369127517,164.917541229385
1004.22570221228,877.454635843898,179.910044977511
1372.11036539896,2460.85011185682,179.910044977511
1464.08153119563,1869.25180213771,164.917541229385
1483.96718866518,1575.93835446184,164.917541229385
1493.91001739995,1590.85259756401,179.910044977511
1501.36713895103,1563.50981854338,164.917541229385
1672.8809346259,1061.39696743724,164.917541229385
1730.05219985086,2030.8227690778,164.917541229385
1737.50932140194,2013.42281879195,179.910044977511
1742.48073576933,867.511807109123,164.917541229385
1749.93785732041,251.05642555307,179.910044977511
1747.45215013671,1175.73949788715,179.910044977511
1904.05170270942,2020.87994034303,179.910044977511
2162.56524981357,1111.11111111111,179.910044977511
2244.59358687547,1058.91126025354,179.910044977511
2249.56500124285,1657.96669152374,164.917541229385
2324.13621675367,1600.79542629878,179.910044977511
2443.45016157097,765.597812577678,164.917541229385
454.884414615958,986.825751926423,194.902548725637
492.170022371365,82.0283370618941,194.902548725637
539.398458861546,1804.62341536167,179.910044977511
566.741237882178,2140.19388516033,194.902548725637
566.741237882178,2157.59383544618,194.902548725637
579.169773800646,464.827243350733,179.910044977511
626.398210290828,1561.02411135968,194.902548725637
738.255033557047,2000.99428287348,179.910044977511
748.197862291822,1123.53964702958,194.902548725637
815.311956251554,171.513795674869,194.902548725637
1004.22570221228,579.169773800646,179.910044977511
1036.5398956003,1454.13870246085,179.910044977511
1098.68257519264,1605.76684066617,194.902548725637
1168.28237633607,1797.16629381059,179.910044977511
1235.3964702958,243.599304001989,179.910044977511
1337.31046482724,1314.939100174,194.902548725637
1481.48148148148,1379.56748695004,179.910044977511
1620.68108376833,1650.50956997266,194.902548725637
1687.79517772806,1978.62291822023,179.910044977511
1836.93760874969,1508.82426050211,179.910044977511
1876.70892368879,1672.8809346259,179.910044977511
1996.02286850609,1941.33731046483,179.910044977511
2063.13696246582,1217.99652000994,179.910044977511
2127.76534924186,454.884414615958,194.902548725637
2182.45090728312,1426.79592344022,179.910044977511
2184.93661446682,1406.91026597067,194.902548725637
2232.165050957,1051.45413870246,194.902548725637
2249.56500124285,1906.53740989311,179.910044977511
2304.25055928412,1610.73825503356,194.902548725637
169.028088491176,1715.13795674869,209.895052473763
181.456624409645,1732.53790703455,209.895052473763
198.856574695501,1476.51006711409,194.902548725637
521.99850857569,54.6855580412627,209.895052473763
539.398458861546,1648.02386278896,209.895052473763
681.08376833209,1227.93934874472,194.902548725637
698.483718617947,1488.93860303256,194.902548725637
723.340790454884,877.454635843898,209.895052473763
758.140691026597,1846.88043748446,194.902548725637
857.568978374347,1230.42505592841,194.902548725637
860.054685558041,1362.16753666418,209.895052473763
1006.71140939597,415.113099676858,209.895052473763
1011.68282376336,67.1140939597315,194.902548725637
1048.96843151877,139.199602286851,209.895052473763
1215.51081282625,1215.51081282625,194.902548725637
1237.88217747949,1225.45364156102,194.902548725637
1252.79642058166,842.654735272185,209.895052473763
1265.22495650012,954.511558538404,209.895052473763
1272.68207805121,850.111856823266,209.895052473763
1275.1677852349,835.197613721104,209.895052473763
1275.1677852349,820.283370618941,194.902548725637
1446.68158090977,1598.30971911509,209.895052473763
1474.0243599304,1906.53740989311,194.902548725637
1478.99577429779,1459.11011682824,209.895052473763
1590.85259756401,1735.02361421825,209.895052473763
1613.22396221725,2204.82227193637,209.895052473763
1625.65249813572,275.913497390007,209.895052473763
1732.53790703455,1501.36713895103,194.902548725637
1879.19463087248,2018.39423315933,194.902548725637
1921.45165299528,1595.82401193139,224.887556221889
1968.68008948546,1471.53865274671,209.895052473763
1998.50857568978,427.541635595327,194.902548725637
2085.50832711907,1168.28237633607,194.902548725637
2165.05095699727,263.484961471539,194.902548725637
2237.13646532438,1066.36838180462,194.902548725637
2252.05070842655,1046.48272433507,194.902548725637
2257.02212279394,1165.79666915237,209.895052473763
2286.85060899826,643.798160576684,224.887556221889
2346.50758140691,584.141188168034,209.895052473763
2418.59308973403,887.397464578673,209.895052473763
47.2284364901815,561.76982351479,224.887556221889
198.856574695501,1469.05294556301,209.895052473763
258.513547104151,735.769326373353,224.887556221889
263.484961471539,708.426547352722,209.895052473763
268.456375838926,740.740740740741,224.887556221889
275.913497390007,725.826497638578,209.895052473763
430.027342779021,606.512552821278,224.887556221889
517.027094208302,42.2570221227939,209.895052473763
589.112602535421,263.484961471539,224.887556221889
606.512552821278,1779.76634352473,224.887556221889
710.912254536416,1787.22346507581,209.895052473763
728.312204822272,1111.11111111111,224.887556221889
743.226447924435,1111.11111111111,224.887556221889
758.140691026597,1098.68257519264,224.887556221889
1098.68257519264,1595.82401193139,209.895052473763
1252.79642058166,2060.65125528213,224.887556221889
1295.05344270445,1292.56773552076,224.887556221889
1327.36763609247,556.798409147402,224.887556221889
1387.02460850112,442.455878697489,224.887556221889
1406.91026597067,462.34153616704,224.887556221889
1444.19587372608,2356.45041014169,224.887556221889
1451.65299527716,1121.05393984589,224.887556221889
1546.10986825752,1302.51056425553,224.887556221889
1598.30971911509,1145.91101168282,209.895052473763
1638.08103405419,265.970668655232,224.887556221889
1652.99527715635,815.311956251554,209.895052473763
1904.05170270942,1478.99577429779,224.887556221889
1933.88018891375,1625.65249813572,224.887556221889
1946.30872483221,1126.02535421327,224.887556221889
2028.33706189411,1391.99602286851,209.895052473763
69.5998011434253,1051.45413870246,239.880059970015
89.4854586129754,1116.0825254785,224.887556221889
173.999502858563,1826.99478001491,239.880059970015
370.37037037037,1409.39597315436,239.880059970015
372.856077554064,1414.36738752175,224.887556221889
514.541387024609,867.511807109123,224.887556221889
596.569724086503,827.740492170022,224.887556221889
698.483718617947,290.82774049217,239.880059970015
735.769326373353,278.399204573701,224.887556221889
753.16927665921,927.168779517773,239.880059970015
775.540641312453,959.482972905792,224.887556221889
795.426298782004,1570.96694009446,239.880059970015
869.997514292816,253.542132736764,239.880059970015
914.740243599304,2393.73601789709,239.880059970015
1019.13994531444,141.685309470544,239.880059970015
1024.11135968183,606.512552821278,239.880059970015
1026.59706686552,2214.76510067114,224.887556221889
1051.45413870246,338.056176982351,239.880059970015
1188.16803380562,2020.87994034303,239.880059970015
1193.13944817301,820.283370618941,239.880059970015
1275.1677852349,228.685060899826,239.880059970015
1295.05344270445,2440.96445438727,224.887556221889
1344.76758637832,795.426298782004,239.880059970015
1382.05319413373,459.855828983346,224.887556221889
1382.05319413373,2100.42257022123,224.887556221889
1387.02460850112,2234.65075814069,239.880059970015
1387.02460850112,479.741486452896,224.887556221889
1394.4817300522,482.22719363659,224.887556221889
1391.99602286851,472.284364901815,239.880059970015
1486.45289584887,728.312204822272,239.880059970015
1501.36713895103,728.312204822272,239.880059970015
1521.25279642058,156.599552572707,239.880059970015
1536.16703952274,787.969177230922,239.880059970015
1595.82401193139,1976.13721103654,224.887556221889
1680.33805617698,2150.1367138951,224.887556221889
1697.73800646284,2127.76534924186,239.880059970015
1702.70942083023,1904.05170270942,239.880059970015
1739.99502858563,780.512055679841,239.880059970015
1759.88068605518,770.569226945066,239.880059970015
1769.82351478996,1824.50907283122,239.880059970015
1913.9945314442,1474.0243599304,224.887556221889
1936.36589609744,837.683320904797,239.880059970015
2075.56549838429,1913.9945314442,239.880059970015
2142.67959234402,1889.13745960726,239.880059970015
2152.6224210788,1603.28113348248,239.880059970015
2252.05070842655,1304.99627143922,239.880059970015
2339.05045985583,1876.70892368879,239.880059970015
2348.9932885906,1933.88018891375,239.880059970015
2388.7646035297,691.026597066866,239.880059970015
2458.36440467313,884.911757394979,224.887556221889
144.171016654238,1844.39473030077,254.872563718141
283.370618941089,1759.88068605518,239.880059970015
343.027591349739,882.426050211285,239.880059970015
362.913248819289,877.454635843898,254.872563718141
442.455878697489,357.941834451902,254.872563718141
474.770072085508,2083.02261993537,254.872563718141
566.741237882178,785.483470047228,239.880059970015
604.026845637584,141.685309470544,254.872563718141
626.398210290828,1595.82401193139,254.872563718141
708.426547352722,298.284862043251,239.880059970015
733.283619189659,755.654983842903,254.872563718141
758.140691026597,999.254287844892,254.872563718141
795.426298782004,434.998757146408,254.872563718141
1046.48272433507,1573.45264727815,254.872563718141
1056.42555306985,251.05642555307,239.880059970015
1061.39696743724,703.455132985334,254.872563718141
1143.42530449913,1133.48247576436,254.872563718141
1165.79666915237,1138.45389013174,254.872563718141
1227.93934874472,64.6283867760378,239.880059970015
1240.36788466319,820.283370618941,239.880059970015
1287.59632115337,67.1140939597315,254.872563718141
1302.51056425553,1943.82301764852,254.872563718141
1367.13895103157,1429.28163062391,254.872563718141
1406.91026597067,1426.79592344022,269.865067466267
1493.91001739995,1135.96818294805,254.872563718141
1618.19537658464,263.484961471539,254.872563718141
1630.62391250311,2073.0797912006,254.872563718141
1677.85234899329,2237.13646532438,254.872563718141
1744.96644295302,2010.93711160825,239.880059970015
1829.48048719861,1314.939100174,254.872563718141
1884.16604523987,1377.08177976634,254.872563718141
1906.53740989311,1387.02460850112,254.872563718141
1926.42306736266,1369.62465821526,269.865067466267
1951.2801391996,1377.08177976634,254.872563718141
2030.8227690778,544.369873228934,239.880059970015
2063.13696246582,1188.16803380562,254.872563718141
2326.62192393736,1889.13745960726,254.872563718141
134.228187919463,1183.19661943823,269.865067466267
191.39945314442,1650.50956997266,254.872563718141
278.399204573701,1874.2232165051,254.872563718141
375.341784737758,1409.39597315436,254.872563718141
487.198608003977,2095.45115585384,254.872563718141
499.627143922446,867.511807109123,254.872563718141
539.398458861546,929.654486701467,254.872563718141
586.626895351728,1665.42381307482,269.865067466267
636.341039025603,1660.45239870743,254.872563718141
643.798160576684,1638.08103405419,269.865067466267
653.740989311459,469.798657718121,269.865067466267
872.48322147651,1583.39547601293,254.872563718141
909.768829231916,693.512304250559,269.865067466267
1056.42555306985,1126.02535421327,269.865067466267
1081.28262490679,959.482972905792,254.872563718141
1148.39671886652,2194.87944320159,269.865067466267
1155.8538404176,1170.76808351976,269.865067466267
1188.16803380562,512.055679840915,254.872563718141
1382.05319413373,1446.68158090977,269.865067466267
1384.53890131742,1424.31021625653,254.872563718141
1401.93885160328,335.570469798658,269.865067466267
1548.59557544121,1772.30922197365,269.865067466267
1615.70966940094,1270.19637086751,254.872563718141
1630.62391250311,812.82624906786,269.865067466267
1630.62391250311,795.426298782004,269.865067466267
1695.25229927915,1802.13770817798,254.872563718141
2028.33706189411,1267.71066368382,284.857571214393
2286.85060899826,1088.73974645787,284.857571214393
2373.85036042754,1665.42381307482,269.865067466267
529.455630126771,352.970420084514,269.865067466267
740.740740740741,922.197365150385,269.865067466267
924.683072334079,691.026597066866,269.865067466267
1026.59706686552,914.740243599304,284.857571214393
1048.96843151877,927.168779517773,284.857571214393
1406.91026597067,1449.16728809346,284.857571214393
1469.05294556301,601.54113845389,284.857571214393
1603.28113348248,800.397713149391,269.865067466267
1608.25254784986,1884.16604523987,269.865067466267
1608.25254784986,795.426298782004,269.865067466267
1625.65249813572,599.055431270196,284.857571214393
1628.13820531941,782.997762863535,284.857571214393
1635.59532687049,608.998260004971,269.865067466267
1638.08103405419,835.197613721104,284.857571214393
1645.53815560527,792.94059159831,284.857571214393
1650.50956997266,812.82624906786,284.857571214393
1764.85210042257,1493.91001739995,284.857571214393
2097.93686303753,1911.5088242605,284.857571214393
2234.65075814069,673.626646781009,284.857571214393
2259.50782997763,1063.88267462093,284.857571214393
2373.85036042754,1715.13795674869,269.865067466267
144.171016654238,1633.1096196868,299.850074962519
360.427541635595,571.712652249565,284.857571214393
420.084514044246,1956.25155356699,314.842578710645
474.770072085508,1441.71016654238,284.857571214393
497.141436738752,869.997514292816,284.857571214393
641.31245339299,1088.73974645787,299.850074962519
656.226696495153,1844.39473030077,299.850074962519
785.483470047228,1111.11111111111,299.850074962519
1168.28237633607,2045.73701217997,299.850074962519
1213.02510564256,2199.85085756898,299.850074962519
1230.42505592841,773.05493412876,284.857571214393
1267.71066368382,1943.82301764852,299.850074962519
1275.1677852349,69.5998011434253,284.857571214393
1292.56773552076,2003.47999005717,299.850074962519
1367.13895103157,586.626895351728,299.850074962519
1454.13870246085,591.598309719115,299.850074962519
1483.96718866518,1610.73825503356,299.850074962519
1618.19537658464,837.683320904797,299.850074962519
1628.13820531941,825.254784986329,284.857571214393
1657.96669152374,817.797663435247,284.857571214393
1672.8809346259,1541.13845389013,299.850074962519
1752.4235645041,2125.27964205817,299.850074962519
1792.1948794432,954.511558538404,284.857571214393
1804.62341536167,2219.73651503853,299.850074962519
1856.82326621924,1620.68108376833,299.850074962519
1956.25155356699,1670.39522744221,284.857571214393
2259.50782997763,1414.36738752175,299.850074962519
2264.47924434502,1098.68257519264,299.850074962519
2264.47924434502,1081.28262490679,299.850074962519
2271.9363658961,1053.93984588615,299.850074962519
2388.7646035297,1188.16803380562,299.850074962519
169.028088491176,1140.93959731544,299.850074962519
196.370867511807,986.825751926423,314.842578710645
211.28511061397,991.797166293811,299.850074962519
330.59905543127,641.31245339299,299.850074962519
536.912751677852,1546.10986825752,314.842578710645
636.341039025603,1710.16654238131,314.842578710645
651.255282127765,2117.82252050708,314.842578710645
815.311956251554,830.226199353716,314.842578710645
825.254784986329,653.740989311459,329.835082458771
922.197365150385,1121.05393984589,299.850074962519
924.683072334079,1511.30996768581,314.842578710645
1051.45413870246,942.083022619935,314.842578710645
1076.3112105394,964.454387273179,329.835082458771
1088.73974645787,942.083022619935,329.835082458771
1130.99676858066,862.540392741735,314.842578710645
1185.68232662192,1695.25229927915,299.850074962519
1319.91051454139,571.712652249565,314.842578710645
1324.88192890877,556.798409147402,329.835082458771
1352.22470792941,842.654735272185,314.842578710645
1548.59557544121,1859.30897340293,314.842578710645
1593.3383047477,1958.73726075068,329.835082458771
1608.25254784986,1884.16604523987,299.850074962519
1610.73825503356,1881.68033805618,299.850074962519
1618.19537658464,1948.79443201591,299.850074962519
1620.68108376833,1966.19438230176,314.842578710645
1633.1096196868,1951.2801391996,314.842578710645
1662.93810589113,1367.13895103157,299.850074962519
1702.70942083023,1399.45314441959,314.842578710645
2020.87994034303,1113.5968182948,329.835082458771
2170.02237136465,1690.28088491176,314.842578710645
2194.87944320159,1466.56723837932,299.850074962519
2284.36490181457,1068.85408898832,299.850074962519
2299.27914491673,1217.99652000994,314.842578710645
136.713895103157,984.340044742729,329.835082458771
278.399204573701,1650.50956997266,314.842578710645
280.884911757395,1600.79542629878,329.835082458771
328.113348247576,544.369873228934,329.835082458771
546.855580412627,2080.53691275168,329.835082458771
725.826497638578,1451.65299527716,329.835082458771
758.140691026597,2035.79418344519,314.842578710645
770.569226945066,355.456127268208,329.835082458771
852.59756400696,1215.51081282625,314.842578710645
937.111608252548,1521.25279642058,344.827586206897
1004.22570221228,512.055679840915,329.835082458771
1071.33979617201,937.111608252548,314.842578710645
1091.22545364156,1419.33880188914,329.835082458771
1128.51106139697,765.597812577678,329.835082458771
1153.36813323391,1116.0825254785,314.842578710645
1153.36813323391,1178.22520507084,329.835082458771
1163.31096196868,1767.33780760626,329.835082458771
1220.48222719364,1876.70892368879,314.842578710645
1304.99627143922,559.284116331096,329.835082458771
1399.45314441959,1377.08177976634,329.835082458771
1466.56723837932,1652.99527715635,329.835082458771
1496.39572458364,1725.08078548347,314.842578710645
1605.76684066617,1943.82301764852,329.835082458771
1610.73825503356,1983.59433258762,314.842578710645
1618.19537658464,1988.56574695501,314.842578710645
1628.13820531941,1436.73875217499,329.835082458771
2005.96569724086,1111.11111111111,314.842578710645
2025.85135471042,797.912005965697,329.835082458771
2197.36515038528,959.482972905792,329.835082458771
164.056674123788,1414.36738752175,344.827586206897
616.455381556053,1297.53914988814,344.827586206897
959.482972905792,760.626398210291,344.827586206897
971.911508824261,1086.25403927417,359.820089955023
1048.96843151877,1113.5968182948,344.827586206897
1061.39696743724,959.482972905792,329.835082458771
1096.19686800895,907.283122048223,344.827586206897
1108.62540392742,1342.28187919463,344.827586206897
1121.05393984589,1317.42480735769,344.827586206897
1242.85359184688,1782.25205070843,329.835082458771
1285.11061396967,1058.91126025354,344.827586206897
1292.56773552076,564.255530698484,329.835082458771
1324.88192890877,539.398458861546,344.827586206897
1387.02460850112,1963.70867511807,329.835082458771
1391.99602286851,1943.82301764852,344.827586206897
1526.22421078797,750.683569475516,344.827586206897
1583.39547601293,1046.48272433507,344.827586206897
1603.28113348248,1981.10862540393,344.827586206897
1680.33805617698,919.711657966692,344.827586206897
1680.33805617698,939.597315436242,344.827586206897
1787.22346507581,1464.08153119563,344.827586206897
2259.50782997763,1173.25379070346,344.827586206897
186.428038777032,1036.5398956003,359.820089955023
320.656226696495,1391.99602286851,359.820089955023
350.48471290082,1528.70991797166,344.827586206897
407.655978125777,1456.62440964454,374.812593703148
621.42679592344,1016.65423813075,359.820089955023
636.341039025603,1349.73900074571,374.812593703148
723.340790454884,2083.02261993537,374.812593703148
862.540392741735,991.797166293811,359.820089955023
872.48322147651,1173.25379070346,359.820089955023
889.883171762366,1165.79666915237,344.827586206897
917.225950782998,1324.88192890877,359.820089955023
1058.91126025354,937.111608252548,344.827586206897
1068.85408898832,937.111608252548,344.827586206897
1106.13969674372,1153.36813323391,359.820089955023
1118.56823266219,536.912751677852,344.827586206897
1399.45314441959,1312.45339299031,359.820089955023
1439.22445935869,845.140442455879,359.820089955023
1469.05294556301,599.055431270196,359.820089955023
1541.13845389013,1590.85259756401,359.820089955023
1603.28113348248,2020.87994034303,359.820089955023
1608.25254784986,1851.85185185185,359.820089955023
1618.19537658464,1866.76609495401,359.820089955023
1633.1096196868,1953.7658463833,344.827586206897
1660.45239870743,1190.65374098931,359.820089955023
1784.73775789212,1014.16853094705,359.820089955023
1861.79468058663,1951.2801391996,344.827586206897
2078.05120556798,1531.19562515536,359.820089955023
2092.96544867015,1541.13845389013,359.820089955023
2092.96544867015,1516.28138205319,359.820089955023
318.170519512801,1570.96694009446,374.812593703148
318.170519512801,1551.08128262491,389.805097451274
504.598558289833,899.826000497141,374.812593703148
566.741237882178,1680.33805617698,374.812593703148
621.42679592344,1518.76708923689,374.812593703148
740.740740740741,2087.99403430276,374.812593703148
758.140691026597,1061.39696743724,374.812593703148
758.140691026597,1076.3112105394,374.812593703148
857.568978374347,1267.71066368382,374.812593703148
1073.8255033557,1103.65398956003,374.812593703148
1101.16828237634,1096.19686800895,389.805097451274
1086.25403927417,1116.0825254785,389.805097451274
1111.11111111111,1406.91026597067,374.812593703148
1123.53964702958,2152.6224210788,374.812593703148
1143.42530449913,1113.5968182948,374.812593703148
1155.8538404176,1106.13969674372,374.812593703148
1160.82525478499,1317.42480735769,374.812593703148
1163.31096196868,1309.96768580661,359.820089955023
1282.62490678598,1265.22495650012,359.820089955023
1352.22470792941,961.968680089485,374.812593703148
1546.10986825752,1352.22470792941,374.812593703148
1605.76684066617,365.398956002983,374.812593703148
1620.68108376833,1961.22296793438,359.820089955023
1640.56674123788,914.740243599304,374.812593703148
1707.68083519761,797.912005965697,374.812593703148
1856.82326621924,1541.13845389013,374.812593703148
1961.22296793438,611.483967188665,359.820089955023
464.827243350733,1240.36788466319,389.805097451274
464.827243350733,1660.45239870743,374.812593703148
608.998260004971,1506.33855331842,389.805097451274
1039.02560278399,1145.91101168282,404.7976011994
1106.13969674372,1078.79691772309,389.805097451274
1384.53890131742,1677.85234899329,404.7976011994
1531.19562515536,1454.13870246085,389.805097451274
1531.19562515536,1434.2530449913,374.812593703148
1546.10986825752,1449.16728809346,374.812593703148
1953.7658463833,775.540641312453,389.805097451274
924.683072334079,661.19811086254,404.7976011994
1071.33979617201,1096.19686800895,389.805097451274
1076.3112105394,1083.76833209048,389.805097451274
1088.73974645787,1523.73850360428,404.7976011994
1106.13969674372,509.569972657221,389.805097451274
1121.05393984589,1193.13944817301,404.7976011994
1145.91101168282,666.169525229928,419.790104947526
1185.68232662192,531.941337310465,404.7976011994
1431.76733780761,1227.93934874472,389.805097451274
1511.30996768581,651.255282127765,404.7976011994
1541.13845389013,1429.28163062391,404.7976011994
1553.5669898086,1441.71016654238,389.805097451274
1749.93785732041,1737.50932140194,419.790104947526
1993.5371613224,1744.96644295302,404.7976011994
405.170270942083,922.197365150385,419.790104947526
425.055928411633,1267.71066368382,419.790104947526
636.341039025603,815.311956251554,419.790104947526
715.883668903803,912.25453641561,419.790104947526
730.797912005966,817.797663435247,419.790104947526
730.797912005966,651.255282127765,419.790104947526
735.769326373353,1645.53815560527,419.790104947526
1071.33979617201,760.626398210291,434.782608695652
1178.22520507084,653.740989311459,419.790104947526
1210.53939845886,1812.08053691275,419.790104947526
1250.31071339796,2030.8227690778,434.782608695652
1456.62440964454,1839.42331593338,419.790104947526
1478.99577429779,1051.45413870246,419.790104947526
1563.50981854338,1034.0541884166,419.790104947526
1667.90952025851,509.569972657221,434.782608695652
1772.30922197365,1048.96843151877,434.782608695652
1889.13745960726,1130.99676858066,419.790104947526
2018.39423315933,1461.59582401193,434.782608695652
439.970171513796,1501.36713895103,419.790104947526
698.483718617947,1088.73974645787,449.775112443778
850.111856823266,1548.59557544121,434.782608695652
984.340044742729,1247.82500621427,434.782608695652
1235.3964702958,574.198359433259,434.782608695652
1332.33905045986,897.340293313448,449.775112443778
1389.51031568481,887.397464578673,434.782608695652
2005.96569724086,1588.36689038031,434.782608695652
2010.93711160825,1605.76684066617,434.782608695652
2050.70842654735,1088.73974645787,434.782608695652
812.82624906786,601.54113845389,449.775112443778
899.826000497141,1854.33755903555,449.775112443778
927.168779517773,1635.59532687049,449.775112443778
947.054436987323,1652.99527715635,449.775112443778
966.940094456873,551.826994780015,449.775112443778
1071.33979617201,1899.08028834203,449.775112443778
1083.76833209048,1906.53740989311,449.775112443778
1302.51056425553,1421.82450907283,449.775112443778
1677.85234899329,1508.82426050211,449.775112443778
1720.10937111608,569.226945065871,449.775112443778
1779.76634352473,1899.08028834203,449.775112443778
1782.25205070843,924.683072334079,464.767616191904
1784.73775789212,929.654486701467,434.782608695652
2025.85135471042,1372.11036539896,464.767616191904
2038.27989062888,1349.73900074571,464.767616191904
860.054685558041,1707.68083519761,464.767616191904
894.854586129754,1116.0825254785,479.76011994003
1126.02535421327,1730.05219985086,449.775112443778
1608.25254784986,991.797166293811,464.767616191904
1834.451901566,1220.48222719364,464.767616191904
1916.48023862789,1469.05294556301,464.767616191904
718.369376087497,812.82624906786,479.76011994003
894.854586129754,676.112353964703,479.76011994003
1088.73974645787,1605.76684066617,464.767616191904
1118.56823266219,1744.96644295302,464.767616191904
1135.96818294805,1742.48073576933,464.767616191904
1401.93885160328,1309.96768580661,479.76011994003
1444.19587372608,1168.28237633607,479.76011994003
1682.82376336068,790.454884414616,479.76011994003
860.054685558041,1742.48073576933,479.76011994003
889.883171762366,1031.56848123291,494.752623688156
954.511558538404,1677.85234899329,479.76011994003
1071.33979617201,1931.39448173005,479.76011994003
1081.28262490679,1941.33731046483,479.76011994003
1088.73974645787,1640.56674123788,479.76011994003
1091.22545364156,1623.16679095203,479.76011994003
1118.56823266219,1782.25205070843,479.76011994003
1126.02535421327,1764.85210042257,479.76011994003
1138.45389013174,1779.76634352473,479.76011994003
1148.39671886652,1846.88043748446,479.76011994003
1357.19612229679,1118.56823266219,509.745127436282
1610.73825503356,653.740989311459,494.752623688156
847.626149639573,1710.16654238131,494.752623688156
939.597315436242,1648.02386278896,494.752623688156
1078.79691772309,1593.3383047477,494.752623688156
1078.79691772309,1608.25254784986,494.752623688156
1106.13969674372,1747.45215013671,494.752623688156
1111.11111111111,1732.53790703455,494.752623688156
1126.02535421327,1744.96644295302,494.752623688156
1138.45389013174,1814.56624409645,494.752623688156
1270.19637086751,1411.88168033806,509.745127436282
1282.62490678598,1302.51056425553,509.745127436282
1334.82475764355,1113.5968182948,509.745127436282
1700.22371364653,942.083022619935,524.737631184408
1814.56624409645,1362.16753666418,524.737631184408
991.797166293811,1652.99527715635,509.745127436282
1130.99676858066,1600.79542629878,509.745127436282
1190.65374098931,1819.53765846383,509.745127436282
1411.88168033806,1247.82500621427,524.737631184408
1103.65398956003,1623.16679095203,524.737631184408
1163.31096196868,1839.42331593338,524.737631184408
1168.28237633607,1846.88043748446,524.737631184408
1227.93934874472,1195.6251553567,539.730134932534
1327.36763609247,1508.82426050211,524.737631184408
1456.62440964454,932.14019388516,539.730134932534
929.654486701467,1650.50956997266,539.730134932534
974.397216007954,1148.39671886652,539.730134932534
1068.85408898832,1600.79542629878,539.730134932534
1130.99676858066,1819.53765846383,539.730134932534
1389.51031568481,1359.68182948049,539.730134932534
1434.2530449913,1168.28237633607,539.730134932534
954.511558538404,1123.53964702958,554.72263868066
1312.45339299031,1486.45289584887,554.72263868066
1377.08177976634,1339.79617201094,554.72263868066
1419.33880188914,1143.42530449913,554.72263868066
