106.885408898832,2463.33581904052,29.9850074962519
169.028088491176,2023.36564752672,29.9850074962519
188.913745960726,2005.96569724086,14.9925037481259
191.39945314442,1988.56574695501,29.9850074962519
193.885160328113,2038.27989062888,29.9850074962519
318.170519512801,1436.73875217499,14.9925037481259
350.48471290082,820.283370618941,29.9850074962519
397.713149391002,969.425801640567,44.9775112443778
507.084265473527,1414.36738752175,29.9850074962519
519.512801391996,1093.71116082525,44.9775112443778
586.626895351728,2003.47999005717,29.9850074962519
770.569226945066,2291.82202336565,14.9925037481259
800.397713149391,1404.42455878698,29.9850074962519
817.797663435247,1391.99602286851,29.9850074962519
907.283122048223,802.883420333085,29.9850074962519
961.968680089485,2179.96520009943,14.9925037481259
961.968680089485,2391.2503107134,14.9925037481259
976.882923191648,2194.87944320159,29.9850074962519
991.797166293811,2202.33656475267,14.9925037481259
1016.65423813075,952.02585135471,29.9850074962519
1086.25403927417,2232.165050957,29.9850074962519
1222.96793437733,725.826497638578,29.9850074962519
1230.42505592841,1039.02560278399,29.9850074962519
1304.99627143922,2416.10738255034,29.9850074962519
1441.71016654238,1006.71140939597,29.9850074962519
1503.85284613473,1175.73949788715,29.9850074962519
1513.7956748695,1021.62565249814,29.9850074962519
1523.73850360428,810.340541884166,29.9850074962519
1672.8809346259,1029.08277404922,29.9850074962519
1687.79517772806,2435.99304001989,14.9925037481259
1692.76659209545,1958.73726075068,29.9850074962519
1797.16629381059,1946.30872483221,29.9850074962519
1834.451901566,1307.48197862292,29.9850074962519
1894.10887397465,1782.25205070843,29.9850074962519
1896.59458115834,1702.70942083023,14.9925037481259
1896.59458115834,2097.93686303753,29.9850074962519
1899.08028834203,2150.1367138951,29.9850074962519
1918.96594581158,2085.50832711907,44.9775112443778
1931.39448173005,1004.22570221228,29.9850074962519
1956.25155356699,1904.05170270942,29.9850074962519
1971.16579666915,1180.71091225454,29.9850074962519
2043.25130499627,852.59756400696,29.9850074962519
2045.73701217997,1670.39522744221,29.9850074962519
2065.62266964952,840.169028088491,29.9850074962519
2152.6224210788,1364.65324384787,29.9850074962519
2157.59383544618,2470.7929405916,29.9850074962519
2172.50807854835,2463.33581904052,14.9925037481259
2184.93661446682,2458.36440467313,29.9850074962519
2192.3937360179,1715.13795674869,29.9850074962519
2212.27939348745,1195.6251553567,29.9850074962519
2242.10787969177,1881.68033805618,14.9925037481259
2351.4789957743,927.168779517773,29.9850074962519
2423.56450410142,1580.90976882923,29.9850074962519
2438.47874720358,2107.87969177231,29.9850074962519
84.5140442455879,1752.4235645041,29.9850074962519
82.0283370618941,1665.42381307482,29.9850074962519
176.485210042257,2038.27989062888,29.9850074962519
188.913745960726,2023.36564752672,29.9850074962519
474.770072085508,1782.25205070843,44.9775112443778
613.969674372359,748.197862291822,44.9775112443778
628.883917474521,705.940840169028,29.9850074962519
778.026348496147,1459.11011682824,29.9850074962519
887.397464578673,842.654735272185,44.9775112443778
922.197365150385,1630.62391250311,44.9775112443778
924.683072334079,795.426298782004,59.9700149925037
981.854337559036,1354.7104151131,29.9850074962519
991.797166293811,2194.87944320159,29.9850074962519
1076.3112105394,2209.79368630375,29.9850074962519
1262.73924931643,842.654735272185,29.9850074962519
1309.96768580661,2463.33581904052,29.9850074962519
1334.82475764355,1374.59607258265,29.9850074962519
1732.53790703455,2403.67884663187,29.9850074962519
1774.79492915735,1329.85334327616,59.9700149925037
1787.22346507581,1961.22296793438,29.9850074962519
1804.62341536167,974.397216007954,59.9700149925037
1846.88043748446,924.683072334079,44.9775112443778
1859.30897340293,932.14019388516,44.9775112443778
1866.76609495401,1814.56624409645,29.9850074962519
1864.28038777032,2092.96544867015,29.9850074962519
1871.7375093214,924.683072334079,29.9850074962519
1918.96594581158,1277.65349241859,29.9850074962519
1948.79443201591,1011.68282376336,44.9775112443778
1981.10862540393,1595.82401193139,29.9850074962519
2005.96569724086,1981.10862540393,44.9775112443778
2005.96569724086,2468.3072334079,29.9850074962519
2055.67984091474,855.083271190654,29.9850074962519
2117.82252050708,1414.36738752175,44.9775112443778
2199.85085756898,2150.1367138951,44.9775112443778
2219.73651503853,1451.65299527716,44.9775112443778
2239.62217250808,1459.11011682824,44.9775112443778
2276.90778026349,782.997762863535,44.9775112443778
2294.30773054934,785.483470047228,44.9775112443778
2299.27914491673,1200.59656972409,44.9775112443778
2378.82177479493,1998.50857568978,44.9775112443778
2435.99304001989,2080.53691275168,44.9775112443778
139.199602286851,2378.82177479493,59.9700149925037
144.171016654238,1247.82500621427,44.9775112443778
181.456624409645,2324.13621675367,44.9775112443778
221.227939348745,2117.82252050708,59.9700149925037
472.284364901815,1772.30922197365,59.9700149925037
482.22719363659,805.369127516779,44.9775112443778
499.627143922446,1384.53890131742,44.9775112443778
743.226447924435,807.854834700472,59.9700149925037
887.397464578673,1478.99577429779,44.9775112443778
927.168779517773,1645.53815560527,44.9775112443778
961.968680089485,1108.62540392742,59.9700149925037
1078.79691772309,2468.3072334079,59.9700149925037
1098.68257519264,2440.96445438727,59.9700149925037
1178.22520507084,1461.59582401193,59.9700149925037
1252.79642058166,1277.65349241859,59.9700149925037
1327.36763609247,1610.73825503356,59.9700149925037
1339.79617201094,1993.5371613224,59.9700149925037
1384.53890131742,1267.71066368382,44.9775112443778
1406.91026597067,1409.39597315436,44.9775112443778
1419.33880188914,1426.79592344022,59.9700149925037
1772.30922197365,989.311459110117,44.9775112443778
1794.6805866269,2209.79368630375,59.9700149925037
1831.9661943823,1195.6251553567,44.9775112443778
1936.36589609744,1501.36713895103,59.9700149925037
1976.13721103654,1822.02336564753,59.9700149925037
1978.62291822023,1280.13919960229,44.9775112443778
1996.02286850609,2465.82152622421,44.9775112443778
2095.45115585384,1568.48123291076,44.9775112443778
2095.45115585384,1583.39547601293,59.9700149925037
2105.39398458862,1558.53840417599,59.9700149925037
2219.73651503853,1464.08153119563,44.9775112443778
2227.19363658961,1444.19587372608,44.9775112443778
2257.02212279394,1247.82500621427,59.9700149925037
2259.50782997763,111.856823266219,44.9775112443778
2266.96495152871,2145.16529952772,44.9775112443778
2284.36490181457,114.342530449913,59.9700149925037
2361.42182450907,1222.96793437733,59.9700149925037
2396.22172508079,949.540144171017,74.9625187406297
161.570966940094,2234.65075814069,59.9700149925037
164.056674123788,2217.25080785483,59.9700149925037
238.627889634601,1645.53815560527,74.9625187406297
273.427790206314,2083.02261993537,74.9625187406297
536.912751677852,2326.62192393736,59.9700149925037
656.226696495153,1702.70942083023,59.9700149925037
695.998011434253,832.71190653741,74.9625187406297
855.083271190654,1598.30971911509,74.9625187406297
902.311707680835,1004.22570221228,74.9625187406297
1039.02560278399,1834.451901566,59.9700149925037
1108.62540392742,1993.5371613224,89.9550224887556
1222.96793437733,1931.39448173005,74.9625187406297
1235.3964702958,1302.51056425553,59.9700149925037
1270.19637086751,1906.53740989311,74.9625187406297
1322.39622172508,1180.71091225454,59.9700149925037
1379.56748695004,740.740740740741,59.9700149925037
1533.68133233905,658.712403678847,74.9625187406297
1774.79492915735,979.368630375342,74.9625187406297
1777.28063634104,1001.73999502859,59.9700149925037
1782.25205070843,2261.99353716132,74.9625187406297
1844.39473030077,2426.05021128511,74.9625187406297
1886.65175242356,1180.71091225454,74.9625187406297
1891.62316679095,1966.19438230176,74.9625187406297
2013.42281879195,1598.30971911509,74.9625187406297
2105.39398458862,1481.48148148148,59.9700149925037
2174.99378573204,971.911508824261,74.9625187406297
2209.79368630375,2030.8227690778,74.9625187406297
2249.56500124285,1712.652249565,74.9625187406297
2344.02187422322,604.026845637584,74.9625187406297
136.713895103157,1399.45314441959,74.9625187406297
166.542381307482,2222.22222222222,74.9625187406297
171.513795674869,1126.02535421327,89.9550224887556
343.027591349739,1528.70991797166,89.9550224887556
375.341784737758,2463.33581904052,89.9550224887556
606.512552821278,1165.79666915237,89.9550224887556
606.512552821278,1108.62540392742,89.9550224887556
651.255282127765,1690.28088491176,74.9625187406297
723.340790454884,1565.99552572707,89.9550224887556
840.169028088491,1605.76684066617,74.9625187406297
889.883171762366,2008.45140442456,104.947526236882
1009.19711657967,1662.93810589113,74.9625187406297
1009.19711657967,1655.48098434004,74.9625187406297
1021.62565249814,835.197613721104,89.9550224887556
1086.25403927417,1742.48073576933,104.947526236882
1130.99676858066,1996.02286850609,89.9550224887556
1140.93959731544,964.454387273179,74.9625187406297
1208.05369127517,1735.02361421825,89.9550224887556
1208.05369127517,1722.59507829978,89.9550224887556
1235.3964702958,686.055182699478,74.9625187406297
1267.71066368382,2426.05021128511,74.9625187406297
1270.19637086751,2406.16455381556,74.9625187406297
1287.59632115337,2252.05070842655,89.9550224887556
1309.96768580661,835.197613721104,89.9550224887556
1426.79592344022,1655.48098434004,74.9625187406297
1436.73875217499,1662.93810589113,74.9625187406297
1812.08053691275,1200.59656972409,104.947526236882
1814.56624409645,2080.53691275168,89.9550224887556
1836.93760874969,681.08376833209,74.9625187406297
1904.05170270942,894.854586129754,74.9625187406297
1953.7658463833,2122.79393487447,74.9625187406297
1968.68008948546,323.141933880189,74.9625187406297
1978.62291822023,2204.82227193637,104.947526236882
1983.59433258762,2222.22222222222,89.9550224887556
2025.85135471042,1493.91001739995,89.9550224887556
2095.45115585384,1715.13795674869,104.947526236882
2147.65100671141,1565.99552572707,74.9625187406297
2150.1367138951,171.513795674869,89.9550224887556
2182.45090728312,1155.8538404176,89.9550224887556
2189.9080288342,2010.93711160825,74.9625187406297
2202.33656475267,377.827491921452,89.9550224887556
2227.19363658961,2043.25130499627,74.9625187406297
2229.6793437733,2048.22271936366,74.9625187406297
2324.13621675367,599.055431270196,89.9550224887556
2339.05045985583,534.427044494159,89.9550224887556
2346.50758140691,447.427293064877,104.947526236882
12.4285359184688,2261.99353716132,104.947526236882
208.799403430276,1476.51006711409,104.947526236882
218.742232165051,1643.05244842158,104.947526236882
260.999254287845,1406.91026597067,89.9550224887556
492.170022371365,1879.19463087248,104.947526236882
494.655729555058,1859.30897340293,104.947526236882
531.941337310465,1300.02485707184,119.940029985007
656.226696495153,1369.62465821526,104.947526236882
671.140939597315,2105.39398458862,104.947526236882
840.169028088491,1817.05195128014,89.9550224887556
860.054685558041,2075.56549838429,104.947526236882
917.225950782998,1332.33905045986,104.947526236882
1098.68257519264,2438.47874720358,89.9550224887556
1108.62540392742,2132.73676360925,104.947526236882
1215.51081282625,1747.45215013671,104.947526236882
1260.25354213274,1232.91076311211,104.947526236882
1349.73900074571,1600.79542629878,89.9550224887556
1377.08177976634,1232.91076311211,119.940029985007
1396.96743723589,2050.70842654735,104.947526236882
1401.93885160328,2065.62266964952,104.947526236882
1496.39572458364,1150.88242605021,104.947526236882
1638.08103405419,2048.22271936366,104.947526236882
1648.02386278896,2276.90778026349,89.9550224887556
1665.42381307482,1416.85309470544,89.9550224887556
1705.19512801392,1096.19686800895,119.940029985007
1707.68083519761,2261.99353716132,104.947526236882
1732.53790703455,840.169028088491,104.947526236882
1764.85210042257,1369.62465821526,104.947526236882
1799.65200099428,1220.48222719364,104.947526236882
1876.70892368879,2453.39299030574,104.947526236882
1901.56599552573,19.8856574695501,104.947526236882
1926.42306736266,1909.02311707681,89.9550224887556
1931.39448173005,2130.25105642555,119.940029985007
1953.7658463833,2117.82252050708,104.947526236882
1958.73726075068,1710.16654238131,104.947526236882
2063.13696246582,22.3713646532438,104.947526236882
2167.53666418096,1774.79492915735,104.947526236882
2194.87944320159,1742.48073576933,104.947526236882
2219.73651503853,1976.13721103654,119.940029985007
2254.53641561024,2112.8511061397,104.947526236882
2269.4506587124,648.769574944072,104.947526236882
2418.59308973403,2023.36564752672,104.947526236882
2460.85011185682,1091.22545364156,104.947526236882
502.11285110614,1836.93760874969,119.940029985007
529.455630126771,1744.96644295302,104.947526236882
688.540889883172,2368.87894606015,119.940029985007
877.454635843898,2078.05120556798,104.947526236882
1004.22570221228,1193.13944817301,104.947526236882
1342.28187919463,2030.8227690778,119.940029985007
1650.50956997266,2281.87919463087,119.940029985007
1717.62366393239,2324.13621675367,104.947526236882
1720.10937111608,2152.6224210788,119.940029985007
1759.88068605518,1958.73726075068,119.940029985007
1884.16604523987,996.768580661198,119.940029985007
1891.62316679095,2162.56524981357,119.940029985007
1971.16579666915,1662.93810589113,119.940029985007
2078.05120556798,1767.33780760626,119.940029985007
2271.9363658961,526.969922943077,119.940029985007
2331.59333830475,850.111856823266,134.932533733133
2403.67884663187,917.225950782998,104.947526236882
2443.45016157097,2102.90827740492,119.940029985007
186.428038777032,1735.02361421825,134.932533733133
273.427790206314,1638.08103405419,134.932533733133
310.71339796172,1163.31096196868,134.932533733133
596.569724086503,1812.08053691275,134.932533733133
646.283867760378,2060.65125528213,134.932533733133
668.655232413622,2346.50758140691,134.932533733133
693.512304250559,2092.96544867015,134.932533733133
723.340790454884,2401.19313944817,134.932533733133
775.540641312453,1113.5968182948,134.932533733133
807.854834700472,1419.33880188914,134.932533733133
934.625901068854,1461.59582401193,149.925037481259
991.797166293811,1183.19661943823,119.940029985007
996.768580661198,1170.76808351976,119.940029985007
1004.22570221228,1143.42530449913,119.940029985007
1009.19711657967,1180.71091225454,134.932533733133
1158.33954760129,1474.0243599304,134.932533733133
1222.96793437733,2371.36465324385,149.925037481259
1324.88192890877,1735.02361421825,134.932533733133
1342.28187919463,1332.33905045986,119.940029985007
1367.13895103157,1687.79517772806,119.940029985007
1429.28163062391,2431.0216256525,134.932533733133
1449.16728809346,792.94059159831,134.932533733133
1498.88143176734,2353.96470295799,134.932533733133
1650.50956997266,360.427541635595,134.932533733133
1705.19512801392,1349.73900074571,119.940029985007
1737.50932140194,2363.90753169277,119.940029985007
1829.48048719861,1692.76659209545,119.940029985007
1889.13745960726,613.969674372359,134.932533733133
1901.56599552573,1133.48247576436,134.932533733133
1933.88018891375,1894.10887397465,134.932533733133
1956.25155356699,2398.70743226448,134.932533733133
1988.56574695501,1794.6805866269,119.940029985007
2122.79393487447,1856.82326621924,134.932533733133
2192.3937360179,1986.08003977131,119.940029985007
2229.6793437733,1819.53765846383,134.932533733133
2363.90753169277,2038.27989062888,134.932533733133
2373.85036042754,559.284116331096,134.932533733133
2386.27889634601,2060.65125528213,134.932533733133
2458.36440467313,1735.02361421825,134.932533733133
208.799403430276,1431.76733780761,149.925037481259
293.313447675864,1404.42455878698,149.925037481259
293.313447675864,1498.88143176734,164.917541229385
382.798906288839,2341.53616703952,149.925037481259
534.427044494159,1056.42555306985,134.932533733133
914.740243599304,1111.11111111111,164.917541229385
984.340044742729,1436.73875217499,149.925037481259
1021.62565249814,939.597315436242,134.932533733133
1066.36838180462,1135.96818294805,179.910044977511
1175.73949788715,952.02585135471,149.925037481259
1476.51006711409,2381.30748197862,149.925037481259
1638.08103405419,183.942331593338,149.925037481259
1643.05244842158,444.941585881183,164.917541229385
1715.13795674869,2105.39398458862,149.925037481259
1732.53790703455,2324.13621675367,149.925037481259
1739.99502858563,1021.62565249814,164.917541229385
1807.10912254536,2269.4506587124,149.925037481259
1881.68033805618,1429.28163062391,149.925037481259
1886.65175242356,57.1712652249565,134.932533733133
1916.48023862789,2212.27939348745,164.917541229385
1928.90877454636,1227.93934874472,149.925037481259
1951.2801391996,1879.19463087248,149.925037481259
2015.90852597564,686.055182699478,149.925037481259
2015.90852597564,673.626646781009,134.932533733133
2063.13696246582,991.797166293811,149.925037481259
2085.50832711907,1725.08078548347,164.917541229385
2142.67959234402,2398.70743226448,134.932533733133
2289.33631618195,1871.7375093214,134.932533733133
2351.4789957743,909.768829231916,149.925037481259
2353.96470295799,1869.25180213771,134.932533733133
2378.82177479493,2073.0797912006,134.932533733133
2378.82177479493,2040.76559781258,149.925037481259
2478.25006214268,792.94059159831,149.925037481259
2478.25006214268,561.76982351479,149.925037481259
72.0855083271191,2112.8511061397,164.917541229385
705.940840169028,2090.47974148645,164.917541229385
800.397713149391,1769.82351478996,164.917541229385
1056.42555306985,1101.16828237634,164.917541229385
1068.85408898832,1103.65398956003,164.917541229385
1063.88267462093,1839.42331593338,164.917541229385
1128.51106139697,1461.59582401193,179.910044977511
1285.11061396967,1648.02386278896,164.917541229385
1732.53790703455,1861.79468058663,164.917541229385
1784.73775789212,1354.7104151131,164.917541229385
1792.1948794432,1951.2801391996,164.917541229385
1869.25180213771,2010.93711160825,149.925037481259
1884.16604523987,62.142679592344,149.925037481259
1899.08028834203,1262.73924931643,164.917541229385
1916.48023862789,1220.48222719364,179.910044977511
1923.93736017897,1255.28212776535,179.910044977511
1933.88018891375,1886.65175242356,164.917541229385
1943.82301764852,1866.76609495401,149.925037481259
2005.96569724086,77.0569226945066,164.917541229385
2058.16554809843,944.568729803629,164.917541229385
2252.05070842655,1896.59458115834,164.917541229385
2266.96495152871,1879.19463087248,164.917541229385
2281.87919463087,785.483470047228,164.917541229385
2299.27914491673,2408.65026099925,164.917541229385
2445.93586875466,554.312701963709,164.917541229385
29.8284862043251,2199.85085756898,164.917541229385
459.855828983346,1394.4817300522,179.910044977511
904.797414864529,1471.53865274671,179.910044977511
1041.51130996769,1133.48247576436,194.902548725637
1043.99701715138,1153.36813323391,164.917541229385
1056.42555306985,1113.5968182948,179.910044977511
1058.91126025354,1158.33954760129,179.910044977511
1078.79691772309,1123.53964702958,164.917541229385
1086.25403927417,1836.93760874969,179.910044977511
1332.33905045986,1101.16828237634,164.917541229385
1369.62465821526,1272.68207805121,164.917541229385
1633.1096196868,981.854337559036,179.910044977511
1754.9092716878,2070.5940840169,179.910044977511
1779.76634352473,1377.08177976634,179.910044977511
1797.16629381059,1936.36589609744,179.910044977511
1797.16629381059,1374.59607258265,179.910044977511
1812.08053691275,996.768580661198,179.910044977511
1826.99478001491,2316.67909520259,179.910044977511
1864.28038777032,144.171016654238,194.902548725637
1894.10887397465,2192.3937360179,164.917541229385
1901.56599552573,1235.3964702958,164.917541229385
1916.48023862789,1242.85359184688,164.917541229385
1951.2801391996,1553.5669898086,194.902548725637
1963.70867511807,2311.7076808352,179.910044977511
2070.5940840169,2339.05045985583,164.917541229385
2197.36515038528,1342.28187919463,179.910044977511
2234.65075814069,1391.99602286851,179.910044977511
2460.85011185682,914.740243599304,179.910044977511
129.256773552076,1981.10862540393,194.902548725637
355.456127268208,2371.36465324385,194.902548725637
372.856077554064,1966.19438230176,179.910044977511
449.913000248571,1628.13820531941,194.902548725637
658.712403678847,2135.22247079294,194.902548725637
869.997514292816,2058.16554809843,194.902548725637
892.36887894606,1051.45413870246,194.902548725637
909.768829231916,1198.11086254039,194.902548725637
969.425801640567,2393.73601789709,194.902548725637
1061.39696743724,1869.25180213771,194.902548725637
1061.39696743724,2249.56500124285,209.895052473763
1081.28262490679,1106.13969674372,194.902548725637
1170.76808351976,984.340044742729,194.902548725637
1250.31071339796,1011.68282376336,194.902548725637
1262.73924931643,1203.08227690778,179.910044977511
1533.68133233905,144.171016654238,194.902548725637
1600.79542629878,64.6283867760378,194.902548725637
1620.68108376833,444.941585881183,209.895052473763
1762.36639323888,1362.16753666418,194.902548725637
1834.451901566,146.656723837932,194.902548725637
1841.90902311708,164.056674123788,194.902548725637
1851.85185185185,131.742480735769,179.910044977511
1851.85185185185,154.113845389013,179.910044977511
1856.82326621924,733.283619189659,194.902548725637
1899.08028834203,1247.82500621427,194.902548725637
1926.42306736266,238.627889634601,194.902548725637
2145.16529952772,2304.25055928412,194.902548725637
2160.07954262988,2463.33581904052,194.902548725637
2170.02237136465,2443.45016157097,194.902548725637
2172.50807854835,1650.50956997266,194.902548725637
2202.33656475267,1454.13870246085,194.902548725637
2386.27889634601,994.282873477504,209.895052473763
2411.13596818295,1014.16853094705,209.895052473763
233.656475267214,2110.365398956,209.895052473763
352.970420084514,2455.87869748944,194.902548725637
678.598061148397,1205.56798409147,209.895052473763
695.998011434253,1794.6805866269,224.887556221889
708.426547352722,1747.45215013671,209.895052473763
713.397961720109,1717.62366393239,209.895052473763
745.712155108128,1725.08078548347,209.895052473763
792.94059159831,1098.68257519264,194.902548725637
795.426298782004,1672.8809346259,209.895052473763
795.426298782004,1690.28088491176,209.895052473763
802.883420333085,1685.30947054437,194.902548725637
805.369127516779,1086.25403927417,209.895052473763
964.454387273179,1889.13745960726,209.895052473763
1048.96843151877,1163.31096196868,194.902548725637
1247.82500621427,156.599552572707,209.895052473763
1272.68207805121,151.628138205319,209.895052473763
1312.45339299031,1113.5968182948,209.895052473763
1421.82450907283,2194.87944320159,209.895052473763
1434.2530449913,2227.19363658961,194.902548725637
1702.70942083023,1275.1677852349,209.895052473763
1727.56649266716,1630.62391250311,209.895052473763
1752.4235645041,233.656475267214,209.895052473763
1779.76634352473,253.542132736764,194.902548725637
1814.56624409645,1921.45165299528,209.895052473763
1831.9661943823,131.742480735769,194.902548725637
1844.39473030077,2107.87969177231,194.902548725637
1874.2232165051,1638.08103405419,194.902548725637
1896.59458115834,2137.70817797663,209.895052473763
1913.9945314442,1307.48197862292,209.895052473763
2217.25080785483,1575.93835446184,224.887556221889
2224.70792940592,2182.45090728312,194.902548725637
2393.73601789709,907.283122048223,209.895052473763
129.256773552076,2092.96544867015,209.895052473763
151.628138205319,2110.365398956,209.895052473763
840.169028088491,1521.25279642058,224.887556221889
1096.19686800895,82.0283370618941,224.887556221889
1140.93959731544,1312.45339299031,224.887556221889
1210.53939845886,1250.31071339796,224.887556221889
1255.28212776535,151.628138205319,209.895052473763
1319.91051454139,360.427541635595,224.887556221889
1332.33905045986,1379.56748695004,239.880059970015
1456.62440964454,2058.16554809843,209.895052473763
1478.99577429779,1354.7104151131,209.895052473763
1498.88143176734,2172.50807854835,239.880059970015
1531.19562515536,280.884911757395,224.887556221889
1849.36614466816,569.226945065871,239.880059970015
1869.25180213771,1956.25155356699,224.887556221889
1976.13721103654,1046.48272433507,224.887556221889
2000.99428287348,1359.68182948049,209.895052473763
2045.73701217997,1121.05393984589,224.887556221889
2075.56549838429,621.42679592344,224.887556221889
2194.87944320159,2237.13646532438,224.887556221889
2284.36490181457,1451.65299527716,224.887556221889
24.8570718369376,1747.45215013671,239.880059970015
64.6283867760378,1538.65274670644,239.880059970015
171.513795674869,1640.56674123788,239.880059970015
176.485210042257,1764.85210042257,239.880059970015
228.685060899826,2105.39398458862,224.887556221889
293.313447675864,2239.62217250808,239.880059970015
432.513049962714,2160.07954262988,239.880059970015
591.598309719115,2005.96569724086,239.880059970015
1029.08277404922,2344.02187422322,254.872563718141
1076.3112105394,94.4568729803629,224.887556221889
1292.56773552076,2435.99304001989,239.880059970015
1416.85309470544,2187.42232165051,224.887556221889
1474.0243599304,1347.25329356202,239.880059970015
1491.42431021626,904.797414864529,254.872563718141
1526.22421078797,328.113348247576,239.880059970015
1531.19562515536,345.513298533433,239.880059970015
1541.13845389013,2207.30797912006,254.872563718141
1561.02411135968,1638.08103405419,239.880059970015
1648.02386278896,2165.05095699727,239.880059970015
1650.50956997266,1633.1096196868,239.880059970015
1680.33805617698,2274.42207307979,239.880059970015
1697.73800646284,1645.53815560527,239.880059970015
1739.99502858563,1948.79443201591,239.880059970015
1772.30922197365,2010.93711160825,239.880059970015
1774.79492915735,1991.0514541387,239.880059970015
1794.6805866269,1991.0514541387,254.872563718141
1889.13745960726,691.026597066866,224.887556221889
1913.9945314442,2122.79393487447,239.880059970015
1948.79443201591,2239.62217250808,254.872563718141
2003.47999005717,1352.22470792941,224.887556221889
2237.13646532438,1377.08177976634,239.880059970015
2254.53641561024,922.197365150385,239.880059970015
248.570718369376,1846.88043748446,254.872563718141
449.913000248571,1881.68033805618,254.872563718141
564.255530698484,1841.90902311708,254.872563718141
720.855083271191,1943.82301764852,254.872563718141
723.340790454884,2145.16529952772,254.872563718141
869.997514292816,2112.8511061397,239.880059970015
996.768580661198,1757.39497887149,254.872563718141
1004.22570221228,2346.50758140691,254.872563718141
1153.36813323391,357.941834451902,239.880059970015
1327.36763609247,720.855083271191,254.872563718141
1344.76758637832,2182.45090728312,269.865067466267
1374.59607258265,631.369624658215,239.880059970015
1429.28163062391,2401.19313944817,269.865067466267
1553.5669898086,2085.50832711907,239.880059970015
1580.90976882923,2055.67984091474,254.872563718141
1670.39522744221,2100.42257022123,254.872563718141
1700.22371364653,1441.71016654238,254.872563718141
1737.50932140194,2214.76510067114,269.865067466267
1904.05170270942,1339.79617201094,254.872563718141
2000.99428287348,2145.16529952772,254.872563718141
2058.16554809843,430.027342779021,254.872563718141
2058.16554809843,1088.73974645787,254.872563718141
2157.59383544618,1175.73949788715,254.872563718141
2170.02237136465,651.255282127765,254.872563718141
2284.36490181457,984.340044742729,254.872563718141
2388.7646035297,956.997265722098,239.880059970015
462.34153616704,1894.10887397465,254.872563718141
484.712900820283,1913.9945314442,284.857571214393
676.112353964703,2309.2219736515,269.865067466267
961.968680089485,2336.56475267214,269.865067466267
1143.42530449913,367.884663186677,269.865067466267
1220.48222719364,231.17076808352,269.865067466267
1302.51056425553,1906.53740989311,269.865067466267
1309.96768580661,1379.56748695004,269.865067466267
1357.19612229679,494.655729555058,269.865067466267
1372.11036539896,631.369624658215,269.865067466267
1389.51031568481,631.369624658215,269.865067466267
1536.16703952274,713.397961720109,284.857571214393
1536.16703952274,2127.76534924186,269.865067466267
1677.85234899329,2087.99403430276,254.872563718141
1715.13795674869,1449.16728809346,269.865067466267
1757.39497887149,2204.82227193637,269.865067466267
1754.9092716878,1518.76708923689,269.865067466267
1767.33780760626,1148.39671886652,269.865067466267
1764.85210042257,2170.02237136465,269.865067466267
1787.22346507581,710.912254536416,269.865067466267
1799.65200099428,710.912254536416,269.865067466267
1866.76609495401,2087.99403430276,284.857571214393
1983.59433258762,1053.93984588615,254.872563718141
1983.59433258762,2162.56524981357,254.872563718141
2157.59383544618,1093.71116082525,269.865067466267
2281.87919463087,2003.47999005717,269.865067466267
2421.07879691772,1807.10912254536,269.865067466267
412.627392493164,350.48471290082,284.857571214393
641.31245339299,7.45712155108128,284.857571214393
939.597315436242,149.142431021626,284.857571214393
996.768580661198,2239.62217250808,284.857571214393
1004.22570221228,2030.8227690778,299.850074962519
1009.19711657967,2048.22271936366,299.850074962519
1031.56848123291,2043.25130499627,299.850074962519
1053.93984588615,1697.73800646284,299.850074962519
1121.05393984589,74.5712155108128,299.850074962519
1123.53964702958,753.16927665921,284.857571214393
1128.51106139697,89.4854586129754,299.850074962519
1158.33954760129,360.427541635595,269.865067466267
1168.28237633607,1931.39448173005,269.865067466267
1364.65324384787,1384.53890131742,284.857571214393
1399.45314441959,2304.25055928412,284.857571214393
1431.76733780761,2376.33606761124,284.857571214393
1446.68158090977,357.941834451902,284.857571214393
1444.19587372608,2396.22172508079,284.857571214393
1451.65299527716,2408.65026099925,284.857571214393
1650.50956997266,1635.59532687049,269.865067466267
1662.93810589113,1971.16579666915,284.857571214393
1680.33805617698,295.799154859558,284.857571214393
1695.25229927915,318.170519512801,299.850074962519
1710.16654238131,308.227690778026,284.857571214393
1759.88068605518,1757.39497887149,284.857571214393
1757.39497887149,410.141685309471,299.850074962519
1782.25205070843,517.027094208302,284.857571214393
1787.22346507581,894.854586129754,284.857571214393
1799.65200099428,519.512801391996,284.857571214393
1864.28038777032,2348.9932885906,284.857571214393
1871.7375093214,1869.25180213771,299.850074962519
1881.68033805618,2336.56475267214,284.857571214393
1933.88018891375,2227.19363658961,269.865067466267
1948.79443201591,1446.68158090977,284.857571214393
1953.7658463833,1434.2530449913,284.857571214393
1973.65150385285,2152.6224210788,269.865067466267
2010.93711160825,1347.25329356202,284.857571214393
2058.16554809843,584.141188168034,284.857571214393
2334.07904548844,1583.39547601293,284.857571214393
159.085259756401,1409.39597315436,299.850074962519
318.170519512801,1817.05195128014,299.850074962519
333.084762614964,1476.51006711409,299.850074962519
347.999005717127,2050.70842654735,299.850074962519
350.48471290082,1483.96718866518,299.850074962519
385.284613472533,347.999005717127,299.850074962519
392.741735023614,362.913248819289,284.857571214393
571.712652249565,1459.11011682824,299.850074962519
599.055431270196,1961.22296793438,299.850074962519
613.969674372359,1958.73726075068,299.850074962519
623.912503107134,1981.10862540393,284.857571214393
678.598061148397,2174.99378573204,299.850074962519
683.569475515784,315.684812329108,299.850074962519
780.512055679841,2363.90753169277,299.850074962519
785.483470047228,2038.27989062888,299.850074962519
822.769077802635,1411.88168033806,299.850074962519
862.540392741735,37.2856077554064,299.850074962519
884.911757394979,24.8570718369376,299.850074962519
934.625901068854,1812.08053691275,299.850074962519
969.425801640567,86.9997514292816,299.850074962519
1029.08277404922,2025.85135471042,299.850074962519
1046.48272433507,82.0283370618941,299.850074962519
1148.39671886652,897.340293313448,299.850074962519
1188.16803380562,1645.53815560527,299.850074962519
1198.11086254039,825.254784986329,299.850074962519
1357.19612229679,1036.5398956003,299.850074962519
1382.05319413373,1369.62465821526,284.857571214393
1469.05294556301,2401.19313944817,299.850074962519
1662.93810589113,47.2284364901815,284.857571214393
1665.42381307482,1267.71066368382,284.857571214393
1682.82376336068,2147.65100671141,299.850074962519
1720.10937111608,2194.87944320159,299.850074962519
1727.56649266716,2294.30773054934,284.857571214393
1754.9092716878,1217.99652000994,299.850074962519
1769.82351478996,507.084265473527,284.857571214393
1782.25205070843,1317.42480735769,284.857571214393
1794.6805866269,499.627143922446,299.850074962519
1871.7375093214,1329.85334327616,314.842578710645
1879.19463087248,1474.0243599304,299.850074962519
1881.68033805618,1287.59632115337,299.850074962519
1911.5088242605,2030.8227690778,299.850074962519
2147.65100671141,902.311707680835,299.850074962519
2160.07954262988,2130.25105642555,299.850074962519
2247.07929405916,991.797166293811,299.850074962519
2324.13621675367,1588.36689038031,299.850074962519
2346.50758140691,1921.45165299528,299.850074962519
2455.87869748944,1419.33880188914,299.850074962519
183.942331593338,1195.6251553567,314.842578710645
241.113596818295,544.369873228934,314.842578710645
519.512801391996,77.0569226945066,314.842578710645
556.798409147402,1237.88217747949,314.842578710645
758.140691026597,959.482972905792,314.842578710645
897.340293313448,785.483470047228,299.850074962519
952.02585135471,1056.42555306985,314.842578710645
986.825751926423,947.054436987323,314.842578710645
1004.22570221228,922.197365150385,314.842578710645
1009.19711657967,952.02585135471,314.842578710645
1014.16853094705,932.14019388516,314.842578710645
1016.65423813075,2048.22271936366,299.850074962519
1043.99701715138,2053.19413373105,314.842578710645
1091.22545364156,7.45712155108128,299.850074962519
1118.56823266219,743.226447924435,299.850074962519
1208.05369127517,2117.82252050708,314.842578710645
1302.51056425553,2182.45090728312,314.842578710645
1491.42431021626,720.855083271191,299.850074962519
1618.19537658464,2197.36515038528,314.842578710645
1672.8809346259,472.284364901815,314.842578710645
1680.33805617698,494.655729555058,314.842578710645
1687.79517772806,479.741486452896,314.842578710645
1774.79492915735,1322.39622172508,314.842578710645
1787.22346507581,631.369624658215,299.850074962519
1834.451901566,1285.11061396967,314.842578710645
1849.36614466816,1891.62316679095,299.850074962519
1899.08028834203,1988.56574695501,314.842578710645
2025.85135471042,961.968680089485,299.850074962519
2177.47949291573,1685.30947054437,314.842578710645
2289.33631618195,1575.93835446184,314.842578710645
2304.25055928412,1314.939100174,314.842578710645
2329.10763112105,1322.39622172508,314.842578710645
2341.53616703952,1424.31021625653,314.842578710645
2448.42157593835,1705.19512801392,299.850074962519
151.628138205319,705.940840169028,329.835082458771
223.713646532438,196.370867511807,329.835082458771
390.25602783992,1267.71066368382,329.835082458771
397.713149391002,482.22719363659,329.835082458771
529.455630126771,1508.82426050211,329.835082458771
599.055431270196,2264.47924434502,329.835082458771
606.512552821278,246.085011185682,329.835082458771
618.941088739746,231.17076808352,329.835082458771
748.197862291822,1292.56773552076,314.842578710645
753.16927665921,800.397713149391,329.835082458771
840.169028088491,1165.79666915237,344.827586206897
852.59756400696,447.427293064877,329.835082458771
912.25453641561,1309.96768580661,329.835082458771
934.625901068854,514.541387024609,329.835082458771
1053.93984588615,42.2570221227939,329.835082458771
1287.59632115337,211.28511061397,329.835082458771
1314.939100174,1548.59557544121,329.835082458771
1379.56748695004,1439.22445935869,329.835082458771
1379.56748695004,1459.11011682824,329.835082458771
1401.93885160328,909.768829231916,329.835082458771
1429.28163062391,2286.85060899826,314.842578710645
1543.62416107383,216.256524981357,329.835082458771
1638.08103405419,1590.85259756401,329.835082458771
1638.08103405419,2184.93661446682,314.842578710645
1692.76659209545,1285.11061396967,314.842578710645
1777.28063634104,72.0855083271191,329.835082458771
1849.36614466816,1282.62490678598,314.842578710645
2008.45140442456,1464.08153119563,344.827586206897
2137.70817797663,1749.93785732041,329.835082458771
2249.56500124285,1431.76733780761,329.835082458771
2291.82202336565,1324.88192890877,329.835082458771
2336.56475267214,1583.39547601293,314.842578710645
121.799652000994,1449.16728809346,329.835082458771
159.085259756401,1126.02535421327,329.835082458771
176.485210042257,206.313696246582,329.835082458771
183.942331593338,832.71190653741,344.827586206897
236.142182450907,581.65548098434,344.827586206897
263.484961471539,1991.0514541387,329.835082458771
357.941834451902,335.570469798658,359.820089955023
551.826994780015,139.199602286851,329.835082458771
571.712652249565,136.713895103157,329.835082458771
626.398210290828,1956.25155356699,329.835082458771
671.140939597315,146.656723837932,329.835082458771
691.026597066866,1441.71016654238,344.827586206897
733.283619189659,792.94059159831,344.827586206897
740.740740740741,805.369127516779,344.827586206897
872.48322147651,2075.56549838429,344.827586206897
894.854586129754,2073.0797912006,344.827586206897
1096.19686800895,2013.42281879195,344.827586206897
1103.65398956003,740.740740740741,329.835082458771
1185.68232662192,2237.13646532438,344.827586206897
1193.13944817301,1011.68282376336,329.835082458771
1205.56798409147,2247.07929405916,344.827586206897
1478.99577429779,596.569724086503,344.827586206897
1628.13820531941,1595.82401193139,329.835082458771
1640.56674123788,1200.59656972409,344.827586206897
1660.45239870743,474.770072085508,329.835082458771
1682.82376336068,193.885160328113,344.827586206897
1722.59507829978,238.627889634601,329.835082458771
1764.85210042257,1712.652249565,329.835082458771
1767.33780760626,69.5998011434253,329.835082458771
1787.22346507581,1568.48123291076,329.835082458771
1951.2801391996,673.626646781009,329.835082458771
1981.10862540393,1578.42406164554,344.827586206897
2048.22271936366,1963.70867511807,329.835082458771
2055.67984091474,1961.22296793438,329.835082458771
2100.42257022123,1404.42455878698,344.827586206897
2145.16529952772,1774.79492915735,344.827586206897
2182.45090728312,1956.25155356699,344.827586206897
2301.76485210042,1329.85334327616,329.835082458771
77.0569226945066,1730.05219985086,359.820089955023
169.028088491176,981.854337559036,344.827586206897
238.627889634601,1501.36713895103,359.820089955023
482.22719363659,504.598558289833,359.820089955023
489.684315187671,1048.96843151877,359.820089955023
703.455132985334,1436.73875217499,344.827586206897
812.82624906786,1372.11036539896,359.820089955023
820.283370618941,882.426050211285,359.820089955023
966.940094456873,2376.33606761124,359.820089955023
986.825751926423,2167.53666418096,359.820089955023
1081.28262490679,2348.9932885906,344.827586206897
1183.19661943823,1764.85210042257,344.827586206897
1217.99652000994,2247.07929405916,344.827586206897
1322.39622172508,226.199353716132,359.820089955023
1387.02460850112,1643.05244842158,359.820089955023
1406.91026597067,1387.02460850112,344.827586206897
1441.71016654238,1078.79691772309,344.827586206897
1508.82426050211,862.540392741735,344.827586206897
1533.68133233905,842.654735272185,344.827586206897
1543.62416107383,807.854834700472,359.820089955023
1725.08078548347,1391.99602286851,374.812593703148
1732.53790703455,1101.16828237634,344.827586206897
2065.62266964952,534.427044494159,359.820089955023
2152.6224210788,1757.39497887149,344.827586206897
2309.2219736515,1603.28113348248,344.827586206897
2316.67909520259,1600.79542629878,359.820089955023
7.45712155108128,1203.08227690778,374.812593703148
34.7999005717127,96.9425801640567,359.820089955023
82.0283370618941,1235.3964702958,374.812593703148
146.656723837932,258.513547104151,374.812593703148
333.084762614964,330.59905543127,374.812593703148
392.741735023614,1471.53865274671,374.812593703148
444.941585881183,872.48322147651,374.812593703148
482.22719363659,564.255530698484,374.812593703148
487.198608003977,494.655729555058,359.820089955023
504.598558289833,531.941337310465,359.820089955023
529.455630126771,1414.36738752175,359.820089955023
539.398458861546,131.742480735769,374.812593703148
546.855580412627,902.311707680835,359.820089955023
546.855580412627,422.570221227939,359.820089955023
556.798409147402,1889.13745960726,359.820089955023
564.255530698484,412.627392493164,374.812593703148
641.31245339299,106.885408898832,374.812593703148
718.369376087497,2242.10787969177,359.820089955023
723.340790454884,1235.3964702958,389.805097451274
728.312204822272,1260.25354213274,374.812593703148
733.283619189659,1285.11061396967,374.812593703148
770.569226945066,1590.85259756401,359.820089955023
822.769077802635,867.511807109123,359.820089955023
956.997265722098,104.399701715138,374.812593703148
971.911508824261,77.0569226945066,374.812593703148
981.854337559036,285.856326124783,374.812593703148
1029.08277404922,526.969922943077,374.812593703148
1061.39696743724,526.969922943077,374.812593703148
1066.36838180462,763.112105393985,374.812593703148
1111.11111111111,1946.30872483221,374.812593703148
1185.68232662192,283.370618941089,359.820089955023
1245.33929903057,474.770072085508,374.812593703148
1347.25329356202,569.226945065871,359.820089955023
1516.28138205319,847.626149639573,359.820089955023
1526.22421078797,407.655978125777,389.805097451274
1687.79517772806,1657.96669152374,359.820089955023
1697.73800646284,1650.50956997266,374.812593703148
1727.56649266716,1406.91026597067,359.820089955023
1812.08053691275,2087.99403430276,359.820089955023
1846.88043748446,2227.19363658961,359.820089955023
2008.45140442456,1419.33880188914,374.812593703148
2013.42281879195,1822.02336564753,374.812593703148
2063.13696246582,698.483718617947,374.812593703148
2087.99403430276,1205.56798409147,374.812593703148
2179.96520009943,1894.10887397465,374.812593703148
188.913745960726,1749.93785732041,374.812593703148
335.570469798658,1831.9661943823,389.805097451274
340.541884166045,350.48471290082,374.812593703148
367.884663186677,740.740740740741,374.812593703148
372.856077554064,343.027591349739,374.812593703148
402.684563758389,740.740740740741,389.805097451274
482.22719363659,544.369873228934,389.805097451274
484.712900820283,531.941337310465,374.812593703148
499.627143922446,554.312701963709,389.805097451274
504.598558289833,509.569972657221,389.805097451274
514.541387024609,504.598558289833,389.805097451274
517.027094208302,526.969922943077,389.805097451274
519.512801391996,544.369873228934,389.805097451274
521.99850857569,1996.02286850609,389.805097451274
529.455630126771,519.512801391996,374.812593703148
534.427044494159,146.656723837932,374.812593703148
539.398458861546,156.599552572707,374.812593703148
678.598061148397,1802.13770817798,389.805097451274
703.455132985334,1981.10862540393,389.805097451274
961.968680089485,77.0569226945066,374.812593703148
964.454387273179,2281.87919463087,389.805097451274
974.397216007954,89.4854586129754,374.812593703148
1034.0541884166,1735.02361421825,374.812593703148
1111.11111111111,1971.16579666915,374.812593703148
1126.02535421327,1983.59433258762,389.805097451274
1126.02535421327,2097.93686303753,374.812593703148
1257.76783494904,427.541635595327,389.805097451274
1332.33905045986,2160.07954262988,374.812593703148
1382.05319413373,2279.39348744718,389.805097451274
1439.22445935869,2127.76534924186,374.812593703148
1476.51006711409,847.626149639573,389.805097451274
1546.10986825752,2224.70792940592,374.812593703148
1595.82401193139,524.484215759384,389.805097451274
1615.70966940094,49.7141436738752,389.805097451274
1635.59532687049,1665.42381307482,389.805097451274
1742.48073576933,1406.91026597067,374.812593703148
1794.6805866269,847.626149639573,389.805097451274
1807.10912254536,718.369376087497,374.812593703148
1928.90877454636,1789.70917225951,374.812593703148
1958.73726075068,1195.6251553567,389.805097451274
2050.70842654735,1933.88018891375,389.805097451274
2058.16554809843,787.969177230922,374.812593703148
2063.13696246582,939.597315436242,374.812593703148
2085.50832711907,1359.68182948049,389.805097451274
2155.10812826249,1817.05195128014,374.812593703148
9.94282873477504,1118.56823266219,419.790104947526
37.2856077554064,111.856823266219,404.7976011994
69.5998011434253,1563.50981854338,404.7976011994
91.9711657966692,385.284613472533,389.805097451274
193.885160328113,745.712155108128,404.7976011994
193.885160328113,773.05493412876,404.7976011994
201.342281879195,104.399701715138,389.805097451274
206.313696246582,755.654983842903,389.805097451274
263.484961471539,238.627889634601,404.7976011994
313.199105145414,352.970420084514,404.7976011994
323.141933880189,340.541884166045,389.805097451274
422.570221227939,340.541884166045,404.7976011994
492.170022371365,753.16927665921,389.805097451274
541.88416604524,666.169525229928,404.7976011994
845.140442455879,1610.73825503356,404.7976011994
959.482972905792,171.513795674869,404.7976011994
959.482972905792,84.5140442455879,389.805097451274
1121.05393984589,2018.39423315933,404.7976011994
1143.42530449913,1675.36664180959,389.805097451274
1143.42530449913,1650.50956997266,389.805097451274
1150.88242605021,1404.42455878698,404.7976011994
1250.31071339796,539.398458861546,404.7976011994
1255.28212776535,1051.45413870246,389.805097451274
1257.76783494904,410.141685309471,404.7976011994
1265.22495650012,909.768829231916,389.805097451274
1369.62465821526,188.913745960726,404.7976011994
1372.11036539896,146.656723837932,404.7976011994
1387.02460850112,183.942331593338,404.7976011994
1424.31021625653,2284.36490181457,404.7976011994
1429.28163062391,2214.76510067114,404.7976011994
1506.33855331842,367.884663186677,389.805097451274
1588.36689038031,691.026597066866,389.805097451274
1739.99502858563,1441.71016654238,389.805097451274
1871.7375093214,1739.99502858563,404.7976011994
1941.33731046483,897.340293313448,404.7976011994
1973.65150385285,1747.45215013671,404.7976011994
74.5712155108128,1546.10986825752,419.790104947526
82.0283370618941,1573.45264727815,404.7976011994
181.456624409645,760.626398210291,404.7976011994
283.370618941089,579.169773800646,419.790104947526
300.770569226945,340.541884166045,404.7976011994
313.199105145414,328.113348247576,404.7976011994
330.59905543127,1595.82401193139,404.7976011994
387.770320656227,914.740243599304,419.790104947526
512.055679840915,519.512801391996,404.7976011994
782.997762863535,1103.65398956003,419.790104947526
835.197613721104,1630.62391250311,419.790104947526
869.997514292816,290.82774049217,419.790104947526
894.854586129754,2207.30797912006,404.7976011994
1126.02535421327,1769.82351478996,419.790104947526
1200.59656972409,1118.56823266219,404.7976011994
1247.82500621427,907.283122048223,404.7976011994
1282.62490678598,1086.25403927417,404.7976011994
1309.96768580661,1272.68207805121,404.7976011994
1352.22470792941,738.255033557047,404.7976011994
1357.19612229679,154.113845389013,419.790104947526
1369.62465821526,198.856574695501,404.7976011994
1493.91001739995,54.6855580412627,419.790104947526
1501.36713895103,67.1140939597315,419.790104947526
1518.76708923689,360.427541635595,404.7976011994
1541.13845389013,651.255282127765,404.7976011994
1660.45239870743,1158.33954760129,404.7976011994
1737.50932140194,1446.68158090977,404.7976011994
1817.05195128014,869.997514292816,404.7976011994
1819.53765846383,869.997514292816,434.782608695652
1822.02336564753,1593.3383047477,419.790104947526
1869.25180213771,611.483967188665,419.790104947526
1901.56599552573,1377.08177976634,419.790104947526
1906.53740989311,1774.79492915735,434.782608695652
2038.27989062888,907.283122048223,419.790104947526
2085.50832711907,1623.16679095203,404.7976011994
104.399701715138,1138.45389013174,434.782608695652
300.770569226945,333.084762614964,419.790104947526
313.199105145414,1372.11036539896,434.782608695652
375.341784737758,646.283867760378,434.782608695652
397.713149391002,1287.59632115337,434.782608695652
658.712403678847,648.769574944072,434.782608695652
688.540889883172,213.770817797663,449.775112443778
763.112105393985,907.283122048223,434.782608695652
822.769077802635,181.456624409645,419.790104947526
944.568729803629,233.656475267214,434.782608695652
1041.51130996769,131.742480735769,434.782608695652
1061.39696743724,621.42679592344,434.782608695652
1076.3112105394,616.455381556053,419.790104947526
1215.51081282625,1575.93835446184,434.782608695652
1300.02485707184,855.083271190654,434.782608695652
1434.2530449913,2085.50832711907,434.782608695652
1650.50956997266,509.569972657221,434.782608695652
1660.45239870743,1153.36813323391,419.790104947526
1861.79468058663,1779.76634352473,419.790104947526
1894.10887397465,1362.16753666418,434.782608695652
99.4282873477504,1053.93984588615,449.775112443778
101.913994531444,1034.0541884166,434.782608695652
106.885408898832,1039.02560278399,449.775112443778
193.885160328113,956.997265722098,449.775112443778
198.856574695501,1004.22570221228,449.775112443778
275.913497390007,521.99850857569,449.775112443778
293.313447675864,1379.56748695004,434.782608695652
310.71339796172,1396.96743723589,434.782608695652
333.084762614964,1469.05294556301,434.782608695652
566.741237882178,733.283619189659,449.775112443778
703.455132985334,24.8570718369376,449.775112443778
1066.36838180462,1190.65374098931,434.782608695652
1066.36838180462,1170.76808351976,434.782608695652
1066.36838180462,1513.7956748695,434.782608695652
1193.13944817301,444.941585881183,449.775112443778
1237.88217747949,1140.93959731544,434.782608695652
1309.96768580661,1277.65349241859,449.775112443778
1307.48197862292,86.9997514292816,449.775112443778
1312.45339299031,594.084016902809,464.767616191904
1317.42480735769,710.912254536416,449.775112443778
1424.31021625653,1039.02560278399,434.782608695652
1464.08153119563,2157.59383544618,449.775112443778
1613.22396221725,1538.65274670644,449.775112443778
1675.36664180959,1794.6805866269,449.775112443778
1672.8809346259,2033.3084762615,449.775112443778
1682.82376336068,1354.7104151131,449.775112443778
1822.02336564753,800.397713149391,449.775112443778
12.4285359184688,703.455132985334,464.767616191904
17.3999502858563,713.397961720109,449.775112443778
74.5712155108128,1556.05269699229,449.775112443778
101.913994531444,432.513049962714,479.76011994003
260.999254287845,1180.71091225454,449.775112443778
295.799154859558,1389.51031568481,449.775112443778
305.741983594333,412.627392493164,464.767616191904
313.199105145414,1406.91026597067,449.775112443778
318.170519512801,1384.53890131742,449.775112443778
335.570469798658,1476.51006711409,449.775112443778
382.798906288839,64.6283867760378,464.767616191904
402.684563758389,1300.02485707184,449.775112443778
415.113099676858,862.540392741735,464.767616191904
464.827243350733,574.198359433259,449.775112443778
529.455630126771,1725.08078548347,464.767616191904
579.169773800646,1061.39696743724,449.775112443778
673.626646781009,1153.36813323391,479.76011994003
681.08376833209,1135.96818294805,449.775112443778
688.540889883172,1138.45389013174,449.775112443778
807.854834700472,412.627392493164,464.767616191904
867.511807109123,835.197613721104,464.767616191904
917.225950782998,144.171016654238,464.767616191904
914.740243599304,1901.56599552573,464.767616191904
976.882923191648,937.111608252548,464.767616191904
1036.5398956003,820.283370618941,464.767616191904
1058.91126025354,576.684066616953,464.767616191904
1068.85408898832,1521.25279642058,449.775112443778
1088.73974645787,1203.08227690778,449.775112443778
1118.56823266219,1553.5669898086,464.767616191904
1128.51106139697,1779.76634352473,449.775112443778
1128.51106139697,1573.45264727815,479.76011994003
1158.33954760129,837.683320904797,464.767616191904
1210.53939845886,325.627641063883,449.775112443778
1217.99652000994,1585.88118319662,449.775112443778
1235.3964702958,1158.33954760129,449.775112443778
1391.99602286851,1304.99627143922,449.775112443778
1620.68108376833,1675.36664180959,449.775112443778
1993.5371613224,1304.99627143922,449.775112443778
2048.22271936366,1575.93835446184,449.775112443778
7.45712155108128,1106.13969674372,464.767616191904
12.4285359184688,668.655232413622,479.76011994003
17.3999502858563,683.569475515784,479.76011994003
37.2856077554064,1006.71140939597,464.767616191904
101.913994531444,1031.56848123291,464.767616191904
258.513547104151,1173.25379070346,464.767616191904
308.227690778026,1399.45314441959,464.767616191904
310.71339796172,1377.08177976634,464.767616191904
372.856077554064,636.341039025603,464.767616191904
462.34153616704,569.226945065871,479.76011994003
536.912751677852,1160.82525478499,479.76011994003
574.198359433259,1051.45413870246,479.76011994003
633.855331841909,253.542132736764,479.76011994003
681.08376833209,1128.51106139697,479.76011994003
710.912254536416,104.399701715138,464.767616191904
710.912254536416,89.4854586129754,464.767616191904
748.197862291822,710.912254536416,479.76011994003
894.854586129754,1968.68008948546,479.76011994003
1041.51130996769,126.771066368382,464.767616191904
1058.91126025354,613.969674372359,464.767616191904
1088.73974645787,1193.13944817301,479.76011994003
1106.13969674372,1578.42406164554,479.76011994003
1153.36813323391,827.740492170022,464.767616191904
1190.65374098931,437.484464330102,464.767616191904
1208.05369127517,318.170519512801,479.76011994003
1213.02510564256,1575.93835446184,464.767616191904
1235.3964702958,1133.48247576436,464.767616191904
1307.48197862292,1265.22495650012,464.767616191904
1389.51031568481,1295.05344270445,464.767616191904
1406.91026597067,434.998757146408,479.76011994003
1508.82426050211,738.255033557047,479.76011994003
1543.62416107383,1309.96768580661,479.76011994003
1613.22396221725,889.883171762366,494.752623688156
1638.08103405419,589.112602535421,479.76011994003
1652.99527715635,502.11285110614,464.767616191904
1670.39522744221,2023.36564752672,464.767616191904
1675.36664180959,1267.71066368382,479.76011994003
1675.36664180959,2023.36564752672,464.767616191904
1682.82376336068,1347.25329356202,464.767616191904
1824.50907283122,1071.33979617201,479.76011994003
1906.53740989311,1764.85210042257,464.767616191904
1993.5371613224,1295.05344270445,464.767616191904
54.6855580412627,1230.42505592841,494.752623688156
57.1712652249565,1208.05369127517,494.752623688156
338.056176982351,611.483967188665,494.752623688156
492.170022371365,765.597812577678,494.752623688156
502.11285110614,713.397961720109,509.745127436282
631.369624658215,820.283370618941,494.752623688156
775.540641312453,1123.53964702958,494.752623688156
1021.62565249814,283.370618941089,494.752623688156
1034.0541884166,69.5998011434253,494.752623688156
1106.13969674372,1235.3964702958,494.752623688156
1198.11086254039,623.912503107134,494.752623688156
1314.939100174,1337.31046482724,479.76011994003
1461.59582401193,2152.6224210788,479.76011994003
1722.59507829978,1138.45389013174,524.737631184408
1739.99502858563,1143.42530449913,494.752623688156
258.513547104151,469.798657718121,509.745127436282
494.655729555058,750.683569475516,509.745127436282
705.940840169028,1280.13919960229,509.745127436282
1130.99676858066,251.05642555307,524.737631184408
1145.91101168282,1541.13845389013,509.745127436282
1568.48123291076,502.11285110614,509.745127436282
139.199602286851,899.826000497141,524.737631184408
263.484961471539,581.65548098434,524.737631184408
504.598558289833,1444.19587372608,539.730134932534
673.626646781009,347.999005717127,539.730134932534
820.283370618941,1364.65324384787,524.737631184408
884.911757394979,1359.68182948049,539.730134932534
884.911757394979,805.369127516779,554.72263868066
1019.13994531444,425.055928411633,554.72263868066
1230.42505592841,1546.10986825752,524.737631184408
1257.76783494904,1178.22520507084,509.745127436282
1372.11036539896,449.913000248571,524.737631184408
1710.16654238131,827.740492170022,509.745127436282
1782.25205070843,1444.19587372608,509.745127436282
1789.70917225951,1431.76733780761,509.745127436282
492.170022371365,1426.79592344022,539.730134932534
643.798160576684,947.054436987323,554.72263868066
785.483470047228,1280.13919960229,554.72263868066
842.654735272185,785.483470047228,539.730134932534
1053.93984588615,544.369873228934,539.730134932534
1173.25379070346,434.998757146408,554.72263868066
1329.85334327616,1739.99502858563,539.730134932534
1396.96743723589,1173.25379070346,539.730134932534
1431.76733780761,1558.53840417599,539.730134932534
1580.90976882923,1424.31021625653,539.730134932534
1777.28063634104,1456.62440964454,524.737631184408
678.598061148397,462.34153616704,554.72263868066
768.083519761372,626.398210290828,554.72263868066
802.883420333085,1058.91126025354,554.72263868066
1384.53890131742,1262.73924931643,569.715142428786
1439.22445935869,720.855083271191,569.715142428786
303.256276410639,566.741237882178,584.707646176912
352.970420084514,574.198359433259,584.707646176912
512.055679840915,663.683818046234,569.715142428786
698.483718617947,1312.45339299031,569.715142428786
1098.68257519264,949.540144171017,569.715142428786
1312.45339299031,1145.91101168282,554.72263868066
191.39945314442,1058.91126025354,569.715142428786
544.369873228934,529.455630126771,584.707646176912
713.397961720109,1036.5398956003,584.707646176912
884.911757394979,1188.16803380562,599.700149925038
1255.28212776535,673.626646781009,584.707646176912
1270.19637086751,656.226696495153,584.707646176912
658.712403678847,526.969922943077,599.700149925038
546.855580412627,882.426050211285,614.692653673163
862.540392741735,705.940840169028,599.700149925038
666.169525229928,526.969922943077,614.692653673163
