22.3713646532438,1625.65249813572,14.9925037481259
27.3427790206314,1640.56674123788,14.9925037481259
29.8284862043251,1866.76609495401,29.9850074962519
39.7713149391002,1859.30897340293,14.9925037481259
42.2570221227939,1881.68033805618,29.9850074962519
54.6855580412627,1864.28038777032,14.9925037481259
59.6569724086503,1794.6805866269,29.9850074962519
79.5426298782003,1792.1948794432,29.9850074962519
101.913994531444,1036.5398956003,14.9925037481259
101.913994531444,1021.62565249814,29.9850074962519
144.171016654238,2383.79318916232,29.9850074962519
146.656723837932,1769.82351478996,44.9775112443778
238.627889634601,1700.22371364653,29.9850074962519
265.970668655232,865.026099925429,14.9925037481259
350.48471290082,2421.07879691772,14.9925037481259
380.313199105145,1814.56624409645,29.9850074962519
382.798906288839,1292.56773552076,29.9850074962519
390.25602783992,504.598558289833,29.9850074962519
425.055928411633,74.5712155108128,14.9925037481259
439.970171513796,22.3713646532438,29.9850074962519
442.455878697489,1322.39622172508,29.9850074962519
462.34153616704,1324.88192890877,29.9850074962519
469.798657718121,1508.82426050211,14.9925037481259
484.712900820283,1511.30996768581,29.9850074962519
497.141436738752,544.369873228934,29.9850074962519
521.99850857569,1205.56798409147,29.9850074962519
526.969922943077,1372.11036539896,29.9850074962519
544.369873228934,1068.85408898832,29.9850074962519
591.598309719115,591.598309719115,29.9850074962519
594.084016902809,1297.53914988814,14.9925037481259
599.055431270196,981.854337559036,29.9850074962519
631.369624658215,1777.28063634104,14.9925037481259
656.226696495153,1210.53939845886,14.9925037481259
663.683818046234,1195.6251553567,29.9850074962519
668.655232413622,735.769326373353,29.9850074962519
681.08376833209,1198.11086254039,44.9775112443778
683.569475515784,725.826497638578,29.9850074962519
691.026597066866,546.855580412627,14.9925037481259
693.512304250559,850.111856823266,14.9925037481259
760.626398210291,1836.93760874969,29.9850074962519
773.05493412876,529.455630126771,14.9925037481259
832.71190653741,1943.82301764852,44.9775112443778
855.083271190654,559.284116331096,29.9850074962519
865.026099925429,49.7141436738752,29.9850074962519
865.026099925429,1640.56674123788,14.9925037481259
894.854586129754,1891.62316679095,44.9775112443778
909.768829231916,1884.16604523987,44.9775112443778
934.625901068854,99.4282873477504,14.9925037481259
944.568729803629,1849.36614466816,29.9850074962519
956.997265722098,618.941088739746,14.9925037481259
961.968680089485,599.055431270196,14.9925037481259
991.797166293811,1717.62366393239,14.9925037481259
1014.16853094705,847.626149639573,14.9925037481259
1041.51130996769,1041.51130996769,29.9850074962519
1098.68257519264,1986.08003977131,29.9850074962519
1103.65398956003,1101.16828237634,29.9850074962519
1140.93959731544,1643.05244842158,29.9850074962519
1165.79666915237,1938.85160328113,14.9925037481259
1200.59656972409,1764.85210042257,14.9925037481259
1225.45364156102,338.056176982351,29.9850074962519
1242.85359184688,335.570469798658,14.9925037481259
1339.79617201094,1650.50956997266,14.9925037481259
1347.25329356202,1469.05294556301,29.9850074962519
1359.68182948049,2353.96470295799,14.9925037481259
1404.42455878698,1488.93860303256,14.9925037481259
1454.13870246085,310.71339796172,29.9850074962519
1469.05294556301,161.570966940094,29.9850074962519
1481.48148148148,1826.99478001491,14.9925037481259
1506.33855331842,1824.50907283122,14.9925037481259
1506.33855331842,1483.96718866518,14.9925037481259
1511.30996768581,1486.45289584887,29.9850074962519
1593.3383047477,1128.51106139697,29.9850074962519
1620.68108376833,22.3713646532438,29.9850074962519
1675.36664180959,1951.2801391996,29.9850074962519
1677.85234899329,678.598061148397,29.9850074962519
1697.73800646284,1809.59482972906,29.9850074962519
1702.70942083023,1851.85185185185,14.9925037481259
1705.19512801392,487.198608003977,29.9850074962519
1717.62366393239,686.055182699478,29.9850074962519
1859.30897340293,1667.90952025851,14.9925037481259
1913.9945314442,1633.1096196868,29.9850074962519
1928.90877454636,198.856574695501,29.9850074962519
1943.82301764852,2356.45041014169,14.9925037481259
1951.2801391996,2358.93611732538,14.9925037481259
2015.90852597564,2122.79393487447,14.9925037481259
2023.36564752672,991.797166293811,14.9925037481259
2043.25130499627,989.311459110117,14.9925037481259
2045.73701217997,1685.30947054437,14.9925037481259
2068.10837683321,1595.82401193139,14.9925037481259
2137.70817797663,126.771066368382,29.9850074962519
2152.6224210788,2269.4506587124,14.9925037481259
2214.76510067114,1953.7658463833,14.9925037481259
2311.7076808352,256.027839920457,29.9850074962519
2311.7076808352,521.99850857569,14.9925037481259
2331.59333830475,256.027839920457,29.9850074962519
74.5712155108128,2003.47999005717,44.9775112443778
181.456624409645,1886.65175242356,44.9775112443778
191.39945314442,947.054436987323,44.9775112443778
203.827989062888,1317.42480735769,44.9775112443778
226.199353716132,1794.6805866269,44.9775112443778
479.741486452896,748.197862291822,44.9775112443778
484.712900820283,1501.36713895103,29.9850074962519
492.170022371365,136.713895103157,44.9775112443778
658.712403678847,1175.73949788715,29.9850074962519
671.140939597315,1851.85185185185,44.9775112443778
897.340293313448,1869.25180213771,44.9775112443778
952.02585135471,835.197613721104,59.9700149925037
1073.8255033557,2152.6224210788,59.9700149925037
1101.16828237634,1051.45413870246,59.9700149925037
1225.45364156102,1272.68207805121,44.9775112443778
1237.88217747949,1312.45339299031,29.9850074962519
1272.68207805121,539.398458861546,44.9775112443778
1327.36763609247,872.48322147651,44.9775112443778
1357.19612229679,1650.50956997266,29.9850074962519
1374.59607258265,1707.68083519761,44.9775112443778
1424.31021625653,536.912751677852,44.9775112443778
1419.33880188914,2254.53641561024,44.9775112443778
1436.73875217499,313.199105145414,29.9850074962519
1446.68158090977,882.426050211285,59.9700149925037
1464.08153119563,897.340293313448,44.9775112443778
1526.22421078797,347.999005717127,44.9775112443778
1538.65274670644,1014.16853094705,29.9850074962519
1538.65274670644,989.311459110117,44.9775112443778
1538.65274670644,1429.28163062391,29.9850074962519
1605.76684066617,1757.39497887149,44.9775112443778
1638.08103405419,497.141436738752,44.9775112443778
1652.99527715635,104.399701715138,44.9775112443778
1744.96644295302,2247.07929405916,44.9775112443778
1854.33755903555,2329.10763112105,44.9775112443778
2199.85085756898,2284.36490181457,44.9775112443778
144.171016654238,1126.02535421327,59.9700149925037
198.856574695501,268.456375838926,59.9700149925037
211.28511061397,260.999254287845,59.9700149925037
223.713646532438,241.113596818295,59.9700149925037
278.399204573701,1220.48222719364,44.9775112443778
412.627392493164,780.512055679841,59.9700149925037
420.084514044246,797.912005965697,59.9700149925037
459.855828983346,1339.79617201094,44.9775112443778
474.770072085508,1556.05269699229,74.9625187406297
479.741486452896,1215.51081282625,59.9700149925037
504.598558289833,1680.33805617698,59.9700149925037
584.141188168034,1762.36639323888,59.9700149925037
616.455381556053,7.45712155108128,44.9775112443778
768.083519761372,1650.50956997266,44.9775112443778
805.369127516779,1262.73924931643,59.9700149925037
807.854834700472,2087.99403430276,59.9700149925037
845.140442455879,4.97141436738752,59.9700149925037
862.540392741735,671.140939597315,59.9700149925037
902.311707680835,2346.50758140691,59.9700149925037
979.368630375342,1849.36614466816,44.9775112443778
994.282873477504,1841.90902311708,44.9775112443778
994.282873477504,1859.30897340293,59.9700149925037
1138.45389013174,1503.85284613473,59.9700149925037
1232.91076311211,1292.56773552076,59.9700149925037
1250.31071339796,2418.59308973403,44.9775112443778
1290.08202833706,1670.39522744221,59.9700149925037
1307.48197862292,1382.05319413373,59.9700149925037
1352.22470792941,1648.02386278896,44.9775112443778
1377.08177976634,2281.87919463087,59.9700149925037
1377.08177976634,2299.27914491673,59.9700149925037
1424.31021625653,887.397464578673,59.9700149925037
1426.79592344022,770.569226945066,59.9700149925037
1441.71016654238,1528.70991797166,44.9775112443778
1528.70991797166,2428.5359184688,59.9700149925037
1573.45264727815,2242.10787969177,59.9700149925037
1590.85259756401,2247.07929405916,59.9700149925037
1598.30971911509,1396.96743723589,59.9700149925037
1665.42381307482,1471.53865274671,74.9625187406297
1744.96644295302,1792.1948794432,44.9775112443778
1752.4235645041,273.427790206314,59.9700149925037
1759.88068605518,1807.10912254536,44.9775112443778
2018.39423315933,2162.56524981357,59.9700149925037
2073.0797912006,2229.6793437733,59.9700149925037
2197.36515038528,969.425801640567,59.9700149925037
2209.79368630375,991.797166293811,59.9700149925037
2336.56475267214,1752.4235645041,59.9700149925037
69.5998011434253,290.82774049217,59.9700149925037
69.5998011434253,2105.39398458862,74.9625187406297
89.4854586129754,2127.76534924186,74.9625187406297
114.342530449913,268.456375838926,59.9700149925037
156.599552572707,1108.62540392742,74.9625187406297
278.399204573701,2291.82202336565,59.9700149925037
285.856326124783,1175.73949788715,74.9625187406297
318.170519512801,1175.73949788715,74.9625187406297
357.941834451902,2199.85085756898,59.9700149925037
385.284613472533,1078.79691772309,74.9625187406297
390.25602783992,258.513547104151,59.9700149925037
400.198856574696,795.426298782004,59.9700149925037
405.170270942083,792.94059159831,59.9700149925037
407.655978125777,807.854834700472,59.9700149925037
417.598806860552,265.970668655232,59.9700149925037
425.055928411633,815.311956251554,59.9700149925037
444.941585881183,2055.67984091474,74.9625187406297
459.855828983346,1424.31021625653,74.9625187406297
462.34153616704,1538.65274670644,74.9625187406297
462.34153616704,1528.70991797166,59.9700149925037
489.684315187671,1553.5669898086,59.9700149925037
519.512801391996,74.5712155108128,59.9700149925037
526.969922943077,362.913248819289,74.9625187406297
780.512055679841,139.199602286851,74.9625187406297
795.426298782004,116.828237633607,74.9625187406297
832.71190653741,517.027094208302,59.9700149925037
862.540392741735,1297.53914988814,74.9625187406297
919.711657966692,1374.59607258265,74.9625187406297
1088.73974645787,1113.5968182948,59.9700149925037
1093.71116082525,1377.08177976634,89.9550224887556
1111.11111111111,1108.62540392742,59.9700149925037
1121.05393984589,1235.3964702958,74.9625187406297
1163.31096196868,1200.59656972409,74.9625187406297
1198.11086254039,715.883668903803,74.9625187406297
1213.02510564256,397.713149391002,74.9625187406297
1242.85359184688,1275.1677852349,59.9700149925037
1272.68207805121,24.8570718369376,59.9700149925037
1295.05344270445,173.999502858563,74.9625187406297
1297.53914988814,263.484961471539,59.9700149925037
1337.31046482724,2284.36490181457,59.9700149925037
1394.4817300522,283.370618941089,74.9625187406297
1446.68158090977,904.797414864529,59.9700149925037
1585.88118319662,2115.33681332339,74.9625187406297
1690.28088491176,1834.451901566,59.9700149925037
1879.19463087248,4.97141436738752,59.9700149925037
1906.53740989311,340.541884166045,74.9625187406297
1911.5088242605,643.798160576684,59.9700149925037
1911.5088242605,1518.76708923689,74.9625187406297
1946.30872483221,7.45712155108128,59.9700149925037
1971.16579666915,1337.31046482724,74.9625187406297
2033.3084762615,974.397216007954,74.9625187406297
2055.67984091474,1270.19637086751,59.9700149925037
2135.22247079294,976.882923191648,74.9625187406297
2145.16529952772,986.825751926423,74.9625187406297
2189.9080288342,981.854337559036,74.9625187406297
2192.3937360179,2028.33706189411,74.9625187406297
2194.87944320159,994.282873477504,59.9700149925037
2194.87944320159,2010.93711160825,74.9625187406297
2249.56500124285,1735.02361421825,59.9700149925037
2249.56500124285,2025.85135471042,89.9550224887556
2269.4506587124,1933.88018891375,74.9625187406297
2274.42207307979,2214.76510067114,59.9700149925037
2401.19313944817,1553.5669898086,59.9700149925037
32.3141933880189,2038.27989062888,74.9625187406297
39.7713149391002,2043.25130499627,74.9625187406297
74.5712155108128,2135.22247079294,74.9625187406297
116.828237633607,1737.50932140194,89.9550224887556
213.770817797663,2356.45041014169,89.9550224887556
216.256524981357,2035.79418344519,74.9625187406297
223.713646532438,2351.4789957743,74.9625187406297
226.199353716132,2010.93711160825,89.9550224887556
283.370618941089,1831.9661943823,74.9625187406297
285.856326124783,1130.99676858066,89.9550224887556
300.770569226945,1817.05195128014,89.9550224887556
300.770569226945,1173.25379070346,74.9625187406297
350.48471290082,1933.88018891375,89.9550224887556
380.313199105145,1973.65150385285,104.947526236882
415.113099676858,790.454884414616,74.9625187406297
420.084514044246,805.369127516779,74.9625187406297
474.770072085508,1352.22470792941,74.9625187406297
479.741486452896,1359.68182948049,74.9625187406297
688.540889883172,775.540641312453,89.9550224887556
715.883668903803,2083.02261993537,89.9550224887556
728.312204822272,1404.42455878698,89.9550224887556
782.997762863535,213.770817797663,104.947526236882
807.854834700472,134.228187919463,74.9625187406297
882.426050211285,934.625901068854,89.9550224887556
964.454387273179,1252.79642058166,74.9625187406297
1116.0825254785,1364.65324384787,74.9625187406297
1250.31071339796,1101.16828237634,74.9625187406297
1344.76758637832,1068.85408898832,89.9550224887556
1354.7104151131,2232.165050957,74.9625187406297
1372.11036539896,1314.939100174,74.9625187406297
1377.08177976634,2242.10787969177,74.9625187406297
1419.33880188914,802.883420333085,74.9625187406297
1441.71016654238,800.397713149391,74.9625187406297
1464.08153119563,2478.25006214268,74.9625187406297
1483.96718866518,1732.53790703455,89.9550224887556
1563.50981854338,2110.365398956,74.9625187406297
1580.90976882923,2102.90827740492,74.9625187406297
1578.42406164554,2130.25105642555,74.9625187406297
1578.42406164554,325.627641063883,104.947526236882
1605.76684066617,2125.27964205817,89.9550224887556
1697.73800646284,1337.31046482724,104.947526236882
1864.28038777032,313.199105145414,89.9550224887556
1881.68033805618,1859.30897340293,89.9550224887556
1904.05170270942,949.540144171017,89.9550224887556
1911.5088242605,964.454387273179,89.9550224887556
1918.96594581158,952.02585135471,89.9550224887556
1918.96594581158,984.340044742729,89.9550224887556
1943.82301764852,1749.93785732041,104.947526236882
2035.79418344519,954.511558538404,74.9625187406297
2095.45115585384,1332.33905045986,74.9625187406297
2107.87969177231,1401.93885160328,89.9550224887556
2130.25105642555,1595.82401193139,89.9550224887556
2244.59358687547,1126.02535421327,89.9550224887556
2311.7076808352,1309.96768580661,89.9550224887556
2321.65050956997,1419.33880188914,104.947526236882
2336.56475267214,1416.85309470544,89.9550224887556
2.48570718369376,1580.90976882923,104.947526236882
178.970917225951,2271.9363658961,104.947526236882
226.199353716132,472.284364901815,104.947526236882
251.05642555307,32.3141933880189,89.9550224887556
283.370618941089,2264.47924434502,89.9550224887556
430.027342779021,2329.10763112105,89.9550224887556
502.11285110614,1290.08202833706,104.947526236882
566.741237882178,1342.28187919463,89.9550224887556
765.597812577678,2393.73601789709,89.9550224887556
787.969177230922,340.541884166045,104.947526236882
1083.76833209048,1478.99577429779,104.947526236882
1237.88217747949,1091.22545364156,89.9550224887556
1247.82500621427,1831.9661943823,104.947526236882
1287.59632115337,1541.13845389013,104.947526236882
1506.33855331842,1133.48247576436,89.9550224887556
1563.50981854338,2135.22247079294,89.9550224887556
1613.22396221725,2155.10812826249,89.9550224887556
1645.53815560527,2115.33681332339,104.947526236882
1817.05195128014,2301.76485210042,89.9550224887556
1884.16604523987,1879.19463087248,104.947526236882
1891.62316679095,1797.16629381059,104.947526236882
1899.08028834203,1424.31021625653,104.947526236882
1913.9945314442,1292.56773552076,104.947526236882
1943.82301764852,2249.56500124285,104.947526236882
2376.33606761124,1257.76783494904,104.947526236882
2445.93586875466,2053.19413373105,104.947526236882
2468.3072334079,1354.7104151131,89.9550224887556
52.199850857569,1352.22470792941,104.947526236882
62.142679592344,1359.68182948049,119.940029985007
104.399701715138,1118.56823266219,134.932533733133
216.256524981357,487.198608003977,104.947526236882
223.713646532438,487.198608003977,104.947526236882
246.085011185682,2440.96445438727,104.947526236882
305.741983594333,1128.51106139697,119.940029985007
310.71339796172,2445.93586875466,104.947526236882
330.59905543127,2381.30748197862,104.947526236882
385.284613472533,1511.30996768581,119.940029985007
415.113099676858,1001.73999502859,119.940029985007
472.284364901815,370.37037037037,119.940029985007
611.483967188665,372.856077554064,104.947526236882
621.42679592344,1851.85185185185,104.947526236882
810.340541884166,151.628138205319,119.940029985007
974.397216007954,1367.13895103157,104.947526236882
1014.16853094705,1752.4235645041,104.947526236882
1014.16853094705,919.711657966692,104.947526236882
1043.99701715138,2324.13621675367,119.940029985007
1093.71116082525,221.227939348745,104.947526236882
1108.62540392742,1354.7104151131,104.947526236882
1116.0825254785,1369.62465821526,104.947526236882
1123.53964702958,1242.85359184688,104.947526236882
1153.36813323391,2060.65125528213,104.947526236882
1183.19661943823,1001.73999502859,104.947526236882
1190.65374098931,912.25453641561,119.940029985007
1200.59656972409,1101.16828237634,119.940029985007
1250.31071339796,1394.4817300522,119.940029985007
1344.76758637832,1715.13795674869,119.940029985007
1362.16753666418,2013.42281879195,104.947526236882
1372.11036539896,559.284116331096,119.940029985007
1493.91001739995,382.798906288839,119.940029985007
1493.91001739995,365.398956002983,104.947526236882
1506.33855331842,382.798906288839,104.947526236882
1590.85259756401,2112.8511061397,119.940029985007
1583.39547601293,1319.91051454139,119.940029985007
1605.76684066617,1203.08227690778,104.947526236882
1650.50956997266,1804.62341536167,119.940029985007
1675.36664180959,2068.10837683321,119.940029985007
1685.30947054437,2055.67984091474,119.940029985007
1685.30947054437,2035.79418344519,119.940029985007
1700.22371364653,2048.22271936366,104.947526236882
1869.25180213771,1208.05369127517,104.947526236882
1901.56599552573,1610.73825503356,104.947526236882
1941.33731046483,1222.96793437733,119.940029985007
1956.25155356699,2368.87894606015,119.940029985007
1968.68008948546,837.683320904797,119.940029985007
2090.47974148645,2078.05120556798,104.947526236882
2120.30822769078,1016.65423813075,134.932533733133
2127.76534924186,1041.51130996769,134.932533733133
2237.13646532438,1396.96743723589,119.940029985007
2346.50758140691,720.855083271191,104.947526236882
2351.4789957743,720.855083271191,104.947526236882
141.685309470544,1928.90877454636,134.932533733133
159.085259756401,293.313447675864,134.932533733133
169.028088491176,1011.68282376336,134.932533733133
216.256524981357,1600.79542629878,134.932533733133
290.82774049217,1061.39696743724,119.940029985007
661.19811086254,914.740243599304,134.932533733133
663.683818046234,24.8570718369376,134.932533733133
700.969425801641,755.654983842903,134.932533733133
795.426298782004,380.313199105145,119.940029985007
800.397713149391,144.171016654238,119.940029985007
899.826000497141,676.112353964703,119.940029985007
969.425801640567,1198.11086254039,134.932533733133
969.425801640567,1183.19661943823,134.932533733133
984.340044742729,807.854834700472,134.932533733133
994.282873477504,1556.05269699229,134.932533733133
994.282873477504,1210.53939845886,149.925037481259
1091.22545364156,2261.99353716132,134.932533733133
1183.19661943823,1126.02535421327,134.932533733133
1287.59632115337,738.255033557047,149.925037481259
1302.51056425553,768.083519761372,134.932533733133
1322.39622172508,251.05642555307,134.932533733133
1329.85334327616,268.456375838926,119.940029985007
1409.39597315436,651.255282127765,134.932533733133
1409.39597315436,1260.25354213274,134.932533733133
1454.13870246085,82.0283370618941,119.940029985007
1727.56649266716,775.540641312453,134.932533733133
1864.28038777032,763.112105393985,134.932533733133
1899.08028834203,2048.22271936366,119.940029985007
2080.53691275168,1767.33780760626,134.932533733133
2097.93686303753,1046.48272433507,134.932533733133
2165.05095699727,166.542381307482,149.925037481259
2252.05070842655,1936.36589609744,134.932533733133
2264.47924434502,2013.42281879195,134.932533733133
238.627889634601,136.713895103157,149.925037481259
608.998260004971,1396.96743723589,149.925037481259
611.483967188665,1367.13895103157,149.925037481259
628.883917474521,909.768829231916,149.925037481259
643.798160576684,922.197365150385,134.932533733133
646.283867760378,907.283122048223,149.925037481259
658.712403678847,897.340293313448,149.925037481259
663.683818046234,932.14019388516,149.925037481259
663.683818046234,1394.4817300522,149.925037481259
673.626646781009,909.768829231916,149.925037481259
688.540889883172,2247.07929405916,149.925037481259
693.512304250559,1175.73949788715,149.925037481259
837.683320904797,1093.71116082525,149.925037481259
934.625901068854,616.455381556053,149.925037481259
944.568729803629,636.341039025603,164.917541229385
1103.65398956003,959.482972905792,149.925037481259
1270.19637086751,2060.65125528213,134.932533733133
1277.65349241859,758.140691026597,134.932533733133
1277.65349241859,748.197862291822,134.932533733133
1377.08177976634,648.769574944072,134.932533733133
1396.96743723589,1454.13870246085,134.932533733133
1459.11011682824,800.397713149391,164.917541229385
1474.0243599304,1148.39671886652,134.932533733133
1546.10986825752,293.313447675864,149.925037481259
1551.08128262491,273.427790206314,149.925037481259
1762.36639323888,104.399701715138,149.925037481259
1787.22346507581,2301.76485210042,134.932533733133
1802.13770817798,2304.25055928412,149.925037481259
1817.05195128014,2286.85060899826,149.925037481259
1839.42331593338,2321.65050956997,149.925037481259
1849.36614466816,952.02585135471,149.925037481259
1864.28038777032,606.512552821278,134.932533733133
1874.2232165051,606.512552821278,149.925037481259
1884.16604523987,1817.05195128014,149.925037481259
1913.9945314442,1014.16853094705,134.932533733133
1941.33731046483,845.140442455879,134.932533733133
1966.19438230176,1128.51106139697,134.932533733133
2045.73701217997,1001.73999502859,134.932533733133
2187.42232165051,1083.76833209048,134.932533733133
2326.62192393736,2040.76559781258,134.932533733133
2391.2503107134,437.484464330102,149.925037481259
59.6569724086503,2033.3084762615,149.925037481259
84.5140442455879,2083.02261993537,149.925037481259
146.656723837932,1155.8538404176,164.917541229385
241.113596818295,362.913248819289,164.917541229385
290.82774049217,621.42679592344,149.925037481259
345.513298533433,129.256773552076,164.917541229385
390.25602783992,452.398707432264,164.917541229385
439.970171513796,1991.0514541387,164.917541229385
469.798657718121,372.856077554064,149.925037481259
524.484215759384,1578.42406164554,164.917541229385
559.284116331096,1556.05269699229,164.917541229385
663.683818046234,889.883171762366,164.917541229385
673.626646781009,733.283619189659,149.925037481259
683.569475515784,1981.10862540393,164.917541229385
725.826497638578,556.798409147402,164.917541229385
773.05493412876,1068.85408898832,149.925037481259
842.654735272185,1242.85359184688,164.917541229385
855.083271190654,534.427044494159,164.917541229385
865.026099925429,1981.10862540393,164.917541229385
894.854586129754,367.884663186677,179.910044977511
907.283122048223,1784.73775789212,179.910044977511
922.197365150385,1267.71066368382,164.917541229385
947.054436987323,1116.0825254785,164.917541229385
954.511558538404,1096.19686800895,164.917541229385
1031.56848123291,1461.59582401193,164.917541229385
1056.42555306985,1128.51106139697,164.917541229385
1103.65398956003,1113.5968182948,164.917541229385
1193.13944817301,1506.33855331842,164.917541229385
1237.88217747949,69.5998011434253,149.925037481259
1252.79642058166,1429.28163062391,149.925037481259
1257.76783494904,89.4854586129754,164.917541229385
1277.65349241859,2060.65125528213,149.925037481259
1280.13919960229,1640.56674123788,149.925037481259
1292.56773552076,758.140691026597,149.925037481259
1312.45339299031,765.597812577678,149.925037481259
1362.16753666418,2453.39299030574,164.917541229385
1394.4817300522,484.712900820283,164.917541229385
1404.42455878698,1454.13870246085,149.925037481259
1411.88168033806,1553.5669898086,164.917541229385
1429.28163062391,778.026348496147,164.917541229385
1436.73875217499,805.369127516779,164.917541229385
1451.65299527716,472.284364901815,164.917541229385
1476.51006711409,1148.39671886652,149.925037481259
1493.91001739995,1185.68232662192,149.925037481259
1561.02411135968,273.427790206314,149.925037481259
1593.3383047477,1324.88192890877,149.925037481259
1600.79542629878,2053.19413373105,164.917541229385
1610.73825503356,1121.05393984589,164.917541229385
1625.65249813572,1787.22346507581,164.917541229385
1657.96669152374,1802.13770817798,149.925037481259
1727.56649266716,439.970171513796,149.925037481259
1722.59507829978,2107.87969177231,164.917541229385
1744.96644295302,1983.59433258762,164.917541229385
1754.9092716878,2363.90753169277,164.917541229385
1759.88068605518,822.769077802635,164.917541229385
1906.53740989311,2048.22271936366,149.925037481259
1911.5088242605,1819.53765846383,164.917541229385
1923.93736017897,1016.65423813075,149.925037481259
1951.2801391996,1222.96793437733,149.925037481259
1961.22296793438,178.970917225951,149.925037481259
1966.19438230176,2368.87894606015,149.925037481259
1966.19438230176,755.654983842903,164.917541229385
1976.13721103654,1359.68182948049,164.917541229385
2045.73701217997,2083.02261993537,164.917541229385
2055.67984091474,1133.48247576436,149.925037481259
2070.5940840169,101.913994531444,164.917541229385
2110.365398956,1043.99701715138,149.925037481259
2179.96520009943,1963.70867511807,149.925037481259
2194.87944320159,1086.25403927417,149.925037481259
2271.9363658961,2015.90852597564,149.925037481259
2331.59333830475,2043.25130499627,164.917541229385
156.599552572707,372.856077554064,179.910044977511
221.227939348745,2068.10837683321,179.910044977511
290.82774049217,1710.16654238131,179.910044977511
362.913248819289,678.598061148397,179.910044977511
367.884663186677,663.683818046234,179.910044977511
395.227442207308,653.740989311459,179.910044977511
693.512304250559,2030.8227690778,164.917541229385
710.912254536416,1116.0825254785,194.902548725637
720.855083271191,1098.68257519264,179.910044977511
725.826497638578,345.513298533433,179.910044977511
728.312204822272,278.399204573701,179.910044977511
832.71190653741,1168.28237633607,164.917541229385
850.111856823266,797.912005965697,164.917541229385
914.740243599304,375.341784737758,164.917541229385
1016.65423813075,1538.65274670644,179.910044977511
1034.0541884166,2411.13596818295,179.910044977511
1078.79691772309,621.42679592344,164.917541229385
1088.73974645787,1570.96694009446,194.902548725637
1155.8538404176,191.39945314442,194.902548725637
1225.45364156102,69.5998011434253,164.917541229385
1230.42505592841,1866.76609495401,179.910044977511
1247.82500621427,91.9711657966692,164.917541229385
1267.71066368382,1697.73800646284,179.910044977511
1372.11036539896,648.769574944072,164.917541229385
1379.56748695004,914.740243599304,179.910044977511
1396.96743723589,1558.53840417599,179.910044977511
1441.71016654238,1585.88118319662,179.910044977511
1469.05294556301,2324.13621675367,179.910044977511
1483.96718866518,2229.6793437733,179.910044977511
1483.96718866518,1188.16803380562,164.917541229385
1533.68133233905,1536.16703952274,164.917541229385
1662.93810589113,2162.56524981357,179.910044977511
1662.93810589113,2229.6793437733,179.910044977511
1675.36664180959,2232.165050957,179.910044977511
1680.33805617698,2170.02237136465,179.910044977511
1739.99502858563,1414.36738752175,179.910044977511
1757.39497887149,1874.2232165051,179.910044977511
1846.88043748446,2334.07904548844,164.917541229385
1864.28038777032,608.998260004971,164.917541229385
1881.68033805618,1819.53765846383,164.917541229385
1904.05170270942,1536.16703952274,179.910044977511
1913.9945314442,1111.11111111111,179.910044977511
1916.48023862789,1019.13994531444,164.917541229385
1921.45165299528,1541.13845389013,179.910044977511
1941.33731046483,2097.93686303753,179.910044977511
1938.85160328113,1528.70991797166,179.910044977511
1946.30872483221,1546.10986825752,179.910044977511
1953.7658463833,181.456624409645,164.917541229385
2040.76559781258,1001.73999502859,164.917541229385
2055.67984091474,1677.85234899329,164.917541229385
2100.42257022123,1046.48272433507,164.917541229385
2127.76534924186,1041.51130996769,164.917541229385
2127.76534924186,1048.96843151877,164.917541229385
2165.05095699727,2055.67984091474,179.910044977511
2259.50782997763,1697.73800646284,179.910044977511
2324.13621675367,758.140691026597,164.917541229385
2376.33606761124,1717.62366393239,194.902548725637
64.6283867760378,1846.88043748446,179.910044977511
228.685060899826,325.627641063883,179.910044977511
256.027839920457,1424.31021625653,194.902548725637
350.48471290082,2177.47949291573,179.910044977511
395.227442207308,2100.42257022123,209.895052473763
462.34153616704,1488.93860303256,194.902548725637
479.741486452896,2194.87944320159,194.902548725637
482.22719363659,1625.65249813572,194.902548725637
534.427044494159,2112.8511061397,179.910044977511
539.398458861546,2028.33706189411,194.902548725637
551.826994780015,2120.30822769078,194.902548725637
606.512552821278,2177.47949291573,194.902548725637
638.826746209297,1277.65349241859,209.895052473763
683.569475515784,2038.27989062888,179.910044977511
710.912254536416,1093.71116082525,194.902548725637
728.312204822272,1111.11111111111,194.902548725637
733.283619189659,1625.65249813572,194.902548725637
735.769326373353,636.341039025603,194.902548725637
743.226447924435,74.5712155108128,194.902548725637
820.283370618941,869.997514292816,194.902548725637
912.25453641561,275.913497390007,179.910044977511
917.225950782998,2453.39299030574,194.902548725637
1011.68282376336,1931.39448173005,194.902548725637
1024.11135968183,676.112353964703,179.910044977511
1026.59706686552,1200.59656972409,179.910044977511
1024.11135968183,360.427541635595,209.895052473763
1103.65398956003,1578.42406164554,194.902548725637
1118.56823266219,862.540392741735,194.902548725637
1118.56823266219,1578.42406164554,194.902548725637
1128.51106139697,882.426050211285,194.902548725637
1138.45389013174,193.885160328113,194.902548725637
1143.42530449913,884.911757394979,194.902548725637
1262.73924931643,1280.13919960229,179.910044977511
1332.33905045986,1389.51031568481,194.902548725637
1337.31046482724,1419.33880188914,179.910044977511
1354.7104151131,134.228187919463,194.902548725637
1451.65299527716,608.998260004971,194.902548725637
1464.08153119563,2334.07904548844,179.910044977511
1523.73850360428,894.854586129754,179.910044977511
1548.59557544121,952.02585135471,194.902548725637
1565.99552572707,678.598061148397,179.910044977511
1568.48123291076,698.483718617947,194.902548725637
1580.90976882923,2353.96470295799,194.902548725637
1660.45239870743,832.71190653741,194.902548725637
1667.90952025851,2182.45090728312,194.902548725637
1851.85185185185,1511.30996768581,194.902548725637
1918.96594581158,1834.451901566,179.910044977511
1973.65150385285,442.455878697489,194.902548725637
2028.33706189411,929.654486701467,194.902548725637
2058.16554809843,1419.33880188914,194.902548725637
2115.33681332339,439.970171513796,194.902548725637
2207.30797912006,1344.76758637832,194.902548725637
2244.59358687547,1424.31021625653,194.902548725637
2326.62192393736,787.969177230922,194.902548725637
2376.33606761124,579.169773800646,194.902548725637
84.5140442455879,1024.11135968183,209.895052473763
231.17076808352,1874.2232165051,209.895052473763
370.37037037037,800.397713149391,209.895052473763
400.198856574696,2085.50832711907,209.895052473763
437.484464330102,1168.28237633607,194.902548725637
447.427293064877,1516.28138205319,209.895052473763
539.398458861546,2125.27964205817,194.902548725637
561.76982351479,1068.85408898832,209.895052473763
623.912503107134,631.369624658215,194.902548725637
666.169525229928,790.454884414616,194.902548725637
683.569475515784,1648.02386278896,194.902548725637
728.312204822272,333.084762614964,194.902548725637
879.940343027591,1638.08103405419,224.887556221889
947.054436987323,1210.53939845886,194.902548725637
954.511558538404,2363.90753169277,194.902548725637
966.940094456873,2363.90753169277,194.902548725637
1071.33979617201,1628.13820531941,209.895052473763
1106.13969674372,1111.11111111111,194.902548725637
1128.51106139697,2373.85036042754,224.887556221889
1200.59656972409,1349.73900074571,194.902548725637
1237.88217747949,718.369376087497,209.895052473763
1260.25354213274,1272.68207805121,194.902548725637
1334.82475764355,1575.93835446184,209.895052473763
1384.53890131742,1956.25155356699,224.887556221889
1391.99602286851,1217.99652000994,194.902548725637
1429.28163062391,1961.22296793438,209.895052473763
1436.73875217499,666.169525229928,209.895052473763
1444.19587372608,1029.08277404922,209.895052473763
1441.71016654238,1971.16579666915,209.895052473763
1449.16728809346,1948.79443201591,209.895052473763
1454.13870246085,2443.45016157097,209.895052473763
1506.33855331842,549.341287596321,224.887556221889
1531.19562515536,1469.05294556301,209.895052473763
1541.13845389013,1242.85359184688,209.895052473763
1556.05269699229,2378.82177479493,209.895052473763
1558.53840417599,1297.53914988814,209.895052473763
1590.85259756401,1963.70867511807,194.902548725637
1613.22396221725,1563.50981854338,194.902548725637
1670.39522744221,1588.36689038031,209.895052473763
1767.33780760626,1573.45264727815,209.895052473763
1779.76634352473,1580.90976882923,209.895052473763
1881.68033805618,91.9711657966692,209.895052473763
1896.59458115834,1643.05244842158,209.895052473763
1913.9945314442,1635.59532687049,194.902548725637
1963.70867511807,1963.70867511807,194.902548725637
2366.39323887646,1725.08078548347,209.895052473763
2403.67884663187,1712.652249565,194.902548725637
12.4285359184688,1710.16654238131,209.895052473763
208.799403430276,1377.08177976634,224.887556221889
236.142182450907,1886.65175242356,224.887556221889
454.884414615958,2073.0797912006,209.895052473763
728.312204822272,2289.33631618195,209.895052473763
773.05493412876,1899.08028834203,224.887556221889
797.912005965697,1670.39522744221,209.895052473763
1183.19661943823,333.084762614964,224.887556221889
1198.11086254039,345.513298533433,239.880059970015
1213.02510564256,345.513298533433,224.887556221889
1424.31021625653,661.19811086254,224.887556221889
1513.7956748695,1277.65349241859,224.887556221889
1521.25279642058,534.427044494159,239.880059970015
1568.48123291076,2286.85060899826,224.887556221889
1610.73825503356,1508.82426050211,224.887556221889
1657.96669152374,1048.96843151877,224.887556221889
1913.9945314442,1454.13870246085,224.887556221889
2033.3084762615,2237.13646532438,224.887556221889
2085.50832711907,2142.67959234402,224.887556221889
2197.36515038528,1347.25329356202,224.887556221889
228.685060899826,1692.76659209545,224.887556221889
241.113596818295,459.855828983346,239.880059970015
380.313199105145,661.19811086254,239.880059970015
397.713149391002,2110.365398956,224.887556221889
402.684563758389,149.142431021626,224.887556221889
544.369873228934,2087.99403430276,239.880059970015
589.112602535421,2165.05095699727,239.880059970015
678.598061148397,2279.39348744718,239.880059970015
730.797912005966,837.683320904797,224.887556221889
728.312204822272,2296.79343773304,224.887556221889
730.797912005966,1588.36689038031,239.880059970015
817.797663435247,1399.45314441959,239.880059970015
902.311707680835,2306.73626646781,239.880059970015
949.540144171017,1737.50932140194,224.887556221889
1071.33979617201,1633.1096196868,224.887556221889
1205.56798409147,2346.50758140691,254.872563718141
1213.02510564256,330.59905543127,239.880059970015
1225.45364156102,340.541884166045,239.880059970015
1406.91026597067,1794.6805866269,239.880059970015
1434.2530449913,1011.68282376336,239.880059970015
1543.62416107383,1988.56574695501,224.887556221889
1548.59557544121,1382.05319413373,239.880059970015
1585.88118319662,1846.88043748446,224.887556221889
1712.652249565,380.313199105145,239.880059970015
1784.73775789212,335.570469798658,224.887556221889
1916.48023862789,1650.50956997266,224.887556221889
1928.90877454636,641.31245339299,239.880059970015
2132.73676360925,1546.10986825752,239.880059970015
2460.85011185682,989.311459110117,254.872563718141
52.199850857569,902.311707680835,254.872563718141
256.027839920457,1006.71140939597,254.872563718141
395.227442207308,1516.28138205319,254.872563718141
497.141436738752,298.284862043251,239.880059970015
526.969922943077,323.141933880189,254.872563718141
559.284116331096,904.797414864529,254.872563718141
666.169525229928,792.94059159831,239.880059970015
668.655232413622,1826.99478001491,239.880059970015
681.08376833209,2259.50782997763,254.872563718141
698.483718617947,1242.85359184688,254.872563718141
750.683569475516,452.398707432264,254.872563718141
802.883420333085,653.740989311459,254.872563718141
912.25453641561,1759.88068605518,254.872563718141
932.14019388516,467.312950534427,254.872563718141
942.083022619935,1255.28212776535,269.865067466267
944.568729803629,1317.42480735769,254.872563718141
994.282873477504,554.312701963709,254.872563718141
1083.76833209048,1116.0825254785,254.872563718141
1106.13969674372,1061.39696743724,254.872563718141
1111.11111111111,1195.6251553567,254.872563718141
1188.16803380562,221.227939348745,254.872563718141
1215.51081282625,2336.56475267214,239.880059970015
1270.19637086751,845.140442455879,254.872563718141
1287.59632115337,1019.13994531444,254.872563718141
1295.05344270445,842.654735272185,254.872563718141
1304.99627143922,1031.56848123291,254.872563718141
1334.82475764355,1578.42406164554,239.880059970015
1359.68182948049,2269.4506587124,239.880059970015
1396.96743723589,984.340044742729,254.872563718141
1454.13870246085,425.055928411633,239.880059970015
1533.68133233905,1347.25329356202,239.880059970015
1590.85259756401,1563.50981854338,254.872563718141
1590.85259756401,2184.93661446682,239.880059970015
1593.3383047477,330.59905543127,239.880059970015
1600.79542629878,2174.99378573204,254.872563718141
1610.73825503356,253.542132736764,254.872563718141
1618.19537658464,1871.7375093214,254.872563718141
1625.65249813572,2095.45115585384,254.872563718141
1655.48098434004,1744.96644295302,239.880059970015
1677.85234899329,2242.10787969177,239.880059970015
1690.28088491176,2259.50782997763,254.872563718141
1720.10937111608,919.711657966692,254.872563718141
1730.05219985086,1556.05269699229,254.872563718141
1754.9092716878,1001.73999502859,254.872563718141
1831.9661943823,536.912751677852,254.872563718141
1879.19463087248,1046.48272433507,254.872563718141
1923.93736017897,1538.65274670644,254.872563718141
2107.87969177231,1779.76634352473,254.872563718141
243.599304001989,1715.13795674869,269.865067466267
270.94208302262,1019.13994531444,269.865067466267
298.284862043251,1491.42431021626,269.865067466267
313.199105145414,1404.42455878698,269.865067466267
338.056176982351,932.14019388516,269.865067466267
343.027591349739,899.826000497141,269.865067466267
370.37037037037,554.312701963709,269.865067466267
459.855828983346,1354.7104151131,269.865067466267
521.99850857569,646.283867760378,269.865067466267
544.369873228934,1548.59557544121,269.865067466267
718.369376087497,1839.42331593338,269.865067466267
723.340790454884,1826.99478001491,269.865067466267
805.369127516779,1424.31021625653,269.865067466267
852.59756400696,1844.39473030077,269.865067466267
914.740243599304,166.542381307482,269.865067466267
927.168779517773,1257.76783494904,269.865067466267
1046.48272433507,2311.7076808352,269.865067466267
1063.88267462093,1466.56723837932,269.865067466267
1173.25379070346,1367.13895103157,269.865067466267
1255.28212776535,2058.16554809843,269.865067466267
1292.56773552076,502.11285110614,269.865067466267
1292.56773552076,1608.25254784986,254.872563718141
1384.53890131742,1061.39696743724,254.872563718141
1411.88168033806,1628.13820531941,254.872563718141
1431.76733780761,2135.22247079294,284.857571214393
1511.30996768581,1130.99676858066,269.865067466267
1526.22421078797,1143.42530449913,269.865067466267
1531.19562515536,2199.85085756898,269.865067466267
1543.62416107383,1787.22346507581,254.872563718141
1551.08128262491,2388.7646035297,254.872563718141
1553.5669898086,2214.76510067114,269.865067466267
1588.36689038031,2192.3937360179,254.872563718141
1598.30971911509,258.513547104151,254.872563718141
1757.39497887149,1531.19562515536,284.857571214393
1891.62316679095,236.142182450907,284.857571214393
1993.5371613224,1553.5669898086,269.865067466267
2018.39423315933,1667.90952025851,254.872563718141
2033.3084762615,2242.10787969177,254.872563718141
2174.99378573204,815.311956251554,269.865067466267
2257.02212279394,872.48322147651,284.857571214393
2304.25055928412,1727.56649266716,269.865067466267
2396.22172508079,1563.50981854338,284.857571214393
260.999254287845,1411.88168033806,284.857571214393
303.256276410639,1270.19637086751,269.865067466267
345.513298533433,949.540144171017,284.857571214393
469.798657718121,611.483967188665,284.857571214393
564.255530698484,1203.08227690778,284.857571214393
668.655232413622,904.797414864529,284.857571214393
686.055182699478,2095.45115585384,299.850074962519
691.026597066866,678.598061148397,299.850074962519
715.883668903803,2187.42232165051,299.850074962519
715.883668903803,2165.05095699727,284.857571214393
790.454884414616,1588.36689038031,284.857571214393
792.94059159831,2252.05070842655,299.850074962519
919.711657966692,1784.73775789212,269.865067466267
1068.85408898832,775.540641312453,284.857571214393
1160.82525478499,2040.76559781258,269.865067466267
1245.33929903057,2063.13696246582,269.865067466267
1275.1677852349,884.911757394979,284.857571214393
1277.65349241859,2426.05021128511,284.857571214393
1312.45339299031,1486.45289584887,284.857571214393
1466.56723837932,1230.42505592841,299.850074962519
1513.7956748695,1635.59532687049,269.865067466267
1556.05269699229,1536.16703952274,284.857571214393
1556.05269699229,1973.65150385285,269.865067466267
1692.76659209545,683.569475515784,284.857571214393
1737.50932140194,1332.33905045986,284.857571214393
1839.42331593338,2097.93686303753,284.857571214393
1861.79468058663,2204.82227193637,269.865067466267
1869.25180213771,2194.87944320159,299.850074962519
1884.16604523987,626.398210290828,284.857571214393
2053.19413373105,1963.70867511807,284.857571214393
2177.47949291573,1014.16853094705,284.857571214393
2259.50782997763,855.083271190654,284.857571214393
77.0569226945066,1349.73900074571,299.850074962519
251.05642555307,1158.33954760129,299.850074962519
323.141933880189,924.683072334079,299.850074962519
333.084762614964,556.798409147402,284.857571214393
372.856077554064,668.655232413622,299.850074962519
464.827243350733,2048.22271936366,299.850074962519
477.255779269202,2048.22271936366,299.850074962519
561.76982351479,947.054436987323,299.850074962519
691.026597066866,1695.25229927915,299.850074962519
720.855083271191,1782.25205070843,299.850074962519
763.112105393985,2152.6224210788,314.842578710645
770.569226945066,835.197613721104,299.850074962519
815.311956251554,827.740492170022,284.857571214393
884.911757394979,1384.53890131742,299.850074962519
939.597315436242,1822.02336564753,314.842578710645
1039.02560278399,1237.88217747949,299.850074962519
1088.73974645787,350.48471290082,299.850074962519
1121.05393984589,2172.50807854835,299.850074962519
1242.85359184688,1533.68133233905,284.857571214393
1237.88217747949,1516.28138205319,299.850074962519
1302.51056425553,1163.31096196868,299.850074962519
1344.76758637832,1774.79492915735,299.850074962519
1364.65324384787,1662.93810589113,299.850074962519
1382.05319413373,1670.39522744221,299.850074962519
1387.02460850112,1409.39597315436,299.850074962519
1483.96718866518,1106.13969674372,299.850074962519
1493.91001739995,439.970171513796,299.850074962519
1513.7956748695,1978.62291822023,314.842578710645
1585.88118319662,2184.93661446682,284.857571214393
1904.05170270942,437.484464330102,299.850074962519
2045.73701217997,1891.62316679095,299.850074962519
2083.02261993537,1779.76634352473,299.850074962519
2125.27964205817,1722.59507829978,314.842578710645
2197.36515038528,1856.82326621924,299.850074962519
2276.90778026349,1727.56649266716,299.850074962519
2346.50758140691,867.511807109123,299.850074962519
375.341784737758,1481.48148148148,329.835082458771
385.284613472533,1861.79468058663,314.842578710645
392.741735023614,1389.51031568481,329.835082458771
397.713149391002,681.08376833209,329.835082458771
412.627392493164,576.684066616953,314.842578710645
425.055928411633,571.712652249565,314.842578710645
444.941585881183,576.684066616953,314.842578710645
497.141436738752,1282.62490678598,314.842578710645
616.455381556053,1749.93785732041,329.835082458771
646.283867760378,929.654486701467,314.842578710645
889.883171762366,1367.13895103157,299.850074962519
984.340044742729,1334.82475764355,329.835082458771
1031.56848123291,1946.30872483221,314.842578710645
1113.5968182948,499.627143922446,314.842578710645
1225.45364156102,1476.51006711409,314.842578710645
1300.02485707184,1864.28038777032,314.842578710645
1314.939100174,1859.30897340293,314.842578710645
1411.88168033806,1046.48272433507,314.842578710645
1536.16703952274,1121.05393984589,329.835082458771
1655.48098434004,1528.70991797166,314.842578710645
1660.45239870743,561.76982351479,329.835082458771
1695.25229927915,193.885160328113,329.835082458771
1891.62316679095,2043.25130499627,314.842578710645
1983.59433258762,1478.99577429779,329.835082458771
2048.22271936366,1777.28063634104,329.835082458771
2271.9363658961,1309.96768580661,314.842578710645
315.684812329108,1347.25329356202,329.835082458771
330.59905543127,556.798409147402,314.842578710645
375.341784737758,651.255282127765,329.835082458771
415.113099676858,1551.08128262491,329.835082458771
554.312701963709,1334.82475764355,329.835082458771
641.31245339299,919.711657966692,314.842578710645
656.226696495153,1742.48073576933,329.835082458771
661.19811086254,1973.65150385285,329.835082458771
768.083519761372,437.484464330102,329.835082458771
914.740243599304,932.14019388516,329.835082458771
917.225950782998,1183.19661943823,329.835082458771
919.711657966692,1583.39547601293,329.835082458771
1103.65398956003,1869.25180213771,329.835082458771
1111.11111111111,1983.59433258762,329.835082458771
1175.73949788715,464.827243350733,329.835082458771
1217.99652000994,695.998011434253,314.842578710645
1242.85359184688,1536.16703952274,314.842578710645
1282.62490678598,1548.59557544121,329.835082458771
1491.42431021626,1844.39473030077,344.827586206897
1501.36713895103,1829.48048719861,314.842578710645
1551.08128262491,1951.2801391996,329.835082458771
1563.50981854338,1334.82475764355,329.835082458771
1568.48123291076,1590.85259756401,329.835082458771
1623.16679095203,850.111856823266,329.835082458771
1742.48073576933,810.340541884166,329.835082458771
1844.39473030077,1362.16753666418,344.827586206897
1896.59458115834,1983.59433258762,329.835082458771
564.255530698484,1789.70917225951,344.827586206897
623.912503107134,1839.42331593338,329.835082458771
633.855331841909,641.31245339299,329.835082458771
673.626646781009,1083.76833209048,344.827586206897
713.397961720109,1461.59582401193,344.827586206897
787.969177230922,1593.3383047477,329.835082458771
884.911757394979,1764.85210042257,344.827586206897
1667.90952025851,345.513298533433,344.827586206897
1680.33805617698,1834.451901566,344.827586206897
1767.33780760626,1503.85284613473,359.820089955023
1923.93736017897,698.483718617947,344.827586206897
1956.25155356699,1831.9661943823,344.827586206897
300.770569226945,1610.73825503356,344.827586206897
688.540889883172,1983.59433258762,344.827586206897
740.740740740741,2063.13696246582,344.827586206897
922.197365150385,743.226447924435,344.827586206897
1009.19711657967,770.569226945066,359.820089955023
1041.51130996769,1464.08153119563,344.827586206897
1076.3112105394,1086.25403927417,344.827586206897
1158.33954760129,1088.73974645787,344.827586206897
1317.42480735769,1123.53964702958,344.827586206897
1337.31046482724,1148.39671886652,344.827586206897
1379.56748695004,2090.47974148645,359.820089955023
1394.4817300522,773.05493412876,344.827586206897
1506.33855331842,1911.5088242605,344.827586206897
1548.59557544121,1956.25155356699,344.827586206897
1628.13820531941,1677.85234899329,359.820089955023
1717.62366393239,797.912005965697,344.827586206897
1757.39497887149,512.055679840915,344.827586206897
1789.70917225951,1506.33855331842,374.812593703148
1933.88018891375,566.741237882178,344.827586206897
290.82774049217,1623.16679095203,359.820089955023
452.398707432264,1091.22545364156,359.820089955023
544.369873228934,1349.73900074571,359.820089955023
554.312701963709,1802.13770817798,359.820089955023
571.712652249565,1536.16703952274,359.820089955023
606.512552821278,1762.36639323888,359.820089955023
613.969674372359,1851.85185185185,359.820089955023
623.912503107134,646.283867760378,359.820089955023
646.283867760378,1754.9092716878,359.820089955023
651.255282127765,1986.08003977131,359.820089955023
661.19811086254,1088.73974645787,359.820089955023
678.598061148397,1998.50857568978,359.820089955023
703.455132985334,1474.0243599304,359.820089955023
728.312204822272,2075.56549838429,359.820089955023
904.797414864529,939.597315436242,359.820089955023
917.225950782998,743.226447924435,374.812593703148
909.768829231916,1595.82401193139,359.820089955023
929.654486701467,847.626149639573,359.820089955023
1031.56848123291,1474.0243599304,359.820089955023
1068.85408898832,1173.25379070346,359.820089955023
1068.85408898832,1088.73974645787,359.820089955023
1093.71116082525,1884.16604523987,359.820089955023
1101.16828237634,1881.68033805618,359.820089955023
1101.16828237634,1996.02286850609,359.820089955023
1145.91101168282,1091.22545364156,359.820089955023
1255.28212776535,860.054685558041,359.820089955023
1267.71066368382,862.540392741735,359.820089955023
1304.99627143922,1126.02535421327,359.820089955023
1309.96768580661,1138.45389013174,359.820089955023
1324.88192890877,1153.36813323391,359.820089955023
1332.33905045986,1916.48023862789,374.812593703148
1474.0243599304,1692.76659209545,389.805097451274
1506.33855331842,1906.53740989311,374.812593703148
1568.48123291076,1593.3383047477,359.820089955023
1610.73825503356,855.083271190654,359.820089955023
1648.02386278896,569.226945065871,359.820089955023
1657.96669152374,350.48471290082,359.820089955023
1685.30947054437,203.827989062888,359.820089955023
1702.70942083023,800.397713149391,359.820089955023
1752.4235645041,509.569972657221,374.812593703148
1913.9945314442,703.455132985334,359.820089955023
1921.45165299528,571.712652249565,359.820089955023
2140.19388516033,1208.05369127517,374.812593703148
303.256276410639,1610.73825503356,389.805097451274
315.684812329108,1175.73949788715,389.805097451274
320.656226696495,1411.88168033806,404.7976011994
462.34153616704,1076.3112105394,389.805097451274
554.312701963709,1337.31046482724,374.812593703148
561.76982351479,1792.1948794432,374.812593703148
576.684066616953,1650.50956997266,404.7976011994
579.169773800646,1528.70991797166,389.805097451274
579.169773800646,1230.42505592841,389.805097451274
589.112602535421,1511.30996768581,389.805097451274
628.883917474521,1836.93760874969,404.7976011994
683.569475515784,738.255033557047,389.805097451274
688.540889883172,1986.08003977131,374.812593703148
713.397961720109,1461.59582401193,374.812593703148
738.255033557047,2063.13696246582,374.812593703148
755.654983842903,1600.79542629878,389.805097451274
790.454884414616,1466.56723837932,404.7976011994
884.911757394979,1762.36639323888,374.812593703148
914.740243599304,932.14019388516,374.812593703148
917.225950782998,1695.25229927915,374.812593703148
929.654486701467,1680.33805617698,389.805097451274
942.083022619935,835.197613721104,389.805097451274
1078.79691772309,1163.31096196868,389.805097451274
1078.79691772309,1081.28262490679,374.812593703148
1108.62540392742,1869.25180213771,374.812593703148
1155.8538404176,1083.76833209048,389.805097451274
1163.31096196868,1486.45289584887,389.805097451274
1262.73924931643,850.111856823266,389.805097451274
1262.73924931643,1078.79691772309,404.7976011994
1275.1677852349,857.568978374347,374.812593703148
1319.91051454139,1130.99676858066,374.812593703148
1332.33905045986,1143.42530449913,374.812593703148
1419.33880188914,1511.30996768581,389.805097451274
1441.71016654238,755.654983842903,404.7976011994
1523.73850360428,1680.33805617698,389.805097451274
1593.3383047477,1354.7104151131,374.812593703148
1620.68108376833,847.626149639573,374.812593703148
1667.90952025851,340.541884166045,374.812593703148
1712.652249565,792.94059159831,374.812593703148
1730.05219985086,551.826994780015,404.7976011994
1757.39497887149,1851.85185185185,404.7976011994
1923.93736017897,695.998011434253,374.812593703148
1931.39448173005,564.255530698484,374.812593703148
2068.10837683321,1367.13895103157,404.7976011994
2150.1367138951,1195.6251553567,389.805097451274
444.941585881183,1327.36763609247,389.805097451274
820.283370618941,1382.05319413373,404.7976011994
835.197613721104,1396.96743723589,404.7976011994
892.36887894606,452.398707432264,404.7976011994
922.197365150385,969.425801640567,419.790104947526
1043.99701715138,1461.59582401193,389.805097451274
1314.939100174,1121.05393984589,389.805097451274
1744.96644295302,554.312701963709,404.7976011994
1824.50907283122,1354.7104151131,419.790104947526
815.311956251554,1083.76833209048,434.782608695652
845.140442455879,934.625901068854,434.782608695652
914.740243599304,867.511807109123,419.790104947526
917.225950782998,1695.25229927915,404.7976011994
949.540144171017,387.770320656227,419.790104947526
989.311459110117,1478.99577429779,419.790104947526
1193.13944817301,2020.87994034303,434.782608695652
1225.45364156102,1966.19438230176,419.790104947526
1531.19562515536,1337.31046482724,419.790104947526
855.083271190654,807.854834700472,434.782608695652
939.597315436242,1449.16728809346,449.775112443778
1140.93959731544,1290.08202833706,449.775112443778
1165.79666915237,1312.45339299031,434.782608695652
1190.65374098931,2035.79418344519,434.782608695652
1618.19537658464,457.370121799652,434.782608695652
1799.65200099428,1744.96644295302,434.782608695652
1802.13770817798,1352.22470792941,434.782608695652
1817.05195128014,1377.08177976634,434.782608695652
1961.22296793438,1086.25403927417,434.782608695652
2030.8227690778,1377.08177976634,434.782608695652
566.741237882178,1690.28088491176,449.775112443778
802.883420333085,1031.56848123291,434.782608695652
929.654486701467,1635.59532687049,464.767616191904
954.511558538404,1628.13820531941,464.767616191904
1058.91126025354,1046.48272433507,434.782608695652
1337.31046482724,971.911508824261,434.782608695652
1387.02460850112,1449.16728809346,434.782608695652
1667.90952025851,1188.16803380562,434.782608695652
1667.90952025851,1178.22520507084,449.775112443778
1742.48073576933,551.826994780015,434.782608695652
802.883420333085,1024.11135968183,464.767616191904
855.083271190654,797.912005965697,449.775112443778
894.854586129754,444.941585881183,449.775112443778
914.740243599304,850.111856823266,449.775112443778
922.197365150385,855.083271190654,449.775112443778
1056.42555306985,1039.02560278399,464.767616191904
1337.31046482724,961.968680089485,449.775112443778
1396.96743723589,1436.73875217499,449.775112443778
1444.19587372608,748.197862291822,449.775112443778
1667.90952025851,1168.28237633607,464.767616191904
1807.10912254536,1727.56649266716,449.775112443778
1809.59482972906,1334.82475764355,449.775112443778
1817.05195128014,1163.31096196868,464.767616191904
1824.50907283122,1180.71091225454,479.76011994003
1834.451901566,1334.82475764355,449.775112443778
1961.22296793438,1076.3112105394,449.775112443778
1128.51106139697,1759.88068605518,494.752623688156
1359.68182948049,1483.96718866518,464.767616191904
1506.33855331842,1623.16679095203,464.767616191904
1513.7956748695,907.283122048223,479.76011994003
1640.56674123788,673.626646781009,479.76011994003
1660.45239870743,1183.19661943823,464.767616191904
1700.22371364653,1130.99676858066,479.76011994003
1717.62366393239,1133.48247576436,494.752623688156
1767.33780760626,1787.22346507581,464.767616191904
1767.33780760626,1774.79492915735,464.767616191904
1774.79492915735,1382.05319413373,464.767616191904
1789.70917225951,1399.45314441959,464.767616191904
1789.70917225951,1406.91026597067,464.767616191904
1797.16629381059,1382.05319413373,464.767616191904
979.368630375342,797.912005965697,509.745127436282
1076.3112105394,1242.85359184688,509.745127436282
1163.31096196868,1210.53939845886,509.745127436282
1188.16803380562,651.255282127765,509.745127436282
1464.08153119563,790.454884414616,494.752623688156
1491.42431021626,1725.08078548347,479.76011994003
1513.7956748695,1578.42406164554,479.76011994003
1521.25279642058,1583.39547601293,479.76011994003
1715.13795674869,1424.31021625653,479.76011994003
1774.79492915735,1026.59706686552,509.745127436282
688.540889883172,1267.71066368382,524.737631184408
966.940094456873,1608.25254784986,509.745127436282
1213.02510564256,1300.02485707184,524.737631184408
1215.51081282625,919.711657966692,524.737631184408
1493.91001739995,1772.30922197365,494.752623688156
1513.7956748695,1623.16679095203,494.752623688156
1521.25279642058,1625.65249813572,494.752623688156
1546.10986825752,1759.88068605518,494.752623688156
1717.62366393239,1469.05294556301,494.752623688156
971.911508824261,971.911508824261,524.737631184408
976.882923191648,976.882923191648,509.745127436282
1011.68282376336,961.968680089485,524.737631184408
1068.85408898832,1580.90976882923,524.737631184408
1173.25379070346,956.997265722098,524.737631184408
1501.36713895103,1742.48073576933,509.745127436282
1526.22421078797,1595.82401193139,509.745127436282
1553.5669898086,1732.53790703455,509.745127436282
1725.08078548347,1441.71016654238,509.745127436282
954.511558538404,996.768580661198,539.730134932534
1476.51006711409,1314.939100174,524.737631184408
1501.36713895103,1754.9092716878,524.737631184408
1508.82426050211,1754.9092716878,524.737631184408
1561.02411135968,1491.42431021626,524.737631184408
1556.05269699229,1744.96644295302,524.737631184408
1730.05219985086,1451.65299527716,524.737631184408
1034.0541884166,1556.05269699229,539.730134932534
1175.73949788715,1275.1677852349,539.730134932534
1319.91051454139,1227.93934874472,539.730134932534
1474.0243599304,1304.99627143922,539.730134932534
1503.85284613473,1744.96644295302,539.730134932534
1508.82426050211,1742.48073576933,539.730134932534
1558.53840417599,1481.48148148148,539.730134932534
