0,2314.19338801889,14.9925037481259
27.3427790206314,1725.08078548347,29.9850074962519
34.7999005717127,787.969177230922,29.9850074962519
37.2856077554064,770.569226945066,29.9850074962519
52.199850857569,785.483470047228,29.9850074962519
246.085011185682,1665.42381307482,29.9850074962519
253.542132736764,1135.96818294805,29.9850074962519
380.313199105145,442.455878697489,29.9850074962519
395.227442207308,1113.5968182948,29.9850074962519
434.998757146408,1108.62540392742,29.9850074962519
442.455878697489,2296.79343773304,29.9850074962519
454.884414615958,248.570718369376,29.9850074962519
497.141436738752,1913.9945314442,14.9925037481259
541.88416604524,494.655729555058,14.9925037481259
551.826994780015,1613.22396221725,29.9850074962519
564.255530698484,434.998757146408,29.9850074962519
623.912503107134,2336.56475267214,14.9925037481259
668.655232413622,1966.19438230176,29.9850074962519
691.026597066866,452.398707432264,44.9775112443778
730.797912005966,395.227442207308,29.9850074962519
795.426298782004,1441.71016654238,29.9850074962519
842.654735272185,290.82774049217,14.9925037481259
842.654735272185,1421.82450907283,29.9850074962519
852.59756400696,1789.70917225951,29.9850074962519
862.540392741735,2329.10763112105,29.9850074962519
944.568729803629,1374.59607258265,14.9925037481259
1029.08277404922,996.768580661198,29.9850074962519
1026.59706686552,1158.33954760129,29.9850074962519
1255.28212776535,544.369873228934,29.9850074962519
1262.73924931643,509.569972657221,14.9925037481259
1267.71066368382,2421.07879691772,29.9850074962519
1287.59632115337,1257.76783494904,14.9925037481259
1347.25329356202,1185.68232662192,29.9850074962519
1528.70991797166,611.483967188665,29.9850074962519
1551.08128262491,606.512552821278,29.9850074962519
1551.08128262491,2358.93611732538,29.9850074962519
1588.36689038031,579.169773800646,29.9850074962519
1682.82376336068,1558.53840417599,29.9850074962519
1700.22371364653,1369.62465821526,29.9850074962519
1797.16629381059,1640.56674123788,29.9850074962519
1812.08053691275,420.084514044246,14.9925037481259
1889.13745960726,1826.99478001491,29.9850074962519
1921.45165299528,206.313696246582,29.9850074962519
1928.90877454636,228.685060899826,29.9850074962519
1943.82301764852,2073.0797912006,29.9850074962519
2025.85135471042,1533.68133233905,14.9925037481259
2028.33706189411,1792.1948794432,14.9925037481259
2040.76559781258,2157.59383544618,29.9850074962519
2162.56524981357,2003.47999005717,14.9925037481259
2182.45090728312,166.542381307482,29.9850074962519
2209.79368630375,32.3141933880189,29.9850074962519
2289.33631618195,787.969177230922,44.9775112443778
2294.30773054934,805.369127516779,29.9850074962519
2341.53616703952,608.998260004971,29.9850074962519
34.7999005717127,2105.39398458862,44.9775112443778
161.570966940094,1396.96743723589,44.9775112443778
343.027591349739,1267.71066368382,59.9700149925037
387.770320656227,1722.59507829978,44.9775112443778
447.427293064877,1083.76833209048,44.9775112443778
626.398210290828,2242.10787969177,44.9775112443778
723.340790454884,1178.22520507084,59.9700149925037
1029.08277404922,1421.82450907283,44.9775112443778
1043.99701715138,1996.02286850609,29.9850074962519
1135.96818294805,2055.67984091474,29.9850074962519
1210.53939845886,2048.22271936366,59.9700149925037
1215.51081282625,2209.79368630375,29.9850074962519
1235.3964702958,2202.33656475267,29.9850074962519
1409.39597315436,34.7999005717127,59.9700149925037
1486.45289584887,2048.22271936366,44.9775112443778
1551.08128262491,626.398210290828,29.9850074962519
1558.53840417599,1282.62490678598,44.9775112443778
1570.96694009446,2155.10812826249,44.9775112443778
1749.93785732041,96.9425801640567,29.9850074962519
1779.76634352473,1963.70867511807,44.9775112443778
2130.25105642555,1580.90976882923,44.9775112443778
2172.50807854835,2182.45090728312,44.9775112443778
2172.50807854835,2371.36465324385,44.9775112443778
2227.19363658961,2276.90778026349,59.9700149925037
2289.33631618195,591.598309719115,44.9775112443778
2304.25055928412,902.311707680835,44.9775112443778
2371.36465324385,1163.31096196868,44.9775112443778
2443.45016157097,1183.19661943823,59.9700149925037
121.799652000994,1096.19686800895,59.9700149925037
273.427790206314,884.911757394979,59.9700149925037
815.311956251554,686.055182699478,74.9625187406297
947.054436987323,1377.08177976634,44.9775112443778
954.511558538404,1374.59607258265,44.9775112443778
1004.22570221228,367.884663186677,74.9625187406297
1006.71140939597,1483.96718866518,59.9700149925037
1140.93959731544,2065.62266964952,74.9625187406297
1185.68232662192,2058.16554809843,59.9700149925037
1190.65374098931,2316.67909520259,59.9700149925037
1208.05369127517,1700.22371364653,74.9625187406297
1210.53939845886,1680.33805617698,59.9700149925037
1255.28212776535,1896.59458115834,59.9700149925037
1337.31046482724,1019.13994531444,44.9775112443778
1513.7956748695,32.3141933880189,59.9700149925037
1615.70966940094,1565.99552572707,59.9700149925037
1633.1096196868,340.541884166045,59.9700149925037
1866.76609495401,1851.85185185185,59.9700149925037
2264.47924434502,795.426298782004,44.9775112443778
2383.79318916232,1789.70917225951,59.9700149925037
19.8856574695501,1933.88018891375,74.9625187406297
119.313944817301,2252.05070842655,74.9625187406297
121.799652000994,725.826497638578,74.9625187406297
146.656723837932,1091.22545364156,74.9625187406297
241.113596818295,248.570718369376,59.9700149925037
439.970171513796,599.055431270196,59.9700149925037
479.741486452896,1466.56723837932,74.9625187406297
581.65548098434,422.570221227939,74.9625187406297
579.169773800646,444.941585881183,74.9625187406297
676.112353964703,39.7713149391002,74.9625187406297
778.026348496147,1928.90877454636,74.9625187406297
842.654735272185,139.199602286851,74.9625187406297
942.083022619935,1799.65200099428,74.9625187406297
1061.39696743724,748.197862291822,74.9625187406297
1304.99627143922,1884.16604523987,74.9625187406297
1424.31021625653,1866.76609495401,59.9700149925037
1436.73875217499,1881.68033805618,59.9700149925037
1476.51006711409,308.227690778026,59.9700149925037
1533.68133233905,34.7999005717127,59.9700149925037
1730.05219985086,1247.82500621427,59.9700149925037
1909.02311707681,909.768829231916,59.9700149925037
1978.62291822023,1792.1948794432,74.9625187406297
2167.53666418096,2174.99378573204,74.9625187406297
2192.3937360179,1546.10986825752,74.9625187406297
2189.9080288342,1319.91051454139,74.9625187406297
2247.07929405916,116.828237633607,74.9625187406297
9.94282873477504,584.141188168034,74.9625187406297
52.199850857569,1518.76708923689,89.9550224887556
82.0283370618941,651.255282127765,89.9550224887556
159.085259756401,1921.45165299528,89.9550224887556
164.056674123788,842.654735272185,74.9625187406297
183.942331593338,2214.76510067114,74.9625187406297
228.685060899826,939.597315436242,74.9625187406297
285.856326124783,1317.42480735769,74.9625187406297
350.48471290082,1640.56674123788,89.9550224887556
425.055928411633,797.912005965697,89.9550224887556
432.513049962714,2244.59358687547,89.9550224887556
477.255779269202,2468.3072334079,74.9625187406297
497.141436738752,2314.19338801889,89.9550224887556
549.341287596321,79.5426298782003,89.9550224887556
571.712652249565,1190.65374098931,89.9550224887556
671.140939597315,713.397961720109,89.9550224887556
805.369127516779,1720.10937111608,104.947526236882
830.226199353716,377.827491921452,104.947526236882
882.426050211285,293.313447675864,74.9625187406297
897.340293313448,1640.56674123788,89.9550224887556
902.311707680835,1879.19463087248,89.9550224887556
902.311707680835,347.999005717127,89.9550224887556
914.740243599304,1633.1096196868,89.9550224887556
1039.02560278399,763.112105393985,89.9550224887556
1073.8255033557,758.140691026597,89.9550224887556
1193.13944817301,1106.13969674372,89.9550224887556
1250.31071339796,526.969922943077,74.9625187406297
1347.25329356202,693.512304250559,74.9625187406297
1379.56748695004,1633.1096196868,89.9550224887556
1503.85284613473,1523.73850360428,89.9550224887556
1777.28063634104,489.684315187671,89.9550224887556
1971.16579666915,539.398458861546,89.9550224887556
2013.42281879195,1257.76783494904,89.9550224887556
2035.79418344519,531.941337310465,89.9550224887556
2053.19413373105,517.027094208302,89.9550224887556
2055.67984091474,1623.16679095203,89.9550224887556
2063.13696246582,564.255530698484,89.9550224887556
2125.27964205817,14.9142431021626,89.9550224887556
2165.05095699727,2073.0797912006,89.9550224887556
2199.85085756898,1548.59557544121,74.9625187406297
2237.13646532438,1290.08202833706,89.9550224887556
2455.87869748944,1712.652249565,89.9550224887556
2470.7929405916,1720.10937111608,74.9625187406297
94.4568729803629,2259.50782997763,89.9550224887556
164.056674123788,1287.59632115337,104.947526236882
340.541884166045,1650.50956997266,104.947526236882
345.513298533433,308.227690778026,89.9550224887556
365.398956002983,2107.87969177231,104.947526236882
397.713149391002,1155.8538404176,104.947526236882
437.484464330102,1367.13895103157,89.9550224887556
447.427293064877,1553.5669898086,104.947526236882
477.255779269202,626.398210290828,89.9550224887556
489.684315187671,1518.76708923689,89.9550224887556
584.141188168034,596.569724086503,104.947526236882
678.598061148397,1625.65249813572,104.947526236882
805.369127516779,323.141933880189,104.947526236882
835.197613721104,360.427541635595,104.947526236882
857.568978374347,601.54113845389,89.9550224887556
889.883171762366,1623.16679095203,104.947526236882
892.36887894606,1603.28113348248,104.947526236882
907.283122048223,1618.19537658464,104.947526236882
986.825751926423,290.82774049217,104.947526236882
1004.22570221228,1391.99602286851,104.947526236882
1225.45364156102,2167.53666418096,104.947526236882
1227.93934874472,2.48570718369376,89.9550224887556
1245.33929903057,1031.56848123291,89.9550224887556
1260.25354213274,1697.73800646284,104.947526236882
1292.56773552076,2177.47949291573,89.9550224887556
1382.05319413373,1864.28038777032,89.9550224887556
1444.19587372608,1563.50981854338,89.9550224887556
1459.11011682824,1553.5669898086,104.947526236882
1474.0243599304,2281.87919463087,104.947526236882
1665.42381307482,1782.25205070843,104.947526236882
1725.08078548347,1203.08227690778,104.947526236882
1841.90902311708,1767.33780760626,104.947526236882
1909.02311707681,2038.27989062888,89.9550224887556
2033.3084762615,1511.30996768581,119.940029985007
2048.22271936366,561.76982351479,104.947526236882
2117.82252050708,961.968680089485,104.947526236882
2207.30797912006,676.112353964703,104.947526236882
2234.65075814069,265.970668655232,104.947526236882
2247.07929405916,290.82774049217,104.947526236882
2247.07929405916,96.9425801640567,104.947526236882
2314.19338801889,534.427044494159,89.9550224887556
2361.42182450907,1595.82401193139,104.947526236882
2396.22172508079,790.454884414616,89.9550224887556
59.6569724086503,1757.39497887149,119.940029985007
106.885408898832,365.398956002983,104.947526236882
109.371116082525,370.37037037037,104.947526236882
116.828237633607,355.456127268208,104.947526236882
164.056674123788,375.341784737758,104.947526236882
335.570469798658,121.799652000994,119.940029985007
479.741486452896,2174.99378573204,119.940029985007
579.169773800646,661.19811086254,119.940029985007
628.883917474521,1861.79468058663,104.947526236882
668.655232413622,1635.59532687049,104.947526236882
683.569475515784,1272.68207805121,104.947526236882
693.512304250559,467.312950534427,104.947526236882
733.283619189659,2458.36440467313,119.940029985007
807.854834700472,260.999254287845,119.940029985007
884.911757394979,1630.62391250311,104.947526236882
991.797166293811,1106.13969674372,104.947526236882
1021.62565249814,2189.9080288342,119.940029985007
1041.51130996769,1764.85210042257,104.947526236882
1046.48272433507,1787.22346507581,119.940029985007
1061.39696743724,2160.07954262988,119.940029985007
1076.3112105394,1001.73999502859,119.940029985007
1170.76808351976,2242.10787969177,119.940029985007
1190.65374098931,2242.10787969177,119.940029985007
1382.05319413373,825.254784986329,104.947526236882
1511.30996768581,1078.79691772309,104.947526236882
1551.08128262491,2150.1367138951,119.940029985007
1717.62366393239,1190.65374098931,119.940029985007
1779.76634352473,2035.79418344519,119.940029985007
1891.62316679095,2097.93686303753,119.940029985007
1909.02311707681,2070.5940840169,104.947526236882
2060.65125528213,298.284862043251,119.940029985007
2274.42207307979,1451.65299527716,104.947526236882
2294.30773054934,805.369127516779,119.940029985007
2408.65026099925,1916.48023862789,119.940029985007
44.7427293064877,1774.79492915735,119.940029985007
181.456624409645,907.283122048223,119.940029985007
268.456375838926,1628.13820531941,134.932533733133
280.884911757395,1643.05244842158,119.940029985007
370.37037037037,730.797912005966,119.940029985007
387.770320656227,738.255033557047,119.940029985007
442.455878697489,2179.96520009943,119.940029985007
564.255530698484,688.540889883172,119.940029985007
613.969674372359,134.228187919463,119.940029985007
628.883917474521,1998.50857568978,134.932533733133
691.026597066866,1272.68207805121,134.932533733133
969.425801640567,116.828237633607,119.940029985007
974.397216007954,2391.2503107134,119.940029985007
1041.51130996769,2150.1367138951,119.940029985007
1046.48272433507,1772.30922197365,119.940029985007
1048.96843151877,1769.82351478996,119.940029985007
1056.42555306985,2172.50807854835,119.940029985007
1058.91126025354,579.169773800646,119.940029985007
1260.25354213274,2279.39348744718,134.932533733133
1295.05344270445,2433.50733283619,119.940029985007
1302.51056425553,2435.99304001989,119.940029985007
1319.91051454139,2232.165050957,119.940029985007
1337.31046482724,1317.42480735769,134.932533733133
1342.28187919463,2090.47974148645,119.940029985007
1573.45264727815,770.569226945066,119.940029985007
1712.652249565,1364.65324384787,134.932533733133
1732.53790703455,280.884911757395,119.940029985007
1754.9092716878,1024.11135968183,119.940029985007
1876.70892368879,430.027342779021,119.940029985007
1986.08003977131,1004.22570221228,119.940029985007
2135.22247079294,382.798906288839,119.940029985007
2234.65075814069,273.427790206314,119.940029985007
2237.13646532438,270.94208302262,119.940029985007
2274.42207307979,1456.62440964454,119.940029985007
2276.90778026349,479.741486452896,119.940029985007
2299.27914491673,971.911508824261,119.940029985007
2443.45016157097,1277.65349241859,119.940029985007
32.3141933880189,785.483470047228,134.932533733133
47.2284364901815,1767.33780760626,134.932533733133
67.1140939597315,1752.4235645041,134.932533733133
129.256773552076,914.740243599304,149.925037481259
161.570966940094,477.255779269202,134.932533733133
161.570966940094,367.884663186677,134.932533733133
161.570966940094,469.798657718121,134.932533733133
176.485210042257,894.854586129754,134.932533733133
228.685060899826,723.340790454884,149.925037481259
280.884911757395,1635.59532687049,134.932533733133
330.59905543127,111.856823266219,134.932533733133
365.398956002983,718.369376087497,134.932533733133
382.798906288839,725.826497638578,134.932533733133
410.141685309471,2465.82152622421,134.932533733133
417.598806860552,1193.13944817301,134.932533733133
434.998757146408,283.370618941089,134.932533733133
442.455878697489,2068.10837683321,134.932533733133
462.34153616704,984.340044742729,134.932533733133
469.798657718121,981.854337559036,134.932533733133
482.22719363659,2170.02237136465,134.932533733133
504.598558289833,29.8284862043251,134.932533733133
546.855580412627,720.855083271191,134.932533733133
559.284116331096,676.112353964703,134.932533733133
581.65548098434,589.112602535421,134.932533733133
608.998260004971,124.285359184688,134.932533733133
628.883917474521,571.712652249565,134.932533733133
631.369624658215,1986.08003977131,134.932533733133
633.855331841909,1856.82326621924,134.932533733133
636.341039025603,1083.76833209048,134.932533733133
646.283867760378,1347.25329356202,134.932533733133
735.769326373353,2450.90728312205,134.932533733133
785.483470047228,1610.73825503356,149.925037481259
792.94059159831,1633.1096196868,149.925037481259
802.883420333085,248.570718369376,134.932533733133
812.82624906786,1712.652249565,134.932533733133
857.568978374347,375.341784737758,134.932533733133
887.397464578673,1623.16679095203,134.932533733133
889.883171762366,1628.13820531941,134.932533733133
907.283122048223,1633.1096196868,134.932533733133
961.968680089485,106.885408898832,134.932533733133
976.882923191648,2381.30748197862,134.932533733133
989.311459110117,1096.19686800895,134.932533733133
1009.19711657967,559.284116331096,134.932533733133
1011.68282376336,119.313944817301,134.932533733133
1016.65423813075,551.826994780015,134.932533733133
1024.11135968183,136.713895103157,134.932533733133
1026.59706686552,2184.93661446682,134.932533733133
1031.56848123291,2040.76559781258,149.925037481259
1041.51130996769,116.828237633607,134.932533733133
1048.96843151877,1764.85210042257,134.932533733133
1048.96843151877,106.885408898832,134.932533733133
1051.45413870246,2040.76559781258,134.932533733133
1053.93984588615,566.741237882178,134.932533733133
1063.88267462093,1926.42306736266,134.932533733133
1071.33979617201,991.797166293811,134.932533733133
1113.5968182948,1506.33855331842,149.925037481259
1173.25379070346,2234.65075814069,134.932533733133
1170.76808351976,1498.88143176734,149.925037481259
1183.19661943823,1379.56748695004,134.932533733133
1195.6251553567,2234.65075814069,134.932533733133
1220.48222719364,2145.16529952772,149.925037481259
1227.93934874472,444.941585881183,134.932533733133
1230.42505592841,2162.56524981357,134.932533733133
1232.91076311211,449.913000248571,134.932533733133
1272.68207805121,1478.99577429779,134.932533733133
1277.65349241859,1988.56574695501,149.925037481259
1295.05344270445,1491.42431021626,149.925037481259
1300.02485707184,2428.5359184688,134.932533733133
1319.91051454139,2224.70792940592,134.932533733133
1342.28187919463,1692.76659209545,149.925037481259
1344.76758637832,469.798657718121,134.932533733133
1349.73900074571,484.712900820283,134.932533733133
1379.56748695004,815.311956251554,134.932533733133
1411.88168033806,1702.70942083023,134.932533733133
1568.48123291076,758.140691026597,134.932533733133
1640.56674123788,507.084265473527,134.932533733133
1710.16654238131,1459.11011682824,149.925037481259
1725.08078548347,1735.02361421825,149.925037481259
1727.56649266716,268.456375838926,134.932533733133
1749.93785732041,1009.19711657967,134.932533733133
1802.13770817798,1650.50956997266,134.932533733133
1928.90877454636,1496.39572458364,149.925037481259
1981.10862540393,991.797166293811,134.932533733133
1993.5371613224,606.512552821278,134.932533733133
2008.45140442456,2204.82227193637,149.925037481259
2043.25130499627,499.627143922446,134.932533733133
2048.22271936366,494.655729555058,134.932533733133
2058.16554809843,288.342033308476,134.932533733133
2090.47974148645,1913.9945314442,149.925037481259
2085.50832711907,815.311956251554,134.932533733133
2092.96544867015,1652.99527715635,134.932533733133
2107.87969177231,969.425801640567,149.925037481259
2132.73676360925,370.37037037037,134.932533733133
2165.05095699727,1009.19711657967,134.932533733133
2177.47949291573,529.455630126771,134.932533733133
2184.93661446682,991.797166293811,134.932533733133
2204.82227193637,663.683818046234,134.932533733133
2239.62217250808,86.9997514292816,134.932533733133
2269.4506587124,795.426298782004,134.932533733133
2271.9363658961,467.312950534427,134.932533733133
2289.33631618195,792.94059159831,134.932533733133
2294.30773054934,959.482972905792,134.932533733133
2339.05045985583,1802.13770817798,134.932533733133
37.2856077554064,797.912005965697,149.925037481259
86.9997514292816,1812.08053691275,149.925037481259
91.9711657966692,2174.99378573204,164.917541229385
166.542381307482,489.684315187671,149.925037481259
228.685060899826,735.769326373353,149.925037481259
243.599304001989,703.455132985334,164.917541229385
387.770320656227,735.769326373353,149.925037481259
405.170270942083,2470.7929405916,149.925037481259
407.655978125777,2475.76435495899,149.925037481259
422.570221227939,1205.56798409147,149.925037481259
439.970171513796,2075.56549838429,164.917541229385
469.798657718121,996.768580661198,149.925037481259
509.569972657221,42.2570221227939,149.925037481259
509.569972657221,1859.30897340293,164.917541229385
512.055679840915,62.142679592344,149.925037481259
517.027094208302,1088.73974645787,164.917541229385
534.427044494159,1759.88068605518,164.917541229385
551.826994780015,733.283619189659,149.925037481259
566.741237882178,688.540889883172,149.925037481259
631.369624658215,584.141188168034,149.925037481259
641.31245339299,1093.71116082525,164.917541229385
651.255282127765,1048.96843151877,149.925037481259
666.169525229928,1130.99676858066,164.917541229385
666.169525229928,275.913497390007,149.925037481259
728.312204822272,1752.4235645041,149.925037481259
773.05493412876,1640.56674123788,164.917541229385
862.540392741735,387.770320656227,149.925037481259
919.711657966692,663.683818046234,149.925037481259
1016.65423813075,131.742480735769,149.925037481259
1024.11135968183,2192.3937360179,149.925037481259
1034.0541884166,146.656723837932,164.917541229385
1043.99701715138,2035.79418344519,149.925037481259
1043.99701715138,1799.65200099428,149.925037481259
1048.96843151877,131.742480735769,149.925037481259
1056.42555306985,1933.88018891375,164.917541229385
1048.96843151877,1802.13770817798,149.925037481259
1053.93984588615,119.313944817301,149.925037481259
1058.91126025354,2170.02237136465,149.925037481259
1058.91126025354,579.169773800646,149.925037481259
1078.79691772309,1001.73999502859,149.925037481259
1170.76808351976,2242.10787969177,149.925037481259
1180.71091225454,1387.02460850112,149.925037481259
1235.3964702958,459.855828983346,149.925037481259
1292.56773552076,1551.08128262491,149.925037481259
1354.7104151131,499.627143922446,149.925037481259
1379.56748695004,1981.10862540393,164.917541229385
1434.2530449913,2431.0216256525,164.917541229385
1449.16728809346,2438.47874720358,164.917541229385
1461.59582401193,315.684812329108,164.917541229385
1461.59582401193,2435.99304001989,179.910044977511
1474.0243599304,1675.36664180959,164.917541229385
1476.51006711409,1660.45239870743,149.925037481259
1478.99577429779,1648.02386278896,164.917541229385
1536.16703952274,2130.25105642555,164.917541229385
1578.42406164554,778.026348496147,149.925037481259
1645.53815560527,517.027094208302,149.925037481259
1712.652249565,1526.22421078797,164.917541229385
1722.59507829978,1846.88043748446,164.917541229385
1754.9092716878,1021.62565249814,149.925037481259
1794.6805866269,2438.47874720358,164.917541229385
1809.59482972906,1429.28163062391,164.917541229385
1998.50857568978,616.455381556053,149.925037481259
2053.19413373105,512.055679840915,149.925037481259
2102.90827740492,1911.5088242605,149.925037481259
2112.8511061397,1804.62341536167,164.917541229385
2115.33681332339,974.397216007954,149.925037481259
2127.76534924186,1876.70892368879,164.917541229385
2140.19388516033,203.827989062888,149.925037481259
2137.70817797663,382.798906288839,149.925037481259
2142.67959234402,621.42679592344,149.925037481259
2170.02237136465,1019.13994531444,164.917541229385
2182.45090728312,1004.22570221228,149.925037481259
2189.9080288342,1004.22570221228,149.925037481259
2468.3072334079,1429.28163062391,164.917541229385
2468.3072334079,1640.56674123788,179.910044977511
104.399701715138,551.826994780015,179.910044977511
293.313447675864,315.684812329108,164.917541229385
325.627641063883,1685.30947054437,164.917541229385
720.855083271191,1123.53964702958,179.910044977511
733.283619189659,1116.0825254785,179.910044977511
750.683569475516,1118.56823266219,164.917541229385
792.94059159831,1998.50857568978,164.917541229385
802.883420333085,2418.59308973403,164.917541229385
1051.45413870246,1103.65398956003,164.917541229385
1185.68232662192,1533.68133233905,164.917541229385
1198.11086254039,1506.33855331842,164.917541229385
1195.6251553567,1528.70991797166,164.917541229385
1469.05294556301,2045.73701217997,179.910044977511
1466.56723837932,1145.91101168282,179.910044977511
1570.96694009446,449.913000248571,164.917541229385
1640.56674123788,1170.76808351976,179.910044977511
1717.62366393239,186.428038777032,179.910044977511
1976.13721103654,1652.99527715635,179.910044977511
2063.13696246582,1126.02535421327,194.902548725637
2085.50832711907,243.599304001989,179.910044977511
2095.45115585384,820.283370618941,164.917541229385
2100.42257022123,1812.08053691275,179.910044977511
2105.39398458862,248.570718369376,179.910044977511
2115.33681332339,1826.99478001491,179.910044977511
2197.36515038528,330.59905543127,179.910044977511
2234.65075814069,1451.65299527716,179.910044977511
2378.82177479493,994.282873477504,179.910044977511
2455.87869748944,1416.85309470544,179.910044977511
64.6283867760378,753.16927665921,194.902548725637
69.5998011434253,606.512552821278,179.910044977511
74.5712155108128,621.42679592344,194.902548725637
109.371116082525,1732.53790703455,179.910044977511
233.656475267214,713.397961720109,179.910044977511
243.599304001989,695.998011434253,179.910044977511
248.570718369376,357.941834451902,194.902548725637
295.799154859558,947.054436987323,179.910044977511
320.656226696495,1672.8809346259,179.910044977511
469.798657718121,986.825751926423,179.910044977511
484.712900820283,1006.71140939597,194.902548725637
502.11285110614,1784.73775789212,179.910044977511
504.598558289833,1844.39473030077,179.910044977511
531.941337310465,1744.96644295302,179.910044977511
666.169525229928,270.94208302262,179.910044977511
700.969425801641,131.742480735769,194.902548725637
748.197862291822,1106.13969674372,194.902548725637
792.94059159831,1983.59433258762,179.910044977511
807.854834700472,2406.16455381556,194.902548725637
815.311956251554,2386.27889634601,179.910044977511
842.654735272185,27.3427790206314,179.910044977511
899.826000497141,1936.36589609744,179.910044977511
991.797166293811,362.913248819289,194.902548725637
1016.65423813075,124.285359184688,179.910044977511
1051.45413870246,1093.71116082525,179.910044977511
1058.91126025354,1921.45165299528,179.910044977511
1150.88242605021,2070.5940840169,179.910044977511
1165.79666915237,1496.39572458364,194.902548725637
1170.76808351976,1488.93860303256,179.910044977511
1178.22520507084,1374.59607258265,179.910044977511
1183.19661943823,1516.28138205319,179.910044977511
1195.6251553567,1491.42431021626,179.910044977511
1215.51081282625,2130.25105642555,179.910044977511
1220.48222719364,2132.73676360925,179.910044977511
1225.45364156102,94.4568729803629,179.910044977511
1232.91076311211,114.342530449913,194.902548725637
1317.42480735769,924.683072334079,194.902548725637
1339.79617201094,1918.96594581158,194.902548725637
1424.31021625653,1364.65324384787,194.902548725637
1426.79592344022,1133.48247576436,179.910044977511
1449.16728809346,512.055679840915,194.902548725637
1498.88143176734,2043.25130499627,179.910044977511
1628.13820531941,922.197365150385,194.902548725637
1638.08103405419,1009.19711657967,179.910044977511
1812.08053691275,2274.42207307979,209.895052473763
1851.85185185185,1481.48148148148,194.902548725637
1864.28038777032,171.513795674869,194.902548725637
1879.19463087248,183.942331593338,194.902548725637
1909.02311707681,1414.36738752175,209.895052473763
1953.7658463833,1971.16579666915,194.902548725637
1963.70867511807,1983.59433258762,194.902548725637
1973.65150385285,1966.19438230176,194.902548725637
1978.62291822023,1978.62291822023,179.910044977511
1996.02286850609,1988.56574695501,194.902548725637
2095.45115585384,1831.9661943823,194.902548725637
2127.76534924186,1319.91051454139,194.902548725637
2155.10812826249,1014.16853094705,194.902548725637
2304.25055928412,638.826746209297,209.895052473763
2344.02187422322,1145.91101168282,194.902548725637
44.7427293064877,753.16927665921,209.895052473763
119.313944817301,1737.50932140194,194.902548725637
203.827989062888,1896.59458115834,194.902548725637
223.713646532438,2087.99403430276,194.902548725637
246.085011185682,375.341784737758,209.895052473763
514.541387024609,1787.22346507581,194.902548725637
541.88416604524,1749.93785732041,194.902548725637
551.826994780015,1712.652249565,194.902548725637
554.312701963709,648.769574944072,194.902548725637
589.112602535421,452.398707432264,209.895052473763
641.31245339299,1285.11061396967,194.902548725637
740.740740740741,400.198856574696,194.902548725637
758.140691026597,256.027839920457,209.895052473763
785.483470047228,1322.39622172508,194.902548725637
825.254784986329,2388.7646035297,194.902548725637
857.568978374347,840.169028088491,209.895052473763
860.054685558041,1439.22445935869,194.902548725637
909.768829231916,2122.79393487447,194.902548725637
1163.31096196868,2075.56549838429,194.902548725637
1180.71091225454,1491.42431021626,194.902548725637
1195.6251553567,1523.73850360428,194.902548725637
1205.56798409147,1496.39572458364,194.902548725637
1317.42480735769,1697.73800646284,209.895052473763
1379.56748695004,2311.7076808352,194.902548725637
1461.59582401193,1481.48148148148,209.895052473763
1590.85259756401,2316.67909520259,209.895052473763
1608.25254784986,2316.67909520259,209.895052473763
1633.1096196868,1777.28063634104,209.895052473763
1665.42381307482,1260.25354213274,209.895052473763
1794.6805866269,1235.3964702958,209.895052473763
2030.8227690778,1369.62465821526,209.895052473763
2073.0797912006,203.827989062888,194.902548725637
2075.56549838429,1431.76733780761,224.887556221889
2167.53666418096,1031.56848123291,209.895052473763
2239.62217250808,1486.45289584887,209.895052473763
2413.62167536664,1899.08028834203,209.895052473763
91.9711657966692,919.711657966692,239.880059970015
94.4568729803629,904.797414864529,224.887556221889
96.9425801640567,892.36887894606,239.880059970015
131.742480735769,1662.93810589113,224.887556221889
151.628138205319,1126.02535421327,224.887556221889
193.885160328113,1921.45165299528,209.895052473763
216.256524981357,2107.87969177231,209.895052473763
290.82774049217,2172.50807854835,209.895052473763
345.513298533433,2095.45115585384,224.887556221889
392.741735023614,800.397713149391,224.887556221889
484.712900820283,1772.30922197365,224.887556221889
504.598558289833,1809.59482972906,209.895052473763
631.369624658215,1307.48197862292,209.895052473763
778.026348496147,1342.28187919463,209.895052473763
850.111856823266,1461.59582401193,209.895052473763
884.911757394979,2035.79418344519,224.887556221889
899.826000497141,2145.16529952772,209.895052473763
899.826000497141,1963.70867511807,209.895052473763
1153.36813323391,2095.45115585384,209.895052473763
1160.82525478499,1521.25279642058,209.895052473763
1170.76808351976,1513.7956748695,209.895052473763
1292.56773552076,802.883420333085,224.887556221889
1451.65299527716,1031.56848123291,224.887556221889
1466.56723837932,1551.08128262491,224.887556221889
1528.70991797166,2264.47924434502,224.887556221889
1623.16679095203,1573.45264727815,239.880059970015
1652.99527715635,1242.85359184688,224.887556221889
1717.62366393239,121.799652000994,224.887556221889
1822.02336564753,1727.56649266716,224.887556221889
1846.88043748446,1208.05369127517,224.887556221889
1956.25155356699,668.655232413622,239.880059970015
1993.5371613224,2005.96569724086,224.887556221889
2063.13696246582,343.027591349739,239.880059970015
2070.5940840169,318.170519512801,239.880059970015
2090.47974148645,347.999005717127,224.887556221889
2344.02187422322,1881.68033805618,224.887556221889
39.7713149391002,1672.8809346259,239.880059970015
161.570966940094,1839.42331593338,239.880059970015
169.028088491176,1712.652249565,239.880059970015
198.856574695501,1916.48023862789,224.887556221889
295.799154859558,2165.05095699727,224.887556221889
340.541884166045,2038.27989062888,239.880059970015
479.741486452896,2247.07929405916,239.880059970015
847.626149639573,947.054436987323,239.880059970015
862.540392741735,956.997265722098,254.872563718141
934.625901068854,1506.33855331842,254.872563718141
964.454387273179,1498.88143176734,254.872563718141
1208.05369127517,626.398210290828,239.880059970015
1213.02510564256,151.628138205319,254.872563718141
1401.93885160328,2346.50758140691,224.887556221889
1513.7956748695,355.456127268208,239.880059970015
1558.53840417599,425.055928411633,224.887556221889
1662.93810589113,2152.6224210788,239.880059970015
1797.16629381059,1230.42505592841,224.887556221889
1859.30897340293,2020.87994034303,239.880059970015
1943.82301764852,2165.05095699727,239.880059970015
2058.16554809843,1670.39522744221,254.872563718141
2060.65125528213,1690.28088491176,239.880059970015
2080.53691275168,333.084762614964,224.887556221889
2120.30822769078,1377.08177976634,239.880059970015
2142.67959234402,1165.79666915237,254.872563718141
2147.65100671141,1143.42530449913,239.880059970015
2160.07954262988,1175.73949788715,239.880059970015
2252.05070842655,1478.99577429779,224.887556221889
216.256524981357,1635.59532687049,254.872563718141
390.25602783992,2192.3937360179,254.872563718141
534.427044494159,894.854586129754,254.872563718141
691.026597066866,313.199105145414,254.872563718141
691.026597066866,156.599552572707,269.865067466267
695.998011434253,1881.68033805618,269.865067466267
758.140691026597,2348.9932885906,269.865067466267
795.426298782004,2443.45016157097,239.880059970015
877.454635843898,2187.42232165051,254.872563718141
914.740243599304,1844.39473030077,239.880059970015
939.597315436242,2025.85135471042,254.872563718141
1066.36838180462,1822.02336564753,254.872563718141
1304.99627143922,887.397464578673,269.865067466267
1339.79617201094,178.970917225951,239.880059970015
1367.13895103157,256.027839920457,269.865067466267
1421.82450907283,1774.79492915735,254.872563718141
1511.30996768581,343.027591349739,239.880059970015
1556.05269699229,268.456375838926,254.872563718141
1677.85234899329,196.370867511807,254.872563718141
1834.451901566,638.826746209297,269.865067466267
1966.19438230176,934.625901068854,239.880059970015
2122.79393487447,780.512055679841,254.872563718141
2137.70817797663,1762.36639323888,254.872563718141
2214.76510067114,1391.99602286851,254.872563718141
2478.25006214268,1493.91001739995,239.880059970015
171.513795674869,1247.82500621427,269.865067466267
357.941834451902,591.598309719115,269.865067466267
402.684563758389,1548.59557544121,284.857571214393
536.912751677852,1762.36639323888,269.865067466267
539.398458861546,1782.25205070843,284.857571214393
589.112602535421,387.770320656227,269.865067466267
633.855331841909,1812.08053691275,269.865067466267
691.026597066866,1899.08028834203,284.857571214393
693.512304250559,1764.85210042257,269.865067466267
797.912005965697,2097.93686303753,284.857571214393
797.912005965697,2435.99304001989,269.865067466267
1404.42455878698,2341.53616703952,254.872563718141
1516.28138205319,1513.7956748695,269.865067466267
1672.8809346259,497.141436738752,254.872563718141
1700.22371364653,2023.36564752672,284.857571214393
1700.22371364653,2060.65125528213,254.872563718141
1700.22371364653,2055.67984091474,284.857571214393
1866.76609495401,1009.19711657967,269.865067466267
1968.68008948546,929.654486701467,269.865067466267
1993.5371613224,2053.19413373105,269.865067466267
2095.45115585384,1531.19562515536,284.857571214393
2142.67959234402,1516.28138205319,269.865067466267
2336.56475267214,1036.5398956003,284.857571214393
2344.02187422322,1434.2530449913,269.865067466267
357.941834451902,1416.85309470544,299.850074962519
370.37037037037,1404.42455878698,299.850074962519
658.712403678847,1404.42455878698,299.850074962519
678.598061148397,164.056674123788,269.865067466267
723.340790454884,932.14019388516,284.857571214393
884.911757394979,937.111608252548,269.865067466267
952.02585135471,1521.25279642058,269.865067466267
954.511558538404,2028.33706189411,284.857571214393
1051.45413870246,1933.88018891375,284.857571214393
1063.88267462093,1951.2801391996,284.857571214393
1076.3112105394,1543.62416107383,284.857571214393
1081.28262490679,417.598806860552,284.857571214393
1096.19686800895,2174.99378573204,299.850074962519
1113.5968182948,1026.59706686552,299.850074962519
1130.99676858066,1031.56848123291,299.850074962519
1317.42480735769,437.484464330102,299.850074962519
1406.91026597067,1031.56848123291,284.857571214393
1493.91001739995,1739.99502858563,284.857571214393
1700.22371364653,2043.25130499627,284.857571214393
1702.70942083023,2207.30797912006,284.857571214393
1941.33731046483,484.712900820283,284.857571214393
2065.62266964952,1913.9945314442,284.857571214393
2092.96544867015,1382.05319413373,269.865067466267
2348.9932885906,1138.45389013174,269.865067466267
2438.47874720358,1163.31096196868,284.857571214393
208.799403430276,1280.13919960229,299.850074962519
216.256524981357,1292.56773552076,299.850074962519
293.313447675864,1113.5968182948,314.842578710645
437.484464330102,1849.36614466816,299.850074962519
492.170022371365,561.76982351479,299.850074962519
594.084016902809,969.425801640567,299.850074962519
611.483967188665,2147.65100671141,299.850074962519
651.255282127765,1391.99602286851,299.850074962519
656.226696495153,661.19811086254,314.842578710645
847.626149639573,976.882923191648,299.850074962519
904.797414864529,2087.99403430276,299.850074962519
939.597315436242,1426.79592344022,284.857571214393
956.997265722098,442.455878697489,314.842578710645
1058.91126025354,1618.19537658464,299.850074962519
1096.19686800895,1367.13895103157,299.850074962519
1118.56823266219,1610.73825503356,299.850074962519
1118.56823266219,1011.68282376336,299.850074962519
1126.02535421327,971.911508824261,299.850074962519
1297.53914988814,457.370121799652,284.857571214393
1300.02485707184,439.970171513796,299.850074962519
1478.99577429779,1628.13820531941,284.857571214393
1623.16679095203,1856.82326621924,284.857571214393
1695.25229927915,2242.10787969177,284.857571214393
1712.652249565,1106.13969674372,299.850074962519
1730.05219985086,2060.65125528213,299.850074962519
1928.90877454636,787.969177230922,284.857571214393
1961.22296793438,1645.53815560527,299.850074962519
2000.99428287348,1814.56624409645,299.850074962519
2013.42281879195,1799.65200099428,284.857571214393
2025.85135471042,1551.08128262491,299.850074962519
2028.33706189411,1856.82326621924,299.850074962519
2150.1367138951,929.654486701467,299.850074962519
2160.07954262988,947.054436987323,299.850074962519
2199.85085756898,698.483718617947,299.850074962519
2207.30797912006,1439.22445935869,284.857571214393
213.770817797663,1061.39696743724,314.842578710645
569.226945065871,1657.96669152374,329.835082458771
574.198359433259,710.912254536416,314.842578710645
581.65548098434,949.540144171017,329.835082458771
594.084016902809,2013.42281879195,329.835082458771
601.54113845389,949.540144171017,314.842578710645
631.369624658215,1742.48073576933,329.835082458771
648.769574944072,1414.36738752175,299.850074962519
700.969425801641,1568.48123291076,314.842578710645
718.369376087497,2120.30822769078,314.842578710645
763.112105393985,1304.99627143922,329.835082458771
954.511558538404,937.111608252548,314.842578710645
976.882923191648,437.484464330102,314.842578710645
1066.36838180462,434.998757146408,314.842578710645
1101.16828237634,425.055928411633,329.835082458771
1200.59656972409,2127.76534924186,314.842578710645
1227.93934874472,2339.05045985583,329.835082458771
1312.45339299031,131.742480735769,314.842578710645
1357.19612229679,507.084265473527,314.842578710645
1531.19562515536,1613.22396221725,299.850074962519
1573.45264727815,1623.16679095203,299.850074962519
1685.30947054437,554.312701963709,329.835082458771
1725.08078548347,1521.25279642058,299.850074962519
1725.08078548347,146.656723837932,314.842578710645
1782.25205070843,1277.65349241859,299.850074962519
1923.93736017897,1841.90902311708,299.850074962519
2127.76534924186,504.598558289833,314.842578710645
2162.56524981357,917.225950782998,314.842578710645
355.456127268208,912.25453641561,329.835082458771
400.198856574696,1178.22520507084,329.835082458771
623.912503107134,1317.42480735769,329.835082458771
631.369624658215,1725.08078548347,329.835082458771
780.512055679841,1287.59632115337,329.835082458771
832.71190653741,952.02585135471,344.827586206897
852.59756400696,971.911508824261,314.842578710645
852.59756400696,961.968680089485,329.835082458771
852.59756400696,942.083022619935,329.835082458771
887.397464578673,932.14019388516,314.842578710645
964.454387273179,1232.91076311211,329.835082458771
1009.19711657967,226.199353716132,329.835082458771
1026.59706686552,1600.79542629878,344.827586206897
1143.42530449913,671.140939597315,344.827586206897
1424.31021625653,484.712900820283,329.835082458771
1478.99577429779,1643.05244842158,314.842578710645
1533.68133233905,1625.65249813572,314.842578710645
1575.93835446184,1635.59532687049,314.842578710645
1680.33805617698,569.226945065871,314.842578710645
1700.22371364653,571.712652249565,329.835082458771
1702.70942083023,2219.73651503853,314.842578710645
1715.13795674869,1111.11111111111,314.842578710645
1725.08078548347,1536.16703952274,314.842578710645
1784.73775789212,1290.08202833706,314.842578710645
1846.88043748446,447.427293064877,329.835082458771
1861.79468058663,584.141188168034,329.835082458771
1874.2232165051,579.169773800646,329.835082458771
1909.02311707681,1635.59532687049,314.842578710645
1918.96594581158,576.684066616953,344.827586206897
1923.93736017897,1854.33755903555,314.842578710645
1963.70867511807,1660.45239870743,314.842578710645
2003.47999005717,1829.48048719861,314.842578710645
2018.39423315933,1814.56624409645,314.842578710645
2023.36564752672,1826.99478001491,314.842578710645
2028.33706189411,1563.50981854338,314.842578710645
2182.45090728312,1772.30922197365,314.842578710645
2189.9080288342,1757.39497887149,314.842578710645
2212.27939348745,1454.13870246085,314.842578710645
367.884663186677,1389.51031568481,329.835082458771
526.969922943077,559.284116331096,344.827586206897
571.712652249565,855.083271190654,344.827586206897
576.684066616953,872.48322147651,359.820089955023
579.169773800646,869.997514292816,329.835082458771
581.65548098434,874.968928660204,329.835082458771
805.369127516779,323.141933880189,329.835082458771
872.48322147651,2229.6793437733,359.820089955023
1014.16853094705,755.654983842903,329.835082458771
1024.11135968183,2239.62217250808,344.827586206897
1026.59706686552,750.683569475516,344.827586206897
1106.13969674372,944.568729803629,374.812593703148
1188.16803380562,2217.25080785483,344.827586206897
1257.76783494904,2376.33606761124,329.835082458771
1260.25354213274,2368.87894606015,329.835082458771
1324.88192890877,420.084514044246,344.827586206897
1469.05294556301,2346.50758140691,329.835082458771
1486.45289584887,1414.36738752175,329.835082458771
1556.05269699229,1551.08128262491,329.835082458771
1575.93835446184,1650.50956997266,329.835082458771
1618.19537658464,1667.90952025851,329.835082458771
1643.05244842158,1657.96669152374,329.835082458771
1677.85234899329,1454.13870246085,329.835082458771
1717.62366393239,1004.22570221228,344.827586206897
1725.08078548347,1019.13994531444,344.827586206897
1764.85210042257,1561.02411135968,329.835082458771
1824.50907283122,1317.42480735769,329.835082458771
1859.30897340293,2197.36515038528,329.835082458771
1891.62316679095,362.913248819289,329.835082458771
1943.82301764852,1585.88118319662,329.835082458771
1951.2801391996,1665.42381307482,329.835082458771
1968.68008948546,1881.68033805618,329.835082458771
1973.65150385285,1603.28113348248,329.835082458771
2015.90852597564,1685.30947054437,329.835082458771
2043.25130499627,1854.33755903555,329.835082458771
2053.19413373105,1722.59507829978,329.835082458771
2058.16554809843,1839.42331593338,329.835082458771
2063.13696246582,1849.36614466816,329.835082458771
2063.13696246582,1856.82326621924,329.835082458771
2068.10837683321,1590.85259756401,329.835082458771
2068.10837683321,1889.13745960726,329.835082458771
2115.33681332339,1198.11086254039,344.827586206897
2174.99378573204,1799.65200099428,329.835082458771
2222.22222222222,1799.65200099428,329.835082458771
2229.6793437733,1784.73775789212,329.835082458771
2259.50782997763,735.769326373353,344.827586206897
300.770569226945,1553.5669898086,374.812593703148
372.856077554064,942.083022619935,374.812593703148
477.255779269202,1899.08028834203,359.820089955023
492.170022371365,1121.05393984589,359.820089955023
492.170022371365,1108.62540392742,359.820089955023
596.569724086503,971.911508824261,344.827586206897
678.598061148397,1593.3383047477,359.820089955023
755.654983842903,1730.05219985086,359.820089955023
932.14019388516,1444.19587372608,359.820089955023
932.14019388516,231.17076808352,344.827586206897
937.111608252548,233.656475267214,344.827586206897
1083.76833209048,430.027342779021,344.827586206897
1185.68232662192,474.770072085508,359.820089955023
1205.56798409147,469.798657718121,374.812593703148
1205.56798409147,1600.79542629878,359.820089955023
1215.51081282625,457.370121799652,359.820089955023
1245.33929903057,2373.85036042754,344.827586206897
1314.939100174,641.31245339299,374.812593703148
1451.65299527716,1789.70917225951,344.827586206897
1459.11011682824,2348.9932885906,344.827586206897
1456.62440964454,822.769077802635,359.820089955023
1471.53865274671,1411.88168033806,344.827586206897
1476.51006711409,1419.33880188914,344.827586206897
1478.99577429779,1899.08028834203,344.827586206897
1543.62416107383,1548.59557544121,344.827586206897
1628.13820531941,922.197365150385,359.820089955023
1633.1096196868,1657.96669152374,344.827586206897
1648.02386278896,1026.59706686552,374.812593703148
1665.42381307482,1456.62440964454,344.827586206897
1752.4235645041,1561.02411135968,344.827586206897
1846.88043748446,2197.36515038528,344.827586206897
1869.25180213771,569.226945065871,344.827586206897
1886.65175242356,571.712652249565,344.827586206897
1933.88018891375,1585.88118319662,344.827586206897
1938.85160328113,1665.42381307482,344.827586206897
1951.2801391996,1590.85259756401,344.827586206897
1956.25155356699,1881.68033805618,344.827586206897
1958.73726075068,1600.79542629878,344.827586206897
1966.19438230176,1573.45264727815,344.827586206897
2005.96569724086,1685.30947054437,344.827586206897
2050.70842654735,1854.33755903555,344.827586206897
2209.79368630375,1797.16629381059,344.827586206897
2217.25080785483,1784.73775789212,344.827586206897
323.141933880189,1327.36763609247,374.812593703148
340.541884166045,1493.91001739995,374.812593703148
360.427541635595,1749.93785732041,374.812593703148
377.827491921452,1859.30897340293,374.812593703148
427.541635595327,1357.19612229679,374.812593703148
566.741237882178,855.083271190654,374.812593703148
807.854834700472,323.141933880189,359.820089955023
892.36887894606,318.170519512801,374.812593703148
1098.68257519264,1692.76659209545,374.812593703148
1208.05369127517,2264.47924434502,374.812593703148
1421.82450907283,1757.39497887149,374.812593703148
1424.31021625653,1436.73875217499,359.820089955023
1424.31021625653,1894.10887397465,374.812593703148
1439.22445935869,1911.5088242605,374.812593703148
1436.73875217499,2316.67909520259,359.820089955023
1451.65299527716,1384.53890131742,359.820089955023
1451.65299527716,1866.76609495401,374.812593703148
1454.13870246085,1389.51031568481,359.820089955023
1521.25279642058,1518.76708923689,359.820089955023
1600.79542629878,1638.08103405419,359.820089955023
1643.05244842158,1426.79592344022,359.820089955023
1764.85210042257,1640.56674123788,359.820089955023
1869.25180213771,1399.45314441959,374.812593703148
1916.48023862789,1633.1096196868,359.820089955023
1928.90877454636,1563.50981854338,359.820089955023
1936.36589609744,1570.96694009446,359.820089955023
1941.33731046483,1543.62416107383,359.820089955023
2018.39423315933,1695.25229927915,359.820089955023
2083.02261993537,656.226696495153,374.812593703148
2194.87944320159,1754.9092716878,359.820089955023
616.455381556053,775.540641312453,389.805097451274
770.569226945066,581.65548098434,389.805097451274
837.683320904797,2010.93711160825,374.812593703148
924.683072334079,1140.93959731544,374.812593703148
1111.11111111111,1931.39448173005,389.805097451274
1195.6251553567,780.512055679841,389.805097451274
1359.68182948049,807.854834700472,389.805097451274
1389.51031568481,1600.79542629878,389.805097451274
1409.39597315436,1923.93736017897,389.805097451274
1416.85309470544,1441.71016654238,374.812593703148
1421.82450907283,1909.02311707681,404.7976011994
1434.2530449913,1931.39448173005,404.7976011994
1446.68158090977,1874.2232165051,374.812593703148
1603.28113348248,1725.08078548347,404.7976011994
1615.70966940094,1759.88068605518,389.805097451274
1633.1096196868,1434.2530449913,374.812593703148
1635.59532687049,1429.28163062391,374.812593703148
1640.56674123788,1767.33780760626,389.805097451274
1722.59507829978,586.626895351728,389.805097451274
1737.50932140194,596.569724086503,404.7976011994
1759.88068605518,1640.56674123788,389.805097451274
1794.6805866269,2023.36564752672,389.805097451274
1812.08053691275,700.969425801641,389.805097451274
1836.93760874969,464.827243350733,389.805097451274
1894.10887397465,996.768580661198,389.805097451274
1896.59458115834,1334.82475764355,389.805097451274
1928.90877454636,1575.93835446184,374.812593703148
1933.88018891375,1548.59557544121,374.812593703148
2087.99403430276,698.483718617947,404.7976011994
2147.65100671141,1369.62465821526,389.805097451274
2229.6793437733,1193.13944817301,389.805097451274
380.313199105145,1163.31096196868,404.7976011994
509.569972657221,1486.45289584887,389.805097451274
688.540889883172,1722.59507829978,389.805097451274
740.740740740741,1014.16853094705,404.7976011994
755.654983842903,989.311459110117,389.805097451274
763.112105393985,1707.68083519761,389.805097451274
942.083022619935,1034.0541884166,419.790104947526
1068.85408898832,1200.59656972409,419.790104947526
1116.0825254785,1941.33731046483,389.805097451274
1282.62490678598,976.882923191648,419.790104947526
1304.99627143922,1277.65349241859,404.7976011994
1387.02460850112,1928.90877454636,419.790104947526
1404.42455878698,1911.5088242605,404.7976011994
1416.85309470544,1431.76733780761,404.7976011994
1429.28163062391,1377.08177976634,404.7976011994
1436.73875217499,1349.73900074571,404.7976011994
1441.71016654238,1901.56599552573,389.805097451274
1782.25205070843,1170.76808351976,419.790104947526
1804.62341536167,1409.39597315436,404.7976011994
2048.22271936366,1568.48123291076,404.7976011994
2078.05120556798,964.454387273179,404.7976011994
2085.50832711907,939.597315436242,419.790104947526
303.256276410639,1563.50981854338,404.7976011994
430.027342779021,1009.19711657967,419.790104947526
430.027342779021,1034.0541884166,434.782608695652
512.055679840915,1501.36713895103,404.7976011994
554.312701963709,760.626398210291,419.790104947526
688.540889883172,1732.53790703455,419.790104947526
763.112105393985,1001.73999502859,419.790104947526
763.112105393985,1720.10937111608,419.790104947526
840.169028088491,2020.87994034303,404.7976011994
981.854337559036,763.112105393985,419.790104947526
1121.05393984589,1953.7658463833,404.7976011994
1213.02510564256,2271.9363658961,404.7976011994
1409.39597315436,673.626646781009,419.790104947526
1558.53840417599,850.111856823266,419.790104947526
1593.3383047477,800.397713149391,404.7976011994
1792.1948794432,1135.96818294805,419.790104947526
1794.6805866269,1155.8538404176,419.790104947526
1814.56624409645,792.94059159831,434.782608695652
1844.39473030077,1262.73924931643,419.790104947526
1911.5088242605,1543.62416107383,434.782608695652
2045.73701217997,939.597315436242,419.790104947526
2068.10837683321,947.054436987323,419.790104947526
755.654983842903,638.826746209297,434.782608695652
874.968928660204,1478.99577429779,434.782608695652
976.882923191648,407.655978125777,434.782608695652
1140.93959731544,1953.7658463833,449.775112443778
1854.33755903555,768.083519761372,449.775112443778
758.140691026597,986.825751926423,434.782608695652
802.883420333085,1541.13845389013,449.775112443778
805.369127516779,1563.50981854338,464.767616191904
917.225950782998,1260.25354213274,449.775112443778
1123.53964702958,477.255779269202,464.767616191904
1290.08202833706,1342.28187919463,464.767616191904
1292.56773552076,1426.79592344022,464.767616191904
1364.65324384787,2028.33706189411,449.775112443778
1521.25279642058,1854.33755903555,434.782608695652
1739.99502858563,884.911757394979,449.775112443778
1824.50907283122,1068.85408898832,449.775112443778
1861.79468058663,1116.0825254785,449.775112443778
1866.76609495401,778.026348496147,464.767616191904
1871.7375093214,1727.56649266716,449.775112443778
1899.08028834203,1329.85334327616,434.782608695652
1981.10862540393,894.854586129754,464.767616191904
541.88416604524,1190.65374098931,464.767616191904
648.769574944072,1692.76659209545,464.767616191904
733.283619189659,882.426050211285,479.76011994003
758.140691026597,1416.85309470544,479.76011994003
765.597812577678,1568.48123291076,479.76011994003
835.197613721104,1859.30897340293,464.767616191904
840.169028088491,1444.19587372608,449.775112443778
847.626149639573,1876.70892368879,479.76011994003
1021.62565249814,1416.85309470544,464.767616191904
1051.45413870246,1029.08277404922,464.767616191904
1347.25329356202,1019.13994531444,464.767616191904
1523.73850360428,1864.28038777032,479.76011994003
1585.88118319662,1096.19686800895,464.767616191904
1680.33805617698,703.455132985334,479.76011994003
509.569972657221,1382.05319413373,479.76011994003
765.597812577678,850.111856823266,494.752623688156
979.368630375342,879.940343027591,479.76011994003
1046.48272433507,1118.56823266219,479.76011994003
1190.65374098931,1034.0541884166,494.752623688156
1354.7104151131,616.455381556053,479.76011994003
1779.76634352473,753.16927665921,494.752623688156
646.283867760378,1387.02460850112,509.745127436282
723.340790454884,1200.59656972409,509.745127436282
805.369127516779,1416.85309470544,494.752623688156
810.340541884166,1804.62341536167,494.752623688156
842.654735272185,1451.65299527716,479.76011994003
1068.85408898832,1178.22520507084,509.745127436282
1078.79691772309,894.854586129754,509.745127436282
1200.59656972409,1526.22421078797,509.745127436282
1498.88143176734,1543.62416107383,509.745127436282
1518.76708923689,1548.59557544121,494.752623688156
1739.99502858563,1232.91076311211,494.752623688156
713.397961720109,1185.68232662192,509.745127436282
720.855083271191,1329.85334327616,524.737631184408
1362.16753666418,2023.36564752672,494.752623688156
1367.13895103157,2025.85135471042,494.752623688156
1449.16728809346,969.425801640567,494.752623688156
1488.93860303256,902.311707680835,509.745127436282
1715.13795674869,1513.7956748695,524.737631184408
1856.82326621924,768.083519761372,494.752623688156
763.112105393985,1431.76733780761,524.737631184408
842.654735272185,1449.16728809346,509.745127436282
877.454635843898,1222.96793437733,524.737631184408
1446.68158090977,964.454387273179,524.737631184408
1531.19562515536,1610.73825503356,524.737631184408
1116.0825254785,1210.53939845886,539.730134932534
1175.73949788715,1605.76684066617,539.730134932534
1275.1677852349,1707.68083519761,524.737631184408
1322.39622172508,1280.13919960229,539.730134932534
1464.08153119563,1618.19537658464,539.730134932534
1126.02535421327,1198.11086254039,554.72263868066
1312.45339299031,1295.05344270445,539.730134932534
1140.93959731544,1344.76758637832,554.72263868066
1319.91051454139,1739.99502858563,554.72263868066
1364.65324384787,1314.939100174,554.72263868066
1508.82426050211,1652.99527715635,554.72263868066
1757.39497887149,1546.10986825752,554.72263868066
1762.36639323888,1538.65274670644,554.72263868066
1329.85334327616,1282.62490678598,569.715142428786
1342.28187919463,1270.19637086751,569.715142428786
1531.19562515536,1155.8538404176,569.715142428786
