19.8856574695501,1056.42555306985,14.9925037481259
27.3427790206314,1036.5398956003,14.9925037481259
57.1712652249565,1014.16853094705,14.9925037481259
72.0855083271191,1764.85210042257,29.9850074962519
91.9711657966692,310.71339796172,14.9925037481259
121.799652000994,534.427044494159,14.9925037481259
171.513795674869,2092.96544867015,14.9925037481259
171.513795674869,2078.05120556798,14.9925037481259
181.456624409645,1036.5398956003,29.9850074962519
183.942331593338,2083.02261993537,29.9850074962519
186.428038777032,1625.65249813572,29.9850074962519
243.599304001989,2092.96544867015,29.9850074962519
258.513547104151,932.14019388516,29.9850074962519
258.513547104151,1610.73825503356,29.9850074962519
290.82774049217,1548.59557544121,14.9925037481259
310.71339796172,116.828237633607,14.9925037481259
330.59905543127,2319.16480238628,14.9925037481259
350.48471290082,236.142182450907,29.9850074962519
365.398956002983,1573.45264727815,14.9925037481259
365.398956002983,1295.05344270445,14.9925037481259
375.341784737758,1309.96768580661,14.9925037481259
377.827491921452,1297.53914988814,14.9925037481259
382.798906288839,1300.02485707184,14.9925037481259
387.770320656227,1568.48123291076,29.9850074962519
417.598806860552,1058.91126025354,14.9925037481259
410.141685309471,2107.87969177231,14.9925037481259
415.113099676858,2105.39398458862,29.9850074962519
425.055928411633,2053.19413373105,44.9775112443778
444.941585881183,285.856326124783,14.9925037481259
449.913000248571,417.598806860552,14.9925037481259
454.884414615958,290.82774049217,29.9850074962519
482.22719363659,1968.68008948546,29.9850074962519
524.484215759384,1667.90952025851,29.9850074962519
534.427044494159,797.912005965697,14.9925037481259
594.084016902809,183.942331593338,14.9925037481259
601.54113845389,1058.91126025354,29.9850074962519
616.455381556053,173.999502858563,14.9925037481259
623.912503107134,2284.36490181457,14.9925037481259
656.226696495153,221.227939348745,14.9925037481259
658.712403678847,116.828237633607,14.9925037481259
676.112353964703,1486.45289584887,29.9850074962519
700.969425801641,1357.19612229679,29.9850074962519
720.855083271191,1449.16728809346,14.9925037481259
782.997762863535,499.627143922446,29.9850074962519
815.311956251554,748.197862291822,14.9925037481259
830.226199353716,551.826994780015,14.9925037481259
904.797414864529,308.227690778026,14.9925037481259
971.911508824261,1603.28113348248,14.9925037481259
1153.36813323391,877.454635843898,29.9850074962519
1173.25379070346,618.941088739746,29.9850074962519
1180.71091225454,469.798657718121,14.9925037481259
1205.56798409147,469.798657718121,14.9925037481259
1267.71066368382,2468.3072334079,14.9925037481259
1295.05344270445,303.256276410639,29.9850074962519
1374.59607258265,77.0569226945066,14.9925037481259
1391.99602286851,382.798906288839,14.9925037481259
1441.71016654238,2065.62266964952,14.9925037481259
1444.19587372608,2075.56549838429,14.9925037481259
1513.7956748695,999.254287844892,29.9850074962519
1546.10986825752,678.598061148397,14.9925037481259
1593.3383047477,1563.50981854338,14.9925037481259
1620.68108376833,1459.11011682824,14.9925037481259
1672.8809346259,686.055182699478,14.9925037481259
1680.33805617698,688.540889883172,29.9850074962519
1722.59507829978,2406.16455381556,14.9925037481259
1725.08078548347,2411.13596818295,14.9925037481259
1735.02361421825,989.311459110117,14.9925037481259
1774.79492915735,86.9997514292816,14.9925037481259
1844.39473030077,1106.13969674372,14.9925037481259
1864.28038777032,2135.22247079294,14.9925037481259
1874.2232165051,2120.30822769078,14.9925037481259
1933.88018891375,924.683072334079,29.9850074962519
1931.39448173005,1369.62465821526,14.9925037481259
1966.19438230176,29.8284862043251,14.9925037481259
1988.56574695501,1754.9092716878,14.9925037481259
2003.47999005717,894.854586129754,14.9925037481259
2005.96569724086,892.36887894606,14.9925037481259
2048.22271936366,2331.59333830475,14.9925037481259
2090.47974148645,479.741486452896,29.9850074962519
2100.42257022123,1158.33954760129,29.9850074962519
2127.76534924186,934.625901068854,14.9925037481259
2167.53666418096,1093.71116082525,14.9925037481259
2172.50807854835,1086.25403927417,14.9925037481259
2182.45090728312,768.083519761372,14.9925037481259
2187.42232165051,750.683569475516,14.9925037481259
2197.36515038528,797.912005965697,14.9925037481259
2197.36515038528,994.282873477504,14.9925037481259
2207.30797912006,753.16927665921,29.9850074962519
2204.82227193637,782.997762863535,29.9850074962519
2219.73651503853,705.940840169028,14.9925037481259
2232.165050957,377.827491921452,29.9850074962519
2239.62217250808,442.455878697489,14.9925037481259
2242.10787969177,2199.85085756898,14.9925037481259
2244.59358687547,2184.93661446682,14.9925037481259
2249.56500124285,2204.82227193637,29.9850074962519
2254.53641561024,2142.67959234402,14.9925037481259
2261.99353716132,2174.99378573204,14.9925037481259
2264.47924434502,2197.36515038528,29.9850074962519
2271.9363658961,504.598558289833,14.9925037481259
2279.39348744718,1546.10986825752,14.9925037481259
2301.76485210042,1618.19537658464,14.9925037481259
2324.13621675367,1528.70991797166,14.9925037481259
2348.9932885906,1066.36838180462,14.9925037481259
2358.93611732538,1071.33979617201,29.9850074962519
2383.79318916232,929.654486701467,29.9850074962519
2428.5359184688,1620.68108376833,14.9925037481259
2450.90728312205,514.541387024609,29.9850074962519
9.94282873477504,2152.6224210788,29.9850074962519
22.3713646532438,2167.53666418096,44.9775112443778
24.8570718369376,2147.65100671141,44.9775112443778
39.7713149391002,1150.88242605021,44.9775112443778
64.6283867760378,1016.65423813075,29.9850074962519
96.9425801640567,380.313199105145,44.9775112443778
101.913994531444,313.199105145414,29.9850074962519
218.742232165051,1312.45339299031,44.9775112443778
233.656475267214,1648.02386278896,44.9775112443778
265.970668655232,713.397961720109,44.9775112443778
318.170519512801,121.799652000994,29.9850074962519
333.084762614964,2314.19338801889,29.9850074962519
350.48471290082,1961.22296793438,44.9775112443778
380.313199105145,2284.36490181457,44.9775112443778
432.513049962714,2393.73601789709,59.9700149925037
444.941585881183,280.884911757395,29.9850074962519
452.398707432264,700.969425801641,44.9775112443778
457.370121799652,422.570221227939,29.9850074962519
462.34153616704,290.82774049217,44.9775112443778
467.312950534427,1098.68257519264,59.9700149925037
482.22719363659,283.370618941089,29.9850074962519
484.712900820283,1101.16828237634,44.9775112443778
526.969922943077,2306.73626646781,29.9850074962519
529.455630126771,151.628138205319,44.9775112443778
541.88416604524,802.883420333085,44.9775112443778
561.76982351479,2393.73601789709,44.9775112443778
579.169773800646,164.056674123788,29.9850074962519
584.141188168034,188.913745960726,44.9775112443778
594.084016902809,169.028088491176,44.9775112443778
599.055431270196,1933.88018891375,44.9775112443778
608.998260004971,191.39945314442,59.9700149925037
621.42679592344,178.970917225951,29.9850074962519
626.398210290828,173.999502858563,29.9850074962519
641.31245339299,795.426298782004,44.9775112443778
641.31245339299,1411.88168033806,44.9775112443778
666.169525229928,119.313944817301,29.9850074962519
681.08376833209,1506.33855331842,29.9850074962519
720.855083271191,1128.51106139697,44.9775112443778
770.569226945066,84.5140442455879,44.9775112443778
785.483470047228,1093.71116082525,29.9850074962519
792.94059159831,835.197613721104,44.9775112443778
822.769077802635,584.141188168034,44.9775112443778
825.254784986329,750.683569475516,29.9850074962519
837.683320904797,556.798409147402,44.9775112443778
845.140442455879,1941.33731046483,44.9775112443778
919.711657966692,313.199105145414,29.9850074962519
976.882923191648,211.28511061397,44.9775112443778
1188.16803380562,472.284364901815,29.9850074962519
1262.73924931643,872.48322147651,44.9775112443778
1275.1677852349,2473.27864777529,29.9850074962519
1302.51056425553,101.913994531444,44.9775112443778
1304.99627143922,1257.76783494904,44.9775112443778
1359.68182948049,2092.96544867015,59.9700149925037
1382.05319413373,82.0283370618941,44.9775112443778
1391.99602286851,604.026845637584,44.9775112443778
1401.93885160328,385.284613472533,29.9850074962519
1454.13870246085,2078.05120556798,29.9850074962519
1459.11011682824,1354.7104151131,44.9775112443778
1476.51006711409,1195.6251553567,44.9775112443778
1498.88143176734,1961.22296793438,44.9775112443778
1558.53840417599,328.113348247576,44.9775112443778
1553.5669898086,681.08376833209,29.9850074962519
1590.85259756401,810.340541884166,44.9775112443778
1605.76684066617,1568.48123291076,29.9850074962519
1662.93810589113,1807.10912254536,44.9775112443778
1687.79517772806,1583.39547601293,44.9775112443778
1735.02361421825,2411.13596818295,29.9850074962519
1735.02361421825,2418.59308973403,29.9850074962519
1769.82351478996,695.998011434253,29.9850074962519
1802.13770817798,1160.82525478499,44.9775112443778
1851.85185185185,1111.11111111111,29.9850074962519
1931.39448173005,703.455132985334,44.9775112443778
1933.88018891375,484.712900820283,44.9775112443778
1943.82301764852,1377.08177976634,29.9850074962519
1953.7658463833,2358.93611732538,44.9775112443778
1973.65150385285,34.7999005717127,29.9850074962519
1998.50857568978,1759.88068605518,29.9850074962519
2013.42281879195,897.340293313448,29.9850074962519
2020.87994034303,487.198608003977,44.9775112443778
2058.16554809843,2336.56475267214,29.9850074962519
2078.05120556798,166.542381307482,59.9700149925037
2087.99403430276,497.141436738752,44.9775112443778
2174.99378573204,1093.71116082525,29.9850074962519
2189.9080288342,773.05493412876,29.9850074962519
2204.82227193637,999.254287844892,29.9850074962519
2212.27939348745,765.597812577678,29.9850074962519
2214.76510067114,785.483470047228,29.9850074962519
2227.19363658961,708.426547352722,29.9850074962519
2232.165050957,2107.87969177231,29.9850074962519
2244.59358687547,956.997265722098,44.9775112443778
2247.07929405916,447.427293064877,29.9850074962519
2254.53641561024,2187.42232165051,29.9850074962519
2259.50782997763,2212.27939348745,29.9850074962519
2264.47924434502,2150.1367138951,29.9850074962519
2276.90778026349,2184.93661446682,29.9850074962519
2284.36490181457,504.598558289833,29.9850074962519
2291.82202336565,1548.59557544121,29.9850074962519
2299.27914491673,805.369127516779,59.9700149925037
2314.19338801889,1623.16679095203,29.9850074962519
2334.07904548844,1536.16703952274,29.9850074962519
2388.7646035297,1357.19612229679,44.9775112443778
2440.96445438727,1628.13820531941,29.9850074962519
2460.85011185682,1725.08078548347,44.9775112443778
2465.82152622421,691.026597066866,59.9700149925037
2468.3072334079,546.855580412627,74.9625187406297
2463.33581904052,539.398458861546,29.9850074962519
39.7713149391002,989.311459110117,59.9700149925037
39.7713149391002,1784.73775789212,59.9700149925037
136.713895103157,1516.28138205319,59.9700149925037
173.999502858563,1727.56649266716,59.9700149925037
208.799403430276,2125.27964205817,59.9700149925037
211.28511061397,591.598309719115,44.9775112443778
211.28511061397,586.626895351728,44.9775112443778
213.770817797663,2137.70817797663,59.9700149925037
223.713646532438,2120.30822769078,59.9700149925037
236.142182450907,1312.45339299031,59.9700149925037
268.456375838926,193.885160328113,59.9700149925037
280.884911757395,2202.33656475267,74.9625187406297
305.741983594333,1774.79492915735,59.9700149925037
412.627392493164,238.627889634601,74.9625187406297
474.770072085508,278.399204573701,44.9775112443778
596.569724086503,1240.36788466319,59.9700149925037
606.512552821278,178.970917225951,44.9775112443778
621.42679592344,186.428038777032,44.9775112443778
628.883917474521,166.542381307482,44.9775112443778
646.283867760378,1426.79592344022,59.9700149925037
661.19811086254,265.970668655232,59.9700149925037
763.112105393985,1652.99527715635,59.9700149925037
780.512055679841,1439.22445935869,59.9700149925037
787.969177230922,840.169028088491,44.9775112443778
810.340541884166,827.740492170022,59.9700149925037
852.59756400696,1928.90877454636,59.9700149925037
872.48322147651,44.7427293064877,59.9700149925037
907.283122048223,318.170519512801,59.9700149925037
934.625901068854,400.198856574696,59.9700149925037
937.111608252548,952.02585135471,59.9700149925037
1014.16853094705,402.684563758389,59.9700149925037
1073.8255033557,2179.96520009943,74.9625187406297
1220.48222719364,39.7713149391002,59.9700149925037
1287.59632115337,1339.79617201094,44.9775112443778
1292.56773552076,1344.76758637832,44.9775112443778
1317.42480735769,2132.73676360925,59.9700149925037
1324.88192890877,173.999502858563,59.9700149925037
1339.79617201094,2110.365398956,44.9775112443778
1394.4817300522,121.799652000994,59.9700149925037
1416.85309470544,889.883171762366,59.9700149925037
1501.36713895103,1215.51081282625,59.9700149925037
1573.45264727815,745.712155108128,59.9700149925037
1580.90976882923,1155.8538404176,59.9700149925037
1695.25229927915,1158.33954760129,59.9700149925037
1700.22371364653,1203.08227690778,59.9700149925037
2038.27989062888,2038.27989062888,74.9625187406297
2187.42232165051,815.311956251554,59.9700149925037
2458.36440467313,673.626646781009,59.9700149925037
2480.73576932637,676.112353964703,59.9700149925037
14.9142431021626,1175.73949788715,74.9625187406297
29.8284862043251,1009.19711657967,74.9625187406297
124.285359184688,1789.70917225951,59.9700149925037
183.942331593338,1799.65200099428,59.9700149925037
196.370867511807,1066.36838180462,74.9625187406297
260.999254287845,1533.68133233905,74.9625187406297
270.94208302262,1446.68158090977,74.9625187406297
298.284862043251,2192.3937360179,74.9625187406297
315.684812329108,2289.33631618195,59.9700149925037
502.11285110614,2326.62192393736,59.9700149925037
507.084265473527,2314.19338801889,74.9625187406297
509.569972657221,1349.73900074571,89.9550224887556
519.512801391996,318.170519512801,74.9625187406297
531.941337310465,298.284862043251,74.9625187406297
529.455630126771,320.656226696495,59.9700149925037
546.855580412627,313.199105145414,74.9625187406297
546.855580412627,295.799154859558,74.9625187406297
584.141188168034,1220.48222719364,74.9625187406297
618.941088739746,169.028088491176,59.9700149925037
703.455132985334,862.540392741735,59.9700149925037
705.940840169028,315.684812329108,74.9625187406297
710.912254536416,956.997265722098,89.9550224887556
800.397713149391,2155.10812826249,89.9550224887556
830.226199353716,2145.16529952772,74.9625187406297
837.683320904797,124.285359184688,89.9550224887556
842.654735272185,519.512801391996,59.9700149925037
924.683072334079,283.370618941089,89.9550224887556
947.054436987323,275.913497390007,59.9700149925037
949.540144171017,298.284862043251,74.9625187406297
1081.28262490679,534.427044494159,74.9625187406297
1175.73949788715,591.598309719115,74.9625187406297
1200.59656972409,37.2856077554064,59.9700149925037
1235.3964702958,34.7999005717127,59.9700149925037
1237.88217747949,415.113099676858,74.9625187406297
1280.13919960229,2048.22271936366,59.9700149925037
1319.91051454139,447.427293064877,74.9625187406297
1379.56748695004,352.970420084514,74.9625187406297
1446.68158090977,1933.88018891375,59.9700149925037
1618.19537658464,246.085011185682,74.9625187406297
1685.30947054437,1938.85160328113,59.9700149925037
1690.28088491176,121.799652000994,74.9625187406297
1859.30897340293,2438.47874720358,74.9625187406297
1881.68033805618,1056.42555306985,59.9700149925037
2073.0797912006,1899.08028834203,74.9625187406297
2165.05095699727,2050.70842654735,74.9625187406297
2197.36515038528,1963.70867511807,74.9625187406297
2264.47924434502,2197.36515038528,59.9700149925037
57.1712652249565,996.768580661198,89.9550224887556
69.5998011434253,1958.73726075068,104.947526236882
111.856823266219,268.456375838926,89.9550224887556
171.513795674869,792.94059159831,89.9550224887556
188.913745960726,782.997762863535,89.9550224887556
188.913745960726,1048.96843151877,89.9550224887556
188.913745960726,837.683320904797,89.9550224887556
260.999254287845,1469.05294556301,74.9625187406297
285.856326124783,2182.45090728312,74.9625187406297
343.027591349739,1478.99577429779,89.9550224887556
352.970420084514,1454.13870246085,89.9550224887556
365.398956002983,1722.59507829978,89.9550224887556
427.541635595327,412.627392493164,89.9550224887556
427.541635595327,1727.56649266716,89.9550224887556
437.484464330102,390.25602783992,89.9550224887556
444.941585881183,405.170270942083,89.9550224887556
447.427293064877,377.827491921452,89.9550224887556
723.340790454884,1568.48123291076,89.9550224887556
723.340790454884,981.854337559036,89.9550224887556
730.797912005966,32.3141933880189,89.9550224887556
807.854834700472,2145.16529952772,74.9625187406297
894.854586129754,1349.73900074571,89.9550224887556
922.197365150385,1240.36788466319,89.9550224887556
981.854337559036,1324.88192890877,119.940029985007
989.311459110117,1053.93984588615,74.9625187406297
1004.22570221228,1319.91051454139,89.9550224887556
1031.56848123291,2102.90827740492,89.9550224887556
1039.02560278399,1178.22520507084,89.9550224887556
1081.28262490679,2229.6793437733,89.9550224887556
1096.19686800895,1016.65423813075,74.9625187406297
1098.68257519264,1804.62341536167,89.9550224887556
1103.65398956003,1150.88242605021,89.9550224887556
1222.96793437733,417.598806860552,74.9625187406297
1329.85334327616,1558.53840417599,74.9625187406297
1334.82475764355,2294.30773054934,89.9550224887556
1533.68133233905,1379.56748695004,89.9550224887556
1613.22396221725,2247.07929405916,104.947526236882
1628.13820531941,442.455878697489,74.9625187406297
1732.53790703455,628.883917474521,74.9625187406297
1735.02361421825,559.284116331096,89.9550224887556
1764.85210042257,141.685309470544,89.9550224887556
1909.02311707681,12.4285359184688,74.9625187406297
1958.73726075068,1262.73924931643,89.9550224887556
2015.90852597564,278.399204573701,89.9550224887556
2073.0797912006,181.456624409645,89.9550224887556
2269.4506587124,1565.99552572707,89.9550224887556
2339.05045985583,1039.02560278399,104.947526236882
2371.36465324385,601.54113845389,89.9550224887556
29.8284862043251,2055.67984091474,104.947526236882
96.9425801640567,2048.22271936366,104.947526236882
144.171016654238,1513.7956748695,89.9550224887556
303.256276410639,748.197862291822,104.947526236882
308.227690778026,770.569226945066,119.940029985007
318.170519512801,753.16927665921,89.9550224887556
323.141933880189,720.855083271191,104.947526236882
425.055928411633,397.713149391002,104.947526236882
457.370121799652,405.170270942083,104.947526236882
459.855828983346,1272.68207805121,104.947526236882
686.055182699478,1001.73999502859,104.947526236882
708.426547352722,2358.93611732538,104.947526236882
720.855083271191,2371.36465324385,104.947526236882
795.426298782004,2000.99428287348,104.947526236882
822.769077802635,1203.08227690778,104.947526236882
934.625901068854,303.256276410639,104.947526236882
1118.56823266219,1143.42530449913,104.947526236882
1168.28237633607,452.398707432264,104.947526236882
1168.28237633607,1213.02510564256,104.947526236882
1595.82401193139,2102.90827740492,104.947526236882
1814.56624409645,2097.93686303753,104.947526236882
1841.90902311708,2209.79368630375,104.947526236882
1913.9945314442,1981.10862540393,104.947526236882
1986.08003977131,1396.96743723589,104.947526236882
1993.5371613224,1822.02336564753,119.940029985007
2060.65125528213,860.054685558041,104.947526236882
2060.65125528213,1722.59507829978,104.947526236882
2097.93686303753,785.483470047228,119.940029985007
2135.22247079294,1138.45389013174,104.947526236882
2257.02212279394,502.11285110614,119.940029985007
2306.73626646781,874.968928660204,104.947526236882
2321.65050956997,1938.85160328113,119.940029985007
2339.05045985583,902.311707680835,104.947526236882
2346.50758140691,1799.65200099428,104.947526236882
106.885408898832,780.512055679841,119.940029985007
116.828237633607,768.083519761372,119.940029985007
164.056674123788,1817.05195128014,119.940029985007
193.885160328113,1794.6805866269,119.940029985007
280.884911757395,735.769326373353,119.940029985007
285.856326124783,2105.39398458862,119.940029985007
305.741983594333,728.312204822272,104.947526236882
305.741983594333,2182.45090728312,119.940029985007
320.656226696495,750.683569475516,119.940029985007
325.627641063883,735.769326373353,119.940029985007
340.541884166045,758.140691026597,119.940029985007
444.941585881183,1285.11061396967,104.947526236882
487.198608003977,439.970171513796,119.940029985007
507.084265473527,601.54113845389,119.940029985007
514.541387024609,616.455381556053,119.940029985007
561.76982351479,976.882923191648,119.940029985007
589.112602535421,733.283619189659,119.940029985007
842.654735272185,596.569724086503,119.940029985007
949.540144171017,2473.27864777529,119.940029985007
969.425801640567,333.084762614964,119.940029985007
1041.51130996769,703.455132985334,119.940029985007
1041.51130996769,2418.59308973403,119.940029985007
1175.73949788715,1543.62416107383,119.940029985007
1203.08227690778,2344.02187422322,119.940029985007
1215.51081282625,1891.62316679095,119.940029985007
1255.28212776535,191.39945314442,104.947526236882
1272.68207805121,452.398707432264,119.940029985007
1295.05344270445,188.913745960726,119.940029985007
1319.91051454139,241.113596818295,104.947526236882
1702.70942083023,1014.16853094705,134.932533733133
1717.62366393239,315.684812329108,119.940029985007
1727.56649266716,420.084514044246,119.940029985007
1762.36639323888,1051.45413870246,119.940029985007
2003.47999005717,1160.82525478499,119.940029985007
2070.5940840169,1446.68158090977,104.947526236882
2073.0797912006,1963.70867511807,104.947526236882
2157.59383544618,1595.82401193139,104.947526236882
2189.9080288342,1608.25254784986,119.940029985007
2224.70792940592,1702.70942083023,119.940029985007
2304.25055928412,785.483470047228,119.940029985007
2311.7076808352,1039.02560278399,104.947526236882
2316.67909520259,559.284116331096,119.940029985007
2480.73576932637,1710.16654238131,119.940029985007
144.171016654238,367.884663186677,134.932533733133
144.171016654238,1901.56599552573,134.932533733133
159.085259756401,1904.05170270942,149.925037481259
206.313696246582,1076.3112105394,119.940029985007
280.884911757395,956.997265722098,134.932533733133
300.770569226945,2112.8511061397,119.940029985007
387.770320656227,1784.73775789212,134.932533733133
434.998757146408,1086.25403927417,119.940029985007
487.198608003977,1138.45389013174,119.940029985007
497.141436738752,489.684315187671,134.932533733133
576.684066616953,691.026597066866,134.932533733133
698.483718617947,606.512552821278,134.932533733133
805.369127516779,760.626398210291,149.925037481259
817.797663435247,745.712155108128,134.932533733133
874.968928660204,782.997762863535,134.932533733133
877.454635843898,1225.45364156102,149.925037481259
892.36887894606,1222.96793437733,134.932533733133
894.854586129754,554.312701963709,134.932533733133
907.283122048223,1213.02510564256,149.925037481259
989.311459110117,1195.6251553567,149.925037481259
994.282873477504,1354.7104151131,134.932533733133
994.282873477504,2398.70743226448,134.932533733133
994.282873477504,1344.76758637832,119.940029985007
1041.51130996769,1170.76808351976,119.940029985007
1061.39696743724,2423.56450410142,134.932533733133
1163.31096196868,1565.99552572707,134.932533733133
1277.65349241859,1655.48098434004,134.932533733133
1290.08202833706,1938.85160328113,134.932533733133
1317.42480735769,1772.30922197365,134.932533733133
1367.13895103157,877.454635843898,134.932533733133
1421.82450907283,1446.68158090977,134.932533733133
1421.82450907283,1767.33780760626,134.932533733133
1501.36713895103,1387.02460850112,149.925037481259
1551.08128262491,2266.96495152871,134.932533733133
1717.62366393239,1024.11135968183,119.940029985007
1752.4235645041,2344.02187422322,134.932533733133
1802.13770817798,298.284862043251,134.932533733133
1936.36589609744,743.226447924435,134.932533733133
1971.16579666915,792.94059159831,134.932533733133
1988.56574695501,136.713895103157,134.932533733133
2115.33681332339,1849.36614466816,149.925037481259
2150.1367138951,1595.82401193139,119.940029985007
2194.87944320159,325.627641063883,119.940029985007
2219.73651503853,1991.0514541387,134.932533733133
2304.25055928412,1295.05344270445,134.932533733133
34.7999005717127,482.22719363659,149.925037481259
141.685309470544,385.284613472533,134.932533733133
236.142182450907,892.36887894606,149.925037481259
246.085011185682,1193.13944817301,134.932533733133
278.399204573701,678.598061148397,134.932533733133
360.427541635595,1620.68108376833,149.925037481259
541.88416604524,106.885408898832,134.932533733133
561.76982351479,668.655232413622,164.917541229385
613.969674372359,248.570718369376,149.925037481259
641.31245339299,251.05642555307,149.925037481259
663.683818046234,2107.87969177231,149.925037481259
733.283619189659,509.569972657221,149.925037481259
780.512055679841,760.626398210291,134.932533733133
802.883420333085,780.512055679841,149.925037481259
944.568729803629,280.884911757395,149.925037481259
971.911508824261,1183.19661943823,164.917541229385
991.797166293811,1178.22520507084,149.925037481259
1004.22570221228,1337.31046482724,149.925037481259
1014.16853094705,1319.91051454139,149.925037481259
1071.33979617201,1441.71016654238,134.932533733133
1111.11111111111,2426.05021128511,149.925037481259
1133.48247576436,549.341287596321,149.925037481259
1222.96793437733,810.340541884166,149.925037481259
1282.62490678598,355.456127268208,149.925037481259
1372.11036539896,2060.65125528213,149.925037481259
1493.91001739995,318.170519512801,149.925037481259
1508.82426050211,330.59905543127,164.917541229385
1670.39522744221,1976.13721103654,134.932533733133
1677.85234899329,2363.90753169277,149.925037481259
1757.39497887149,2423.56450410142,149.925037481259
1829.48048719861,927.168779517773,149.925037481259
1916.48023862789,504.598558289833,134.932533733133
2000.99428287348,1103.65398956003,149.925037481259
2010.93711160825,1118.56823266219,134.932533733133
2087.99403430276,534.427044494159,149.925037481259
2105.39398458862,1869.25180213771,149.925037481259
2222.22222222222,1011.68282376336,149.925037481259
2247.07929405916,2137.70817797663,149.925037481259
2346.50758140691,1956.25155356699,149.925037481259
2366.39323887646,1230.42505592841,149.925037481259
2478.25006214268,1772.30922197365,134.932533733133
213.770817797663,1024.11135968183,164.917541229385
400.198856574696,203.827989062888,164.917541229385
559.284116331096,2177.47949291573,164.917541229385
611.483967188665,1650.50956997266,164.917541229385
618.941088739746,223.713646532438,164.917541229385
695.998011434253,2423.56450410142,164.917541229385
708.426547352722,320.656226696495,164.917541229385
768.083519761372,2087.99403430276,164.917541229385
867.511807109123,1133.48247576436,164.917541229385
874.968928660204,2202.33656475267,149.925037481259
991.797166293811,1309.96768580661,149.925037481259
1135.96818294805,2386.27889634601,164.917541229385
1213.02510564256,1334.82475764355,179.910044977511
1317.42480735769,439.970171513796,149.925037481259
1389.51031568481,2115.33681332339,149.925037481259
1446.68158090977,340.541884166045,164.917541229385
1486.45289584887,420.084514044246,149.925037481259
1543.62416107383,1839.42331593338,164.917541229385
1583.39547601293,728.312204822272,179.910044977511
1844.39473030077,1710.16654238131,149.925037481259
1978.62291822023,1078.79691772309,164.917541229385
2010.93711160825,919.711657966692,164.917541229385
2030.8227690778,782.997762863535,164.917541229385
2068.10837683321,519.512801391996,164.917541229385
2080.53691275168,1140.93959731544,164.917541229385
2348.9932885906,1304.99627143922,179.910044977511
7.45712155108128,964.454387273179,164.917541229385
67.1140939597315,1168.28237633607,194.902548725637
86.9997514292816,1789.70917225951,179.910044977511
308.227690778026,1976.13721103654,179.910044977511
407.655978125777,782.997762863535,179.910044977511
467.312950534427,1342.28187919463,179.910044977511
507.084265473527,2177.47949291573,194.902548725637
544.369873228934,101.913994531444,164.917541229385
564.255530698484,1978.62291822023,164.917541229385
606.512552821278,233.656475267214,164.917541229385
621.42679592344,1633.1096196868,179.910044977511
628.883917474521,2460.85011185682,179.910044977511
678.598061148397,1794.6805866269,179.910044977511
748.197862291822,417.598806860552,179.910044977511
770.569226945066,434.998757146408,194.902548725637
815.311956251554,725.826497638578,179.910044977511
872.48322147651,2222.22222222222,194.902548725637
922.197365150385,1516.28138205319,179.910044977511
934.625901068854,1163.31096196868,179.910044977511
956.997265722098,1454.13870246085,179.910044977511
976.882923191648,728.312204822272,194.902548725637
976.882923191648,1971.16579666915,179.910044977511
999.254287844892,2475.76435495899,179.910044977511
1034.0541884166,725.826497638578,179.910044977511
1066.36838180462,1732.53790703455,179.910044977511
1083.76833209048,676.112353964703,179.910044977511
1178.22520507084,2396.22172508079,179.910044977511
1232.91076311211,1583.39547601293,179.910044977511
1337.31046482724,1424.31021625653,164.917541229385
1384.53890131742,1469.05294556301,179.910044977511
1424.31021625653,34.7999005717127,164.917541229385
1424.31021625653,54.6855580412627,179.910044977511
1439.22445935869,661.19811086254,164.917541229385
1441.71016654238,44.7427293064877,164.917541229385
1565.99552572707,2284.36490181457,194.902548725637
1615.70966940094,318.170519512801,179.910044977511
1618.19537658464,2132.73676360925,179.910044977511
1640.56674123788,1851.85185185185,179.910044977511
1657.96669152374,1575.93835446184,164.917541229385
1675.36664180959,474.770072085508,179.910044977511
1710.16654238131,2393.73601789709,179.910044977511
1705.19512801392,2403.67884663187,194.902548725637
1754.9092716878,278.399204573701,179.910044977511
1772.30922197365,800.397713149391,194.902548725637
1787.22346507581,2242.10787969177,179.910044977511
1789.70917225951,365.398956002983,179.910044977511
1913.9945314442,932.14019388516,179.910044977511
1921.45165299528,730.797912005966,179.910044977511
1971.16579666915,606.512552821278,179.910044977511
2003.47999005717,256.027839920457,179.910044977511
2020.87994034303,265.970668655232,179.910044977511
2083.02261993537,1799.65200099428,179.910044977511
2125.27964205817,330.59905543127,179.910044977511
2199.85085756898,623.912503107134,179.910044977511
2378.82177479493,877.454635843898,179.910044977511
2450.90728312205,1108.62540392742,164.917541229385
134.228187919463,879.940343027591,194.902548725637
154.113845389013,1968.68008948546,194.902548725637
295.799154859558,1660.45239870743,194.902548725637
380.313199105145,2291.82202336565,194.902548725637
512.055679840915,121.799652000994,179.910044977511
514.541387024609,1906.53740989311,194.902548725637
564.255530698484,1879.19463087248,194.902548725637
569.226945065871,611.483967188665,194.902548725637
571.712652249565,626.398210290828,194.902548725637
581.65548098434,1031.56848123291,209.895052473763
633.855331841909,338.056176982351,194.902548725637
636.341039025603,989.311459110117,194.902548725637
646.283867760378,323.141933880189,194.902548725637
740.740740740741,927.168779517773,194.902548725637
743.226447924435,952.02585135471,194.902548725637
832.71190653741,882.426050211285,194.902548725637
857.568978374347,872.48322147651,194.902548725637
912.25453641561,713.397961720109,179.910044977511
914.740243599304,1063.88267462093,194.902548725637
954.511558538404,1158.33954760129,194.902548725637
989.311459110117,1319.91051454139,179.910044977511
1019.13994531444,2314.19338801889,194.902548725637
1071.33979617201,430.027342779021,194.902548725637
1088.73974645787,430.027342779021,209.895052473763
1098.68257519264,1240.36788466319,209.895052473763
1123.53964702958,785.483470047228,194.902548725637
1138.45389013174,2227.19363658961,194.902548725637
1295.05344270445,218.742232165051,194.902548725637
1317.42480735769,437.484464330102,179.910044977511
1322.39622172508,1252.79642058166,194.902548725637
1329.85334327616,1585.88118319662,209.895052473763
1431.76733780761,2426.05021128511,179.910044977511
1491.42431021626,226.199353716132,194.902548725637
1523.73850360428,643.798160576684,194.902548725637
1575.93835446184,2465.82152622421,179.910044977511
1595.82401193139,385.284613472533,194.902548725637
1670.39522744221,1593.3383047477,194.902548725637
1744.96644295302,2403.67884663187,194.902548725637
1787.22346507581,258.513547104151,194.902548725637
1802.13770817798,1439.22445935869,209.895052473763
1807.10912254536,879.940343027591,194.902548725637
1983.59433258762,2092.96544867015,209.895052473763
2040.76559781258,1588.36689038031,194.902548725637
2112.8511061397,1546.10986825752,194.902548725637
2127.76534924186,355.456127268208,194.902548725637
2194.87944320159,750.683569475516,194.902548725637
2468.3072334079,1270.19637086751,209.895052473763
221.227939348745,1933.88018891375,209.895052473763
263.484961471539,1864.28038777032,209.895052473763
283.370618941089,822.769077802635,209.895052473763
377.827491921452,857.568978374347,209.895052473763
492.170022371365,2157.59383544618,194.902548725637
850.111856823266,442.455878697489,194.902548725637
882.426050211285,832.71190653741,209.895052473763
1001.73999502859,2152.6224210788,224.887556221889
1048.96843151877,544.369873228934,224.887556221889
1076.3112105394,444.941585881183,209.895052473763
1173.25379070346,37.2856077554064,209.895052473763
1270.19637086751,2368.87894606015,209.895052473763
1327.36763609247,676.112353964703,209.895052473763
1382.05319413373,1687.79517772806,194.902548725637
1399.45314441959,2433.50733283619,209.895052473763
1426.79592344022,740.740740740741,194.902548725637
1434.2530449913,2174.99378573204,209.895052473763
1665.42381307482,579.169773800646,209.895052473763
1667.90952025851,1227.93934874472,209.895052473763
1680.33805617698,554.312701963709,209.895052473763
1911.5088242605,1476.51006711409,209.895052473763
1943.82301764852,2167.53666418096,209.895052473763
1976.13721103654,1260.25354213274,224.887556221889
1983.59433258762,1362.16753666418,194.902548725637
1986.08003977131,1367.13895103157,194.902548725637
1988.56574695501,1364.65324384787,194.902548725637
2252.05070842655,1623.16679095203,209.895052473763
176.485210042257,1466.56723837932,224.887556221889
251.05642555307,1441.71016654238,224.887556221889
290.82774049217,1913.9945314442,239.880059970015
313.199105145414,1913.9945314442,239.880059970015
333.084762614964,1941.33731046483,224.887556221889
432.513049962714,1615.70966940094,224.887556221889
464.827243350733,1379.56748695004,224.887556221889
467.312950534427,2247.07929405916,224.887556221889
494.655729555058,882.426050211285,224.887556221889
502.11285110614,420.084514044246,224.887556221889
551.826994780015,454.884414615958,224.887556221889
608.998260004971,1958.73726075068,224.887556221889
621.42679592344,797.912005965697,209.895052473763
631.369624658215,1004.22570221228,224.887556221889
705.940840169028,1894.10887397465,224.887556221889
820.283370618941,1217.99652000994,239.880059970015
924.683072334079,293.313447675864,209.895052473763
996.768580661198,305.741983594333,224.887556221889
1041.51130996769,325.627641063883,224.887556221889
1150.88242605021,1876.70892368879,224.887556221889
1215.51081282625,1150.88242605021,224.887556221889
1292.56773552076,1861.79468058663,239.880059970015
1304.99627143922,1844.39473030077,224.887556221889
1416.85309470544,1170.76808351976,224.887556221889
1464.08153119563,2209.79368630375,239.880059970015
1469.05294556301,390.25602783992,224.887556221889
1563.50981854338,2174.99378573204,224.887556221889
1580.90976882923,2162.56524981357,224.887556221889
1650.50956997266,2083.02261993537,239.880059970015
1657.96669152374,561.76982351479,224.887556221889
1665.42381307482,658.712403678847,224.887556221889
1685.30947054437,571.712652249565,224.887556221889
1707.68083519761,735.769326373353,224.887556221889
1757.39497887149,1441.71016654238,209.895052473763
1822.02336564753,218.742232165051,209.895052473763
1864.28038777032,1600.79542629878,209.895052473763
1874.2232165051,1143.42530449913,224.887556221889
1913.9945314442,2122.79393487447,239.880059970015
1918.96594581158,1429.28163062391,224.887556221889
1921.45165299528,2107.87969177231,224.887556221889
1988.56574695501,1359.68182948049,224.887556221889
2063.13696246582,1921.45165299528,239.880059970015
2085.50832711907,628.883917474521,224.887556221889
2092.96544867015,1103.65398956003,224.887556221889
2135.22247079294,1409.39597315436,224.887556221889
2137.70817797663,855.083271190654,224.887556221889
94.4568729803629,1749.93785732041,239.880059970015
149.142431021626,1235.3964702958,239.880059970015
151.628138205319,1252.79642058166,239.880059970015
159.085259756401,1267.71066368382,239.880059970015
310.71339796172,1901.56599552573,224.887556221889
377.827491921452,1541.13845389013,239.880059970015
395.227442207308,1227.93934874472,239.880059970015
415.113099676858,1247.82500621427,239.880059970015
464.827243350733,1354.7104151131,239.880059970015
613.969674372359,2045.73701217997,254.872563718141
628.883917474521,1451.65299527716,239.880059970015
815.311956251554,2284.36490181457,239.880059970015
877.454635843898,1834.451901566,239.880059970015
907.283122048223,2383.79318916232,239.880059970015
934.625901068854,1081.28262490679,254.872563718141
942.083022619935,1846.88043748446,239.880059970015
949.540144171017,2214.76510067114,239.880059970015
971.911508824261,1213.02510564256,239.880059970015
1068.85408898832,2092.96544867015,239.880059970015
1135.96818294805,186.428038777032,239.880059970015
1140.93959731544,1590.85259756401,224.887556221889
1220.48222719364,454.884414615958,224.887556221889
1245.33929903057,671.140939597315,239.880059970015
1257.76783494904,676.112353964703,239.880059970015
1270.19637086751,375.341784737758,239.880059970015
1272.68207805121,961.968680089485,239.880059970015
1287.59632115337,1839.42331593338,224.887556221889
1337.31046482724,2028.33706189411,239.880059970015
1379.56748695004,1558.53840417599,239.880059970015
1382.05319413373,1250.31071339796,239.880059970015
1401.93885160328,1297.53914988814,224.887556221889
1404.42455878698,1034.0541884166,254.872563718141
1481.48148148148,2197.36515038528,239.880059970015
1493.91001739995,1424.31021625653,224.887556221889
1553.5669898086,989.311459110117,239.880059970015
1558.53840417599,1841.90902311708,254.872563718141
1648.02386278896,718.369376087497,239.880059970015
1660.45239870743,1312.45339299031,239.880059970015
1660.45239870743,1826.99478001491,239.880059970015
1667.90952025851,1334.82475764355,239.880059970015
1677.85234899329,1349.73900074571,239.880059970015
1712.652249565,1108.62540392742,239.880059970015
1787.22346507581,780.512055679841,224.887556221889
1841.90902311708,1757.39497887149,239.880059970015
1889.13745960726,1667.90952025851,224.887556221889
1896.59458115834,708.426547352722,239.880059970015
1918.96594581158,554.312701963709,254.872563718141
2274.42207307979,835.197613721104,239.880059970015
372.856077554064,2078.05120556798,269.865067466267
412.627392493164,1275.1677852349,254.872563718141
666.169525229928,2259.50782997763,269.865067466267
663.683818046234,1389.51031568481,254.872563718141
678.598061148397,2242.10787969177,269.865067466267
715.883668903803,922.197365150385,239.880059970015
738.255033557047,785.483470047228,269.865067466267
867.511807109123,1349.73900074571,239.880059970015
942.083022619935,2040.76559781258,239.880059970015
976.882923191648,2040.76559781258,254.872563718141
1006.71140939597,2311.7076808352,254.872563718141
1068.85408898832,2197.36515038528,269.865067466267
1108.62540392742,1829.48048719861,254.872563718141
1193.13944817301,1145.91101168282,269.865067466267
1290.08202833706,899.826000497141,254.872563718141
1394.4817300522,971.911508824261,254.872563718141
1404.42455878698,2239.62217250808,239.880059970015
1459.11011682824,1906.53740989311,254.872563718141
1478.99577429779,1135.96818294805,239.880059970015
1506.33855331842,551.826994780015,269.865067466267
1513.7956748695,1230.42505592841,269.865067466267
1635.59532687049,2152.6224210788,254.872563718141
1657.96669152374,723.340790454884,254.872563718141
1717.62366393239,1123.53964702958,254.872563718141
1772.30922197365,1352.22470792941,269.865067466267
1787.22346507581,671.140939597315,269.865067466267
1817.05195128014,1431.76733780761,269.865067466267
1904.05170270942,1657.96669152374,239.880059970015
1928.90877454636,1344.76758637832,254.872563718141
320.656226696495,1382.05319413373,269.865067466267
467.312950534427,1508.82426050211,254.872563718141
723.340790454884,474.770072085508,269.865067466267
743.226447924435,676.112353964703,269.865067466267
787.969177230922,2090.47974148645,284.857571214393
810.340541884166,1252.79642058166,284.857571214393
892.36887894606,2189.9080288342,284.857571214393
909.768829231916,2202.33656475267,269.865067466267
912.25453641561,2179.96520009943,269.865067466267
966.940094456873,1163.31096196868,269.865067466267
971.911508824261,2155.10812826249,269.865067466267
979.368630375342,1727.56649266716,269.865067466267
996.768580661198,2314.19338801889,269.865067466267
1160.82525478499,186.428038777032,269.865067466267
1352.22470792941,2055.67984091474,269.865067466267
1439.22445935869,2025.85135471042,269.865067466267
1488.93860303256,546.855580412627,269.865067466267
1598.30971911509,815.311956251554,269.865067466267
1670.39522744221,1372.11036539896,254.872563718141
1690.28088491176,1899.08028834203,284.857571214393
1759.88068605518,1431.76733780761,254.872563718141
1767.33780760626,825.254784986329,269.865067466267
1836.93760874969,1635.59532687049,269.865067466267
1886.65175242356,1247.82500621427,269.865067466267
1899.08028834203,1675.36664180959,269.865067466267
1913.9945314442,1889.13745960726,269.865067466267
1926.42306736266,1275.1677852349,269.865067466267
1973.65150385285,430.027342779021,269.865067466267
1986.08003977131,1764.85210042257,269.865067466267
2100.42257022123,725.826497638578,254.872563718141
2142.67959234402,1672.8809346259,269.865067466267
2212.27939348745,1491.42431021626,269.865067466267
283.370618941089,1747.45215013671,284.857571214393
295.799154859558,668.655232413622,269.865067466267
293.313447675864,1851.85185185185,284.857571214393
345.513298533433,949.540144171017,269.865067466267
360.427541635595,939.597315436242,284.857571214393
417.598806860552,1973.65150385285,284.857571214393
504.598558289833,939.597315436242,284.857571214393
623.912503107134,357.941834451902,269.865067466267
643.798160576684,1575.93835446184,284.857571214393
715.883668903803,919.711657966692,284.857571214393
733.283619189659,902.311707680835,284.857571214393
743.226447924435,1429.28163062391,284.857571214393
750.683569475516,1667.90952025851,284.857571214393
1006.71140939597,1881.68033805618,284.857571214393
1048.96843151877,1190.65374098931,284.857571214393
1066.36838180462,1198.11086254039,299.850074962519
1061.39696743724,1170.76808351976,284.857571214393
1081.28262490679,1178.22520507084,284.857571214393
1126.02535421327,1918.96594581158,284.857571214393
1126.02535421327,1516.28138205319,299.850074962519
1232.91076311211,2008.45140442456,299.850074962519
1237.88217747949,2396.22172508079,284.857571214393
1272.68207805121,1814.56624409645,299.850074962519
1337.31046482724,1399.45314441959,284.857571214393
1384.53890131742,1595.82401193139,284.857571214393
1404.42455878698,2237.13646532438,269.865067466267
1491.42431021626,1001.73999502859,284.857571214393
1531.19562515536,874.968928660204,284.857571214393
1553.5669898086,1043.99701715138,299.850074962519
1565.99552572707,904.797414864529,284.857571214393
1565.99552572707,1242.85359184688,284.857571214393
1730.05219985086,1951.2801391996,284.857571214393
1735.02361421825,1884.16604523987,284.857571214393
1988.56574695501,1971.16579666915,284.857571214393
196.370867511807,1717.62366393239,299.850074962519
293.313447675864,1859.30897340293,284.857571214393
318.170519512801,1389.51031568481,299.850074962519
412.627392493164,1280.13919960229,284.857571214393
417.598806860552,673.626646781009,299.850074962519
467.312950534427,1252.79642058166,299.850074962519
482.22719363659,961.968680089485,329.835082458771
728.312204822272,452.398707432264,299.850074962519
937.111608252548,952.02585135471,299.850074962519
996.768580661198,1871.7375093214,299.850074962519
1011.68282376336,1864.28038777032,284.857571214393
1016.65423813075,509.569972657221,299.850074962519
1073.8255033557,979.368630375342,284.857571214393
1081.28262490679,1205.56798409147,299.850074962519
1103.65398956003,2346.50758140691,299.850074962519
1108.62540392742,1834.451901566,284.857571214393
1150.88242605021,845.140442455879,299.850074962519
1165.79666915237,2110.365398956,314.842578710645
1183.19661943823,1217.99652000994,299.850074962519
1203.08227690778,1352.22470792941,299.850074962519
1247.82500621427,1712.652249565,284.857571214393
1337.31046482724,489.684315187671,299.850074962519
1409.39597315436,1073.8255033557,299.850074962519
1424.31021625653,1019.13994531444,299.850074962519
1424.31021625653,1071.33979617201,299.850074962519
1426.79592344022,1053.93984588615,299.850074962519
1441.71016654238,1071.33979617201,299.850074962519
1546.10986825752,860.054685558041,284.857571214393
1595.82401193139,1469.05294556301,299.850074962519
1625.65249813572,1103.65398956003,314.842578710645
1643.05244842158,996.768580661198,284.857571214393
1712.652249565,1106.13969674372,284.857571214393
1759.88068605518,2008.45140442456,299.850074962519
1894.10887397465,608.998260004971,299.850074962519
1901.56599552573,1001.73999502859,284.857571214393
2003.47999005717,589.112602535421,299.850074962519
2043.25130499627,1851.85185185185,299.850074962519
263.484961471539,1150.88242605021,314.842578710645
280.884911757395,1215.51081282625,314.842578710645
347.999005717127,805.369127516779,329.835082458771
370.37037037037,1295.05344270445,314.842578710645
417.598806860552,1163.31096196868,314.842578710645
469.798657718121,2000.99428287348,314.842578710645
497.141436738752,954.511558538404,314.842578710645
554.312701963709,1396.96743723589,314.842578710645
569.226945065871,1926.42306736266,314.842578710645
574.198359433259,1899.08028834203,314.842578710645
586.626895351728,947.054436987323,314.842578710645
646.283867760378,1150.88242605021,314.842578710645
648.769574944072,1165.79666915237,314.842578710645
663.683818046234,1173.25379070346,314.842578710645
723.340790454884,1744.96644295302,314.842578710645
785.483470047228,1966.19438230176,329.835082458771
802.883420333085,1971.16579666915,314.842578710645
912.25453641561,2055.67984091474,329.835082458771
1011.68282376336,494.655729555058,314.842578710645
1061.39696743724,2259.50782997763,329.835082458771
1071.33979617201,1707.68083519761,314.842578710645
1073.8255033557,1220.48222719364,299.850074962519
1145.91101168282,2105.39398458862,314.842578710645
1252.79642058166,1078.79691772309,299.850074962519
1272.68207805121,1071.33979617201,314.842578710645
1307.48197862292,246.085011185682,314.842578710645
1389.51031568481,318.170519512801,299.850074962519
1469.05294556301,415.113099676858,314.842578710645
1613.22396221725,1864.28038777032,314.842578710645
1759.88068605518,1431.76733780761,299.850074962519
2045.73701217997,730.797912005966,314.842578710645
2212.27939348745,1459.11011682824,314.842578710645
333.084762614964,807.854834700472,329.835082458771
482.22719363659,1628.13820531941,344.827586206897
519.512801391996,1966.19438230176,314.842578710645
594.084016902809,1913.9945314442,329.835082458771
693.512304250559,1319.91051454139,344.827586206897
715.883668903803,1762.36639323888,314.842578710645
728.312204822272,1690.28088491176,329.835082458771
800.397713149391,1983.59433258762,329.835082458771
835.197613721104,2117.82252050708,329.835082458771
842.654735272185,1593.3383047477,329.835082458771
860.054685558041,1725.08078548347,329.835082458771
907.283122048223,2095.45115585384,329.835082458771
1076.3112105394,2271.9363658961,329.835082458771
1255.28212776535,241.113596818295,329.835082458771
1270.19637086751,2212.27939348745,329.835082458771
1297.53914988814,2055.67984091474,329.835082458771
1319.91051454139,723.340790454884,314.842578710645
1501.36713895103,944.568729803629,329.835082458771
1503.85284613473,966.940094456873,329.835082458771
1523.73850360428,2048.22271936366,314.842578710645
1546.10986825752,581.65548098434,314.842578710645
1660.45239870743,1951.2801391996,329.835082458771
1675.36664180959,1533.68133233905,329.835082458771
2132.73676360925,1332.33905045986,329.835082458771
285.856326124783,914.740243599304,329.835082458771
405.170270942083,1200.59656972409,359.820089955023
526.969922943077,1036.5398956003,359.820089955023
576.684066616953,1911.5088242605,329.835082458771
666.169525229928,1317.42480735769,344.827586206897
678.598061148397,1332.33905045986,329.835082458771
693.512304250559,1332.33905045986,344.827586206897
745.712155108128,984.340044742729,344.827586206897
912.25453641561,2182.45090728312,329.835082458771
1041.51130996769,1011.68282376336,359.820089955023
1058.91126025354,1918.96594581158,344.827586206897
1068.85408898832,981.854337559036,329.835082458771
1111.11111111111,1382.05319413373,344.827586206897
1143.42530449913,509.569972657221,344.827586206897
1220.48222719364,1347.25329356202,344.827586206897
1232.91076311211,2174.99378573204,344.827586206897
1257.76783494904,1076.3112105394,329.835082458771
1267.71066368382,2234.65075814069,344.827586206897
1267.71066368382,989.311459110117,329.835082458771
1272.68207805121,246.085011185682,344.827586206897
1277.65349241859,2217.25080785483,359.820089955023
1290.08202833706,2214.76510067114,329.835082458771
1309.96768580661,2222.22222222222,344.827586206897
1309.96768580661,1670.39522744221,359.820089955023
1322.39622172508,2010.93711160825,374.812593703148
1344.76758637832,487.198608003977,329.835082458771
1384.53890131742,1568.48123291076,329.835082458771
1394.4817300522,315.684812329108,329.835082458771
1478.99577429779,1078.79691772309,344.827586206897
1573.45264727815,969.425801640567,344.827586206897
1588.36689038031,345.513298533433,329.835082458771
1603.28113348248,1764.85210042257,344.827586206897
1986.08003977131,1431.76733780761,344.827586206897
2174.99378573204,1290.08202833706,344.827586206897
328.113348247576,1414.36738752175,344.827586206897
367.884663186677,1382.05319413373,359.820089955023
531.941337310465,623.912503107134,359.820089955023
616.455381556053,1707.68083519761,389.805097451274
800.397713149391,2018.39423315933,374.812593703148
974.397216007954,1034.0541884166,344.827586206897
1036.5398956003,1685.30947054437,359.820089955023
1039.02560278399,1672.8809346259,374.812593703148
1048.96843151877,991.797166293811,344.827586206897
1066.36838180462,969.425801640567,359.820089955023
1071.33979617201,996.768580661198,359.820089955023
1121.05393984589,1650.50956997266,359.820089955023
1185.68232662192,1401.93885160328,374.812593703148
1242.85359184688,2167.53666418096,359.820089955023
1262.73924931643,1717.62366393239,359.820089955023
1302.51056425553,2003.47999005717,344.827586206897
1307.48197862292,1133.48247576436,344.827586206897
1324.88192890877,1242.85359184688,359.820089955023
1327.36763609247,1267.71066368382,359.820089955023
1329.85334327616,1347.25329356202,359.820089955023
1337.31046482724,1210.53939845886,359.820089955023
1349.73900074571,1205.56798409147,344.827586206897
1459.11011682824,1680.33805617698,344.827586206897
1474.0243599304,1931.39448173005,359.820089955023
1503.85284613473,1058.91126025354,344.827586206897
1523.73850360428,2015.90852597564,359.820089955023
1759.88068605518,1541.13845389013,359.820089955023
1986.08003977131,1026.59706686552,344.827586206897
2003.47999005717,1595.82401193139,359.820089955023
318.170519512801,966.940094456873,374.812593703148
422.570221227939,1399.45314441959,389.805097451274
479.741486452896,1727.56649266716,374.812593703148
591.598309719115,1730.05219985086,374.812593703148
601.54113845389,1715.13795674869,374.812593703148
621.42679592344,979.368630375342,374.812593703148
661.19811086254,1108.62540392742,374.812593703148
715.883668903803,1354.7104151131,374.812593703148
822.769077802635,1048.96843151877,374.812593703148
879.940343027591,738.255033557047,374.812593703148
889.883171762366,753.16927665921,374.812593703148
981.854337559036,1466.56723837932,359.820089955023
1093.71116082525,315.684812329108,359.820089955023
1262.73924931643,989.311459110117,374.812593703148
1275.1677852349,956.997265722098,359.820089955023
1300.02485707184,1752.4235645041,359.820089955023
1317.42480735769,1106.13969674372,359.820089955023
1347.25329356202,1188.16803380562,359.820089955023
1349.73900074571,1230.42505592841,359.820089955023
1357.19612229679,1175.73949788715,359.820089955023
1359.68182948049,1203.08227690778,359.820089955023
1367.13895103157,1399.45314441959,359.820089955023
1382.05319413373,2165.05095699727,359.820089955023
1399.45314441959,1787.22346507581,359.820089955023
1406.91026597067,994.282873477504,359.820089955023
1411.88168033806,989.311459110117,359.820089955023
1488.93860303256,1053.93984588615,359.820089955023
1516.28138205319,1543.62416107383,389.805097451274
1551.08128262491,621.42679592344,359.820089955023
1553.5669898086,631.369624658215,359.820089955023
1583.39547601293,944.568729803629,359.820089955023
1993.5371613224,999.254287844892,359.820089955023
2003.47999005717,1645.53815560527,374.812593703148
604.026845637584,1779.76634352473,389.805097451274
974.397216007954,1026.59706686552,374.812593703148
981.854337559036,1456.62440964454,389.805097451274
1051.45413870246,986.825751926423,374.812593703148
1101.16828237634,546.855580412627,404.7976011994
1118.56823266219,1476.51006711409,389.805097451274
1138.45389013174,1265.22495650012,389.805097451274
1193.13944817301,1988.56574695501,404.7976011994
1210.53939845886,1466.56723837932,389.805097451274
1252.79642058166,1528.70991797166,389.805097451274
1292.56773552076,1160.82525478499,374.812593703148
1295.05344270445,1752.4235645041,374.812593703148
1302.51056425553,1138.45389013174,389.805097451274
1319.91051454139,1267.71066368382,374.812593703148
1332.33905045986,1215.51081282625,389.805097451274
1342.28187919463,1230.42505592841,374.812593703148
1364.65324384787,1399.45314441959,389.805097451274
1374.59607258265,2162.56524981357,374.812593703148
1387.02460850112,1001.73999502859,389.805097451274
1387.02460850112,1019.13994531444,389.805097451274
1394.4817300522,1024.11135968183,374.812593703148
1449.16728809346,1680.33805617698,374.812593703148
1503.85284613473,1563.50981854338,389.805097451274
1531.19562515536,1145.91101168282,374.812593703148
1536.16703952274,653.740989311459,374.812593703148
1561.02411135968,1302.51056425553,404.7976011994
1598.30971911509,1332.33905045986,389.805097451274
1978.62291822023,1026.59706686552,374.812593703148
730.797912005966,641.31245339299,404.7976011994
785.483470047228,1444.19587372608,419.790104947526
835.197613721104,1662.93810589113,404.7976011994
1014.16853094705,862.540392741735,404.7976011994
1285.11061396967,529.455630126771,389.805097451274
1372.11036539896,1230.42505592841,404.7976011994
1436.73875217499,1643.05244842158,404.7976011994
1454.13870246085,1680.33805617698,389.805097451274
1538.65274670644,1899.08028834203,389.805097451274
1739.99502858563,1866.76609495401,404.7976011994
1871.7375093214,1543.62416107383,404.7976011994
1921.45165299528,1178.22520507084,419.790104947526
1931.39448173005,1160.82525478499,419.790104947526
700.969425801641,1834.451901566,404.7976011994
800.397713149391,698.483718617947,419.790104947526
865.026099925429,1334.82475764355,419.790104947526
944.568729803629,681.08376833209,419.790104947526
956.997265722098,494.655729555058,404.7976011994
1039.02560278399,1682.82376336068,404.7976011994
1101.16828237634,956.997265722098,419.790104947526
1155.8538404176,1307.48197862292,404.7976011994
1526.22421078797,947.054436987323,434.782608695652
1575.93835446184,1081.28262490679,404.7976011994
1931.39448173005,1193.13944817301,419.790104947526
822.769077802635,1645.53815560527,434.782608695652
817.797663435247,1650.50956997266,419.790104947526
1116.0825254785,1541.13845389013,419.790104947526
1160.82525478499,671.140939597315,434.782608695652
1165.79666915237,1304.99627143922,434.782608695652
1300.02485707184,1812.08053691275,434.782608695652
1396.96743723589,1590.85259756401,434.782608695652
1401.93885160328,1839.42331593338,434.782608695652
1429.28163062391,1643.05244842158,419.790104947526
1474.0243599304,1019.13994531444,434.782608695652
1565.99552572707,1083.76833209048,434.782608695652
1657.96669152374,1208.05369127517,434.782608695652
1913.9945314442,1078.79691772309,434.782608695652
837.683320904797,1354.7104151131,434.782608695652
1061.39696743724,1140.93959731544,449.775112443778
1101.16828237634,1043.99701715138,464.767616191904
1123.53964702958,1538.65274670644,434.782608695652
1168.28237633607,867.511807109123,449.775112443778
1178.22520507084,1650.50956997266,434.782608695652
1275.1677852349,1429.28163062391,449.775112443778
1476.51006711409,1280.13919960229,434.782608695652
1486.45289584887,1036.5398956003,449.775112443778
1521.25279642058,770.569226945066,464.767616191904
773.05493412876,1451.65299527716,449.775112443778
802.883420333085,705.940840169028,449.775112443778
812.82624906786,1650.50956997266,464.767616191904
822.769077802635,1364.65324384787,449.775112443778
837.683320904797,1116.0825254785,464.767616191904
949.540144171017,1789.70917225951,449.775112443778
1009.19711657967,646.283867760378,464.767616191904
1063.88267462093,1879.19463087248,449.775112443778
1108.62540392742,1546.10986825752,449.775112443778
1135.96818294805,1841.90902311708,449.775112443778
1150.88242605021,1314.939100174,449.775112443778
1155.8538404176,1851.85185185185,449.775112443778
1163.31096196868,1660.45239870743,449.775112443778
850.111856823266,1662.93810589113,464.767616191904
862.540392741735,1374.59607258265,464.767616191904
986.825751926423,1797.16629381059,464.767616191904
1103.65398956003,1886.65175242356,464.767616191904
1148.39671886652,1553.5669898086,464.767616191904
1175.73949788715,1854.33755903555,464.767616191904
1190.65374098931,1324.88192890877,464.767616191904
1193.13944817301,1861.79468058663,464.767616191904
1203.08227690778,1670.39522744221,464.767616191904
1215.51081282625,1662.93810589113,464.767616191904
1309.96768580661,1300.02485707184,494.752623688156
1578.42406164554,1553.5669898086,464.767616191904
1583.39547601293,1565.99552572707,494.752623688156
1710.16654238131,1332.33905045986,479.76011994003
790.454884414616,1672.8809346259,479.76011994003
840.169028088491,1396.96743723589,479.76011994003
956.997265722098,862.540392741735,494.752623688156
966.940094456873,1819.53765846383,479.76011994003
1039.02560278399,1580.90976882923,479.76011994003
1056.42555306985,1561.02411135968,494.752623688156
1061.39696743724,1580.90976882923,479.76011994003
1081.28262490679,1909.02311707681,479.76011994003
1128.51106139697,1523.73850360428,479.76011994003
1148.39671886652,835.197613721104,494.752623688156
1153.36813323391,1876.70892368879,479.76011994003
1168.28237633607,1344.76758637832,479.76011994003
1170.76808351976,1884.16604523987,479.76011994003
1183.19661943823,1692.76659209545,479.76011994003
1456.62440964454,1382.05319413373,479.76011994003
1575.93835446184,1160.82525478499,494.752623688156
1583.39547601293,1531.19562515536,479.76011994003
785.483470047228,1648.02386278896,494.752623688156
961.968680089485,1794.6805866269,494.752623688156
1036.5398956003,1553.5669898086,509.745127436282
1056.42555306985,1538.65274670644,494.752623688156
1076.3112105394,1884.16604523987,494.752623688156
1123.53964702958,1501.36713895103,494.752623688156
1148.39671886652,1849.36614466816,494.752623688156
1165.79666915237,1322.39622172508,494.752623688156
1178.22520507084,1029.08277404922,494.752623688156
1240.36788466319,1563.50981854338,494.752623688156
1357.19612229679,1558.53840417599,494.752623688156
954.511558538404,1789.70917225951,509.745127436282
1046.48272433507,1533.68133233905,509.745127436282
1066.36838180462,1879.19463087248,509.745127436282
1113.5968182948,1493.91001739995,509.745127436282
1153.36813323391,1314.939100174,509.745127436282
1232.91076311211,1563.50981854338,509.745127436282
1240.36788466319,1521.25279642058,509.745127436282
1285.11061396967,1538.65274670644,509.745127436282
1471.53865274671,1339.79617201094,509.745127436282
