365.398956002983,479.741486452896,14.9925037481259
554.312701963709,2177.47949291573,29.9850074962519
551.826994780015,725.826497638578,14.9925037481259
584.141188168034,2157.59383544618,14.9925037481259
594.084016902809,2150.1367138951,14.9925037481259
606.512552821278,1981.10862540393,14.9925037481259
616.455381556053,1536.16703952274,29.9850074962519
618.941088739746,566.741237882178,29.9850074962519
750.683569475516,1536.16703952274,29.9850074962519
797.912005965697,2334.07904548844,14.9925037481259
800.397713149391,989.311459110117,29.9850074962519
802.883420333085,964.454387273179,29.9850074962519
805.369127516779,2331.59333830475,14.9925037481259
820.283370618941,999.254287844892,14.9925037481259
865.026099925429,1411.88168033806,29.9850074962519
877.454635843898,1941.33731046483,14.9925037481259
884.911757394979,1409.39597315436,29.9850074962519
899.826000497141,740.740740740741,29.9850074962519
1101.16828237634,2167.53666418096,14.9925037481259
1108.62540392742,1091.22545364156,44.9775112443778
1454.13870246085,300.770569226945,29.9850074962519
1481.48148148148,2316.67909520259,29.9850074962519
1508.82426050211,2117.82252050708,29.9850074962519
1570.96694009446,1235.3964702958,29.9850074962519
1633.1096196868,1792.1948794432,29.9850074962519
1643.05244842158,1824.50907283122,29.9850074962519
1735.02361421825,2068.10837683321,29.9850074962519
1752.4235645041,1971.16579666915,29.9850074962519
1782.25205070843,2254.53641561024,29.9850074962519
1792.1948794432,1777.28063634104,29.9850074962519
1958.73726075068,1777.28063634104,29.9850074962519
1968.68008948546,1285.11061396967,29.9850074962519
1983.59433258762,887.397464578673,14.9925037481259
2065.62266964952,233.656475267214,44.9775112443778
2095.45115585384,725.826497638578,29.9850074962519
2207.30797912006,574.198359433259,29.9850074962519
2224.70792940592,581.65548098434,29.9850074962519
2257.02212279394,338.056176982351,29.9850074962519
2286.85060899826,693.512304250559,29.9850074962519
2286.85060899826,1031.56848123291,29.9850074962519
2289.33631618195,710.912254536416,29.9850074962519
2356.45041014169,2249.56500124285,44.9775112443778
2443.45016157097,1926.42306736266,29.9850074962519
2445.93586875466,586.626895351728,29.9850074962519
2.48570718369376,1814.56624409645,29.9850074962519
104.399701715138,663.683818046234,44.9775112443778
161.570966940094,939.597315436242,29.9850074962519
397.713149391002,1471.53865274671,44.9775112443778
556.798409147402,1357.19612229679,44.9775112443778
564.255530698484,2157.59383544618,29.9850074962519
571.712652249565,2115.33681332339,44.9775112443778
594.084016902809,2167.53666418096,44.9775112443778
599.055431270196,2155.10812826249,29.9850074962519
613.969674372359,1988.56574695501,44.9775112443778
802.883420333085,2339.05045985583,29.9850074962519
812.82624906786,1324.88192890877,44.9775112443778
820.283370618941,2344.02187422322,44.9775112443778
822.769077802635,964.454387273179,29.9850074962519
899.826000497141,2421.07879691772,44.9775112443778
924.683072334079,549.341287596321,44.9775112443778
1063.88267462093,710.912254536416,44.9775112443778
1086.25403927417,1787.22346507581,44.9775112443778
1140.93959731544,59.6569724086503,44.9775112443778
1250.31071339796,131.742480735769,44.9775112443778
1257.76783494904,131.742480735769,44.9775112443778
1352.22470792941,1317.42480735769,44.9775112443778
1389.51031568481,857.568978374347,44.9775112443778
1394.4817300522,1561.02411135968,29.9850074962519
1401.93885160328,867.511807109123,59.9700149925037
1595.82401193139,1043.99701715138,44.9775112443778
1608.25254784986,1735.02361421825,44.9775112443778
1620.68108376833,2433.50733283619,44.9775112443778
1635.59532687049,2309.2219736515,44.9775112443778
1700.22371364653,1603.28113348248,44.9775112443778
1794.6805866269,1792.1948794432,29.9850074962519
1901.56599552573,865.026099925429,44.9775112443778
1941.33731046483,1645.53815560527,44.9775112443778
1948.79443201591,1894.10887397465,44.9775112443778
2038.27989062888,1369.62465821526,29.9850074962519
2152.6224210788,308.227690778026,44.9775112443778
2299.27914491673,947.054436987323,44.9775112443778
2301.76485210042,1896.59458115834,44.9775112443778
2326.62192393736,770.569226945066,44.9775112443778
2358.93611732538,2030.8227690778,29.9850074962519
69.5998011434253,1777.28063634104,44.9775112443778
161.570966940094,1046.48272433507,44.9775112443778
178.970917225951,347.999005717127,59.9700149925037
325.627641063883,2403.67884663187,59.9700149925037
472.284364901815,57.1712652249565,44.9775112443778
482.22719363659,335.570469798658,59.9700149925037
571.712652249565,2137.70817797663,59.9700149925037
579.169773800646,1143.42530449913,59.9700149925037
653.740989311459,1203.08227690778,59.9700149925037
663.683818046234,452.398707432264,59.9700149925037
678.598061148397,2311.7076808352,59.9700149925037
718.369376087497,750.683569475516,59.9700149925037
728.312204822272,733.283619189659,59.9700149925037
924.683072334079,877.454635843898,59.9700149925037
996.768580661198,278.399204573701,59.9700149925037
1058.91126025354,1697.73800646284,59.9700149925037
1073.8255033557,2361.42182450907,59.9700149925037
1272.68207805121,2247.07929405916,44.9775112443778
1382.05319413373,2177.47949291573,44.9775112443778
1630.62391250311,837.683320904797,74.9625187406297
1670.39522744221,656.226696495153,59.9700149925037
1687.79517772806,1677.85234899329,44.9775112443778
1963.70867511807,2371.36465324385,59.9700149925037
2013.42281879195,636.341039025603,59.9700149925037
2018.39423315933,1078.79691772309,59.9700149925037
2219.73651503853,280.884911757395,59.9700149925037
89.4854586129754,907.283122048223,74.9625187406297
156.599552572707,352.970420084514,74.9625187406297
164.056674123788,338.056176982351,74.9625187406297
330.59905543127,566.741237882178,74.9625187406297
571.712652249565,2043.25130499627,74.9625187406297
601.54113845389,1807.10912254536,74.9625187406297
606.512552821278,2204.82227193637,59.9700149925037
651.255282127765,459.855828983346,74.9625187406297
653.740989311459,1217.99652000994,74.9625187406297
695.998011434253,2294.30773054934,59.9700149925037
698.483718617947,2314.19338801889,59.9700149925037
703.455132985334,2319.16480238628,59.9700149925037
730.797912005966,748.197862291822,74.9625187406297
738.255033557047,161.570966940094,74.9625187406297
944.568729803629,1896.59458115834,74.9625187406297
1270.19637086751,2234.65075814069,59.9700149925037
1352.22470792941,1324.88192890877,59.9700149925037
1409.39597315436,1739.99502858563,59.9700149925037
1476.51006711409,1429.28163062391,89.9550224887556
1478.99577429779,594.084016902809,74.9625187406297
1488.93860303256,1645.53815560527,59.9700149925037
1692.76659209545,599.055431270196,59.9700149925037
1692.76659209545,1685.30947054437,59.9700149925037
1739.99502858563,2455.87869748944,59.9700149925037
1809.59482972906,9.94282873477504,74.9625187406297
1849.36614466816,2396.22172508079,74.9625187406297
1936.36589609744,2249.56500124285,59.9700149925037
2065.62266964952,149.142431021626,74.9625187406297
171.513795674869,216.256524981357,74.9625187406297
477.255779269202,991.797166293811,74.9625187406297
601.54113845389,1712.652249565,89.9550224887556
633.855331841909,1093.71116082525,104.947526236882
835.197613721104,1362.16753666418,89.9550224887556
994.282873477504,1523.73850360428,89.9550224887556
1088.73974645787,2294.30773054934,89.9550224887556
1250.31071339796,912.25453641561,89.9550224887556
1300.02485707184,2078.05120556798,74.9625187406297
1300.02485707184,2085.50832711907,74.9625187406297
1304.99627143922,2078.05120556798,74.9625187406297
1322.39622172508,561.76982351479,89.9550224887556
1481.48148148148,1464.08153119563,89.9550224887556
1615.70966940094,1851.85185185185,89.9550224887556
1839.42331593338,671.140939597315,89.9550224887556
2194.87944320159,1667.90952025851,74.9625187406297
2331.59333830475,1275.1677852349,89.9550224887556
2366.39323887646,1948.79443201591,74.9625187406297
2378.82177479493,2028.33706189411,89.9550224887556
2421.07879691772,1242.85359184688,89.9550224887556
308.227690778026,1309.96768580661,104.947526236882
395.227442207308,1623.16679095203,104.947526236882
499.627143922446,44.7427293064877,119.940029985007
604.026845637584,1802.13770817798,89.9550224887556
661.19811086254,1088.73974645787,104.947526236882
790.454884414616,484.712900820283,104.947526236882
800.397713149391,2184.93661446682,104.947526236882
802.883420333085,477.255779269202,104.947526236882
847.626149639573,1876.70892368879,104.947526236882
996.768580661198,425.055928411633,89.9550224887556
1009.19711657967,2187.42232165051,89.9550224887556
1046.48272433507,723.340790454884,89.9550224887556
1078.79691772309,934.625901068854,89.9550224887556
1168.28237633607,1106.13969674372,104.947526236882
1295.05344270445,2083.02261993537,89.9550224887556
1297.53914988814,2070.5940840169,89.9550224887556
1304.99627143922,569.226945065871,104.947526236882
1421.82450907283,1091.22545364156,104.947526236882
1506.33855331842,1831.9661943823,104.947526236882
1730.05219985086,69.5998011434253,104.947526236882
2043.25130499627,566.741237882178,104.947526236882
2184.93661446682,2408.65026099925,104.947526236882
2269.4506587124,1697.73800646284,104.947526236882
2366.39323887646,454.884414615958,104.947526236882
2403.67884663187,1247.82500621427,104.947526236882
2421.07879691772,308.227690778026,104.947526236882
54.6855580412627,1928.90877454636,104.947526236882
149.142431021626,1536.16703952274,119.940029985007
171.513795674869,837.683320904797,104.947526236882
333.084762614964,606.512552821278,119.940029985007
370.37037037037,2326.62192393736,134.932533733133
385.284613472533,382.798906288839,119.940029985007
390.25602783992,362.913248819289,104.947526236882
477.255779269202,462.34153616704,104.947526236882
474.770072085508,1655.48098434004,119.940029985007
492.170022371365,57.1712652249565,104.947526236882
489.684315187671,1662.93810589113,119.940029985007
504.598558289833,497.141436738752,104.947526236882
648.769574944072,1317.42480735769,119.940029985007
710.912254536416,2398.70743226448,119.940029985007
715.883668903803,2117.82252050708,119.940029985007
939.597315436242,487.198608003977,104.947526236882
996.768580661198,293.313447675864,119.940029985007
1106.13969674372,1570.96694009446,104.947526236882
1193.13944817301,203.827989062888,104.947526236882
1210.53939845886,67.1140939597315,119.940029985007
1232.91076311211,1909.02311707681,104.947526236882
1235.3964702958,1466.56723837932,119.940029985007
1354.7104151131,1715.13795674869,119.940029985007
1441.71016654238,1130.99676858066,104.947526236882
1508.82426050211,1956.25155356699,104.947526236882
1889.13745960726,1148.39671886652,134.932533733133
1894.10887397465,1680.33805617698,119.940029985007
2085.50832711907,2157.59383544618,119.940029985007
2115.33681332339,770.569226945066,119.940029985007
2130.25105642555,64.6283867760378,104.947526236882
2130.25105642555,611.483967188665,104.947526236882
2177.47949291573,477.255779269202,119.940029985007
2184.93661446682,1081.28262490679,119.940029985007
2304.25055928412,613.969674372359,119.940029985007
2368.87894606015,1682.82376336068,104.947526236882
2.48570718369376,1988.56574695501,134.932533733133
94.4568729803629,338.056176982351,134.932533733133
114.342530449913,345.513298533433,134.932533733133
251.05642555307,2324.13621675367,119.940029985007
343.027591349739,574.198359433259,134.932533733133
350.48471290082,591.598309719115,134.932533733133
370.37037037037,574.198359433259,134.932533733133
375.341784737758,589.112602535421,134.932533733133
497.141436738752,1488.93860303256,134.932533733133
509.569972657221,59.6569724086503,134.932533733133
517.027094208302,574.198359433259,134.932533733133
519.512801391996,589.112602535421,119.940029985007
613.969674372359,860.054685558041,134.932533733133
695.998011434253,2388.7646035297,134.932533733133
728.312204822272,2386.27889634601,119.940029985007
735.769326373353,2398.70743226448,134.932533733133
782.997762863535,628.883917474521,149.925037481259
922.197365150385,2296.79343773304,134.932533733133
947.054436987323,1667.90952025851,134.932533733133
1088.73974645787,952.02585135471,134.932533733133
1096.19686800895,971.911508824261,149.925037481259
1230.42505592841,64.6283867760378,134.932533733133
1357.19612229679,444.941585881183,134.932533733133
1399.45314441959,1757.39497887149,134.932533733133
1461.59582401193,1580.90976882923,119.940029985007
1543.62416107383,1364.65324384787,119.940029985007
1546.10986825752,1359.68182948049,119.940029985007
1692.76659209545,1792.1948794432,134.932533733133
1804.62341536167,96.9425801640567,134.932533733133
1824.50907283122,104.399701715138,134.932533733133
1901.56599552573,1165.79666915237,134.932533733133
1933.88018891375,1203.08227690778,134.932533733133
2070.5940840169,54.6855580412627,134.932533733133
2252.05070842655,1802.13770817798,134.932533733133
17.3999502858563,1354.7104151131,149.925037481259
29.8284862043251,517.027094208302,134.932533733133
315.684812329108,91.9711657966692,134.932533733133
367.884663186677,208.799403430276,149.925037481259
367.884663186677,1295.05344270445,134.932533733133
484.712900820283,2465.82152622421,149.925037481259
512.055679840915,1491.42431021626,134.932533733133
521.99850857569,2341.53616703952,149.925037481259
586.626895351728,648.769574944072,149.925037481259
594.084016902809,676.112353964703,149.925037481259
723.340790454884,1076.3112105394,149.925037481259
937.111608252548,2306.73626646781,149.925037481259
952.02585135471,2378.82177479493,134.932533733133
1021.62565249814,1213.02510564256,164.917541229385
1081.28262490679,961.968680089485,134.932533733133
1190.65374098931,333.084762614964,134.932533733133
1195.6251553567,686.055182699478,149.925037481259
1210.53939845886,2055.67984091474,149.925037481259
1349.73900074571,430.027342779021,149.925037481259
1446.68158090977,2187.42232165051,149.925037481259
1461.59582401193,2189.9080288342,149.925037481259
1466.56723837932,1568.48123291076,149.925037481259
1474.0243599304,1585.88118319662,134.932533733133
1573.45264727815,2423.56450410142,149.925037481259
1595.82401193139,380.313199105145,149.925037481259
1772.30922197365,1963.70867511807,149.925037481259
1814.56624409645,343.027591349739,149.925037481259
1844.39473030077,2085.50832711907,164.917541229385
1871.7375093214,909.768829231916,149.925037481259
1916.48023862789,305.741983594333,149.925037481259
1926.42306736266,1257.76783494904,164.917541229385
1933.88018891375,126.771066368382,149.925037481259
2092.96544867015,375.341784737758,149.925037481259
2197.36515038528,2222.22222222222,149.925037481259
2254.53641561024,504.598558289833,149.925037481259
2266.96495152871,410.141685309471,149.925037481259
2334.07904548844,596.569724086503,149.925037481259
2453.39299030574,584.141188168034,149.925037481259
9.94282873477504,1337.31046482724,164.917541229385
27.3427790206314,1337.31046482724,149.925037481259
37.2856077554064,1349.73900074571,164.917541229385
124.285359184688,1302.51056425553,164.917541229385
156.599552572707,1232.91076311211,149.925037481259
186.428038777032,1526.22421078797,164.917541229385
268.456375838926,251.05642555307,164.917541229385
499.627143922446,673.626646781009,149.925037481259
534.427044494159,812.82624906786,164.917541229385
700.969425801641,1533.68133233905,164.917541229385
725.826497638578,847.626149639573,164.917541229385
745.712155108128,882.426050211285,164.917541229385
748.197862291822,855.083271190654,164.917541229385
867.511807109123,1240.36788466319,164.917541229385
1043.99701715138,2117.82252050708,164.917541229385
1051.45413870246,713.397961720109,149.925037481259
1155.8538404176,745.712155108128,179.910044977511
1282.62490678598,688.540889883172,164.917541229385
1374.59607258265,1503.85284613473,164.917541229385
1384.53890131742,1493.91001739995,164.917541229385
1652.99527715635,1650.50956997266,164.917541229385
1652.99527715635,2060.65125528213,149.925037481259
1692.76659209545,514.541387024609,164.917541229385
1712.652249565,1772.30922197365,149.925037481259
1754.9092716878,2249.56500124285,164.917541229385
1779.76634352473,417.598806860552,179.910044977511
1807.10912254536,437.484464330102,179.910044977511
1891.62316679095,308.227690778026,149.925037481259
1894.10887397465,343.027591349739,164.917541229385
1899.08028834203,325.627641063883,164.917541229385
1911.5088242605,318.170519512801,149.925037481259
1968.68008948546,2152.6224210788,149.925037481259
2063.13696246582,335.570469798658,179.910044977511
2222.22222222222,1096.19686800895,164.917541229385
2257.02212279394,2234.65075814069,149.925037481259
2463.33581904052,1826.99478001491,164.917541229385
2480.73576932637,1866.76609495401,164.917541229385
186.428038777032,855.083271190654,179.910044977511
305.741983594333,668.655232413622,179.910044977511
305.741983594333,1314.939100174,179.910044977511
479.741486452896,1590.85259756401,179.910044977511
536.912751677852,865.026099925429,179.910044977511
561.76982351479,1943.82301764852,179.910044977511
604.026845637584,1541.13845389013,194.902548725637
865.026099925429,656.226696495153,164.917541229385
1001.73999502859,392.741735023614,179.910044977511
1034.0541884166,360.427541635595,179.910044977511
1081.28262490679,969.425801640567,164.917541229385
1188.16803380562,2237.13646532438,179.910044977511
1255.28212776535,949.540144171017,164.917541229385
1270.19637086751,688.540889883172,164.917541229385
1297.53914988814,753.16927665921,179.910044977511
1314.939100174,753.16927665921,179.910044977511
1322.39622172508,1991.0514541387,179.910044977511
1362.16753666418,658.712403678847,179.910044977511
1469.05294556301,2470.7929405916,179.910044977511
1471.53865274671,2013.42281879195,194.902548725637
1476.51006711409,2348.9932885906,179.910044977511
1575.93835446184,320.656226696495,194.902548725637
1635.59532687049,2371.36465324385,179.910044977511
1707.68083519761,529.455630126771,164.917541229385
1705.19512801392,521.99850857569,179.910044977511
1804.62341536167,1364.65324384787,179.910044977511
1817.05195128014,487.198608003977,179.910044977511
1834.451901566,1672.8809346259,194.902548725637
1884.16604523987,802.883420333085,164.917541229385
1913.9945314442,676.112353964703,179.910044977511
2015.90852597564,315.684812329108,179.910044977511
2254.53641561024,1546.10986825752,179.910044977511
2296.79343773304,1464.08153119563,179.910044977511
54.6855580412627,1578.42406164554,179.910044977511
84.5140442455879,1844.39473030077,194.902548725637
131.742480735769,2023.36564752672,194.902548725637
248.570718369376,1498.88143176734,209.895052473763
437.484464330102,201.342281879195,194.902548725637
524.484215759384,1966.19438230176,194.902548725637
536.912751677852,144.171016654238,194.902548725637
556.798409147402,1931.39448173005,194.902548725637
638.826746209297,385.284613472533,194.902548725637
658.712403678847,390.25602783992,194.902548725637
770.569226945066,865.026099925429,194.902548725637
912.25453641561,2102.90827740492,194.902548725637
1031.56848123291,651.255282127765,194.902548725637
1068.85408898832,397.713149391002,194.902548725637
1123.53964702958,1344.76758637832,194.902548725637
1133.48247576436,748.197862291822,194.902548725637
1275.1677852349,2274.42207307979,194.902548725637
1570.96694009446,298.284862043251,179.910044977511
1839.42331593338,1762.36639323888,194.902548725637
1886.65175242356,52.199850857569,209.895052473763
1971.16579666915,800.397713149391,194.902548725637
2125.27964205817,1901.56599552573,179.910044977511
2150.1367138951,253.542132736764,194.902548725637
2239.62217250808,1255.28212776535,194.902548725637
2259.50782997763,2237.13646532438,179.910044977511
2393.73601789709,2025.85135471042,194.902548725637
59.6569724086503,1787.22346507581,209.895052473763
164.056674123788,1036.5398956003,224.887556221889
251.05642555307,519.512801391996,209.895052473763
268.456375838926,894.854586129754,209.895052473763
410.141685309471,1093.71116082525,209.895052473763
422.570221227939,994.282873477504,209.895052473763
524.484215759384,2376.33606761124,209.895052473763
591.598309719115,2478.25006214268,209.895052473763
718.369376087497,1633.1096196868,194.902548725637
1086.25403927417,216.256524981357,194.902548725637
1111.11111111111,1946.30872483221,194.902548725637
1165.79666915237,2321.65050956997,194.902548725637
1175.73949788715,2122.79393487447,209.895052473763
1190.65374098931,2336.56475267214,209.895052473763
1352.22470792941,1682.82376336068,209.895052473763
1501.36713895103,1744.96644295302,209.895052473763
1516.28138205319,2341.53616703952,194.902548725637
1546.10986825752,599.055431270196,209.895052473763
1613.22396221725,166.542381307482,194.902548725637
1623.16679095203,164.056674123788,209.895052473763
1660.45239870743,1697.73800646284,209.895052473763
1680.33805617698,2351.4789957743,209.895052473763
1700.22371364653,2321.65050956997,209.895052473763
1700.22371364653,2353.96470295799,209.895052473763
1933.88018891375,2448.42157593835,209.895052473763
1961.22296793438,755.654983842903,209.895052473763
136.713895103157,2028.33706189411,209.895052473763
188.913745960726,1739.99502858563,224.887556221889
400.198856574696,1769.82351478996,209.895052473763
434.998757146408,1695.25229927915,239.880059970015
544.369873228934,1936.36589609744,209.895052473763
720.855083271191,1633.1096196868,239.880059970015
1116.0825254785,1951.2801391996,209.895052473763
1168.28237633607,2326.62192393736,209.895052473763
1180.71091225454,2311.7076808352,209.895052473763
1198.11086254039,1270.19637086751,239.880059970015
1272.68207805121,2348.9932885906,209.895052473763
1292.56773552076,2269.4506587124,209.895052473763
1342.28187919463,2087.99403430276,224.887556221889
1558.53840417599,1556.05269699229,224.887556221889
1580.90976882923,1570.96694009446,209.895052473763
1605.76684066617,141.685309470544,209.895052473763
1727.56649266716,1319.91051454139,224.887556221889
1752.4235645041,1416.85309470544,209.895052473763
1856.82326621924,1471.53865274671,224.887556221889
1963.70867511807,556.798409147402,224.887556221889
2070.5940840169,1297.53914988814,224.887556221889
2097.93686303753,1063.88267462093,224.887556221889
2450.90728312205,608.998260004971,209.895052473763
216.256524981357,1861.79468058663,239.880059970015
397.713149391002,1757.39497887149,239.880059970015
618.941088739746,2254.53641561024,224.887556221889
740.740740740741,2204.82227193637,224.887556221889
748.197862291822,47.2284364901815,239.880059970015
790.454884414616,755.654983842903,239.880059970015
837.683320904797,1285.11061396967,239.880059970015
919.711657966692,1352.22470792941,239.880059970015
971.911508824261,820.283370618941,224.887556221889
1665.42381307482,765.597812577678,254.872563718141
1844.39473030077,1548.59557544121,224.887556221889
2065.62266964952,437.484464330102,254.872563718141
2078.05120556798,1295.05344270445,224.887556221889
2319.16480238628,1792.1948794432,224.887556221889
2401.19313944817,638.826746209297,224.887556221889
352.970420084514,2048.22271936366,239.880059970015
601.54113845389,1814.56624409645,239.880059970015
723.340790454884,1650.50956997266,239.880059970015
730.797912005966,611.483967188665,254.872563718141
857.568978374347,1362.16753666418,254.872563718141
865.026099925429,1148.39671886652,254.872563718141
1339.79617201094,1048.96843151877,239.880059970015
1536.16703952274,1282.62490678598,254.872563718141
1548.59557544121,1551.08128262491,239.880059970015
1553.5669898086,1590.85259756401,254.872563718141
1561.02411135968,1543.62416107383,269.865067466267
1593.3383047477,738.255033557047,254.872563718141
1672.8809346259,723.340790454884,254.872563718141
1687.79517772806,397.713149391002,254.872563718141
1690.28088491176,884.911757394979,239.880059970015
1695.25229927915,882.426050211285,239.880059970015
1846.88043748446,1556.05269699229,239.880059970015
1851.85185185185,1483.96718866518,239.880059970015
2324.13621675367,1799.65200099428,239.880059970015
54.6855580412627,1091.22545364156,254.872563718141
121.799652000994,1516.28138205319,269.865067466267
171.513795674869,1155.8538404176,269.865067466267
243.599304001989,1469.05294556301,269.865067466267
521.99850857569,2232.165050957,254.872563718141
526.969922943077,1252.79642058166,269.865067466267
554.312701963709,1923.93736017897,254.872563718141
581.65548098434,952.02585135471,254.872563718141
581.65548098434,1720.10937111608,269.865067466267
581.65548098434,1695.25229927915,284.857571214393
586.626895351728,1735.02361421825,269.865067466267
589.112602535421,2296.79343773304,254.872563718141
594.084016902809,2296.79343773304,254.872563718141
743.226447924435,1804.62341536167,269.865067466267
954.511558538404,427.541635595327,269.865067466267
1053.93984588615,2209.79368630375,254.872563718141
1140.93959731544,1252.79642058166,269.865067466267
1267.71066368382,2224.70792940592,254.872563718141
1391.99602286851,1692.76659209545,254.872563718141
1528.70991797166,1777.28063634104,254.872563718141
1538.65274670644,1866.76609495401,254.872563718141
1541.13845389013,1553.5669898086,254.872563718141
1538.65274670644,1874.2232165051,254.872563718141
1565.99552572707,1573.45264727815,254.872563718141
1570.96694009446,1568.48123291076,254.872563718141
1620.68108376833,1387.02460850112,269.865067466267
1618.19537658464,1411.88168033806,254.872563718141
1623.16679095203,1488.93860303256,254.872563718141
1633.1096196868,1466.56723837932,254.872563718141
1687.79517772806,1382.05319413373,254.872563718141
1844.39473030077,1483.96718866518,254.872563718141
1886.65175242356,1715.13795674869,254.872563718141
1889.13745960726,1782.25205070843,254.872563718141
1894.10887397465,1717.62366393239,269.865067466267
2038.27989062888,236.142182450907,254.872563718141
2073.0797912006,1543.62416107383,269.865067466267
2120.30822769078,1764.85210042257,254.872563718141
2127.76534924186,1024.11135968183,269.865067466267
2152.6224210788,1620.68108376833,254.872563718141
2155.10812826249,1406.91026597067,254.872563718141
2286.85060899826,521.99850857569,269.865067466267
2314.19338801889,1797.16629381059,254.872563718141
19.8856574695501,1029.08277404922,284.857571214393
186.428038777032,1153.36813323391,284.857571214393
584.141188168034,1712.652249565,284.857571214393
631.369624658215,929.654486701467,284.857571214393
691.026597066866,1831.9661943823,284.857571214393
994.282873477504,1257.76783494904,284.857571214393
1056.42555306985,47.2284364901815,284.857571214393
1086.25403927417,1257.76783494904,284.857571214393
1359.68182948049,1640.56674123788,284.857571214393
1362.16753666418,2232.165050957,269.865067466267
1399.45314441959,1697.73800646284,269.865067466267
1513.7956748695,1759.88068605518,284.857571214393
1533.68133233905,1779.76634352473,284.857571214393
1546.10986825752,1876.70892368879,269.865067466267
1561.02411135968,1565.99552572707,269.865067466267
1561.02411135968,191.39945314442,284.857571214393
1563.50981854338,601.54113845389,284.857571214393
1615.70966940094,1367.13895103157,284.857571214393
1623.16679095203,1414.36738752175,269.865067466267
1638.08103405419,1469.05294556301,269.865067466267
1717.62366393239,780.512055679841,284.857571214393
1720.10937111608,797.912005965697,284.857571214393
1732.53790703455,2192.3937360179,269.865067466267
1841.90902311708,1648.02386278896,284.857571214393
1886.65175242356,2167.53666418096,284.857571214393
1884.16604523987,492.170022371365,284.857571214393
1906.53740989311,1725.08078548347,269.865067466267
1911.5088242605,718.369376087497,299.850074962519
2015.90852597564,1140.93959731544,284.857571214393
2073.0797912006,1521.25279642058,284.857571214393
2160.07954262988,1625.65249813572,269.865067466267
2162.56524981357,1411.88168033806,269.865067466267
2244.59358687547,753.16927665921,284.857571214393
2274.42207307979,1799.65200099428,299.850074962519
2334.07904548844,1789.70917225951,284.857571214393
2348.9932885906,1802.13770817798,269.865067466267
104.399701715138,723.340790454884,299.850074962519
126.771066368382,1660.45239870743,299.850074962519
395.227442207308,1034.0541884166,299.850074962519
402.684563758389,2120.30822769078,299.850074962519
586.626895351728,623.912503107134,299.850074962519
792.94059159831,2403.67884663187,299.850074962519
830.226199353716,258.513547104151,299.850074962519
842.654735272185,2162.56524981357,299.850074962519
934.625901068854,512.055679840915,299.850074962519
1111.11111111111,1610.73825503356,299.850074962519
1116.0825254785,1590.85259756401,299.850074962519
1128.51106139697,149.142431021626,299.850074962519
1245.33929903057,1088.73974645787,299.850074962519
1357.19612229679,2224.70792940592,284.857571214393
1409.39597315436,2478.25006214268,284.857571214393
1513.7956748695,1742.48073576933,299.850074962519
1677.85234899329,787.969177230922,299.850074962519
1864.28038777032,1029.08277404922,314.842578710645
1968.68008948546,1824.50907283122,299.850074962519
2015.90852597564,1292.56773552076,299.850074962519
2115.33681332339,1011.68282376336,314.842578710645
2125.27964205817,996.768580661198,299.850074962519
2259.50782997763,1039.02560278399,314.842578710645
2306.73626646781,1170.76808351976,299.850074962519
2314.19338801889,874.968928660204,299.850074962519
2329.10763112105,850.111856823266,299.850074962519
2341.53616703952,877.454635843898,299.850074962519
2358.93611732538,812.82624906786,299.850074962519
82.0283370618941,1185.68232662192,314.842578710645
347.999005717127,2008.45140442456,314.842578710645
430.027342779021,1739.99502858563,299.850074962519
613.969674372359,591.598309719115,314.842578710645
718.369376087497,1307.48197862292,314.842578710645
720.855083271191,2038.27989062888,329.835082458771
733.283619189659,2025.85135471042,314.842578710645
961.968680089485,231.17076808352,314.842578710645
966.940094456873,243.599304001989,314.842578710645
1103.65398956003,1593.3383047477,299.850074962519
1260.25354213274,29.8284862043251,299.850074962519
1319.91051454139,877.454635843898,314.842578710645
1414.36738752175,193.885160328113,299.850074962519
1451.65299527716,691.026597066866,314.842578710645
1486.45289584887,964.454387273179,314.842578710645
1496.39572458364,385.284613472533,314.842578710645
1521.25279642058,1227.93934874472,314.842578710645
1682.82376336068,1754.9092716878,314.842578710645
1866.76609495401,1093.71116082525,314.842578710645
1966.19438230176,872.48322147651,314.842578710645
2102.90827740492,1026.59706686552,314.842578710645
2189.9080288342,1812.08053691275,314.842578710645
2284.36490181457,715.883668903803,314.842578710645
2346.50758140691,795.426298782004,314.842578710645
52.199850857569,1275.1677852349,329.835082458771
156.599552572707,1158.33954760129,314.842578710645
241.113596818295,887.397464578673,314.842578710645
425.055928411633,996.768580661198,329.835082458771
564.255530698484,2000.99428287348,329.835082458771
591.598309719115,1615.70966940094,314.842578710645
663.683818046234,1275.1677852349,329.835082458771
683.569475515784,1262.73924931643,329.835082458771
902.311707680835,1921.45165299528,329.835082458771
984.340044742729,231.17076808352,314.842578710645
1153.36813323391,206.313696246582,329.835082458771
1232.91076311211,2376.33606761124,329.835082458771
1344.76758637832,653.740989311459,329.835082458771
1399.45314441959,1605.76684066617,329.835082458771
1401.93885160328,1369.62465821526,344.827586206897
1444.19587372608,1019.13994531444,329.835082458771
1478.99577429779,380.313199105145,329.835082458771
1613.22396221725,2336.56475267214,329.835082458771
1759.88068605518,1831.9661943823,329.835082458771
1876.70892368879,1076.3112105394,329.835082458771
2095.45115585384,1247.82500621427,329.835082458771
2174.99378573204,1471.53865274671,344.827586206897
2261.99353716132,1133.48247576436,314.842578710645
2321.65050956997,865.026099925429,314.842578710645
2423.56450410142,1295.05344270445,329.835082458771
121.799652000994,949.540144171017,344.827586206897
203.827989062888,1409.39597315436,344.827586206897
248.570718369376,961.968680089485,344.827586206897
432.513049962714,1088.73974645787,344.827586206897
586.626895351728,626.398210290828,329.835082458771
782.997762863535,2130.25105642555,344.827586206897
889.883171762366,2063.13696246582,359.820089955023
917.225950782998,735.769326373353,344.827586206897
942.083022619935,720.855083271191,359.820089955023
1026.59706686552,586.626895351728,344.827586206897
1041.51130996769,1769.82351478996,329.835082458771
1203.08227690778,283.370618941089,359.820089955023
1342.28187919463,116.828237633607,344.827586206897
1379.56748695004,604.026845637584,359.820089955023
1382.05319413373,1556.05269699229,344.827586206897
1387.02460850112,1598.30971911509,344.827586206897
1404.42455878698,613.969674372359,359.820089955023
1409.39597315436,1583.39547601293,344.827586206897
1414.36738752175,201.342281879195,329.835082458771
1491.42431021626,1720.10937111608,359.820089955023
1528.70991797166,1697.73800646284,344.827586206897
1620.68108376833,1516.28138205319,359.820089955023
1777.28063634104,1506.33855331842,359.820089955023
1871.7375093214,1951.2801391996,359.820089955023
2179.96520009943,1493.91001739995,344.827586206897
2314.19338801889,1511.30996768581,344.827586206897
2314.19338801889,1496.39572458364,329.835082458771
2324.13621675367,1526.22421078797,344.827586206897
260.999254287845,1307.48197862292,359.820089955023
355.456127268208,1573.45264727815,374.812593703148
427.541635595327,1742.48073576933,344.827586206897
700.969425801641,1615.70966940094,359.820089955023
720.855083271191,2070.5940840169,359.820089955023
797.912005965697,1812.08053691275,359.820089955023
1240.36788466319,2376.33606761124,344.827586206897
1354.7104151131,673.626646781009,359.820089955023
1364.65324384787,666.169525229928,344.827586206897
1436.73875217499,1051.45413870246,359.820089955023
1563.50981854338,2234.65075814069,359.820089955023
1667.90952025851,584.141188168034,374.812593703148
1690.28088491176,584.141188168034,344.827586206897
1759.88068605518,743.226447924435,374.812593703148
1759.88068605518,2010.93711160825,359.820089955023
1779.76634352473,944.568729803629,374.812593703148
1794.6805866269,959.482972905792,359.820089955023
1874.2232165051,375.341784737758,359.820089955023
1906.53740989311,1024.11135968183,359.820089955023
1938.85160328113,1904.05170270942,359.820089955023
1963.70867511807,2025.85135471042,374.812593703148
2015.90852597564,2035.79418344519,359.820089955023
2331.59333830475,1113.5968182948,374.812593703148
347.999005717127,1551.08128262491,374.812593703148
405.170270942083,917.225950782998,374.812593703148
718.369376087497,1091.22545364156,374.812593703148
835.197613721104,248.570718369376,374.812593703148
850.111856823266,1481.48148148148,374.812593703148
986.825751926423,1521.25279642058,374.812593703148
1257.76783494904,2075.56549838429,374.812593703148
1309.96768580661,1851.85185185185,374.812593703148
1384.53890131742,1113.5968182948,374.812593703148
1491.42431021626,2286.85060899826,374.812593703148
1677.85234899329,2259.50782997763,374.812593703148
1727.56649266716,628.883917474521,374.812593703148
1774.79492915735,2184.93661446682,389.805097451274
1973.65150385285,1543.62416107383,389.805097451274
2112.8511061397,1411.88168033806,374.812593703148
2130.25105642555,760.626398210291,374.812593703148
561.76982351479,857.568978374347,404.7976011994
976.882923191648,1575.93835446184,404.7976011994
1029.08277404922,782.997762863535,389.805097451274
1053.93984588615,797.912005965697,389.805097451274
1282.62490678598,1436.73875217499,389.805097451274
1307.48197862292,1869.25180213771,404.7976011994
1474.0243599304,1725.08078548347,389.805097451274
1690.28088491176,579.169773800646,374.812593703148
1859.30897340293,1665.42381307482,389.805097451274
1899.08028834203,991.797166293811,404.7976011994
1904.05170270942,1213.02510564256,404.7976011994
1909.02311707681,1019.13994531444,374.812593703148
1916.48023862789,1195.6251553567,389.805097451274
1916.48023862789,1227.93934874472,404.7976011994
2115.33681332339,775.540641312453,389.805097451274
2314.19338801889,1501.36713895103,374.812593703148
260.999254287845,1314.939100174,389.805097451274
392.741735023614,994.282873477504,404.7976011994
504.598558289833,1175.73949788715,404.7976011994
760.626398210291,1215.51081282625,419.790104947526
800.397713149391,1817.05195128014,389.805097451274
855.083271190654,1486.45289584887,404.7976011994
1111.11111111111,2197.36515038528,404.7976011994
1135.96818294805,2018.39423315933,389.805097451274
1337.31046482724,1799.65200099428,404.7976011994
1362.16753666418,340.541884166045,404.7976011994
1521.25279642058,524.484215759384,389.805097451274
1585.88118319662,1344.76758637832,404.7976011994
1598.30971911509,400.198856574696,389.805097451274
2078.05120556798,1195.6251553567,419.790104947526
407.655978125777,1001.73999502859,404.7976011994
444.941585881183,999.254287844892,419.790104947526
638.826746209297,735.769326373353,419.790104947526
768.083519761372,1439.22445935869,434.782608695652
832.71190653741,1588.36689038031,419.790104947526
1116.0825254785,1958.73726075068,419.790104947526
1304.99627143922,1851.85185185185,404.7976011994
1317.42480735769,1851.85185185185,404.7976011994
1474.0243599304,708.426547352722,419.790104947526
1600.79542629878,405.170270942083,404.7976011994
1896.59458115834,822.769077802635,434.782608695652
2045.73701217997,1767.33780760626,434.782608695652
2085.50832711907,1210.53939845886,419.790104947526
2157.59383544618,1217.99652000994,419.790104947526
437.484464330102,1078.79691772309,434.782608695652
487.198608003977,1290.08202833706,434.782608695652
904.797414864529,715.883668903803,434.782608695652
1011.68282376336,1817.05195128014,434.782608695652
1123.53964702958,1787.22346507581,434.782608695652
1170.76808351976,462.34153616704,434.782608695652
1317.42480735769,517.027094208302,449.775112443778
1327.36763609247,1426.79592344022,449.775112443778
1364.65324384787,1585.88118319662,449.775112443778
1396.96743723589,365.398956002983,434.782608695652
1464.08153119563,1787.22346507581,434.782608695652
1518.76708923689,524.484215759384,419.790104947526
1516.28138205319,715.883668903803,449.775112443778
1521.25279642058,1876.70892368879,434.782608695652
1603.28113348248,1399.45314441959,449.775112443778
1906.53740989311,1193.13944817301,419.790104947526
464.827243350733,1546.10986825752,449.775112443778
574.198359433259,1036.5398956003,449.775112443778
683.569475515784,616.455381556053,449.775112443778
884.911757394979,554.312701963709,449.775112443778
989.311459110117,787.969177230922,449.775112443778
1001.73999502859,1198.11086254039,464.767616191904
1048.96843151877,1899.08028834203,449.775112443778
1066.36838180462,1543.62416107383,449.775112443778
1083.76833209048,1175.73949788715,449.775112443778
1213.02510564256,1039.02560278399,464.767616191904
1237.88217747949,1993.5371613224,434.782608695652
1237.88217747949,1978.62291822023,449.775112443778
1312.45339299031,2020.87994034303,434.782608695652
1332.33905045986,1439.22445935869,449.775112443778
1354.7104151131,2028.33706189411,464.767616191904
1481.48148148148,1792.1948794432,449.775112443778
1759.88068605518,1096.19686800895,464.767616191904
1991.0514541387,1213.02510564256,449.775112443778
2030.8227690778,956.997265722098,449.775112443778
2115.33681332339,775.540641312453,434.782608695652
1208.05369127517,1285.11061396967,449.775112443778
1384.53890131742,1464.08153119563,464.767616191904
1471.53865274671,1710.16654238131,479.76011994003
1553.5669898086,1317.42480735769,464.767616191904
1667.90952025851,1973.65150385285,464.767616191904
1687.79517772806,1257.76783494904,464.767616191904
1749.93785732041,1456.62440964454,464.767616191904
1839.42331593338,922.197365150385,464.767616191904
449.913000248571,1551.08128262491,464.767616191904
464.827243350733,1096.19686800895,494.752623688156
474.770072085508,1295.05344270445,464.767616191904
519.512801391996,1073.8255033557,479.76011994003
526.969922943077,1389.51031568481,464.767616191904
594.084016902809,1565.99552572707,464.767616191904
604.026845637584,1543.62416107383,464.767616191904
604.026845637584,1548.59557544121,464.767616191904
621.42679592344,1424.31021625653,464.767616191904
656.226696495153,1424.31021625653,464.767616191904
668.655232413622,1436.73875217499,464.767616191904
673.626646781009,1076.3112105394,464.767616191904
678.598061148397,1071.33979617201,464.767616191904
708.426547352722,763.112105393985,464.767616191904
710.912254536416,768.083519761372,464.767616191904
720.855083271191,666.169525229928,494.752623688156
889.883171762366,1747.45215013671,464.767616191904
912.25453641561,1623.16679095203,464.767616191904
947.054436987323,1580.90976882923,464.767616191904
1001.73999502859,1819.53765846383,464.767616191904
1036.5398956003,1901.56599552573,464.767616191904
1111.11111111111,1789.70917225951,464.767616191904
1198.11086254039,1292.56773552076,464.767616191904
1227.93934874472,1983.59433258762,464.767616191904
1314.939100174,1921.45165299528,479.76011994003
1538.65274670644,1061.39696743724,494.752623688156
1869.25180213771,1354.7104151131,494.752623688156
1998.50857568978,1503.85284613473,479.76011994003
584.141188168034,1419.33880188914,479.76011994003
651.255282127765,1595.82401193139,479.76011994003
658.712403678847,1575.93835446184,479.76011994003
671.140939597315,1511.30996768581,479.76011994003
678.598061148397,1454.13870246085,479.76011994003
713.397961720109,1449.16728809346,494.752623688156
720.855083271191,1464.08153119563,479.76011994003
725.826497638578,1471.53865274671,479.76011994003
743.226447924435,1446.68158090977,479.76011994003
947.054436987323,1777.28063634104,479.76011994003
966.940094456873,1652.99527715635,479.76011994003
1004.22570221228,1610.73825503356,479.76011994003
1091.22545364156,1931.39448173005,479.76011994003
1111.11111111111,1578.42406164554,479.76011994003
1198.11086254039,494.655729555058,494.752623688156
1252.79642058166,1322.39622172508,479.76011994003
1424.31021625653,1692.76659209545,494.752623688156
1546.10986825752,1046.48272433507,494.752623688156
1906.53740989311,1210.53939845886,494.752623688156
554.312701963709,1419.33880188914,494.752623688156
621.42679592344,1595.82401193139,494.752623688156
631.369624658215,1575.93835446184,494.752623688156
646.283867760378,1456.62440964454,494.752623688156
643.798160576684,1516.28138205319,494.752623688156
646.283867760378,1508.82426050211,494.752623688156
698.483718617947,1469.05294556301,494.752623688156
700.969425801641,1456.62440964454,494.752623688156
710.912254536416,768.083519761372,494.752623688156
710.912254536416,1702.70942083023,494.752623688156
850.111856823266,1695.25229927915,494.752623688156
919.711657966692,1779.76634352473,494.752623688156
976.882923191648,1613.22396221725,494.752623688156
976.882923191648,1605.76684066617,494.752623688156
1193.13944817301,1056.42555306985,509.745127436282
1227.93934874472,1322.39622172508,494.752623688156
1446.68158090977,1660.45239870743,509.745127436282
1469.05294556301,601.54113845389,509.745127436282
1563.50981854338,1578.42406164554,524.737631184408
1685.30947054437,1784.73775789212,509.745127436282
1717.62366393239,1083.76833209048,524.737631184408
1737.50932140194,768.083519761372,509.745127436282
579.169773800646,1416.85309470544,509.745127436282
646.283867760378,1595.82401193139,509.745127436282
656.226696495153,1575.93835446184,509.745127436282
668.655232413622,1513.7956748695,509.745127436282
673.626646781009,1459.11011682824,509.745127436282
723.340790454884,1456.62440964454,509.745127436282
735.769326373353,1705.19512801392,509.745127436282
740.740740740741,1446.68158090977,509.745127436282
743.226447924435,1523.73850360428,509.745127436282
869.997514292816,1809.59482972906,509.745127436282
874.968928660204,1697.73800646284,509.745127436282
944.568729803629,1779.76634352473,509.745127436282
1001.73999502859,1610.73825503356,509.745127436282
1101.16828237634,1824.50907283122,509.745127436282
1188.16803380562,932.14019388516,524.737631184408
1250.31071339796,1324.88192890877,509.745127436282
1565.99552572707,1526.22421078797,509.745127436282
584.141188168034,1595.82401193139,524.737631184408
604.026845637584,1516.28138205319,524.737631184408
608.998260004971,1456.62440964454,524.737631184408
661.19811086254,1456.62440964454,524.737631184408
671.140939597315,1705.19512801392,524.737631184408
673.626646781009,1444.19587372608,524.737631184408
678.598061148397,1446.68158090977,524.737631184408
807.854834700472,1809.59482972906,524.737631184408
810.340541884166,1697.73800646284,524.737631184408
879.940343027591,1779.76634352473,524.737631184408
899.826000497141,986.825751926423,554.72263868066
1036.5398956003,1824.50907283122,524.737631184408
1066.36838180462,1854.33755903555,524.737631184408
1551.08128262491,1603.28113348248,539.730134932534
1575.93835446184,1593.3383047477,539.730134932534
1605.76684066617,1210.53939845886,569.715142428786
666.169525229928,1662.93810589113,539.730134932534
671.140939597315,1655.48098434004,539.730134932534
673.626646781009,1660.45239870743,539.730134932534
810.340541884166,1650.50956997266,539.730134932534
1036.5398956003,1779.76634352473,539.730134932534
1066.36838180462,1809.59482972906,539.730134932534
1203.08227690778,1710.16654238131,539.730134932534
1270.19637086751,1657.96669152374,539.730134932534
1272.68207805121,1155.8538404176,554.72263868066
1598.30971911509,1039.02560278399,569.715142428786
1098.68257519264,1824.50907283122,554.72263868066
1130.99676858066,1854.33755903555,554.72263868066
1262.73924931643,1543.62416107383,554.72263868066
1267.71066368382,1754.9092716878,554.72263868066
1267.71066368382,1762.36639323888,554.72263868066
1518.76708923689,1387.02460850112,569.715142428786
1021.62565249814,1657.96669152374,569.715142428786
1150.88242605021,1561.02411135968,569.715142428786
1227.93934874472,1720.10937111608,569.715142428786
1230.42505592841,1513.7956748695,569.715142428786
1232.91076311211,1727.56649266716,569.715142428786
1302.51056425553,994.282873477504,584.707646176912
1411.88168033806,1411.88168033806,599.700149925038
1511.30996768581,1556.05269699229,599.700149925038
1521.25279642058,1556.05269699229,584.707646176912
1528.70991797166,1538.65274670644,584.707646176912
1039.02560278399,1687.79517772806,584.707646176912
1165.79666915237,1595.82401193139,584.707646176912
1252.79642058166,1757.39497887149,584.707646176912
1523.73850360428,1568.48123291076,599.700149925038
1625.65249813572,1459.11011682824,599.700149925038
1242.85359184688,1359.68182948049,614.692653673163
1262.73924931643,1396.96743723589,599.700149925038
1506.33855331842,1541.13845389013,614.692653673163
1118.56823266219,1583.39547601293,614.692653673163
1220.48222719364,1387.02460850112,614.692653673163
