47.2284364901815,1225.45364156102,29.9850074962519
54.6855580412627,1720.10937111608,14.9925037481259
54.6855580412627,2473.27864777529,29.9850074962519
67.1140939597315,2480.73576932637,14.9925037481259
67.1140939597315,2463.33581904052,14.9925037481259
79.5426298782003,1220.48222719364,14.9925037481259
89.4854586129754,668.655232413622,14.9925037481259
86.9997514292816,969.425801640567,14.9925037481259
94.4568729803629,509.569972657221,14.9925037481259
106.885408898832,956.997265722098,14.9925037481259
193.885160328113,2309.2219736515,14.9925037481259
228.685060899826,539.398458861546,29.9850074962519
323.141933880189,1933.88018891375,14.9925037481259
375.341784737758,2125.27964205817,14.9925037481259
375.341784737758,1936.36589609744,14.9925037481259
474.770072085508,1066.36838180462,29.9850074962519
507.084265473527,616.455381556053,14.9925037481259
551.826994780015,2239.62217250808,14.9925037481259
554.312701963709,554.312701963709,14.9925037481259
571.712652249565,559.284116331096,29.9850074962519
584.141188168034,1486.45289584887,14.9925037481259
586.626895351728,1700.22371364653,29.9850074962519
621.42679592344,1516.28138205319,14.9925037481259
638.826746209297,638.826746209297,14.9925037481259
695.998011434253,996.768580661198,29.9850074962519
753.16927665921,1265.22495650012,29.9850074962519
768.083519761372,1245.33929903057,29.9850074962519
773.05493412876,1747.45215013671,29.9850074962519
991.797166293811,817.797663435247,29.9850074962519
1076.3112105394,904.797414864529,29.9850074962519
1126.02535421327,974.397216007954,29.9850074962519
1143.42530449913,974.397216007954,14.9925037481259
1190.65374098931,795.426298782004,14.9925037481259
1203.08227690778,807.854834700472,14.9925037481259
1217.99652000994,810.340541884166,29.9850074962519
1329.85334327616,2443.45016157097,14.9925037481259
1583.39547601293,929.654486701467,29.9850074962519
1600.79542629878,514.541387024609,14.9925037481259
1618.19537658464,509.569972657221,29.9850074962519
1628.13820531941,1016.65423813075,29.9850074962519
1692.76659209545,810.340541884166,29.9850074962519
1717.62366393239,1702.70942083023,29.9850074962519
1777.28063634104,2058.16554809843,14.9925037481259
1909.02311707681,2271.9363658961,14.9925037481259
1968.68008948546,1774.79492915735,14.9925037481259
2050.70842654735,1620.68108376833,14.9925037481259
2212.27939348745,2257.02212279394,29.9850074962519
0,2368.87894606015,29.9850074962519
22.3713646532438,2478.25006214268,44.9775112443778
27.3427790206314,1948.79443201591,44.9775112443778
49.7141436738752,1737.50932140194,29.9850074962519
59.6569724086503,812.82624906786,29.9850074962519
191.39945314442,1794.6805866269,44.9775112443778
218.742232165051,1155.8538404176,29.9850074962519
260.999254287845,1575.93835446184,59.9700149925037
482.22719363659,740.740740740741,29.9850074962519
519.512801391996,1516.28138205319,44.9775112443778
554.312701963709,559.284116331096,29.9850074962519
574.198359433259,894.854586129754,44.9775112443778
574.198359433259,879.940343027591,29.9850074962519
606.512552821278,879.940343027591,44.9775112443778
743.226447924435,1759.88068605518,29.9850074962519
745.712155108128,1247.82500621427,29.9850074962519
760.626398210291,1764.85210042257,44.9775112443778
961.968680089485,315.684812329108,44.9775112443778
1036.5398956003,2475.76435495899,29.9850074962519
1051.45413870246,494.655729555058,44.9775112443778
1066.36838180462,499.627143922446,44.9775112443778
1215.51081282625,2455.87869748944,44.9775112443778
1220.48222719364,2450.90728312205,44.9775112443778
1252.79642058166,1158.33954760129,29.9850074962519
1257.76783494904,1168.28237633607,29.9850074962519
1513.7956748695,1225.45364156102,29.9850074962519
1533.68133233905,1493.91001739995,44.9775112443778
1593.3383047477,2448.42157593835,29.9850074962519
1598.30971911509,1759.88068605518,29.9850074962519
1603.28113348248,539.398458861546,44.9775112443778
1675.36664180959,805.369127516779,44.9775112443778
1702.70942083023,1817.05195128014,29.9850074962519
1777.28063634104,2065.62266964952,29.9850074962519
1807.10912254536,860.054685558041,29.9850074962519
1814.56624409645,832.71190653741,29.9850074962519
1871.7375093214,1697.73800646284,29.9850074962519
1963.70867511807,1215.51081282625,29.9850074962519
34.7999005717127,1705.19512801392,44.9775112443778
34.7999005717127,964.454387273179,59.9700149925037
42.2570221227939,1687.79517772806,44.9775112443778
59.6569724086503,994.282873477504,44.9775112443778
72.0855083271191,1009.19711657967,44.9775112443778
196.370867511807,1235.3964702958,44.9775112443778
308.227690778026,1193.13944817301,44.9775112443778
355.456127268208,1200.59656972409,59.9700149925037
492.170022371365,703.455132985334,44.9775112443778
509.569972657221,2443.45016157097,44.9775112443778
536.912751677852,1503.85284613473,44.9775112443778
549.341287596321,1680.33805617698,59.9700149925037
594.084016902809,889.883171762366,44.9775112443778
601.54113845389,1337.31046482724,44.9775112443778
760.626398210291,1747.45215013671,44.9775112443778
807.854834700472,494.655729555058,44.9775112443778
812.82624906786,502.11285110614,44.9775112443778
865.026099925429,832.71190653741,44.9775112443778
865.026099925429,827.740492170022,44.9775112443778
991.797166293811,2247.07929405916,59.9700149925037
1056.42555306985,1327.36763609247,44.9775112443778
1093.71116082525,2413.62167536664,59.9700149925037
1270.19637086751,482.22719363659,59.9700149925037
1578.42406164554,1004.22570221228,59.9700149925037
1657.96669152374,2264.47924434502,59.9700149925037
1677.85234899329,2043.25130499627,44.9775112443778
1764.85210042257,1998.50857568978,59.9700149925037
1926.42306736266,2284.36490181457,44.9775112443778
1968.68008948546,1237.88217747949,44.9775112443778
2286.85060899826,2209.79368630375,44.9775112443778
64.6283867760378,1014.16853094705,74.9625187406297
111.856823266219,2145.16529952772,59.9700149925037
144.171016654238,1183.19661943823,59.9700149925037
188.913745960726,2396.22172508079,74.9625187406297
208.799403430276,2222.22222222222,59.9700149925037
333.084762614964,1359.68182948049,59.9700149925037
447.427293064877,1640.56674123788,59.9700149925037
556.798409147402,2433.50733283619,59.9700149925037
688.540889883172,1916.48023862789,59.9700149925037
845.140442455879,1528.70991797166,74.9625187406297
932.14019388516,1546.10986825752,59.9700149925037
1185.68232662192,1836.93760874969,74.9625187406297
1314.939100174,735.769326373353,59.9700149925037
1329.85334327616,740.740740740741,59.9700149925037
1414.36738752175,807.854834700472,59.9700149925037
1474.0243599304,1799.65200099428,59.9700149925037
1556.05269699229,812.82624906786,59.9700149925037
1620.68108376833,1966.19438230176,74.9625187406297
1809.59482972906,2174.99378573204,59.9700149925037
1896.59458115834,2393.73601789709,59.9700149925037
1941.33731046483,2431.0216256525,59.9700149925037
2368.87894606015,2120.30822769078,74.9625187406297
2398.70743226448,2182.45090728312,59.9700149925037
24.8570718369376,1409.39597315436,89.9550224887556
72.0855083271191,1113.5968182948,74.9625187406297
89.4854586129754,2040.76559781258,74.9625187406297
104.399701715138,1687.79517772806,74.9625187406297
121.799652000994,810.340541884166,89.9550224887556
139.199602286851,290.82774049217,74.9625187406297
169.028088491176,2075.56549838429,89.9550224887556
178.970917225951,1603.28113348248,74.9625187406297
246.085011185682,2038.27989062888,74.9625187406297
251.05642555307,2028.33706189411,74.9625187406297
290.82774049217,626.398210290828,74.9625187406297
298.284862043251,1384.53890131742,89.9550224887556
300.770569226945,2326.62192393736,74.9625187406297
395.227442207308,894.854586129754,89.9550224887556
449.913000248571,1648.02386278896,74.9625187406297
457.370121799652,971.911508824261,89.9550224887556
554.312701963709,439.970171513796,74.9625187406297
613.969674372359,889.883171762366,74.9625187406297
646.283867760378,671.140939597315,89.9550224887556
735.769326373353,1993.5371613224,74.9625187406297
735.769326373353,651.255282127765,74.9625187406297
735.769326373353,1188.16803380562,74.9625187406297
792.94059159831,1762.36639323888,74.9625187406297
884.911757394979,352.970420084514,74.9625187406297
889.883171762366,2309.2219736515,89.9550224887556
1014.16853094705,2450.90728312205,89.9550224887556
1043.99701715138,2416.10738255034,74.9625187406297
1071.33979617201,2423.56450410142,74.9625187406297
1081.28262490679,1662.93810589113,74.9625187406297
1175.73949788715,594.084016902809,89.9550224887556
1185.68232662192,1426.79592344022,74.9625187406297
1329.85334327616,688.540889883172,74.9625187406297
1332.33905045986,1155.8538404176,74.9625187406297
1339.79617201094,755.654983842903,74.9625187406297
1419.33880188914,2063.13696246582,74.9625187406297
1538.65274670644,2214.76510067114,74.9625187406297
1630.62391250311,1981.10862540393,74.9625187406297
1657.96669152374,912.25453641561,74.9625187406297
1677.85234899329,919.711657966692,74.9625187406297
1687.79517772806,1466.56723837932,74.9625187406297
1690.28088491176,1454.13870246085,74.9625187406297
1710.16654238131,2361.42182450907,89.9550224887556
1754.9092716878,2458.36440467313,74.9625187406297
1854.33755903555,1073.8255033557,89.9550224887556
1851.85185185185,1056.42555306985,74.9625187406297
1871.7375093214,1528.70991797166,74.9625187406297
1966.19438230176,1215.51081282625,74.9625187406297
1963.70867511807,1222.96793437733,74.9625187406297
2040.76559781258,2473.27864777529,89.9550224887556
2299.27914491673,2182.45090728312,89.9550224887556
129.256773552076,2309.2219736515,89.9550224887556
126.771066368382,1222.96793437733,89.9550224887556
144.171016654238,1404.42455878698,89.9550224887556
159.085259756401,2386.27889634601,104.947526236882
183.942331593338,1449.16728809346,89.9550224887556
303.256276410639,1372.11036539896,89.9550224887556
315.684812329108,2468.3072334079,104.947526236882
432.513049962714,211.28511061397,104.947526236882
576.684066616953,477.255779269202,104.947526236882
628.883917474521,869.997514292816,104.947526236882
678.598061148397,1585.88118319662,89.9550224887556
877.454635843898,1252.79642058166,104.947526236882
894.854586129754,1971.16579666915,89.9550224887556
934.625901068854,1871.7375093214,89.9550224887556
1006.71140939597,2204.82227193637,104.947526236882
1006.71140939597,2426.05021128511,89.9550224887556
1066.36838180462,1275.1677852349,104.947526236882
1178.22520507084,581.65548098434,104.947526236882
1290.08202833706,2480.73576932637,89.9550224887556
1466.56723837932,1986.08003977131,104.947526236882
1538.65274670644,872.48322147651,104.947526236882
1610.73825503356,2284.36490181457,104.947526236882
1660.45239870743,1227.93934874472,89.9550224887556
2348.9932885906,2184.93661446682,104.947526236882
2353.96470295799,1866.76609495401,104.947526236882
24.8570718369376,1812.08053691275,104.947526236882
268.456375838926,2229.6793437733,119.940029985007
285.856326124783,2224.70792940592,119.940029985007
298.284862043251,2259.50782997763,104.947526236882
335.570469798658,1648.02386278896,119.940029985007
343.027591349739,979.368630375342,119.940029985007
380.313199105145,884.911757394979,119.940029985007
420.084514044246,1367.13895103157,119.940029985007
425.055928411633,2045.73701217997,119.940029985007
457.370121799652,996.768580661198,119.940029985007
499.627143922446,1834.451901566,119.940029985007
521.99850857569,760.626398210291,104.947526236882
546.855580412627,589.112602535421,104.947526236882
564.255530698484,2152.6224210788,104.947526236882
571.712652249565,1797.16629381059,119.940029985007
616.455381556053,497.141436738752,104.947526236882
768.083519761372,932.14019388516,104.947526236882
867.511807109123,1451.65299527716,119.940029985007
877.454635843898,1257.76783494904,104.947526236882
924.683072334079,1598.30971911509,104.947526236882
944.568729803629,2460.85011185682,119.940029985007
1071.33979617201,1822.02336564753,104.947526236882
1088.73974645787,1921.45165299528,119.940029985007
1093.71116082525,1436.73875217499,104.947526236882
1123.53964702958,2480.73576932637,119.940029985007
1245.33929903057,1747.45215013671,119.940029985007
1394.4817300522,879.940343027591,119.940029985007
1608.25254784986,2266.96495152871,104.947526236882
1625.65249813572,2271.9363658961,104.947526236882
1797.16629381059,1610.73825503356,104.947526236882
1856.82326621924,1521.25279642058,104.947526236882
1923.93736017897,1459.11011682824,104.947526236882
1963.70867511807,2254.53641561024,119.940029985007
2222.22222222222,2269.4506587124,104.947526236882
69.5998011434253,350.48471290082,119.940029985007
106.885408898832,1856.82326621924,119.940029985007
178.970917225951,633.855331841909,134.932533733133
218.742232165051,1516.28138205319,119.940029985007
325.627641063883,981.854337559036,119.940029985007
352.970420084514,966.940094456873,119.940029985007
347.999005717127,991.797166293811,119.940029985007
362.913248819289,976.882923191648,119.940029985007
385.284613472533,2351.4789957743,119.940029985007
395.227442207308,869.997514292816,119.940029985007
395.227442207308,892.36887894606,119.940029985007
415.113099676858,1043.99701715138,119.940029985007
514.541387024609,1670.39522744221,134.932533733133
613.969674372359,517.027094208302,119.940029985007
631.369624658215,1195.6251553567,134.932533733133
728.312204822272,1573.45264727815,134.932533733133
750.683569475516,1148.39671886652,134.932533733133
862.540392741735,1439.22445935869,134.932533733133
884.911757394979,698.483718617947,119.940029985007
927.168779517773,2112.8511061397,134.932533733133
1103.65398956003,2468.3072334079,119.940029985007
1275.1677852349,695.998011434253,119.940029985007
1399.45314441959,2204.82227193637,119.940029985007
1396.96743723589,2137.70817797663,134.932533733133
1404.42455878698,2160.07954262988,119.940029985007
1600.79542629878,2271.9363658961,119.940029985007
1618.19537658464,1034.0541884166,119.940029985007
1650.50956997266,1958.73726075068,134.932533733133
1687.79517772806,2000.99428287348,119.940029985007
1809.59482972906,1237.88217747949,119.940029985007
1829.48048719861,2264.47924434502,119.940029985007
1918.96594581158,2443.45016157097,134.932533733133
2000.99428287348,2301.76485210042,134.932533733133
2115.33681332339,2229.6793437733,119.940029985007
2286.85060899826,1578.42406164554,119.940029985007
2301.76485210042,1971.16579666915,119.940029985007
2304.25055928412,2000.99428287348,119.940029985007
62.142679592344,1613.22396221725,134.932533733133
96.9425801640567,641.31245339299,134.932533733133
109.371116082525,623.912503107134,134.932533733133
154.113845389013,164.056674123788,134.932533733133
188.913745960726,1295.05344270445,134.932533733133
410.141685309471,571.712652249565,134.932533733133
541.88416604524,1787.22346507581,134.932533733133
581.65548098434,1926.42306736266,149.925037481259
919.711657966692,708.426547352722,134.932533733133
944.568729803629,899.826000497141,149.925037481259
1819.53765846383,1387.02460850112,134.932533733133
2383.79318916232,2048.22271936366,134.932533733133
69.5998011434253,2187.42232165051,149.925037481259
77.0569226945066,2187.42232165051,149.925037481259
104.399701715138,2170.02237136465,149.925037481259
106.885408898832,251.05642555307,149.925037481259
171.513795674869,191.39945314442,164.917541229385
171.513795674869,173.999502858563,149.925037481259
181.456624409645,173.999502858563,164.917541229385
278.399204573701,2170.02237136465,149.925037481259
288.342033308476,2155.10812826249,164.917541229385
313.199105145414,333.084762614964,149.925037481259
330.59905543127,2165.05095699727,149.925037481259
385.284613472533,1312.45339299031,149.925037481259
387.770320656227,1034.0541884166,164.917541229385
400.198856574696,2167.53666418096,149.925037481259
415.113099676858,822.769077802635,149.925037481259
459.855828983346,1899.08028834203,149.925037481259
487.198608003977,2105.39398458862,149.925037481259
526.969922943077,666.169525229928,149.925037481259
534.427044494159,738.255033557047,149.925037481259
579.169773800646,1006.71140939597,164.917541229385
586.626895351728,1021.62565249814,164.917541229385
596.569724086503,1001.73999502859,164.917541229385
678.598061148397,887.397464578673,149.925037481259
688.540889883172,2000.99428287348,149.925037481259
718.369376087497,1583.39547601293,149.925037481259
792.94059159831,688.540889883172,164.917541229385
822.769077802635,1183.19661943823,149.925037481259
860.054685558041,1155.8538404176,164.917541229385
966.940094456873,1429.28163062391,149.925037481259
976.882923191648,1414.36738752175,149.925037481259
986.825751926423,1598.30971911509,149.925037481259
994.282873477504,937.111608252548,164.917541229385
1051.45413870246,2065.62266964952,164.917541229385
1106.13969674372,1377.08177976634,149.925037481259
1113.5968182948,2035.79418344519,149.925037481259
1133.48247576436,2030.8227690778,149.925037481259
1208.05369127517,2102.90827740492,149.925037481259
1208.05369127517,2110.365398956,149.925037481259
1277.65349241859,1053.93984588615,149.925037481259
1304.99627143922,2160.07954262988,149.925037481259
1324.88192890877,2475.76435495899,149.925037481259
1476.51006711409,1772.30922197365,149.925037481259
1478.99577429779,1247.82500621427,149.925037481259
1508.82426050211,1677.85234899329,149.925037481259
1590.85259756401,2112.8511061397,149.925037481259
1595.82401193139,2097.93686303753,149.925037481259
1946.30872483221,2010.93711160825,149.925037481259
2083.02261993537,2237.13646532438,164.917541229385
2202.33656475267,1846.88043748446,149.925037481259
104.399701715138,613.969674372359,164.917541229385
109.371116082525,2160.07954262988,164.917541229385
109.371116082525,611.483967188665,164.917541229385
139.199602286851,258.513547104151,164.917541229385
335.570469798658,2155.10812826249,164.917541229385
382.798906288839,1314.939100174,194.902548725637
402.684563758389,223.713646532438,164.917541229385
407.655978125777,2157.59383544618,164.917541229385
464.827243350733,1891.62316679095,164.917541229385
601.54113845389,1016.65423813075,164.917541229385
641.31245339299,1551.08128262491,164.917541229385
646.283867760378,12.4285359184688,164.917541229385
691.026597066866,1993.5371613224,164.917541229385
889.883171762366,695.998011434253,164.917541229385
971.911508824261,1421.82450907283,164.917541229385
974.397216007954,1424.31021625653,164.917541229385
979.368630375342,1404.42455878698,179.910044977511
1111.11111111111,1372.11036539896,164.917541229385
1138.45389013174,2023.36564752672,164.917541229385
1175.73949788715,1978.62291822023,164.917541229385
1312.45339299031,1459.11011682824,179.910044977511
1324.88192890877,1436.73875217499,194.902548725637
1444.19587372608,2358.93611732538,164.917541229385
1451.65299527716,2353.96470295799,164.917541229385
1474.0243599304,1496.39572458364,179.910044977511
1476.51006711409,1600.79542629878,164.917541229385
1486.45289584887,1580.90976882923,179.910044977511
1513.7956748695,1300.02485707184,179.910044977511
1826.99478001491,1792.1948794432,164.917541229385
2005.96569724086,2242.10787969177,164.917541229385
2249.56500124285,1618.19537658464,179.910044977511
2440.96445438727,1841.90902311708,164.917541229385
37.2856077554064,2165.05095699727,179.910044977511
54.6855580412627,1344.76758637832,179.910044977511
72.0855083271191,2247.07929405916,194.902548725637
131.742480735769,1200.59656972409,179.910044977511
146.656723837932,991.797166293811,179.910044977511
154.113845389013,1285.11061396967,179.910044977511
156.599552572707,1660.45239870743,179.910044977511
159.085259756401,1655.48098434004,179.910044977511
159.085259756401,1665.42381307482,179.910044977511
164.056674123788,1662.93810589113,179.910044977511
203.827989062888,330.59905543127,179.910044977511
248.570718369376,1297.53914988814,179.910044977511
360.427541635595,1295.05344270445,194.902548725637
367.884663186677,2463.33581904052,194.902548725637
367.884663186677,1334.82475764355,179.910044977511
360.427541635595,1317.42480735769,209.895052473763
372.856077554064,1290.08202833706,194.902548725637
387.770320656227,1329.85334327616,194.902548725637
405.170270942083,2172.50807854835,179.910044977511
420.084514044246,1749.93785732041,179.910044977511
420.084514044246,1387.02460850112,194.902548725637
487.198608003977,1682.82376336068,194.902548725637
544.369873228934,837.683320904797,179.910044977511
549.341287596321,1118.56823266219,179.910044977511
691.026597066866,1772.30922197365,179.910044977511
852.59756400696,2386.27889634601,194.902548725637
865.026099925429,991.797166293811,179.910044977511
874.968928660204,1603.28113348248,194.902548725637
959.482972905792,1717.62366393239,179.910044977511
1043.99701715138,1183.19661943823,179.910044977511
1230.42505592841,1660.45239870743,194.902548725637
1295.05344270445,1722.59507829978,194.902548725637
1322.39622172508,1419.33880188914,194.902548725637
1454.13870246085,1364.65324384787,194.902548725637
1660.45239870743,1986.08003977131,179.910044977511
1722.59507829978,2393.73601789709,179.910044977511
2038.27989062888,2229.6793437733,194.902548725637
2386.27889634601,1399.45314441959,194.902548725637
2388.7646035297,1416.85309470544,179.910044977511
2388.7646035297,1732.53790703455,179.910044977511
2435.99304001989,1481.48148148148,179.910044977511
111.856823266219,1369.62465821526,194.902548725637
119.313944817301,1807.10912254536,194.902548725637
313.199105145414,1464.08153119563,194.902548725637
323.141933880189,2470.7929405916,194.902548725637
357.941834451902,1342.28187919463,194.902548725637
407.655978125777,1203.08227690778,194.902548725637
439.970171513796,1488.93860303256,194.902548725637
487.198608003977,1739.99502858563,194.902548725637
519.512801391996,1585.88118319662,194.902548725637
840.169028088491,2291.82202336565,194.902548725637
840.169028088491,2296.79343773304,194.902548725637
907.283122048223,2341.53616703952,194.902548725637
1091.22545364156,2329.10763112105,194.902548725637
1190.65374098931,2386.27889634601,209.895052473763
1200.59656972409,2373.85036042754,209.895052473763
1304.99627143922,1429.28163062391,209.895052473763
1454.13870246085,1434.2530449913,209.895052473763
1662.93810589113,2083.02261993537,209.895052473763
1996.02286850609,2065.62266964952,194.902548725637
2095.45115585384,1822.02336564753,194.902548725637
2234.65075814069,1610.73825503356,194.902548725637
2237.13646532438,1628.13820531941,209.895052473763
2351.4789957743,1257.76783494904,209.895052473763
2368.87894606015,1603.28113348248,194.902548725637
181.456624409645,2202.33656475267,209.895052473763
246.085011185682,201.342281879195,209.895052473763
256.027839920457,186.428038777032,209.895052473763
338.056176982351,119.313944817301,209.895052473763
357.941834451902,907.283122048223,224.887556221889
370.37037037037,1178.22520507084,224.887556221889
415.113099676858,1941.33731046483,209.895052473763
420.084514044246,2348.9932885906,224.887556221889
420.084514044246,1946.30872483221,209.895052473763
430.027342779021,29.8284862043251,209.895052473763
439.970171513796,2194.87944320159,209.895052473763
591.598309719115,1774.79492915735,209.895052473763
606.512552821278,1725.08078548347,209.895052473763
725.826497638578,1041.51130996769,224.887556221889
817.797663435247,2165.05095699727,224.887556221889
850.111856823266,2060.65125528213,224.887556221889
892.36887894606,91.9711657966692,209.895052473763
902.311707680835,899.826000497141,224.887556221889
1140.93959731544,1871.7375093214,224.887556221889
1178.22520507084,2386.27889634601,224.887556221889
1183.19661943823,2373.85036042754,209.895052473763
1252.79642058166,1889.13745960726,209.895052473763
1260.25354213274,1881.68033805618,209.895052473763
1280.13919960229,1389.51031568481,224.887556221889
1307.48197862292,1588.36689038031,224.887556221889
1441.71016654238,2172.50807854835,224.887556221889
1508.82426050211,1640.56674123788,209.895052473763
1807.10912254536,2090.47974148645,224.887556221889
1951.2801391996,1981.10862540393,209.895052473763
1951.2801391996,1876.70892368879,224.887556221889
2269.4506587124,2000.99428287348,209.895052473763
2341.53616703952,1488.93860303256,209.895052473763
2478.25006214268,1762.36639323888,224.887556221889
54.6855580412627,1906.53740989311,239.880059970015
99.4282873477504,1874.2232165051,224.887556221889
164.056674123788,1558.53840417599,239.880059970015
216.256524981357,1854.33755903555,239.880059970015
241.113596818295,1359.68182948049,224.887556221889
246.085011185682,755.654983842903,239.880059970015
285.856326124783,1956.25155356699,224.887556221889
295.799154859558,1946.30872483221,239.880059970015
330.59905543127,2083.02261993537,224.887556221889
355.456127268208,1304.99627143922,224.887556221889
380.313199105145,2087.99403430276,224.887556221889
395.227442207308,1911.5088242605,239.880059970015
417.598806860552,2358.93611732538,224.887556221889
444.941585881183,236.142182450907,239.880059970015
487.198608003977,1337.31046482724,239.880059970015
512.055679840915,251.05642555307,239.880059970015
517.027094208302,1779.76634352473,239.880059970015
594.084016902809,1063.88267462093,239.880059970015
626.398210290828,1692.76659209545,224.887556221889
651.255282127765,2291.82202336565,239.880059970015
678.598061148397,1061.39696743724,239.880059970015
770.569226945066,966.940094456873,239.880059970015
792.94059159831,2473.27864777529,239.880059970015
810.340541884166,2182.45090728312,224.887556221889
857.568978374347,2229.6793437733,239.880059970015
1031.56848123291,1891.62316679095,239.880059970015
1091.22545364156,2165.05095699727,239.880059970015
1091.22545364156,2177.47949291573,239.880059970015
1116.0825254785,2473.27864777529,239.880059970015
1158.33954760129,1861.79468058663,224.887556221889
1200.59656972409,1861.79468058663,239.880059970015
1640.56674123788,2090.47974148645,224.887556221889
2167.53666418096,1918.96594581158,239.880059970015
17.3999502858563,1205.56798409147,254.872563718141
34.7999005717127,1180.71091225454,239.880059970015
67.1140939597315,1496.39572458364,239.880059970015
74.5712155108128,1496.39572458364,239.880059970015
106.885408898832,2038.27989062888,254.872563718141
221.227939348745,1280.13919960229,239.880059970015
223.713646532438,256.027839920457,239.880059970015
298.284862043251,1966.19438230176,239.880059970015
303.256276410639,425.055928411633,254.872563718141
328.113348247576,1968.68008948546,254.872563718141
343.027591349739,1297.53914988814,254.872563718141
589.112602535421,1227.93934874472,254.872563718141
621.42679592344,1387.02460850112,254.872563718141
658.712403678847,104.399701715138,239.880059970015
695.998011434253,1058.91126025354,254.872563718141
738.255033557047,1314.939100174,254.872563718141
894.854586129754,1585.88118319662,254.872563718141
974.397216007954,1904.05170270942,254.872563718141
1019.13994531444,2353.96470295799,254.872563718141
1048.96843151877,89.4854586129754,239.880059970015
1071.33979617201,91.9711657966692,254.872563718141
1096.19686800895,2478.25006214268,254.872563718141
1270.19637086751,1367.13895103157,254.872563718141
1372.11036539896,2050.70842654735,239.880059970015
1374.59607258265,2058.16554809843,239.880059970015
1516.28138205319,1720.10937111608,254.872563718141
1665.42381307482,2085.50832711907,239.880059970015
1884.16604523987,2060.65125528213,254.872563718141
1894.10887397465,2048.22271936366,254.872563718141
2112.8511061397,1854.33755903555,239.880059970015
2366.39323887646,1759.88068605518,239.880059970015
7.45712155108128,1270.19637086751,254.872563718141
22.3713646532438,1178.22520507084,254.872563718141
24.8570718369376,1193.13944817301,254.872563718141
134.228187919463,1352.22470792941,269.865067466267
159.085259756401,1126.02535421327,254.872563718141
208.799403430276,1936.36589609744,269.865067466267
298.284862043251,564.255530698484,254.872563718141
310.71339796172,1610.73825503356,254.872563718141
345.513298533433,2152.6224210788,269.865067466267
412.627392493164,1048.96843151877,254.872563718141
434.998757146408,365.398956002983,254.872563718141
479.741486452896,1377.08177976634,254.872563718141
536.912751677852,2259.50782997763,269.865067466267
623.912503107134,1588.36689038031,254.872563718141
715.883668903803,1687.79517772806,269.865067466267
845.140442455879,2378.82177479493,269.865067466267
850.111856823266,2363.90753169277,269.865067466267
1086.25403927417,1451.65299527716,269.865067466267
1126.02535421327,2388.7646035297,254.872563718141
1135.96818294805,2373.85036042754,254.872563718141
1145.91101168282,2391.2503107134,254.872563718141
1232.91076311211,1909.02311707681,254.872563718141
1379.56748695004,2058.16554809843,254.872563718141
1379.56748695004,2053.19413373105,254.872563718141
1963.70867511807,2070.5940840169,269.865067466267
1983.59433258762,2058.16554809843,269.865067466267
2269.4506587124,1053.93984588615,269.865067466267
2271.9363658961,1029.08277404922,269.865067466267
2373.85036042754,1759.88068605518,254.872563718141
290.82774049217,310.71339796172,269.865067466267
303.256276410639,693.512304250559,269.865067466267
417.598806860552,2155.10812826249,269.865067466267
432.513049962714,2145.16529952772,269.865067466267
556.798409147402,1195.6251553567,269.865067466267
569.226945065871,1178.22520507084,269.865067466267
725.826497638578,1682.82376336068,269.865067466267
725.826497638578,1692.76659209545,269.865067466267
745.712155108128,1449.16728809346,269.865067466267
785.483470047228,1747.45215013671,269.865067466267
840.169028088491,1789.70917225951,269.865067466267
902.311707680835,1580.90976882923,269.865067466267
971.911508824261,2023.36564752672,269.865067466267
1744.96644295302,1742.48073576933,284.857571214393
1824.50907283122,2132.73676360925,269.865067466267
1889.13745960726,2028.33706189411,284.857571214393
2060.65125528213,1931.39448173005,269.865067466267
2100.42257022123,961.968680089485,269.865067466267
2107.87969177231,2060.65125528213,269.865067466267
2182.45090728312,1742.48073576933,269.865067466267
2284.36490181457,1066.36838180462,269.865067466267
2296.79343773304,1051.45413870246,269.865067466267
2301.76485210042,1396.96743723589,284.857571214393
2378.82177479493,718.369376087497,269.865067466267
2388.7646035297,1692.76659209545,284.857571214393
79.5426298782003,1332.33905045986,284.857571214393
176.485210042257,1309.96768580661,284.857571214393
218.742232165051,1029.08277404922,284.857571214393
280.884911757395,300.770569226945,284.857571214393
340.541884166045,623.912503107134,284.857571214393
357.941834451902,1754.9092716878,284.857571214393
380.313199105145,2152.6224210788,284.857571214393
392.741735023614,2105.39398458862,284.857571214393
462.34153616704,2055.67984091474,284.857571214393
546.855580412627,1183.19661943823,284.857571214393
561.76982351479,1165.79666915237,284.857571214393
643.798160576684,564.255530698484,284.857571214393
668.655232413622,571.712652249565,284.857571214393
681.08376833209,1623.16679095203,284.857571214393
686.055182699478,1419.33880188914,284.857571214393
688.540889883172,1645.53815560527,284.857571214393
708.426547352722,1411.88168033806,284.857571214393
718.369376087497,2371.36465324385,284.857571214393
748.197862291822,1707.68083519761,284.857571214393
758.140691026597,280.884911757395,284.857571214393
802.883420333085,1752.4235645041,284.857571214393
812.82624906786,2329.10763112105,284.857571214393
932.14019388516,1986.08003977131,284.857571214393
942.083022619935,1426.79592344022,284.857571214393
1021.62565249814,2145.16529952772,284.857571214393
1031.56848123291,2132.73676360925,284.857571214393
1043.99701715138,2145.16529952772,284.857571214393
1048.96843151877,1414.36738752175,284.857571214393
1188.16803380562,1913.9945314442,284.857571214393
1225.45364156102,1946.30872483221,299.850074962519
1563.50981854338,121.799652000994,284.857571214393
1705.19512801392,1648.02386278896,284.857571214393
1752.4235645041,263.484961471539,284.857571214393
1854.33755903555,2087.99403430276,284.857571214393
1909.02311707681,1439.22445935869,284.857571214393
1911.5088242605,1429.28163062391,299.850074962519
2055.67984091474,835.197613721104,284.857571214393
2092.96544867015,949.540144171017,284.857571214393
2102.90827740492,2058.16554809843,284.857571214393
2147.65100671141,1598.30971911509,299.850074962519
2261.99353716132,1039.02560278399,284.857571214393
2266.96495152871,1016.65423813075,284.857571214393
2286.85060899826,1039.02560278399,284.857571214393
2423.56450410142,479.741486452896,284.857571214393
2440.96445438727,1175.73949788715,284.857571214393
2445.93586875466,1585.88118319662,284.857571214393
213.770817797663,1342.28187919463,299.850074962519
260.999254287845,1938.85160328113,299.850074962519
295.799154859558,2008.45140442456,299.850074962519
392.741735023614,1789.70917225951,299.850074962519
434.998757146408,186.428038777032,299.850074962519
502.11285110614,2087.99403430276,299.850074962519
554.312701963709,1195.6251553567,299.850074962519
564.255530698484,1113.5968182948,299.850074962519
611.483967188665,2227.19363658961,314.842578710645
691.026597066866,109.371116082525,299.850074962519
695.998011434253,1874.2232165051,299.850074962519
705.940840169028,469.798657718121,299.850074962519
705.940840169028,1324.88192890877,299.850074962519
725.826497638578,454.884414615958,314.842578710645
733.283619189659,1491.42431021626,314.842578710645
787.969177230922,1737.50932140194,299.850074962519
840.169028088491,1787.22346507581,299.850074962519
981.854337559036,1459.11011682824,299.850074962519
1058.91126025354,2177.47949291573,299.850074962519
1071.33979617201,2194.87944320159,299.850074962519
1068.85408898832,2165.05095699727,299.850074962519
1078.79691772309,2207.30797912006,299.850074962519
1083.76833209048,2177.47949291573,299.850074962519
1111.11111111111,2157.59383544618,299.850074962519
1568.48123291076,129.256773552076,299.850074962519
1583.39547601293,136.713895103157,299.850074962519
1598.30971911509,1680.33805617698,314.842578710645
2058.16554809843,845.140442455879,299.850074962519
2179.96520009943,1061.39696743724,314.842578710645
2373.85036042754,636.341039025603,299.850074962519
166.542381307482,1836.93760874969,314.842578710645
186.428038777032,1851.85185185185,314.842578710645
280.884911757395,1630.62391250311,314.842578710645
474.770072085508,1399.45314441959,314.842578710645
487.198608003977,183.942331593338,314.842578710645
507.084265473527,1483.96718866518,314.842578710645
514.541387024609,1483.96718866518,314.842578710645
586.626895351728,1128.51106139697,314.842578710645
641.31245339299,2030.8227690778,329.835082458771
648.769574944072,397.713149391002,329.835082458771
698.483718617947,1551.08128262491,314.842578710645
708.426547352722,116.828237633607,314.842578710645
728.312204822272,797.912005965697,314.842578710645
768.083519761372,1461.59582401193,329.835082458771
872.48322147651,1193.13944817301,314.842578710645
974.397216007954,62.142679592344,314.842578710645
1076.3112105394,144.171016654238,314.842578710645
1319.91051454139,472.284364901815,329.835082458771
1531.19562515536,541.88416604524,329.835082458771
1608.25254784986,166.542381307482,314.842578710645
1861.79468058663,1389.51031568481,314.842578710645
1911.5088242605,994.282873477504,314.842578710645
1996.02286850609,1043.99701715138,329.835082458771
2060.65125528213,1220.48222719364,329.835082458771
2092.96544867015,59.6569724086503,329.835082458771
2105.39398458862,211.28511061397,314.842578710645
2165.05095699727,99.4282873477504,314.842578710645
2172.50807854835,1043.99701715138,329.835082458771
2179.96520009943,1091.22545364156,314.842578710645
2192.3937360179,1093.71116082525,329.835082458771
2199.85085756898,1078.79691772309,329.835082458771
2217.25080785483,601.54113845389,314.842578710645
2334.07904548844,551.826994780015,329.835082458771
2455.87869748944,775.540641312453,329.835082458771
154.113845389013,1043.99701715138,344.827586206897
251.05642555307,1367.13895103157,329.835082458771
275.913497390007,1257.76783494904,329.835082458771
489.684315187671,188.913745960726,329.835082458771
494.655729555058,186.428038777032,329.835082458771
499.627143922446,1782.25205070843,329.835082458771
504.598558289833,1327.36763609247,329.835082458771
683.569475515784,1874.2232165051,329.835082458771
705.940840169028,121.799652000994,329.835082458771
830.226199353716,1488.93860303256,344.827586206897
927.168779517773,1983.59433258762,344.827586206897
939.597315436242,1876.70892368879,329.835082458771
937.111608252548,1829.48048719861,329.835082458771
942.083022619935,2005.96569724086,329.835082458771
1036.5398956003,1799.65200099428,344.827586206897
1048.96843151877,1809.59482972906,344.827586206897
1056.42555306985,402.684563758389,329.835082458771
1063.88267462093,2391.2503107134,329.835082458771
1063.88267462093,134.228187919463,329.835082458771
1066.36838180462,387.770320656227,329.835082458771
1081.28262490679,397.713149391002,344.827586206897
1106.13969674372,385.284613472533,329.835082458771
1118.56823266219,2269.4506587124,344.827586206897
1190.65374098931,96.9425801640567,329.835082458771
1198.11086254039,67.1140939597315,329.835082458771
1570.96694009446,529.455630126771,344.827586206897
1603.28113348248,64.6283867760378,344.827586206897
1618.19537658464,775.540641312453,344.827586206897
1849.36614466816,144.171016654238,344.827586206897
1859.30897340293,1797.16629381059,344.827586206897
1911.5088242605,347.999005717127,329.835082458771
1906.53740989311,1165.79666915237,344.827586206897
1921.45165299528,1153.36813323391,329.835082458771
1918.96594581158,385.284613472533,344.827586206897
1928.90877454636,365.398956002983,329.835082458771
2005.96569724086,1506.33855331842,344.827586206897
2008.45140442456,1966.19438230176,344.827586206897
2167.53666418096,1073.8255033557,329.835082458771
2179.96520009943,283.370618941089,329.835082458771
2182.45090728312,1076.3112105394,329.835082458771
2182.45090728312,1034.0541884166,344.827586206897
2192.3937360179,1051.45413870246,344.827586206897
2197.36515038528,1058.91126025354,329.835082458771
2463.33581904052,860.054685558041,329.835082458771
536.912751677852,616.455381556053,359.820089955023
551.826994780015,1528.70991797166,359.820089955023
571.712652249565,710.912254536416,344.827586206897
581.65548098434,509.569972657221,359.820089955023
601.54113845389,256.027839920457,344.827586206897
618.941088739746,2179.96520009943,344.827586206897
628.883917474521,2179.96520009943,344.827586206897
648.769574944072,1436.73875217499,344.827586206897
745.712155108128,1777.28063634104,344.827586206897
750.683569475516,216.256524981357,344.827586206897
924.683072334079,22.3713646532438,344.827586206897
932.14019388516,1874.2232165051,344.827586206897
932.14019388516,1826.99478001491,344.827586206897
1140.93959731544,226.199353716132,359.820089955023
1210.53939845886,589.112602535421,344.827586206897
1511.30996768581,2242.10787969177,344.827586206897
1565.99552572707,648.769574944072,344.827586206897
1625.65249813572,2073.0797912006,359.820089955023
1690.28088491176,730.797912005966,344.827586206897
1697.73800646284,733.283619189659,344.827586206897
1744.96644295302,952.02585135471,344.827586206897
1769.82351478996,730.797912005966,359.820089955023
1946.30872483221,1737.50932140194,344.827586206897
1958.73726075068,969.425801640567,359.820089955023
1961.22296793438,984.340044742729,359.820089955023
2048.22271936366,1943.82301764852,344.827586206897
2055.67984091474,218.742232165051,359.820089955023
2132.73676360925,1004.22570221228,344.827586206897
2140.19388516033,1826.99478001491,359.820089955023
2184.93661446682,273.427790206314,359.820089955023
2202.33656475267,1188.16803380562,359.820089955023
2199.85085756898,991.797166293811,359.820089955023
2411.13596818295,531.941337310465,359.820089955023
2475.76435495899,114.342530449913,344.827586206897
191.39945314442,1511.30996768581,374.812593703148
380.313199105145,1180.71091225454,374.812593703148
487.198608003977,474.770072085508,374.812593703148
549.341287596321,608.998260004971,359.820089955023
561.76982351479,599.055431270196,374.812593703148
611.483967188665,989.311459110117,374.812593703148
646.283867760378,1066.36838180462,359.820089955023
656.226696495153,1439.22445935869,359.820089955023
663.683818046234,718.369376087497,359.820089955023
820.283370618941,1183.19661943823,374.812593703148
857.568978374347,2120.30822769078,359.820089955023
869.997514292816,2117.82252050708,374.812593703148
1158.33954760129,228.685060899826,359.820089955023
1265.22495650012,2065.62266964952,359.820089955023
1339.79617201094,678.598061148397,359.820089955023
1349.73900074571,2040.76559781258,359.820089955023
1349.73900074571,241.113596818295,374.812593703148
1367.13895103157,320.656226696495,359.820089955023
1513.7956748695,2115.33681332339,359.820089955023
1523.73850360428,2100.42257022123,359.820089955023
1531.19562515536,2120.30822769078,359.820089955023
1541.13845389013,2105.39398458862,374.812593703148
1565.99552572707,683.569475515784,374.812593703148
1598.30971911509,869.997514292816,359.820089955023
1650.50956997266,579.169773800646,374.812593703148
1807.10912254536,420.084514044246,374.812593703148
1948.79443201591,1111.11111111111,359.820089955023
1958.73726075068,1121.05393984589,359.820089955023
1961.22296793438,136.713895103157,359.820089955023
1961.22296793438,954.511558538404,374.812593703148
2090.47974148645,698.483718617947,359.820089955023
2147.65100671141,176.485210042257,374.812593703148
2167.53666418096,1595.82401193139,359.820089955023
2184.93661446682,1170.76808351976,359.820089955023
2184.93661446682,1068.85408898832,359.820089955023
2194.87944320159,1210.53939845886,359.820089955023
2207.30797912006,1165.79666915237,359.820089955023
2276.90778026349,912.25453641561,374.812593703148
2421.07879691772,546.855580412627,359.820089955023
2445.93586875466,924.683072334079,359.820089955023
193.885160328113,1528.70991797166,374.812593703148
477.255779269202,305.741983594333,374.812593703148
606.512552821278,497.141436738752,389.805097451274
780.512055679841,812.82624906786,374.812593703148
855.083271190654,2125.27964205817,374.812593703148
952.02585135471,984.340044742729,389.805097451274
986.825751926423,2087.99403430276,374.812593703148
1103.65398956003,2189.9080288342,374.812593703148
1133.48247576436,2122.79393487447,374.812593703148
1240.36788466319,69.5998011434253,374.812593703148
1247.82500621427,39.7713149391002,374.812593703148
1267.71066368382,860.054685558041,374.812593703148
1295.05344270445,77.0569226945066,374.812593703148
1374.59607258265,1071.33979617201,374.812593703148
1429.28163062391,695.998011434253,389.805097451274
1441.71016654238,275.913497390007,374.812593703148
1491.42431021626,2058.16554809843,374.812593703148
1526.22421078797,2140.19388516033,374.812593703148
1665.42381307482,959.482972905792,374.812593703148
1772.30922197365,57.1712652249565,374.812593703148
1819.53765846383,1886.65175242356,389.805097451274
1824.50907283122,434.998757146408,374.812593703148
1904.05170270942,1170.76808351976,374.812593703148
1904.05170270942,1309.96768580661,389.805097451274
1904.05170270942,1083.76833209048,389.805097451274
2174.99378573204,338.056176982351,374.812593703148
193.885160328113,1521.25279642058,389.805097451274
211.28511061397,1498.88143176734,389.805097451274
472.284364901815,295.799154859558,389.805097451274
492.170022371365,293.313447675864,404.7976011994
499.627143922446,275.913497390007,389.805097451274
589.112602535421,228.685060899826,404.7976011994
705.940840169028,1623.16679095203,404.7976011994
750.683569475516,1677.85234899329,404.7976011994
773.05493412876,318.170519512801,389.805097451274
869.997514292816,2110.365398956,389.805097451274
919.711657966692,1575.93835446184,389.805097451274
984.340044742729,2075.56549838429,389.805097451274
989.311459110117,2078.05120556798,389.805097451274
1004.22570221228,877.454635843898,404.7976011994
1168.28237633607,2040.76559781258,404.7976011994
1193.13944817301,2060.65125528213,389.805097451274
1237.88217747949,59.6569724086503,389.805097451274
1247.82500621427,303.256276410639,404.7976011994
1250.31071339796,52.199850857569,389.805097451274
1265.22495650012,852.59756400696,389.805097451274
1372.11036539896,1063.88267462093,389.805097451274
1404.42455878698,1928.90877454636,404.7976011994
1419.33880188914,285.856326124783,389.805097451274
1436.73875217499,265.970668655232,389.805097451274
1593.3383047477,1869.25180213771,389.805097451274
1598.30971911509,1844.39473030077,404.7976011994
1725.08078548347,1481.48148148148,404.7976011994
1784.73775789212,1277.65349241859,404.7976011994
1826.99478001491,1011.68282376336,404.7976011994
1869.25180213771,42.2570221227939,389.805097451274
1904.05170270942,1160.82525478499,389.805097451274
1909.02311707681,1106.13969674372,389.805097451274
2135.22247079294,1623.16679095203,404.7976011994
2137.70817797663,1275.1677852349,389.805097451274
2170.02237136465,810.340541884166,404.7976011994
2172.50807854835,365.398956002983,404.7976011994
2182.45090728312,546.855580412627,404.7976011994
2182.45090728312,822.769077802635,404.7976011994
2187.42232165051,564.255530698484,404.7976011994
2289.33631618195,1523.73850360428,404.7976011994
2478.25006214268,1267.71066368382,404.7976011994
536.912751677852,1521.25279642058,404.7976011994
549.341287596321,1416.85309470544,419.790104947526
579.169773800646,1774.79492915735,419.790104947526
606.512552821278,1372.11036539896,419.790104947526
708.426547352722,1608.25254784986,419.790104947526
857.568978374347,1869.25180213771,419.790104947526
1230.42505592841,47.2284364901815,404.7976011994
1255.28212776535,1208.05369127517,404.7976011994
1260.25354213274,1190.65374098931,404.7976011994
1267.71066368382,1205.56798409147,404.7976011994
1267.71066368382,1193.13944817301,404.7976011994
1396.96743723589,1923.93736017897,404.7976011994
1456.62440964454,422.570221227939,419.790104947526
1456.62440964454,1600.79542629878,404.7976011994
1459.11011682824,1618.19537658464,404.7976011994
1464.08153119563,1292.56773552076,419.790104947526
1476.51006711409,1615.70966940094,404.7976011994
1478.99577429779,1598.30971911509,419.790104947526
1483.96718866518,412.627392493164,404.7976011994
1523.73850360428,479.741486452896,419.790104947526
1590.85259756401,1829.48048719861,404.7976011994
1600.79542629878,1812.08053691275,404.7976011994
1620.68108376833,636.341039025603,404.7976011994
1938.85160328113,531.941337310465,404.7976011994
2204.82227193637,1200.59656972409,404.7976011994
2271.9363658961,862.540392741735,419.790104947526
2324.13621675367,847.626149639573,419.790104947526
2334.07904548844,149.142431021626,419.790104947526
335.570469798658,1200.59656972409,434.782608695652
584.141188168034,554.312701963709,419.790104947526
621.42679592344,1762.36639323888,434.782608695652
817.797663435247,529.455630126771,434.782608695652
932.14019388516,1807.10912254536,434.782608695652
1121.05393984589,223.713646532438,434.782608695652
1121.05393984589,2018.39423315933,434.782608695652
1287.59632115337,1715.13795674869,434.782608695652
1352.22470792941,211.28511061397,419.790104947526
1354.7104151131,193.885160328113,434.782608695652
1374.59607258265,206.313696246582,434.782608695652
1451.65299527716,1295.05344270445,434.782608695652
1456.62440964454,1593.3383047477,434.782608695652
1464.08153119563,1275.1677852349,419.790104947526
1469.05294556301,1608.25254784986,419.790104947526
1469.05294556301,1302.51056425553,434.782608695652
1481.48148148148,1290.08202833706,419.790104947526
1483.96718866518,1312.45339299031,434.782608695652
1536.16703952274,1287.59632115337,419.790104947526
1570.96694009446,1506.33855331842,449.775112443778
1747.45215013671,1426.79592344022,419.790104947526
1807.10912254536,750.683569475516,434.782608695652
1901.56599552573,1531.19562515536,419.790104947526
1901.56599552573,434.998757146408,434.782608695652
1918.96594581158,19.8856574695501,419.790104947526
1966.19438230176,178.970917225951,419.790104947526
2023.36564752672,499.627143922446,434.782608695652
2110.365398956,845.140442455879,434.782608695652
2311.7076808352,748.197862291822,449.775112443778
1235.3964702958,1483.96718866518,449.775112443778
1242.85359184688,288.342033308476,449.775112443778
1300.02485707184,1787.22346507581,449.775112443778
1382.05319413373,1369.62465821526,434.782608695652
1486.45289584887,1108.62540392742,434.782608695652
1528.70991797166,1285.11061396967,434.782608695652
1628.13820531941,636.341039025603,449.775112443778
1886.65175242356,422.570221227939,434.782608695652
1899.08028834203,69.5998011434253,434.782608695652
1896.59458115834,1528.70991797166,434.782608695652
2040.76559781258,293.313447675864,434.782608695652
2048.22271936366,1101.16828237634,449.775112443778
2053.19413373105,633.855331841909,434.782608695652
2058.16554809843,1123.53964702958,449.775112443778
2092.96544867015,845.140442455879,449.775112443778
2115.33681332339,161.570966940094,449.775112443778
2319.16480238628,763.112105393985,449.775112443778
2348.9932885906,626.398210290828,449.775112443778
519.512801391996,1754.9092716878,449.775112443778
633.855331841909,1153.36813323391,449.775112443778
641.31245339299,499.627143922446,464.767616191904
658.712403678847,489.684315187671,464.767616191904
676.112353964703,1705.19512801392,464.767616191904
676.112353964703,1717.62366393239,464.767616191904
720.855083271191,556.798409147402,464.767616191904
852.59756400696,1792.1948794432,464.767616191904
989.311459110117,1255.28212776535,464.767616191904
1014.16853094705,1265.22495650012,464.767616191904
1014.16853094705,1884.16604523987,449.775112443778
1165.79666915237,763.112105393985,464.767616191904
1170.76808351976,2013.42281879195,464.767616191904
1352.22470792941,1290.08202833706,449.775112443778
1362.16753666418,1272.68207805121,449.775112443778
1424.31021625653,1817.05195128014,464.767616191904
2105.39398458862,544.369873228934,464.767616191904
2145.16529952772,1538.65274670644,464.767616191904
2189.9080288342,420.084514044246,464.767616191904
2301.76485210042,952.02585135471,464.767616191904
2353.96470295799,621.42679592344,449.775112443778
691.026597066866,1488.93860303256,479.76011994003
862.540392741735,1633.1096196868,464.767616191904
879.940343027591,1128.51106139697,464.767616191904
1290.08202833706,1605.76684066617,479.76011994003
1347.25329356202,1277.65349241859,464.767616191904
1362.16753666418,1287.59632115337,464.767616191904
1583.39547601293,1565.99552572707,479.76011994003
1628.13820531941,457.370121799652,479.76011994003
1953.7658463833,1528.70991797166,464.767616191904
1963.70867511807,1546.10986825752,479.76011994003
1996.02286850609,986.825751926423,464.767616191904
2030.8227690778,352.970420084514,494.752623688156
2408.65026099925,1058.91126025354,479.76011994003
569.226945065871,1580.90976882923,479.76011994003
758.140691026597,1357.19612229679,494.752623688156
817.797663435247,1126.02535421327,479.76011994003
874.968928660204,1610.73825503356,494.752623688156
902.311707680835,705.940840169028,479.76011994003
932.14019388516,556.798409147402,494.752623688156
984.340044742729,1707.68083519761,494.752623688156
991.797166293811,1652.99527715635,494.752623688156
1036.5398956003,594.084016902809,479.76011994003
1036.5398956003,362.913248819289,479.76011994003
1140.93959731544,775.540641312453,494.752623688156
1250.31071339796,44.7427293064877,479.76011994003
1314.939100174,1501.36713895103,479.76011994003
1362.16753666418,1531.19562515536,494.752623688156
1384.53890131742,1053.93984588615,479.76011994003
1389.51031568481,1396.96743723589,494.752623688156
1401.93885160328,260.999254287845,479.76011994003
1424.31021625653,939.597315436242,494.752623688156
1436.73875217499,1111.11111111111,479.76011994003
1541.13845389013,1501.36713895103,494.752623688156
1605.76684066617,437.484464330102,479.76011994003
1695.25229927915,937.111608252548,494.752623688156
1884.16604523987,1210.53939845886,479.76011994003
1928.90877454636,333.084762614964,494.752623688156
1976.13721103654,1533.68133233905,479.76011994003
2271.9363658961,924.683072334079,479.76011994003
2376.33606761124,981.854337559036,494.752623688156
658.712403678847,1088.73974645787,494.752623688156
735.769326373353,643.798160576684,494.752623688156
1039.02560278399,1317.42480735769,494.752623688156
1036.5398956003,601.54113845389,494.752623688156
1051.45413870246,1628.13820531941,524.737631184408
1083.76833209048,484.712900820283,494.752623688156
1098.68257519264,492.170022371365,509.745127436282
1165.79666915237,1287.59632115337,509.745127436282
1208.05369127517,181.456624409645,494.752623688156
1210.53939845886,196.370867511807,494.752623688156
1230.42505592841,193.885160328113,509.745127436282
1247.82500621427,52.199850857569,494.752623688156
1267.71066368382,59.6569724086503,494.752623688156
1297.53914988814,442.455878697489,509.745127436282
1396.96743723589,1382.05319413373,494.752623688156
1396.96743723589,246.085011185682,494.752623688156
1399.45314441959,377.827491921452,509.745127436282
1401.93885160328,263.484961471539,509.745127436282
1406.91026597067,1404.42455878698,509.745127436282
1419.33880188914,1416.85309470544,509.745127436282
1426.79592344022,375.341784737758,509.745127436282
1429.28163062391,1451.65299527716,494.752623688156
1456.62440964454,879.940343027591,494.752623688156
1528.70991797166,1491.42431021626,494.752623688156
1556.05269699229,1538.65274670644,509.745127436282
1565.99552572707,1374.59607258265,509.745127436282
1705.19512801392,218.742232165051,494.752623688156
1757.39497887149,956.997265722098,524.737631184408
842.654735272185,616.455381556053,524.737631184408
882.426050211285,1603.28113348248,509.745127436282
912.25453641561,278.399204573701,509.745127436282
919.711657966692,1640.56674123788,509.745127436282
999.254287844892,1643.05244842158,509.745127436282
1048.96843151877,1307.48197862292,509.745127436282
1068.85408898832,1635.59532687049,524.737631184408
1245.33929903057,193.885160328113,524.737631184408
1267.71066368382,569.226945065871,509.745127436282
1389.51031568481,357.941834451902,509.745127436282
1431.76733780761,872.48322147651,524.737631184408
1516.28138205319,991.797166293811,509.745127436282
1518.76708923689,270.94208302262,539.730134932534
1533.68133233905,288.342033308476,524.737631184408
1588.36689038031,228.685060899826,524.737631184408
1695.25229927915,1011.68282376336,509.745127436282
2281.87919463087,608.998260004971,524.737631184408
835.197613721104,686.055182699478,539.730134932534
835.197613721104,797.912005965697,539.730134932534
874.968928660204,912.25453641561,539.730134932534
1096.19686800895,1103.65398956003,524.737631184408
1312.45339299031,390.25602783992,524.737631184408
1391.99602286851,705.940840169028,539.730134932534
1513.7956748695,1297.53914988814,524.737631184408
1769.82351478996,1265.22495650012,524.737631184408
1807.10912254536,956.997265722098,539.730134932534
1824.50907283122,1459.11011682824,524.737631184408
1822.02336564753,989.311459110117,524.737631184408
1856.82326621924,549.341287596321,539.730134932534
1889.13745960726,966.940094456873,539.730134932534
1923.93736017897,825.254784986329,524.737631184408
2015.90852597564,815.311956251554,524.737631184408
2023.36564752672,835.197613721104,539.730134932534
2078.05120556798,748.197862291822,539.730134932534
2080.53691275168,758.140691026597,539.730134932534
850.111856823266,802.883420333085,554.72263868066
877.454635843898,944.568729803629,554.72263868066
1287.59632115337,1394.4817300522,554.72263868066
1362.16753666418,1436.73875217499,539.730134932534
1364.65324384787,201.342281879195,539.730134932534
1369.62465821526,705.940840169028,539.730134932534
1399.45314441959,599.055431270196,539.730134932534
1401.93885160328,139.199602286851,554.72263868066
1424.31021625653,136.713895103157,539.730134932534
1444.19587372608,134.228187919463,554.72263868066
1727.56649266716,407.655978125777,539.730134932534
1730.05219985086,1456.62440964454,554.72263868066
1824.50907283122,984.340044742729,554.72263868066
1906.53740989311,1058.91126025354,554.72263868066
1936.36589609744,956.997265722098,554.72263868066
2015.90852597564,877.454635843898,554.72263868066
927.168779517773,1267.71066368382,554.72263868066
1051.45413870246,392.741735023614,584.707646176912
1409.39597315436,159.085259756401,554.72263868066
1439.22445935869,795.426298782004,569.715142428786
1449.16728809346,1213.02510564256,569.715142428786
1464.08153119563,144.171016654238,554.72263868066
1464.08153119563,1200.59656972409,584.707646176912
1508.82426050211,415.113099676858,554.72263868066
1583.39547601293,1588.36689038031,554.72263868066
1730.05219985086,897.340293313448,569.715142428786
1767.33780760626,1058.91126025354,569.715142428786
1804.62341536167,842.654735272185,569.715142428786
966.940094456873,1014.16853094705,584.707646176912
1034.0541884166,387.770320656227,569.715142428786
1066.36838180462,380.313199105145,584.707646176912
1439.22445935869,1195.6251553567,584.707646176912
1454.13870246085,1416.85309470544,584.707646176912
1469.05294556301,1424.31021625653,569.715142428786
1026.59706686552,576.684066616953,584.707646176912
1344.76758637832,879.940343027591,599.700149925038
1906.53740989311,673.626646781009,599.700149925038
1911.5088242605,820.283370618941,584.707646176912
1419.33880188914,601.54113845389,614.692653673163
1464.08153119563,1217.99652000994,614.692653673163
1677.85234899329,1086.25403927417,614.692653673163
1737.50932140194,1155.8538404176,614.692653673163
1593.3383047477,691.026597066866,614.692653673163
1635.59532687049,765.597812577678,614.692653673163
1660.45239870743,606.512552821278,614.692653673163
1329.85334327616,842.654735272185,629.685157421289
1382.05319413373,904.797414864529,629.685157421289
1424.31021625653,618.941088739746,629.685157421289
1426.79592344022,745.712155108128,629.685157421289
1561.02411135968,952.02585135471,629.685157421289
1600.79542629878,708.426547352722,629.685157421289
1640.56674123788,782.997762863535,629.685157421289
1665.42381307482,626.398210290828,629.685157421289
1742.48073576933,1170.76808351976,629.685157421289
