134.228187919463,318.170519512801,40
211.28511061397,529.455630126771,40
347.999005717127,469.798657718121,40
576.684066616953,377.827491921452,40
656.226696495153,507.084265473527,40
691.026597066866,270.94208302262,40
705.940840169028,260.999254287845,40
758.140691026597,387.770320656227,40
792.94059159831,698.483718617947,40
815.311956251554,763.112105393985,60
847.626149639573,367.884663186677,80
862.540392741735,345.513298533433,40
867.511807109123,173.999502858563,40
889.883171762366,994.282873477504,40
902.311707680835,228.685060899826,40
919.711657966692,164.056674123788,40
999.254287844892,233.656475267214,60
1165.79666915237,1103.65398956003,40
1222.96793437733,188.913745960726,40
1222.96793437733,427.541635595327,40
1608.25254784986,700.969425801641,40
1628.13820531941,444.941585881183,40
1657.96669152374,355.456127268208,40
1782.25205070843,514.541387024609,40
1861.79468058663,298.284862043251,40
1876.70892368879,715.883668903803,40
1879.19463087248,698.483718617947,40
1948.79443201591,308.227690778026,40
1948.79443201591,502.11285110614,40
1946.30872483221,512.055679840915,20
2040.76559781258,146.656723837932,40
2058.16554809843,14.9142431021626,60
2092.96544867015,91.9711657966692,40
2100.42257022123,345.513298533433,40
2458.36440467313,283.370618941089,40
52.199850857569,462.34153616704,60
89.4854586129754,847.626149639573,60
109.371116082525,1041.51130996769,40
121.799652000994,924.683072334079,40
146.656723837932,283.370618941089,60
211.28511061397,852.59756400696,60
213.770817797663,1056.42555306985,60
298.284862043251,178.970917225951,40
298.284862043251,1011.68282376336,40
305.741983594333,1153.36813323391,40
313.199105145414,981.854337559036,40
425.055928411633,29.8284862043251,40
469.798657718121,551.826994780015,60
579.169773800646,1051.45413870246,40
606.512552821278,1307.48197862292,40
686.055182699478,1205.56798409147,40
700.969425801641,976.882923191648,60
700.969425801641,318.170519512801,40
705.940840169028,917.225950782998,40
822.769077802635,1133.48247576436,60
820.283370618941,1046.48272433507,40
877.454635843898,360.427541635595,60
887.397464578673,1009.19711657967,60
907.283122048223,442.455878697489,40
1041.51130996769,318.170519512801,40
1083.76833209048,1357.19612229679,40
1103.65398956003,355.456127268208,40
1123.53964702958,1307.48197862292,80
1208.05369127517,42.2570221227939,40
1215.51081282625,86.9997514292816,40
1222.96793437733,651.255282127765,40
1260.25354213274,594.084016902809,60
1342.28187919463,1123.53964702958,60
1364.65324384787,792.94059159831,60
1379.56748695004,790.454884414616,60
1391.99602286851,258.513547104151,40
1399.45314441959,812.82624906786,60
1414.36738752175,524.484215759384,40
1429.28163062391,800.397713149391,60
1454.13870246085,201.342281879195,40
1478.99577429779,323.141933880189,60
1546.10986825752,648.769574944072,60
1625.65249813572,790.454884414616,60
1687.79517772806,760.626398210291,60
1705.19512801392,964.454387273179,40
1814.56624409645,109.371116082525,40
1822.02336564753,1058.91126025354,60
1836.93760874969,1041.51130996769,60
1841.90902311708,541.88416604524,60
1856.82326621924,673.626646781009,60
1884.16604523987,792.94059159831,60
1953.7658463833,517.027094208302,60
2000.99428287348,932.14019388516,60
2045.73701217997,1039.02560278399,60
2053.19413373105,907.283122048223,60
2055.67984091474,753.16927665921,60
2053.19413373105,882.426050211285,80
2055.67984091474,328.113348247576,60
2065.62266964952,524.484215759384,40
2105.39398458862,524.484215759384,60
2107.87969177231,487.198608003977,60
2162.56524981357,1215.51081282625,60
2202.33656475267,942.083022619935,60
2242.10787969177,129.256773552076,60
2247.07929405916,27.3427790206314,40
2261.99353716132,507.084265473527,60
2271.9363658961,412.627392493164,60
2279.39348744718,1123.53964702958,80
2284.36490181457,738.255033557047,80
2309.2219736515,1446.68158090977,80
2316.67909520259,467.312950534427,40
2403.67884663187,646.283867760378,60
2421.07879691772,909.768829231916,80
2443.45016157097,902.311707680835,60
2450.90728312205,991.797166293811,60
42.2570221227939,1690.28088491176,60
54.6855580412627,961.968680089485,60
69.5998011434253,971.911508824261,60
82.0283370618941,815.311956251554,60
82.0283370618941,807.854834700472,60
101.913994531444,1817.05195128014,60
116.828237633607,1046.48272433507,60
129.256773552076,929.654486701467,60
151.628138205319,343.027591349739,60
201.342281879195,1737.50932140194,60
201.342281879195,805.369127516779,60
208.799403430276,780.512055679841,60
285.856326124783,1951.2801391996,100
293.313447675864,1943.82301764852,60
303.256276410639,1466.56723837932,60
313.199105145414,1158.33954760129,60
310.71339796172,1657.96669152374,60
318.170519512801,986.825751926423,60
347.999005717127,1135.96818294805,60
395.227442207308,1461.59582401193,60
454.884414615958,507.084265473527,60
457.370121799652,502.11285110614,60
472.284364901815,382.798906288839,60
546.855580412627,1237.88217747949,60
561.76982351479,27.3427790206314,60
571.712652249565,4.97141436738752,60
589.112602535421,1056.42555306985,60
589.112602535421,730.797912005966,60
616.455381556053,1324.88192890877,60
658.712403678847,524.484215759384,60
666.169525229928,512.055679840915,60
673.626646781009,2269.4506587124,60
693.512304250559,1210.53939845886,60
708.426547352722,323.141933880189,60
713.397961720109,919.711657966692,60
715.883668903803,370.37037037037,60
770.569226945066,1041.51130996769,60
775.540641312453,323.141933880189,60
778.026348496147,1367.13895103157,60
785.483470047228,474.770072085508,60
792.94059159831,686.055182699478,60
830.226199353716,1051.45413870246,60
840.169028088491,1424.31021625653,60
862.540392741735,377.827491921452,60
874.968928660204,164.056674123788,60
894.854586129754,1071.33979617201,60
907.283122048223,1451.65299527716,60
912.25453641561,447.427293064877,60
932.14019388516,169.028088491176,60
996.768580661198,1804.62341536167,60
1039.02560278399,1911.5088242605,60
1048.96843151877,323.141933880189,60
1058.91126025354,1058.91126025354,80
1066.36838180462,1205.56798409147,60
1081.28262490679,69.5998011434253,80
1093.71116082525,1362.16753666418,60
1103.65398956003,57.1712652249565,60
1116.0825254785,1078.79691772309,60
1123.53964702958,1774.79492915735,60
1135.96818294805,1304.99627143922,60
1135.96818294805,1434.2530449913,60
1183.19661943823,1700.22371364653,60
1205.56798409147,1031.56848123291,60
1217.99652000994,47.2284364901815,60
1222.96793437733,94.4568729803629,60
1230.42505592841,653.740989311459,60
1232.91076311211,432.513049962714,60
1285.11061396967,1113.5968182948,60
1290.08202833706,1625.65249813572,80
1304.99627143922,1150.88242605021,60
1324.88192890877,1595.82401193139,80
1329.85334327616,1682.82376336068,80
1347.25329356202,1225.45364156102,80
1372.11036539896,1568.48123291076,80
1379.56748695004,1941.33731046483,60
1391.99602286851,1307.48197862292,80
1396.96743723589,686.055182699478,80
1419.33880188914,524.484215759384,60
1436.73875217499,1237.88217747949,80
1501.36713895103,815.311956251554,60
1513.7956748695,922.197365150385,60
1546.10986825752,176.485210042257,80
1583.39547601293,1220.48222719364,80
1590.85259756401,410.141685309471,80
1605.76684066617,740.740740740741,80
1645.53815560527,1116.0825254785,60
1715.13795674869,338.056176982351,60
1754.9092716878,2294.30773054934,100
1831.9661943823,395.227442207308,80
1861.79468058663,1963.70867511807,80
1869.25180213771,1966.19438230176,60
1946.30872483221,146.656723837932,80
1986.08003977131,534.427044494159,80
2028.33706189411,1628.13820531941,100
2055.67984091474,1486.45289584887,80
2070.5940840169,1486.45289584887,80
2073.0797912006,1986.08003977131,100
2080.53691275168,1742.48073576933,60
2117.82252050708,1735.02361421825,80
2115.33681332339,1628.13820531941,80
2122.79393487447,1546.10986825752,80
2137.70817797663,1640.56674123788,80
2162.56524981357,347.999005717127,80
2182.45090728312,343.027591349739,80
2232.165050957,1277.65349241859,80
2254.53641561024,1588.36689038031,60
2257.02212279394,604.026845637584,60
2276.90778026349,1680.33805617698,80
2306.73626646781,1620.68108376833,80
2321.65050956997,730.797912005966,80
2336.56475267214,467.312950534427,60
2339.05045985583,482.22719363659,60
2351.4789957743,430.027342779021,60
2381.30748197862,1200.59656972409,80
2393.73601789709,1317.42480735769,80
2403.67884663187,395.227442207308,80
2403.67884663187,1839.42331593338,80
2458.36440467313,1822.02336564753,80
19.8856574695501,802.883420333085,80
22.3713646532438,1021.62565249814,100
27.3427790206314,1690.28088491176,100
42.2570221227939,959.482972905792,80
52.199850857569,971.911508824261,100
59.6569724086503,1675.36664180959,100
77.0569226945066,847.626149639573,80
89.4854586129754,1817.05195128014,100
104.399701715138,1043.99701715138,80
109.371116082525,996.768580661198,100
139.199602286851,343.027591349739,80
186.428038777032,1735.02361421825,80
188.913745960726,805.369127516779,80
196.370867511807,780.512055679841,80
201.342281879195,855.083271190654,80
203.827989062888,1056.42555306985,80
270.94208302262,1956.25155356699,100
288.342033308476,1011.68282376336,80
290.82774049217,1466.56723837932,80
288.342033308476,181.456624409645,80
300.770569226945,1657.96669152374,80
303.256276410639,1153.36813323391,80
305.741983594333,984.340044742729,80
318.170519512801,2018.39423315933,100
328.113348247576,2085.50832711907,100
330.59905543127,2204.82227193637,100
335.570469798658,1135.96818294805,80
365.398956002983,2075.56549838429,100
372.856077554064,2269.4506587124,100
380.313199105145,1461.59582401193,100
380.313199105145,2207.30797912006,100
400.198856574696,1307.48197862292,80
422.570221227939,134.228187919463,100
444.941585881183,502.11285110614,80
449.913000248571,1461.59582401193,80
462.34153616704,551.826994780015,80
462.34153616704,382.798906288839,80
526.969922943077,1300.02485707184,80
534.427044494159,1240.36788466319,80
549.341287596321,29.8284862043251,100
549.341287596321,867.511807109123,100
559.284116331096,4.97141436738752,80
576.684066616953,1056.42555306985,80
574.198359433259,725.826497638578,80
576.684066616953,728.312204822272,80
591.598309719115,817.797663435247,100
599.055431270196,1309.96768580661,80
606.512552821278,1327.36763609247,80
604.026845637584,2259.50782997763,100
608.998260004971,362.913248819289,100
618.941088739746,116.828237633607,100
666.169525229928,2274.42207307979,100
666.169525229928,2261.99353716132,100
681.08376833209,1210.53939845886,100
698.483718617947,323.141933880189,80
703.455132985334,919.711657966692,80
703.455132985334,370.37037037037,80
710.912254536416,1732.53790703455,80
743.226447924435,2095.45115585384,100
758.140691026597,1039.02560278399,80
763.112105393985,325.627641063883,100
768.083519761372,1369.62465821526,80
768.083519761372,474.770072085508,80
780.512055679841,683.569475515784,80
802.883420333085,1528.70991797166,100
810.340541884166,2092.96544867015,100
815.311956251554,1048.96843151877,80
830.226199353716,1424.31021625653,100
847.626149639573,352.970420084514,80
855.083271190654,2353.96470295799,80
860.054685558041,1292.56773552076,80
865.026099925429,166.542381307482,80
865.026099925429,2373.85036042754,100
879.940343027591,1009.19711657967,80
877.454635843898,1712.652249565,100
884.911757394979,994.282873477504,80
894.854586129754,1451.65299527716,80
902.311707680835,447.427293064877,80
954.511558538404,2475.76435495899,100
981.854337559036,897.340293313448,80
986.825751926423,1802.13770817798,80
996.768580661198,2170.02237136465,100
1004.22570221228,1854.33755903555,80
1026.59706686552,1911.5088242605,100
1039.02560278399,1384.53890131742,100
1046.48272433507,2199.85085756898,100
1056.42555306985,1205.56798409147,80
1083.76833209048,1362.16753666418,80
1088.73974645787,1078.79691772309,100
1091.22545364156,57.1712652249565,80
1103.65398956003,1078.79691772309,80
1111.11111111111,723.340790454884,100
1113.5968182948,1774.79492915735,80
1118.56823266219,1792.1948794432,80
1123.53964702958,1434.2530449913,80
1126.02535421327,1548.59557544121,100
1128.51106139697,295.799154859558,100
1148.39671886652,2080.53691275168,80
1158.33954760129,1103.65398956003,80
1160.82525478499,852.59756400696,80
1170.76808351976,1839.42331593338,100
1168.28237633607,521.99850857569,100
1173.25379070346,1700.22371364653,80
1173.25379070346,2222.22222222222,100
1188.16803380562,2361.42182450907,100
1193.13944817301,1031.56848123291,80
1217.99652000994,653.740989311459,80
1220.48222719364,430.027342779021,80
1260.25354213274,1160.82525478499,100
1275.1677852349,7.45712155108128,80
1280.13919960229,1633.1096196868,80
1300.02485707184,111.856823266219,100
1300.02485707184,1150.88242605021,80
1300.02485707184,1414.36738752175,120
1309.96768580661,1670.39522744221,100
1344.76758637832,1200.59656972409,120
1369.62465821526,1943.82301764852,100
1374.59607258265,1856.82326621924,100
1451.65299527716,1849.36614466816,100
1474.0243599304,323.141933880189,80
1513.7956748695,141.685309470544,80
1533.68133233905,2090.47974148645,100
1561.02411135968,2182.45090728312,100
1605.76684066617,2202.33656475267,100
1610.73825503356,1235.3964702958,100
1657.96669152374,919.711657966692,100
1662.93810589113,2167.53666418096,100
1720.10937111608,1680.33805617698,80
1727.56649266716,2448.42157593835,100
1774.79492915735,2023.36564752672,100
1819.53765846383,27.3427790206314,100
1846.88043748446,621.42679592344,100
1849.36614466816,2050.70842654735,100
1856.82326621924,2058.16554809843,100
1864.28038777032,136.713895103157,80
1871.7375093214,1978.62291822023,100
1871.7375093214,1958.73726075068,100
1904.05170270942,2038.27989062888,100
1913.9945314442,2468.3072334079,100
1933.88018891375,842.654735272185,120
1951.2801391996,1797.16629381059,100
1951.2801391996,1615.70966940094,80
1956.25155356699,2234.65075814069,100
1998.50857568978,69.5998011434253,100
2010.93711160825,1747.45215013671,100
2025.85135471042,2025.85135471042,100
2040.76559781258,2030.8227690778,100
2065.62266964952,1953.7658463833,100
2073.0797912006,1742.48073576933,80
2078.05120556798,283.370618941089,100
2080.53691275168,591.598309719115,100
2083.02261993537,151.628138205319,80
2095.45115585384,2396.22172508079,100
2097.93686303753,1444.19587372608,80
2192.3937360179,84.5140442455879,100
2219.73651503853,1280.13919960229,100
2229.6793437733,29.8284862043251,100
2234.65075814069,797.912005965697,80
2247.07929405916,32.3141933880189,80
2249.56500124285,1951.2801391996,80
2257.02212279394,2237.13646532438,100
2284.36490181457,2227.19363658961,100
2316.67909520259,1548.59557544121,100
2356.45041014169,2055.67984091474,100
2358.93611732538,561.76982351479,100
2391.2503107134,104.399701715138,100
2388.7646035297,1976.13721103654,80
2421.07879691772,1829.48048719861,120
2431.0216256525,750.683569475516,100
2433.50733283619,2294.30773054934,100
52.199850857569,1570.96694009446,100
67.1140939597315,812.82624906786,100
69.5998011434253,1471.53865274671,100
77.0569226945066,822.769077802635,100
124.285359184688,1742.48073576933,120
161.570966940094,1526.22421078797,120
196.370867511807,1290.08202833706,120
260.999254287845,1377.08177976634,120
268.456375838926,1009.19711657967,100
280.884911757395,2028.33706189411,100
298.284862043251,561.76982351479,120
303.256276410639,2147.65100671141,120
320.656226696495,2197.36515038528,100
325.627641063883,2194.87944320159,100
375.341784737758,666.169525229928,100
407.655978125777,1334.82475764355,120
415.113099676858,1409.39597315436,120
437.484464330102,817.797663435247,120
447.427293064877,1879.19463087248,120
452.398707432264,1817.05195128014,120
502.11285110614,2025.85135471042,120
541.88416604524,2199.85085756898,140
541.88416604524,1506.33855331842,120
549.341287596321,243.599304001989,120
574.198359433259,1001.73999502859,100
574.198359433259,330.59905543127,120
604.026845637584,1317.42480735769,100
618.941088739746,1434.2530449913,100
703.455132985334,2386.27889634601,120
713.397961720109,1270.19637086751,100
753.16927665921,1324.88192890877,100
770.569226945066,263.484961471539,100
790.454884414616,661.19811086254,120
857.568978374347,124.285359184688,120
879.940343027591,1685.30947054437,120
887.397464578673,2294.30773054934,120
894.854586129754,57.1712652249565,120
929.654486701467,514.541387024609,120
939.597315436242,544.369873228934,120
994.282873477504,1444.19587372608,120
1061.39696743724,275.913497390007,120
1103.65398956003,2438.47874720358,120
1113.5968182948,658.712403678847,120
1188.16803380562,2202.33656475267,100
1208.05369127517,1185.68232662192,120
1260.25354213274,2013.42281879195,120
1257.76783494904,1173.25379070346,100
1277.65349241859,700.969425801641,120
1285.11061396967,996.768580661198,120
1372.11036539896,912.25453641561,120
1372.11036539896,1933.88018891375,100
1401.93885160328,1374.59607258265,100
1439.22445935869,462.34153616704,120
1449.16728809346,1831.9661943823,100
1449.16728809346,1180.71091225454,120
1493.91001739995,2344.02187422322,120
1518.76708923689,442.455878697489,120
1563.50981854338,1861.79468058663,120
1628.13820531941,1625.65249813572,120
1635.59532687049,887.397464578673,120
1650.50956997266,994.282873477504,120
1692.76659209545,1300.02485707184,120
1707.68083519761,1300.02485707184,100
1715.13795674869,2192.3937360179,100
1739.99502858563,815.311956251554,100
1831.9661943823,1707.68083519761,120
1849.36614466816,447.427293064877,120
1854.33755903555,1511.30996768581,100
1861.79468058663,1993.5371613224,120
1864.28038777032,52.199850857569,100
1876.70892368879,1757.39497887149,120
1963.70867511807,991.797166293811,120
2018.39423315933,2443.45016157097,120
2018.39423315933,208.799403430276,120
2035.79418344519,72.0855083271191,120
2050.70842654735,596.569724086503,120
2053.19413373105,457.370121799652,120
2065.62266964952,2368.87894606015,120
2160.07954262988,723.340790454884,120
2182.45090728312,437.484464330102,120
2249.56500124285,2003.47999005717,100
2254.53641561024,1859.30897340293,120
2274.42207307979,1111.11111111111,120
2276.90778026349,1424.31021625653,120
2304.25055928412,860.054685558041,120
2386.27889634601,2418.59308973403,120
106.885408898832,807.854834700472,120
146.656723837932,1677.85234899329,120
156.599552572707,1772.30922197365,120
178.970917225951,1265.22495650012,120
186.428038777032,1735.02361421825,120
285.856326124783,2115.33681332339,120
288.342033308476,2120.30822769078,120
303.256276410639,2100.42257022123,160
323.141933880189,1277.65349241859,120
362.913248819289,1909.02311707681,120
422.570221227939,822.769077802635,120
529.455630126771,2274.42207307979,120
531.941337310465,2264.47924434502,120
584.141188168034,49.7141436738752,120
589.112602535421,1498.88143176734,120
661.19811086254,703.455132985334,120
693.512304250559,845.140442455879,120
718.369376087497,521.99850857569,120
755.654983842903,1036.5398956003,120
760.626398210291,1041.51130996769,120
835.197613721104,2045.73701217997,120
835.197613721104,201.342281879195,120
852.59756400696,365.398956002983,120
855.083271190654,467.312950534427,120
894.854586129754,531.941337310465,120
902.311707680835,2045.73701217997,120
944.568729803629,1277.65349241859,120
1004.22570221228,1001.73999502859,120
1021.62565249814,67.1140939597315,120
1043.99701715138,745.712155108128,120
1083.76833209048,1931.39448173005,120
1200.59656972409,517.027094208302,120
1200.59656972409,1702.70942083023,120
1227.93934874472,1379.56748695004,120
1230.42505592841,2274.42207307979,120
1272.68207805121,2465.82152622421,120
1387.02460850112,1558.53840417599,120
1406.91026597067,2157.59383544618,140
1404.42455878698,1996.02286850609,120
1501.36713895103,1630.62391250311,140
1513.7956748695,651.255282127765,140
1605.76684066617,1150.88242605021,120
1623.16679095203,1165.79666915237,140
1702.70942083023,1461.59582401193,140
1705.19512801392,1168.28237633607,140
1722.59507829978,1121.05393984589,140
1717.62366393239,1481.48148148148,120
1722.59507829978,1478.99577429779,120
1742.48073576933,840.169028088491,140
1754.9092716878,1941.33731046483,140
1759.88068605518,1822.02336564753,140
1787.22346507581,1739.99502858563,140
1797.16629381059,1727.56649266716,120
1814.56624409645,773.05493412876,140
1831.9661943823,658.712403678847,140
1834.451901566,2366.39323887646,140
1856.82326621924,1652.99527715635,140
1876.70892368879,795.426298782004,120
1941.33731046483,1797.16629381059,120
1961.22296793438,203.827989062888,140
1988.56574695501,109.371116082525,120
1996.02286850609,718.369376087497,140
2010.93711160825,728.312204822272,140
2058.16554809843,64.6283867760378,140
2120.30822769078,32.3141933880189,140
2142.67959234402,2450.90728312205,140
2172.50807854835,1938.85160328113,140
2172.50807854835,611.483967188665,140
2219.73651503853,1382.05319413373,140
2279.39348744718,238.627889634601,140
2284.36490181457,181.456624409645,140
2331.59333830475,860.054685558041,120
2339.05045985583,2060.65125528213,120
2346.50758140691,2269.4506587124,140
2368.87894606015,1874.2232165051,140
2431.0216256525,1799.65200099428,140
59.6569724086503,1732.53790703455,140
69.5998011434253,1675.36664180959,140
89.4854586129754,820.283370618941,140
124.285359184688,805.369127516779,140
134.228187919463,1742.48073576933,140
136.713895103157,1516.28138205319,160
154.113845389013,1575.93835446184,160
166.542381307482,1650.50956997266,140
171.513795674869,1772.30922197365,140
171.513795674869,1526.22421078797,140
188.913745960726,1265.22495650012,140
241.113596818295,733.283619189659,140
270.94208302262,1377.08177976634,140
275.913497390007,1138.45389013174,140
300.770569226945,2117.82252050708,160
310.71339796172,330.59905543127,140
310.71339796172,556.798409147402,140
313.199105145414,2147.65100671141,140
330.59905543127,2018.39423315933,140
338.056176982351,1277.65349241859,140
350.48471290082,1195.6251553567,160
372.856077554064,1911.5088242605,140
392.741735023614,1538.65274670644,160
452.398707432264,812.82624906786,140
462.34153616704,1817.05195128014,140
464.827243350733,1309.96768580661,140
499.627143922446,1474.0243599304,160
502.11285110614,231.17076808352,160
507.084265473527,2005.96569724086,180
514.541387024609,2025.85135471042,140
521.99850857569,1053.93984588615,160
529.455630126771,909.768829231916,160
534.427044494159,2351.4789957743,160
541.88416604524,2271.9363658961,140
541.88416604524,1516.28138205319,140
544.369873228934,273.427790206314,160
554.312701963709,1506.33855331842,140
566.741237882178,241.113596818295,140
569.226945065871,524.484215759384,160
589.112602535421,996.768580661198,140
586.626895351728,2110.365398956,160
586.626895351728,328.113348247576,140
601.54113845389,47.2284364901815,140
601.54113845389,1498.88143176734,140
604.026845637584,812.82624906786,140
621.42679592344,2344.02187422322,160
643.798160576684,1909.02311707681,160
676.112353964703,700.969425801641,140
688.540889883172,111.856823266219,160
705.940840169028,969.425801640567,160
705.940840169028,842.654735272185,160
710.912254536416,2468.3072334079,160
733.283619189659,519.512801391996,140
773.05493412876,2112.8511061397,160
795.426298782004,1372.11036539896,140
805.369127516779,658.712403678847,140
830.226199353716,12.4285359184688,140
840.169028088491,4.97141436738752,140
850.111856823266,2043.25130499627,140
850.111856823266,198.856574695501,140
857.568978374347,681.08376833209,160
867.511807109123,464.827243350733,140
872.48322147651,121.799652000994,140
892.36887894606,1680.33805617698,140
897.340293313448,2291.82202336565,140
909.768829231916,54.6855580412627,140
912.25453641561,529.455630126771,160
914.740243599304,2045.73701217997,140
917.225950782998,1404.42455878698,160
944.568729803629,512.055679840915,140
947.054436987323,541.88416604524,160
954.511558538404,1277.65349241859,140
961.968680089485,760.626398210291,160
966.940094456873,2473.27864777529,140
981.854337559036,1541.13845389013,160
1006.71140939597,1444.19587372608,140
1006.71140939597,661.19811086254,160
1019.13994531444,999.254287844892,160
1021.62565249814,278.399204573701,160
1021.62565249814,1488.93860303256,160
1034.0541884166,1230.42505592841,160
1034.0541884166,62.142679592344,140
1039.02560278399,1029.08277404922,160
1036.5398956003,64.6283867760378,140
1058.91126025354,743.226447924435,140
1076.3112105394,273.427790206314,140
1081.28262490679,1205.56798409147,140
1101.16828237634,1628.13820531941,160
1116.0825254785,1973.65150385285,160
1116.0825254785,2435.99304001989,140
1173.25379070346,1155.8538404176,160
1188.16803380562,2222.22222222222,140
1193.13944817301,1951.2801391996,160
1215.51081282625,1702.70942083023,140
1217.99652000994,514.541387024609,160
1237.88217747949,1379.56748695004,140
1240.36788466319,2274.42207307979,140
1290.08202833706,2453.39299030574,160
1304.99627143922,787.969177230922,140
1329.85334327616,385.284613472533,140
1359.68182948049,1993.5371613224,140
1476.51006711409,509.569972657221,140
1486.45289584887,2296.79343773304,140
1518.76708923689,748.197862291822,140
1558.53840417599,1344.76758637832,140
1563.50981854338,1533.68133233905,140
1565.99552572707,2348.9932885906,140
1605.76684066617,2107.87969177231,160
1610.73825503356,430.027342779021,140
1620.68108376833,2450.90728312205,140
1623.16679095203,439.970171513796,140
1692.76659209545,2376.33606761124,140
1720.10937111608,1168.28237633607,140
1754.9092716878,283.370618941089,140
1757.39497887149,919.711657966692,140
1829.48048719861,464.827243350733,140
1859.30897340293,1511.30996768581,140
1869.25180213771,1481.48148148148,140
1879.19463087248,2083.02261993537,160
1899.08028834203,1849.36614466816,160
2043.25130499627,59.6569724086503,140
2043.25130499627,1993.5371613224,140
2102.90827740492,47.2284364901815,140
2142.67959234402,2458.36440467313,140
2170.02237136465,867.511807109123,140
2177.47949291573,840.169028088491,180
2192.3937360179,1958.73726075068,160
2189.9080288342,616.455381556053,140
2271.9363658961,1971.16579666915,140
2348.9932885906,700.969425801641,140
2351.4789957743,790.454884414616,140
2386.27889634601,887.397464578673,140
2433.50733283619,1916.48023862789,140
77.0569226945066,768.083519761372,160
164.056674123788,589.112602535421,160
186.428038777032,1744.96644295302,160
256.027839920457,947.054436987323,180
298.284862043251,631.369624658215,180
320.656226696495,2155.10812826249,180
350.48471290082,1953.7658463833,180
400.198856574696,790.454884414616,180
430.027342779021,2189.9080288342,160
434.998757146408,1217.99652000994,160
464.827243350733,1235.3964702958,180
514.541387024609,1991.0514541387,160
521.99850857569,2003.47999005717,180
618.941088739746,208.799403430276,180
623.912503107134,86.9997514292816,160
631.369624658215,695.998011434253,160
646.283867760378,2445.93586875466,160
700.969425801641,1026.59706686552,180
708.426547352722,1068.85408898832,180
807.854834700472,1483.96718866518,180
865.026099925429,2060.65125528213,180
912.25453641561,616.455381556053,180
922.197365150385,730.797912005966,180
994.282873477504,9.94282873477504,200
1001.73999502859,263.484961471539,180
1066.36838180462,1951.2801391996,180
1071.33979617201,822.769077802635,180
1106.13969674372,2090.47974148645,180
1133.48247576436,753.16927665921,180
1138.45389013174,1533.68133233905,180
1165.79666915237,1491.42431021626,180
1183.19661943823,1342.28187919463,180
1195.6251553567,907.283122048223,180
1203.08227690778,1963.70867511807,160
1208.05369127517,171.513795674869,180
1262.73924931643,1230.42505592841,180
1282.62490678598,2468.3072334079,160
1342.28187919463,385.284613472533,160
1354.7104151131,1282.62490678598,160
1416.85309470544,730.797912005966,160
1431.76733780761,2259.50782997763,180
1446.68158090977,521.99850857569,160
1454.13870246085,865.026099925429,160
1461.59582401193,449.913000248571,180
1491.42431021626,509.569972657221,160
1493.91001739995,1921.45165299528,160
1498.88143176734,1352.22470792941,180
1523.73850360428,884.911757394979,160
1526.22421078797,651.255282127765,160
1531.19562515536,745.712155108128,160
1556.05269699229,596.569724086503,180
1565.99552572707,1349.73900074571,160
1573.45264727815,2351.4789957743,160
1618.19537658464,1150.88242605021,160
1623.16679095203,432.513049962714,160
1638.08103405419,442.455878697489,160
1700.22371364653,2376.33606761124,160
1722.59507829978,2048.22271936366,160
1732.53790703455,1168.28237633607,160
1749.93785732041,2083.02261993537,180
1759.88068605518,114.342530449913,160
1767.33780760626,285.856326124783,160
1769.82351478996,919.711657966692,160
1782.25205070843,860.054685558041,180
1797.16629381059,1026.59706686552,160
1807.10912254536,1730.05219985086,160
1824.50907283122,422.570221227939,180
1841.90902311708,464.827243350733,160
1844.39473030077,656.226696495153,160
1844.39473030077,2366.39323887646,160
1846.88043748446,171.513795674869,180
1861.79468058663,444.941585881183,160
1871.7375093214,1486.45289584887,180
1899.08028834203,1595.82401193139,180
1906.53740989311,1367.13895103157,180
1936.36589609744,1046.48272433507,180
1963.70867511807,795.426298782004,160
1983.59433258762,1029.08277404922,160
1996.02286850609,1414.36738752175,180
2008.45140442456,715.883668903803,160
2025.85135471042,725.826497638578,160
2050.70842654735,1993.5371613224,160
2065.62266964952,594.084016902809,160
2070.5940840169,2411.13596818295,180
2073.0797912006,69.5998011434253,160
2087.99403430276,1583.39547601293,180
2090.47974148645,1359.68182948049,160
2115.33681332339,49.7141436738752,160
2132.73676360925,32.3141933880189,160
2137.70817797663,34.7999005717127,160
2152.6224210788,2455.87869748944,160
2182.45090728312,867.511807109123,160
2197.36515038528,837.683320904797,160
2202.33656475267,613.969674372359,180
2237.13646532438,340.541884166045,160
2269.4506587124,2239.62217250808,160
2281.87919463087,1971.16579666915,160
2286.85060899826,437.484464330102,180
2286.85060899826,1111.11111111111,160
2291.82202336565,2003.47999005717,160
2309.2219736515,964.454387273179,160
2358.93611732538,2269.4506587124,160
2361.42182450907,700.969425801641,160
2363.90753169277,792.94059159831,160
2398.70743226448,887.397464578673,160
2401.19313944817,2058.16554809843,180
2433.50733283619,1822.02336564753,160
2443.45016157097,2214.76510067114,180
2440.96445438727,1802.13770817798,160
2443.45016157097,1918.96594581158,160
22.3713646532438,1143.42530449913,180
101.913994531444,1307.48197862292,200
186.428038777032,1369.62465821526,200
196.370867511807,1874.2232165051,180
260.999254287845,1255.28212776535,200
280.884911757395,1735.02361421825,180
298.284862043251,1496.39572458364,180
298.284862043251,909.768829231916,200
300.770569226945,700.969425801641,200
335.570469798658,1280.13919960229,180
362.913248819289,1183.19661943823,180
375.341784737758,1670.39522744221,180
385.284613472533,497.141436738752,180
462.34153616704,1198.11086254039,200
494.655729555058,385.284613472533,200
499.627143922446,1411.88168033806,180
526.969922943077,1956.25155356699,200
534.427044494159,268.456375838926,200
648.769574944072,862.540392741735,180
661.19811086254,1680.33805617698,200
673.626646781009,909.768829231916,200
693.512304250559,2115.33681332339,200
708.426547352722,1702.70942083023,200
760.626398210291,725.826497638578,180
805.369127516779,1302.51056425553,200
822.769077802635,1757.39497887149,180
830.226199353716,9.94282873477504,180
837.683320904797,2.48570718369376,180
860.054685558041,484.712900820283,180
874.968928660204,1391.99602286851,200
894.854586129754,188.913745960726,200
902.311707680835,1474.0243599304,180
914.740243599304,193.885160328113,180
914.740243599304,569.226945065871,180
927.168779517773,2132.73676360925,200
1029.08277404922,865.026099925429,200
1061.39696743724,526.969922943077,180
1111.11111111111,2301.76485210042,180
1135.96818294805,420.084514044246,200
1153.36813323391,2316.67909520259,200
1178.22520507084,889.883171762366,200
1257.76783494904,544.369873228934,180
1252.79642058166,253.542132736764,200
1317.42480735769,1814.56624409645,200
1319.91051454139,695.998011434253,180
1409.39597315436,1891.62316679095,200
1419.33880188914,1056.42555306985,180
1503.85284613473,1193.13944817301,180
1516.28138205319,72.0855083271191,180
1533.68133233905,663.683818046234,180
1575.93835446184,2319.16480238628,180
1580.90976882923,84.5140442455879,180
1583.39547601293,1725.08078548347,180
1645.53815560527,1227.93934874472,180
1645.53815560527,1715.13795674869,180
1697.73800646284,39.7713149391002,180
1707.68083519761,1319.91051454139,200
1752.4235645041,1158.33954760129,180
1822.02336564753,1039.02560278399,200
1831.9661943823,713.397961720109,180
1869.25180213771,1727.56649266716,200
1884.16604523987,134.228187919463,180
1906.53740989311,2249.56500124285,200
1926.42306736266,22.3713646532438,180
1993.5371613224,2120.30822769078,200
2008.45140442456,1583.39547601293,200
2033.3084762615,899.826000497141,180
2033.3084762615,2204.82227193637,200
2058.16554809843,867.511807109123,180
2075.56549838429,2294.30773054934,180
2083.02261993537,1705.19512801392,180
2172.50807854835,1973.65150385285,200
2179.96520009943,974.397216007954,180
2177.47949291573,288.342033308476,200
2187.42232165051,984.340044742729,180
2187.42232165051,976.882923191648,180
2281.87919463087,1648.02386278896,200
2289.33631618195,283.370618941089,180
2331.59333830475,1896.59458115834,180
2331.59333830475,1247.82500621427,200
2348.9932885906,956.997265722098,180
2363.90753169277,643.798160576684,180
2373.85036042754,681.08376833209,180
2411.13596818295,2003.47999005717,200
2423.56450410142,1625.65249813572,200
2448.42157593835,1456.62440964454,200
2465.82152622421,1585.88118319662,180
32.3141933880189,1103.65398956003,200
263.484961471539,929.654486701467,200
278.399204573701,604.026845637584,200
295.799154859558,892.36887894606,200
295.799154859558,1406.91026597067,200
507.084265473527,653.740989311459,200
519.512801391996,1568.48123291076,200
564.255530698484,347.999005717127,200
566.741237882178,2232.165050957,200
586.626895351728,1098.68257519264,220
638.826746209297,1347.25329356202,220
636.341039025603,820.283370618941,200
641.31245339299,1700.22371364653,200
666.169525229928,1414.36738752175,200
745.712155108128,738.255033557047,200
773.05493412876,139.199602286851,200
800.397713149391,1046.48272433507,200
847.626149639573,1208.05369127517,200
964.454387273179,949.540144171017,200
964.454387273179,944.568729803629,200
984.340044742729,708.426547352722,220
1006.71140939597,1956.25155356699,200
1016.65423813075,1093.71116082525,200
1029.08277404922,594.084016902809,200
1083.76833209048,691.026597066866,200
1093.71116082525,683.569475515784,200
1106.13969674372,52.199850857569,220
1123.53964702958,1464.08153119563,220
1140.93959731544,2311.7076808352,220
1140.93959731544,693.512304250559,220
1148.39671886652,1782.25205070843,200
1183.19661943823,106.885408898832,200
1203.08227690778,790.454884414616,220
1217.99652000994,782.997762863535,200
1220.48222719364,778.026348496147,200
1267.71066368382,362.913248819289,220
1304.99627143922,1978.62291822023,200
1309.96768580661,695.998011434253,200
1372.11036539896,616.455381556053,200
1399.45314441959,1300.02485707184,200
1409.39597315436,1056.42555306985,200
1416.85309470544,62.142679592344,200
1434.2530449913,521.99850857569,200
1434.2530449913,2092.96544867015,200
1441.71016654238,867.511807109123,200
1454.13870246085,1799.65200099428,200
1491.42431021626,1190.65374098931,200
1491.42431021626,805.369127516779,220
1496.39572458364,226.199353716132,200
1501.36713895103,1252.79642058166,220
1503.85284613473,77.0569226945066,220
1513.7956748695,887.397464578673,200
1523.73850360428,663.683818046234,200
1546.10986825752,596.569724086503,200
1551.08128262491,1585.88118319662,200
1553.5669898086,2301.76485210042,200
1556.05269699229,2048.22271936366,200
1573.45264727815,82.0283370618941,200
1593.3383047477,1909.02311707681,200
1605.76684066617,1021.62565249814,220
1605.76684066617,1896.59458115834,200
1615.70966940094,902.311707680835,220
1635.59532687049,1227.93934874472,200
1640.56674123788,1712.652249565,200
1687.79517772806,39.7713149391002,200
1690.28088491176,2309.2219736515,200
1717.62366393239,2048.22271936366,200
1739.99502858563,1158.33954760129,220
1749.93785732041,116.828237633607,200
1757.39497887149,1029.08277404922,220
1772.30922197365,860.054685558041,200
1794.6805866269,2433.50733283619,200
1797.16629381059,1066.36838180462,200
1794.6805866269,961.968680089485,220
1804.62341536167,889.883171762366,200
1814.56624409645,422.570221227939,200
1822.02336564753,713.397961720109,200
1829.48048719861,768.083519761372,200
1874.2232165051,134.228187919463,200
1889.13745960726,1245.33929903057,200
1891.62316679095,753.16927665921,220
1913.9945314442,24.8570718369376,200
1928.90877454636,2453.39299030574,200
1938.85160328113,1991.0514541387,240
1956.25155356699,2130.25105642555,200
1976.13721103654,1121.05393984589,200
2023.36564752672,899.826000497141,200
2030.8227690778,1822.02336564753,200
2065.62266964952,2406.16455381556,200
2083.02261993537,1851.85185185185,200
2137.70817797663,2416.10738255034,200
2155.10812826249,986.825751926423,220
2160.07954262988,2460.85011185682,200
2162.56524981357,420.084514044246,220
2194.87944320159,616.455381556053,200
2194.87944320159,2428.5359184688,200
2194.87944320159,1774.79492915735,200
2214.76510067114,156.599552572707,200
2214.76510067114,2102.90827740492,200
2214.76510067114,1034.0541884166,220
2227.19363658961,340.541884166045,200
2229.6793437733,1332.33905045986,220
2244.59358687547,1814.56624409645,200
2276.90778026349,437.484464330102,220
2279.39348744718,283.370618941089,200
2306.73626646781,2145.16529952772,200
2316.67909520259,1004.22570221228,200
2339.05045985583,954.511558538404,200
2346.50758140691,1533.68133233905,220
2351.4789957743,643.798160576684,200
2361.42182450907,678.598061148397,220
2411.13596818295,1615.70966940094,200
2416.10738255034,1541.13845389013,200
2435.99304001989,512.055679840915,220
19.8856574695501,1101.16828237634,220
106.885408898832,1605.76684066617,220
188.913745960726,1871.7375093214,220
208.799403430276,840.169028088491,240
253.542132736764,929.654486701467,220
268.456375838926,604.026845637584,220
278.399204573701,1404.42455878698,220
285.856326124783,1406.91026597067,220
290.82774049217,892.36887894606,240
288.342033308476,909.768829231916,220
290.82774049217,700.969425801641,220
315.684812329108,835.197613721104,240
362.913248819289,1667.90952025851,220
375.341784737758,497.141436738752,220
415.113099676858,1337.31046482724,220
457.370121799652,1461.59582401193,220
467.312950534427,949.540144171017,220
489.684315187671,775.540641312453,220
497.141436738752,651.255282127765,220
509.569972657221,1563.50981854338,220
517.027094208302,1951.2801391996,220
521.99850857569,1936.36589609744,220
529.455630126771,1334.82475764355,220
534.427044494159,1277.65349241859,220
541.88416604524,917.225950782998,240
539.398458861546,1019.13994531444,220
541.88416604524,1267.71066368382,220
541.88416604524,357.941834451902,220
554.312701963709,355.456127268208,240
556.798409147402,2232.165050957,220
581.65548098434,1011.68282376336,220
604.026845637584,268.456375838926,220
618.941088739746,1334.82475764355,220
623.912503107134,1347.25329356202,220
628.883917474521,820.283370618941,220
631.369624658215,1700.22371364653,220
656.226696495153,1411.88168033806,220
683.569475515784,2115.33681332339,220
698.483718617947,1697.73800646284,220
763.112105393985,141.685309470544,220
792.94059159831,1046.48272433507,220
792.94059159831,1300.02485707184,220
805.369127516779,1317.42480735769,220
810.340541884166,1928.90877454636,220
812.82624906786,658.712403678847,220
850.111856823266,2199.85085756898,220
887.397464578673,188.913745960726,220
889.883171762366,166.542381307482,220
904.797414864529,191.39945314442,220
937.111608252548,589.112602535421,220
954.511558538404,949.540144171017,220
996.768580661198,1953.7658463833,220
1006.71140939597,1093.71116082525,220
1019.13994531444,594.084016902809,220
1019.13994531444,862.540392741735,220
1043.99701715138,623.912503107134,240
1039.02560278399,1933.88018891375,220
1061.39696743724,822.769077802635,220
1073.8255033557,691.026597066866,220
1083.76833209048,683.569475515784,220
1101.16828237634,2296.79343773304,220
1130.99676858066,2311.7076808352,220
1173.25379070346,106.885408898832,220
1200.59656972409,1817.05195128014,220
1210.53939845886,778.026348496147,220
1237.88217747949,1471.53865274671,220
1245.33929903057,1113.5968182948,240
1247.82500621427,544.369873228934,220
1250.31071339796,114.342530449913,220
1252.79642058166,377.827491921452,220
1295.05344270445,1976.13721103654,220
1302.51056425553,693.512304250559,220
1304.99627143922,1812.08053691275,220
1309.96768580661,343.027591349739,240
1319.91051454139,758.140691026597,240
1387.02460850112,1295.05344270445,220
1394.4817300522,1297.53914988814,240
1391.99602286851,1951.2801391996,220
1396.96743723589,1886.65175242356,220
1411.88168033806,59.6569724086503,220
1424.31021625653,2090.47974148645,220
1446.68158090977,1799.65200099428,240
1456.62440964454,1451.65299527716,220
1481.48148148148,738.255033557047,220
1516.28138205319,164.056674123788,220
1521.25279642058,345.513298533433,220
1526.22421078797,1063.88267462093,240
1541.13845389013,1548.59557544121,220
1541.13845389013,1585.88118319662,220
1561.02411135968,1456.62440964454,220
1573.45264727815,2085.50832711907,220
1580.90976882923,124.285359184688,220
1585.88118319662,1904.05170270942,220
1598.30971911509,1006.71140939597,220
1595.82401193139,1894.10887397465,220
1680.33805617698,2306.73626646781,220
1692.76659209545,159.085259756401,240
1690.28088491176,1116.0825254785,220
1695.25229927915,1319.91051454139,220
1717.62366393239,1312.45339299031,220
1735.02361421825,536.912751677852,240
1764.85210042257,1526.22421078797,220
1784.73775789212,1705.19512801392,240
1789.70917225951,114.342530449913,240
1802.13770817798,845.140442455879,220
1812.08053691275,847.626149639573,240
1819.53765846383,1483.96718866518,240
1829.48048719861,1434.2530449913,220
1856.82326621924,1483.96718866518,220
1884.16604523987,1285.11061396967,240
1881.68033805618,1242.85359184688,220
1894.10887397465,2247.07929405916,220
1899.08028834203,228.685060899826,220
1918.96594581158,2450.90728312205,220
1946.30872483221,2127.76534924186,220
1948.79443201591,2140.19388516033,220
1976.13721103654,922.197365150385,220
2020.87994034303,1200.59656972409,220
2023.36564752672,2202.33656475267,220
2020.87994034303,1824.50907283122,220
2053.19413373105,1772.30922197365,220
2058.16554809843,1262.73924931643,220
2070.5940840169,1700.22371364653,220
2075.56549838429,1851.85185185185,220
2080.53691275168,1737.50932140194,220
2105.39398458862,1650.50956997266,220
2130.25105642555,1282.62490678598,260
2125.27964205817,2413.62167536664,220
2127.76534924186,820.283370618941,220
2132.73676360925,2122.79393487447,240
2160.07954262988,1968.68008948546,220
2184.93661446682,2418.59308973403,220
2187.42232165051,2426.05021128511,220
2204.82227193637,2100.42257022123,220
2224.70792940592,1140.93959731544,220
2222.22222222222,1145.91101168282,220
2234.65075814069,467.312950534427,220
2234.65075814069,1812.08053691275,220
2271.9363658961,1645.53815560527,220
2294.30773054934,1103.65398956003,220
2296.79343773304,2142.67959234402,220
2391.2503107134,1043.99701715138,240
2401.19313944817,2000.99428287348,220
2406.16455381556,1538.65274670644,220
2413.62167536664,1623.16679095203,220
2431.0216256525,2209.79368630375,220
2435.99304001989,1456.62440964454,220
2478.25006214268,999.254287844892,220
352.970420084514,1951.2801391996,240
395.227442207308,1205.56798409147,260
425.055928411633,1374.59607258265,240
464.827243350733,1471.53865274671,240
467.312950534427,1461.59582401193,240
499.627143922446,526.969922943077,240
497.141436738752,1245.33929903057,260
502.11285110614,415.113099676858,240
507.084265473527,651.255282127765,240
519.512801391996,1565.99552572707,240
531.941337310465,1941.33731046483,240
541.88416604524,964.454387273179,240
546.855580412627,1282.62490678598,240
549.341287596321,1019.13994531444,240
549.341287596321,1270.19637086751,240
549.341287596321,447.427293064877,260
566.741237882178,355.456127268208,240
569.226945065871,2234.65075814069,240
569.226945065871,738.255033557047,240
591.598309719115,1011.68282376336,240
594.084016902809,2199.85085756898,260
606.512552821278,713.397961720109,260
613.969674372359,268.456375838926,240
621.42679592344,1988.56574695501,260
628.883917474521,1337.31046482724,240
641.31245339299,1702.70942083023,240
646.283867760378,1349.73900074571,240
668.655232413622,1414.36738752175,240
671.140939597315,437.484464330102,260
773.05493412876,141.685309470544,240
780.512055679841,1759.88068605518,240
787.969177230922,658.712403678847,260
802.883420333085,1043.99701715138,240
812.82624906786,1319.91051454139,240
822.769077802635,658.712403678847,240
835.197613721104,86.9997514292816,240
840.169028088491,899.826000497141,240
842.654735272185,904.797414864529,240
862.540392741735,1871.7375093214,260
897.340293313448,166.542381307482,240
914.740243599304,275.913497390007,240
919.711657966692,188.913745960726,240
924.683072334079,830.226199353716,240
947.054436987323,589.112602535421,240
944.568729803629,780.512055679841,260
966.940094456873,2058.16554809843,240
966.940094456873,947.054436987323,240
971.911508824261,1894.10887397465,260
984.340044742729,509.569972657221,240
989.311459110117,708.426547352722,240
991.797166293811,613.969674372359,260
1009.19711657967,1953.7658463833,240
1046.48272433507,1936.36589609744,240
1086.25403927417,688.540889883172,240
1130.99676858066,1464.08153119563,240
1140.93959731544,718.369376087497,260
1145.91101168282,691.026597066866,240
1155.8538404176,919.711657966692,240
1153.36813323391,822.769077802635,260
1155.8538404176,2309.2219736515,240
1158.33954760129,2314.19338801889,240
1208.05369127517,554.312701963709,260
1210.53939845886,1819.53765846383,240
1222.96793437733,780.512055679841,240
1230.42505592841,862.540392741735,260
1235.3964702958,862.540392741735,240
1247.82500621427,1474.0243599304,240
1260.25354213274,114.342530449913,240
1262.73924931643,377.827491921452,240
1270.19637086751,1466.56723837932,240
1282.62490678598,1354.7104151131,240
1314.939100174,1772.30922197365,240
1317.42480735769,1603.28113348248,240
1324.88192890877,817.797663435247,240
1354.7104151131,1478.99577429779,240
1364.65324384787,248.570718369376,240
1401.93885160328,1951.2801391996,240
1469.05294556301,1451.65299527716,240
1491.42431021626,738.255033557047,240
1498.88143176734,1496.39572458364,240
1508.82426050211,857.568978374347,240
1526.22421078797,161.570966940094,240
1531.19562515536,345.513298533433,240
1543.62416107383,1061.39696743724,240
1551.08128262491,1548.59557544121,240
1551.08128262491,1585.88118319662,240
1570.96694009446,1459.11011682824,240
1583.39547601293,2085.50832711907,240
1620.68108376833,2468.3072334079,240
1648.02386278896,1011.68282376336,240
1670.39522744221,77.0569226945066,240
1725.08078548347,1314.939100174,240
1839.42331593338,1431.76733780761,240
1866.76609495401,2025.85135471042,240
1909.02311707681,228.685060899826,240
1936.36589609744,1817.05195128014,240
1958.73726075068,817.797663435247,240
1988.56574695501,917.225950782998,260
2025.85135471042,850.111856823266,240
2030.8227690778,1822.02336564753,240
2030.8227690778,1198.11086254039,240
2043.25130499627,1638.08103405419,240
2050.70842654735,2122.79393487447,240
2053.19413373105,1270.19637086751,240
2063.13696246582,482.22719363659,240
2065.62266964952,1774.79492915735,240
2068.10837683321,1262.73924931643,240
2070.5940840169,1334.82475764355,240
2073.0797912006,1170.76808351976,260
2078.05120556798,1618.19537658464,240
2085.50832711907,1851.85185185185,240
2090.47974148645,1737.50932140194,240
2115.33681332339,1650.50956997266,240
2135.22247079294,2413.62167536664,240
2137.70817797663,820.283370618941,240
2174.99378573204,226.199353716132,240
2174.99378573204,1871.7375093214,240
2174.99378573204,422.570221227939,240
2194.87944320159,2418.59308973403,240
2192.3937360179,1640.56674123788,280
2197.36515038528,2413.62167536664,240
2214.76510067114,2097.93686303753,240
2222.22222222222,1247.82500621427,240
2224.70792940592,1034.0541884166,240
2232.165050957,1332.33905045986,240
2237.13646532438,1140.93959731544,240
2239.62217250808,1548.59557544121,240
2244.59358687547,469.798657718121,240
2244.59358687547,1812.08053691275,240
2304.25055928412,1103.65398956003,240
2351.4789957743,1531.19562515536,240
2353.96470295799,1839.42331593338,240
2356.45041014169,507.084265473527,240
2418.59308973403,1538.65274670644,240
2443.45016157097,509.569972657221,240
2448.42157593835,1332.33905045986,240
228.685060899826,1292.56773552076,260
330.59905543127,884.911757394979,260
417.598806860552,1374.59607258265,260
447.427293064877,1697.73800646284,260
459.855828983346,1471.53865274671,280
477.255779269202,1135.96818294805,280
492.170022371365,529.455630126771,260
494.655729555058,2063.13696246582,260
497.141436738752,415.113099676858,260
534.427044494159,964.454387273179,260
536.912751677852,1280.13919960229,260
534.427044494159,912.25453641561,260
544.369873228934,2058.16554809843,260
561.76982351479,735.769326373353,260
576.684066616953,2073.0797912006,280
584.141188168034,770.569226945066,260
584.141188168034,1680.33805617698,260
584.141188168034,1685.30947054437,260
586.626895351728,775.540641312453,260
586.626895351728,1302.51056425553,260
599.055431270196,2015.90852597564,260
673.626646781009,1429.28163062391,260
700.969425801641,1053.93984588615,260
703.455132985334,1421.82450907283,260
710.912254536416,718.369376087497,260
775.540641312453,1759.88068605518,280
792.94059159831,892.36887894606,260
800.397713149391,894.854586129754,280
835.197613721104,902.311707680835,260
845.140442455879,2028.33706189411,280
862.540392741735,1026.59706686552,260
887.397464578673,171.513795674869,260
889.883171762366,1794.6805866269,260
907.283122048223,275.913497390007,260
959.482972905792,2058.16554809843,260
979.368630375342,512.055679840915,260
1024.11135968183,1496.39572458364,280
1063.88267462093,410.141685309471,280
1076.3112105394,2127.76534924186,280
1073.8255033557,509.569972657221,260
1121.05393984589,932.14019388516,280
1128.51106139697,1998.50857568978,280
1148.39671886652,919.711657966692,260
1175.73949788715,454.884414615958,280
1183.19661943823,1533.68133233905,280
1185.68232662192,2053.19413373105,260
1203.08227690778,1819.53765846383,260
1225.45364156102,1583.39547601293,260
1232.91076311211,1565.99552572707,260
1262.73924931643,1466.56723837932,260
1275.1677852349,1354.7104151131,260
1280.13919960229,2368.87894606015,260
1304.99627143922,1769.82351478996,260
1307.48197862292,1603.28113348248,260
1327.36763609247,173.999502858563,280
1342.28187919463,1180.71091225454,280
1349.73900074571,817.797663435247,260
1352.22470792941,248.570718369376,260
1421.82450907283,1565.99552572707,260
1466.56723837932,479.741486452896,280
1486.45289584887,397.713149391002,280
1493.91001739995,1498.88143176734,260
1503.85284613473,1309.96768580661,280
1516.28138205319,164.056674123788,260
1541.13845389013,1548.59557544121,260
1556.05269699229,715.883668903803,260
1561.02411135968,1459.11011682824,260
1578.42406164554,124.285359184688,260
1593.3383047477,678.598061148397,280
1593.3383047477,1004.22570221228,260
1603.28113348248,792.94059159831,280
1600.79542629878,1021.62565249814,260
1610.73825503356,2465.82152622421,260
1630.62391250311,320.656226696495,280
1638.08103405419,1009.19711657967,280
1660.45239870743,77.0569226945066,260
1662.93810589113,2361.42182450907,260
1685.30947054437,2361.42182450907,280
1685.30947054437,159.085259756401,260
1715.13795674869,1312.45339299031,260
1725.08078548347,251.05642555307,260
1762.36639323888,1106.13969674372,280
1764.85210042257,1528.70991797166,260
1782.25205070843,114.342530449913,260
1809.59482972906,850.111856823266,280
1814.56624409645,1483.96718866518,260
1854.33755903555,2023.36564752672,260
1864.28038777032,1682.82376336068,260
1874.2232165051,1285.11061396967,260
1889.13745960726,753.16927665921,260
1899.08028834203,2348.9932885906,260
1909.02311707681,390.25602783992,280
1931.39448173005,1817.05195128014,280
1951.2801391996,815.311956251554,260
1996.02286850609,1449.16728809346,280
2015.90852597564,850.111856823266,260
2025.85135471042,459.855828983346,280
2023.36564752672,1822.02336564753,260
2033.3084762615,1638.08103405419,260
2045.73701217997,2122.79393487447,260
2043.25130499627,1270.19637086751,260
2050.70842654735,427.541635595327,280
2053.19413373105,479.741486452896,260
2058.16554809843,1478.99577429779,280
2055.67984091474,1774.79492915735,260
2058.16554809843,1262.73924931643,260
2063.13696246582,1337.31046482724,260
2068.10837683321,1295.05344270445,280
2070.5940840169,1618.19537658464,260
2083.02261993537,1737.50932140194,260
2087.99403430276,539.398458861546,280
2110.365398956,1817.05195128014,280
2120.30822769078,1285.11061396967,260
2127.76534924186,817.797663435247,260
2152.6224210788,1011.68282376336,280
2155.10812826249,1491.42431021626,260
2165.05095699727,226.199353716132,260
2165.05095699727,1871.7375093214,260
2187.42232165051,787.969177230922,300
2184.93661446682,1643.05244842158,260
2184.93661446682,2418.59308973403,260
2192.3937360179,303.256276410639,260
2214.76510067114,1396.96743723589,280
2217.25080785483,1245.33929903057,260
2214.76510067114,1034.0541884166,260
2229.6793437733,1140.93959731544,260
2232.165050957,1548.59557544121,280
2234.65075814069,469.798657718121,260
2257.02212279394,1692.76659209545,280
2261.99353716132,1854.33755903555,280
2294.30773054934,1103.65398956003,260
2304.25055928412,1615.70966940094,280
2306.73626646781,1712.652249565,280
2319.16480238628,884.911757394979,260
2331.59333830475,1237.88217747949,260
2348.9932885906,507.084265473527,260
2346.50758140691,1839.42331593338,260
2361.42182450907,825.254784986329,280
2386.27889634601,1043.99701715138,260
2421.07879691772,1752.4235645041,280
2440.96445438727,1334.82475764355,260
166.542381307482,1203.08227690778,280
233.656475267214,807.854834700472,300
243.599304001989,999.254287844892,300
278.399204573701,646.283867760378,280
333.084762614964,599.055431270196,300
357.941834451902,1404.42455878698,280
370.37037037037,860.054685558041,280
405.170270942083,1807.10912254536,280
457.370121799652,1700.22371364653,280
502.11285110614,2063.13696246582,280
551.826994780015,2058.16554809843,280
556.798409147402,1779.76634352473,280
589.112602535421,773.05493412876,280
591.598309719115,1682.82376336068,300
601.54113845389,1302.51056425553,280
599.055431270196,2199.85085756898,280
606.512552821278,2015.90852597564,300
678.598061148397,805.369127516779,300
693.512304250559,569.226945065871,300
713.397961720109,1424.31021625653,280
743.226447924435,1851.85185185185,280
807.854834700472,2162.56524981357,300
835.197613721104,1772.30922197365,280
869.997514292816,2073.0797912006,300
966.940094456873,2055.67984091474,280
989.311459110117,745.712155108128,300
1083.76833209048,2373.85036042754,280
1143.42530449913,1536.16703952274,280
1145.91101168282,845.140442455879,300
1150.88242605021,0,280
1232.91076311211,1583.39547601293,280
1295.05344270445,213.770817797663,280
1359.68182948049,1001.73999502859,280
1389.51031568481,2435.99304001989,280
1456.62440964454,2398.70743226448,300
1498.88143176734,1255.28212776535,300
1506.33855331842,1295.05344270445,300
1508.82426050211,964.454387273179,300
1523.73850360428,2160.07954262988,280
1556.05269699229,467.312950534427,300
1598.30971911509,740.740740740741,300
1638.08103405419,1123.53964702958,300
1657.96669152374,937.111608252548,280
1670.39522744221,1876.70892368879,300
1695.25229927915,1198.11086254039,300
1732.53790703455,546.855580412627,300
1739.99502858563,2209.79368630375,300
1774.79492915735,2214.76510067114,300
1779.76634352473,1225.45364156102,280
1871.7375093214,1680.33805617698,280
1896.59458115834,1205.56798409147,280
1921.45165299528,2411.13596818295,280
2048.22271936366,956.997265722098,300
2068.10837683321,1337.31046482724,280
2075.56549838429,1232.91076311211,280
2107.87969177231,1357.19612229679,280
2122.79393487447,1213.02510564256,300
2145.16529952772,700.969425801641,300
2147.65100671141,2038.27989062888,300
2172.50807854835,2269.4506587124,300
2187.42232165051,2080.53691275168,280
2187.42232165051,2085.50832711907,280
2204.82227193637,340.541884166045,280
2247.07929405916,347.999005717127,280
2254.53641561024,507.084265473527,300
2257.02212279394,703.455132985334,300
2286.85060899826,1841.90902311708,280
2296.79343773304,929.654486701467,300
2329.10763112105,459.855828983346,300
2329.10763112105,882.426050211285,280
2351.4789957743,1836.93760874969,280
2388.7646035297,1620.68108376833,300
2408.65026099925,723.340790454884,280
2421.07879691772,805.369127516779,280
2443.45016157097,1329.85334327616,280
2463.33581904052,1794.6805866269,300
156.599552572707,1210.53939845886,300
203.827989062888,1401.93885160328,300
208.799403430276,1185.68232662192,300
280.884911757395,1093.71116082525,300
330.59905543127,579.169773800646,320
370.37037037037,1777.28063634104,300
380.313199105145,1727.56649266716,320
427.541635595327,1469.05294556301,300
449.913000248571,1593.3383047477,320
489.684315187671,961.968680089485,300
541.88416604524,449.913000248571,300
661.19811086254,1222.96793437733,320
850.111856823266,1029.08277404922,300
887.397464578673,2020.87994034303,320
894.854586129754,2023.36564752672,300
907.283122048223,703.455132985334,320
914.740243599304,703.455132985334,300
932.14019388516,2085.50832711907,300
1048.96843151877,236.142182450907,300
1071.33979617201,1481.48148148148,300
1073.8255033557,2040.76559781258,320
1121.05393984589,1610.73825503356,320
1158.33954760129,576.684066616953,300
1300.02485707184,270.94208302262,300
1302.51056425553,278.399204573701,300
1334.82475764355,2455.87869748944,300
1369.62465821526,2453.39299030574,300
1424.31021625653,1565.99552572707,300
1506.33855331842,1536.16703952274,320
1506.33855331842,1250.31071339796,320
1575.93835446184,740.740740740741,320
1588.36689038031,2445.93586875466,320
1590.85259756401,1039.02560278399,320
1630.62391250311,2209.79368630375,320
1717.62366393239,159.085259756401,320
1735.02361421825,2217.25080785483,320
1797.16629381059,1911.5088242605,320
1802.13770817798,1404.42455878698,320
1841.90902311708,1575.93835446184,320
1886.65175242356,439.970171513796,340
1906.53740989311,1170.76808351976,320
1921.45165299528,2237.13646532438,320
1923.93736017897,1685.30947054437,320
1958.73726075068,840.169028088491,300
2105.39398458862,1928.90877454636,300
2107.87969177231,1210.53939845886,300
2120.30822769078,1130.99676858066,300
2127.76534924186,1677.85234899329,320
2135.22247079294,698.483718617947,300
2194.87944320159,720.855083271191,320
2252.05070842655,1083.76833209048,300
2252.05070842655,1650.50956997266,320
2266.96495152871,1227.93934874472,320
2284.36490181457,924.683072334079,300
2363.90753169277,894.854586129754,320
2423.56450410142,1675.36664180959,320
193.885160328113,1399.45314441959,320
198.856574695501,1183.19661943823,320
223.713646532438,807.854834700472,320
233.656475267214,999.254287844892,320
248.570718369376,1260.25354213274,320
323.141933880189,599.055431270196,320
345.513298533433,1130.99676858066,320
362.913248819289,1722.59507829978,320
417.598806860552,1466.56723837932,320
439.970171513796,1638.08103405419,320
474.770072085508,1140.93959731544,320
479.741486452896,961.968680089485,320
517.027094208302,1285.11061396967,320
591.598309719115,1300.02485707184,320
601.54113845389,1988.56574695501,320
641.31245339299,1469.05294556301,320
671.140939597315,805.369127516779,320
691.026597066866,559.284116331096,320
733.283619189659,1849.36614466816,320
785.483470047228,1744.96644295302,320
805.369127516779,243.599304001989,320
842.654735272185,1029.08277404922,320
860.054685558041,2068.10837683321,320
867.511807109123,512.055679840915,320
884.911757394979,1722.59507829978,340
877.454635843898,904.797414864529,320
894.854586129754,713.397961720109,320
899.826000497141,700.969425801641,320
917.225950782998,792.94059159831,320
927.168779517773,2085.50832711907,320
974.397216007954,1981.10862540393,320
1026.59706686552,1429.28163062391,320
1031.56848123291,1481.48148148148,320
1036.5398956003,236.142182450907,320
1046.48272433507,1918.96594581158,320
1058.91126025354,869.997514292816,320
1061.39696743724,1478.99577429779,320
1133.48247576436,1533.68133233905,320
1138.45389013174,842.654735272185,320
1148.39671886652,576.684066616953,320
1170.76808351976,1906.53740989311,340
1183.19661943823,2217.25080785483,320
1193.13944817301,265.970668655232,320
1270.19637086751,1705.19512801392,340
1295.05344270445,275.913497390007,320
1431.76733780761,1029.08277404922,320
1538.65274670644,1561.02411135968,320
1556.05269699229,661.19811086254,320
1598.30971911509,877.454635843898,340
1692.76659209545,909.768829231916,340
1844.39473030077,1225.45364156102,340
1871.7375093214,1337.31046482724,320
1923.93736017897,673.626646781009,340
1933.88018891375,1876.70892368879,340
1986.08003977131,236.142182450907,340
2018.39423315933,591.598309719115,320
2030.8227690778,613.969674372359,320
2078.05120556798,1459.11011682824,360
2087.99403430276,792.94059159831,320
2127.76534924186,698.483718617947,320
2152.6224210788,1225.45364156102,340
2244.59358687547,1705.19512801392,340
2281.87919463087,1841.90902311708,320
2416.10738255034,802.883420333085,320
2470.7929405916,1772.30922197365,320
233.656475267214,937.111608252548,340
256.027839920457,1265.22495650012,340
447.427293064877,1643.05244842158,340
449.913000248571,648.769574944072,360
449.913000248571,1600.79542629878,340
474.770072085508,1767.33780760626,340
477.255779269202,1675.36664180959,360
482.22719363659,1140.93959731544,340
499.627143922446,1367.13895103157,360
526.969922943077,1677.85234899329,340
526.969922943077,1290.08202833706,360
549.341287596321,1364.65324384787,340
571.712652249565,643.798160576684,340
586.626895351728,1923.93736017897,360
611.483967188665,1991.0514541387,340
648.769574944072,1471.53865274671,340
671.140939597315,1829.48048719861,360
703.455132985334,559.284116331096,360
773.05493412876,1881.68033805618,340
792.94059159831,1749.93785732041,340
817.797663435247,243.599304001989,340
822.769077802635,1543.62416107383,340
860.054685558041,1200.59656972409,340
879.940343027591,512.055679840915,340
887.397464578673,904.797414864529,340
919.711657966692,258.513547104151,360
927.168779517773,790.454884414616,340
981.854337559036,241.113596818295,360
984.340044742729,1983.59433258762,360
1029.08277404922,1317.42480735769,360
1036.5398956003,1436.73875217499,340
1039.02560278399,1486.45289584887,340
1053.93984588615,1923.93736017897,340
1063.88267462093,666.169525229928,360
1071.33979617201,869.997514292816,340
1071.33979617201,1483.96718866518,340
1076.3112105394,1672.8809346259,360
1111.11111111111,556.798409147402,360
1128.51106139697,1913.9945314442,360
1160.82525478499,576.684066616953,340
1175.73949788715,1300.02485707184,360
1193.13944817301,2222.22222222222,340
1205.56798409147,265.970668655232,340
1240.36788466319,718.369376087497,340
1307.48197862292,2316.67909520259,360
1334.82475764355,1295.05344270445,360
1396.96743723589,193.885160328113,360
1394.4817300522,623.912503107134,360
1404.42455878698,959.482972905792,360
1419.33880188914,1628.13820531941,340
1464.08153119563,812.82624906786,360
1533.68133233905,812.82624906786,340
1556.05269699229,768.083519761372,360
1568.48123291076,241.113596818295,360
1643.05244842158,1976.13721103654,360
1680.33805617698,457.370121799652,360
1767.33780760626,1943.82301764852,360
1794.6805866269,1615.70966940094,360
1849.36614466816,1237.88217747949,360
1884.16604523987,2247.07929405916,360
1933.88018891375,1446.68158090977,360
1941.33731046483,1024.11135968183,340
1978.62291822023,1774.79492915735,360
1981.10862540393,2304.25055928412,340
1988.56574695501,934.625901068854,360
2003.47999005717,1789.70917225951,360
2060.65125528213,1108.62540392742,360
2135.22247079294,1551.08128262491,360
2160.07954262988,636.341039025603,340
2172.50807854835,845.140442455879,340
2271.9363658961,1170.76808351976,360
2361.42182450907,1528.70991797166,360
2406.16455381556,720.855083271191,360
2480.73576932637,817.797663435247,340
362.913248819289,1558.53840417599,380
377.827491921452,698.483718617947,360
678.598061148397,1406.91026597067,380
830.226199353716,705.940840169028,360
830.226199353716,1091.22545364156,360
842.654735272185,2127.76534924186,360
874.968928660204,1304.99627143922,380
919.711657966692,1195.6251553567,360
927.168779517773,815.311956251554,380
1006.71140939597,2234.65075814069,380
1021.62565249814,2259.50782997763,380
1031.56848123291,601.54113845389,360
1051.45413870246,1710.16654238131,360
1061.39696743724,1260.25354213274,360
1073.8255033557,750.683569475516,360
1118.56823266219,1108.62540392742,380
1213.02510564256,305.741983594333,360
1217.99652000994,472.284364901815,400
1247.82500621427,2152.6224210788,380
1270.19637086751,1744.96644295302,380
1277.65349241859,1252.79642058166,360
1277.65349241859,636.341039025603,380
1292.56773552076,2174.99378573204,360
1314.939100174,1175.73949788715,380
1319.91051454139,2311.7076808352,360
1436.73875217499,144.171016654238,380
1444.19587372608,397.713149391002,380
1446.68158090977,340.541884166045,380
1469.05294556301,1404.42455878698,380
1481.48148148148,656.226696495153,360
1521.25279642058,268.456375838926,380
1541.13845389013,1454.13870246085,380
1593.3383047477,1558.53840417599,380
1615.70966940094,268.456375838926,380
1715.13795674869,686.055182699478,380
1749.93785732041,1565.99552572707,380
1923.93736017897,944.568729803629,380
1961.22296793438,333.084762614964,380
2018.39423315933,2063.13696246582,360
2045.73701217997,1881.68033805618,380
2284.36490181457,1481.48148148148,380
2396.22172508079,1814.56624409645,380
2470.7929405916,1598.30971911509,380
2470.7929405916,1521.25279642058,360
2475.76435495899,1772.30922197365,360
648.769574944072,1732.53790703455,400
656.226696495153,1730.05219985086,380
740.740740740741,1277.65349241859,400
842.654735272185,710.912254536416,380
917.225950782998,1667.90952025851,380
994.282873477504,2192.3937360179,380
1046.48272433507,1881.68033805618,380
1111.11111111111,2257.02212279394,400
1135.96818294805,1648.02386278896,380
1183.19661943823,1749.93785732041,380
1195.6251553567,1759.88068605518,380
1195.6251553567,641.31245339299,400
1379.56748695004,1178.22520507084,380
1476.51006711409,1406.91026597067,380
1476.51006711409,1327.36763609247,400
1491.42431021626,1324.88192890877,400
1491.42431021626,1061.39696743724,380
1553.5669898086,377.827491921452,380
1565.99552572707,2319.16480238628,400
1600.79542629878,303.256276410639,400
1610.73825503356,524.484215759384,400
1670.39522744221,1449.16728809346,380
1712.652249565,815.311956251554,380
1744.96644295302,678.598061148397,380
1782.25205070843,2261.99353716132,380
1809.59482972906,1553.5669898086,380
2055.67984091474,1304.99627143922,400
2068.10837683321,1603.28113348248,400
2095.45115585384,1143.42530449913,400
2130.25105642555,2040.76559781258,400
2194.87944320159,1098.68257519264,400
700.969425801641,1675.36664180959,400
738.255033557047,956.997265722098,400
753.16927665921,1946.30872483221,400
778.026348496147,1165.79666915237,400
837.683320904797,705.940840169028,400
860.054685558041,1036.5398956003,440
867.511807109123,1300.02485707184,400
889.883171762366,1531.19562515536,420
899.826000497141,566.741237882178,420
907.283122048223,1665.42381307482,400
1009.19711657967,1553.5669898086,400
1016.65423813075,2257.02212279394,400
1034.0541884166,1727.56649266716,400
1039.02560278399,1879.19463087248,400
1046.48272433507,1707.68083519761,400
1168.28237633607,2083.02261993537,400
1170.76808351976,2078.05120556798,400
1175.73949788715,1747.45215013671,400
1188.16803380562,1757.39497887149,400
1275.1677852349,884.911757394979,400
1270.19637086751,1135.96818294805,400
1295.05344270445,1126.02535421327,400
1314.939100174,790.454884414616,400
1394.4817300522,176.485210042257,400
1401.93885160328,1024.11135968183,420
1414.36738752175,1282.62490678598,420
1439.22445935869,397.713149391002,400
1493.91001739995,231.17076808352,440
1493.91001739995,785.483470047228,420
1516.28138205319,2294.30773054934,400
1575.93835446184,181.456624409645,420
1598.30971911509,1958.73726075068,420
1600.79542629878,1645.53815560527,420
1660.45239870743,1476.51006711409,420
1667.90952025851,1454.13870246085,400
1682.82376336068,1593.3383047477,420
1792.1948794432,561.76982351479,400
1831.9661943823,1846.88043748446,420
1846.88043748446,770.569226945066,400
1901.56599552573,1645.53815560527,400
2117.82252050708,1287.59632115337,400
2125.27964205817,1290.08202833706,420
2291.82202336565,1374.59607258265,420
2306.73626646781,1337.31046482724,400
2314.19338801889,773.05493412876,420
2426.05021128511,1391.99602286851,400
638.826746209297,1536.16703952274,420
656.226696495153,1732.53790703455,420
661.19811086254,1628.13820531941,440
748.197862291822,1280.13919960229,420
758.140691026597,1948.79443201591,420
845.140442455879,1123.53964702958,440
879.940343027591,1031.56848123291,440
961.968680089485,2125.27964205817,420
1019.13994531444,1556.05269699229,420
1019.13994531444,1016.65423813075,440
1019.13994531444,2237.13646532438,420
1048.96843151877,1879.19463087248,420
1048.96843151877,1727.56649266716,420
1051.45413870246,822.769077802635,440
1053.93984588615,1707.68083519761,420
1135.96818294805,1486.45289584887,440
1178.22520507084,2080.53691275168,420
1185.68232662192,459.855828983346,440
1265.22495650012,1981.10862540393,440
1275.1677852349,1138.45389013174,420
1317.42480735769,792.94059159831,420
1347.25329356202,1116.0825254785,440
1377.08177976634,2291.82202336565,440
1389.51031568481,606.512552821278,440
1406.91026597067,1198.11086254039,420
1424.31021625653,338.056176982351,420
1464.08153119563,631.369624658215,420
1533.68133233905,1996.02286850609,440
1538.65274670644,2008.45140442456,420
1563.50981854338,283.370618941089,440
1570.96694009446,1384.53890131742,440
1610.73825503356,862.540392741735,440
1640.56674123788,1859.30897340293,440
1645.53815560527,720.855083271191,420
1739.99502858563,2261.99353716132,420
1764.85210042257,947.054436987323,440
1899.08028834203,1759.88068605518,420
1909.02311707681,1638.08103405419,440
2294.30773054934,1225.45364156102,420
2348.9932885906,1026.59706686552,440
2398.70743226448,1382.05319413373,440
464.827243350733,1312.45339299031,440
693.512304250559,1399.45314441959,440
778.026348496147,534.427044494159,440
850.111856823266,1086.25403927417,460
857.568978374347,1645.53815560527,460
902.311707680835,1377.08177976634,440
932.14019388516,765.597812577678,460
976.882923191648,1387.02460850112,460
984.340044742729,1019.13994531444,460
994.282873477504,1222.96793437733,460
1009.19711657967,1565.99552572707,460
1031.56848123291,1334.82475764355,480
1036.5398956003,497.141436738752,440
1048.96843151877,1339.79617201094,480
1066.36838180462,1292.56773552076,440
1138.45389013174,1404.42455878698,460
1250.31071339796,1777.28063634104,460
1319.91051454139,822.769077802635,440
1339.79617201094,1168.28237633607,440
1374.59607258265,608.998260004971,460
1382.05319413373,857.568978374347,460
1387.02460850112,708.426547352722,440
1449.16728809346,760.626398210291,440
1471.53865274671,1143.42530449913,460
1483.96718866518,559.284116331096,460
1493.91001739995,218.742232165051,460
1498.88143176734,1359.68182948049,440
1558.53840417599,1638.08103405419,460
1575.93835446184,1113.5968182948,460
1623.16679095203,922.197365150385,460
1635.59532687049,748.197862291822,440
1633.1096196868,745.712155108128,440
1657.96669152374,556.798409147402,440
1777.28063634104,2018.39423315933,460
1824.50907283122,643.798160576684,440
1894.10887397465,549.341287596321,440
1906.53740989311,1648.02386278896,440
1923.93736017897,1431.76733780761,440
2013.42281879195,865.026099925429,440
2023.36564752672,1081.28262490679,460
2306.73626646781,1503.85284613473,440
688.540889883172,1183.19661943823,480
735.769326373353,1580.90976882923,480
797.912005965697,1242.85359184688,480
802.883420333085,947.054436987323,460
820.283370618941,1295.05344270445,480
847.626149639573,1217.99652000994,480
857.568978374347,1491.42431021626,460
892.36887894606,594.084016902809,460
1024.11135968183,1807.10912254536,460
1031.56848123291,1190.65374098931,460
1063.88267462093,1252.79642058166,480
1091.22545364156,1508.82426050211,460
1143.42530449913,1255.28212776535,480
1215.51081282625,1996.02286850609,460
1250.31071339796,1764.85210042257,480
1272.68207805121,2172.50807854835,480
1384.53890131742,1677.85234899329,500
1434.2530449913,1287.59632115337,460
1464.08153119563,892.36887894606,460
1511.30996768581,2045.73701217997,460
1551.08128262491,1961.22296793438,460
1575.93835446184,621.42679592344,480
1600.79542629878,2000.99428287348,460
1650.50956997266,1608.25254784986,460
1682.82376336068,2142.67959234402,460
1787.22346507581,1016.65423813075,460
1923.93736017897,1439.22445935869,480
2140.19388516033,738.255033557047,480
2172.50807854835,847.626149639573,460
832.71190653741,1195.6251553567,480
877.454635843898,1933.88018891375,480
887.397464578673,1508.82426050211,480
944.568729803629,1749.93785732041,500
1160.82525478499,812.82624906786,480
1190.65374098931,412.627392493164,480
1198.11086254039,1116.0825254785,480
1227.93934874472,897.340293313448,480
1285.11061396967,1471.53865274671,480
1302.51056425553,1841.90902311708,500
1304.99627143922,1976.13721103654,480
1312.45339299031,328.113348247576,480
1364.65324384787,2087.99403430276,500
1396.96743723589,1856.82326621924,480
1416.85309470544,2142.67959234402,500
1461.59582401193,1638.08103405419,480
1600.79542629878,494.655729555058,500
1603.28113348248,641.31245339299,500
1727.56649266716,1804.62341536167,500
1931.39448173005,1322.39622172508,500
1973.65150385285,1826.99478001491,480
2020.87994034303,1508.82426050211,520
2319.16480238628,1347.25329356202,480
594.084016902809,1272.68207805121,500
703.455132985334,1051.45413870246,520
792.94059159831,959.482972905792,520
807.854834700472,1232.91076311211,500
857.568978374347,1493.91001739995,500
877.454635843898,1730.05219985086,520
934.625901068854,1493.91001739995,520
976.882923191648,705.940840169028,520
984.340044742729,1123.53964702958,520
1091.22545364156,1128.51106139697,500
1252.79642058166,1319.91051454139,500
1309.96768580661,1851.85185185185,500
1421.82450907283,1831.9661943823,500
1421.82450907283,847.626149639573,500
1516.28138205319,2045.73701217997,500
1643.05244842158,1384.53890131742,500
1722.59507829978,1996.02286850609,500
1879.19463087248,1349.73900074571,500
1951.2801391996,1876.70892368879,520
2058.16554809843,1220.48222719364,520
2060.65125528213,1493.91001739995,520
753.16927665921,986.825751926423,520
840.169028088491,1255.28212776535,540
862.540392741735,1319.91051454139,540
1066.36838180462,1561.02411135968,540
1091.22545364156,785.483470047228,540
1185.68232662192,477.255779269202,540
1300.02485707184,795.426298782004,520
1406.91026597067,1809.59482972906,520
1436.73875217499,1155.8538404176,520
1570.96694009446,1943.82301764852,520
1583.39547601293,1941.33731046483,520
1690.28088491176,1739.99502858563,520
1767.33780760626,1874.2232165051,520
1774.79492915735,1874.2232165051,520
1921.45165299528,969.425801640567,540
1951.2801391996,1518.76708923689,540
1956.25155356699,1334.82475764355,520
1956.25155356699,1526.22421078797,520
2008.45140442456,1175.73949788715,520
785.483470047228,1088.73974645787,560
1076.3112105394,1720.10937111608,560
1304.99627143922,1034.0541884166,540
1307.48197862292,608.998260004971,540
1307.48197862292,1841.90902311708,540
1379.56748695004,1665.42381307482,540
1401.93885160328,1802.13770817798,540
1451.65299527716,862.540392741735,540
1493.91001739995,1404.42455878698,540
1536.16703952274,1165.79666915237,540
1565.99552572707,1936.36589609744,540
1578.42406164554,1936.36589609744,560
1615.70966940094,1879.19463087248,540
1682.82376336068,1732.53790703455,540
1720.10937111608,1988.56574695501,540
1759.88068605518,1538.65274670644,540
1767.33780760626,1866.76609495401,540
1946.30872483221,1866.76609495401,540
1951.2801391996,1327.36763609247,540
2000.99428287348,1170.76808351976,540
2058.16554809843,1483.96718866518,540
942.083022619935,827.740492170022,560
1140.93959731544,628.883917474521,560
1300.02485707184,618.941088739746,580
1312.45339299031,1426.79592344022,560
1334.82475764355,1585.88118319662,560
1354.7104151131,815.311956251554,560
1372.11036539896,1670.39522744221,560
1600.79542629878,1732.53790703455,560
1692.76659209545,1565.99552572707,580
1695.25229927915,1506.33855331842,580
1754.9092716878,1546.10986825752,560
1921.45165299528,1384.53890131742,560
1948.79443201591,1523.73850360428,560
1439.22445935869,1635.59532687049,600
1556.05269699229,1309.96768580661,600
1575.93835446184,1359.68182948049,600
1583.39547601293,1034.0541884166,600
1948.79443201591,1618.19537658464,580
1121.05393984589,1138.45389013174,600
1150.88242605021,857.568978374347,600
1170.76808351976,1561.02411135968,620
1272.68207805121,959.482972905792,600
1317.42480735769,999.254287844892,600
1391.99602286851,914.740243599304,600
1565.99552572707,1551.08128262491,620
1590.85259756401,1041.51130996769,600
1610.73825503356,1029.08277404922,600
1710.16654238131,1401.93885160328,600
1130.99676858066,1138.45389013174,620
1267.71066368382,1391.99602286851,640
1282.62490678598,956.997265722098,620
1329.85334327616,999.254287844892,620
1404.42455878698,914.740243599304,620
1598.30971911509,1051.45413870246,620
1603.28113348248,1039.02560278399,620
1623.16679095203,1029.08277404922,620
1675.36664180959,1300.02485707184,640
1272.68207805121,954.511558538404,640
