121.799652000994,586.626895351728,14.9925037481259
216.256524981357,129.256773552076,29.9850074962519
221.227939348745,104.399701715138,29.9850074962519
231.17076808352,1650.50956997266,29.9850074962519
246.085011185682,1648.02386278896,29.9850074962519
248.570718369376,1690.28088491176,14.9925037481259
434.998757146408,564.255530698484,14.9925037481259
449.913000248571,561.76982351479,29.9850074962519
504.598558289833,939.597315436242,14.9925037481259
521.99850857569,1496.39572458364,29.9850074962519
576.684066616953,1921.45165299528,29.9850074962519
671.140939597315,218.742232165051,29.9850074962519
676.112353964703,730.797912005966,14.9925037481259
681.08376833209,710.912254536416,14.9925037481259
705.940840169028,173.999502858563,29.9850074962519
1098.68257519264,1565.99552572707,29.9850074962519
1108.62540392742,1590.85259756401,29.9850074962519
1116.0825254785,1575.93835446184,29.9850074962519
1148.39671886652,1140.93959731544,29.9850074962519
1150.88242605021,2107.87969177231,29.9850074962519
1347.25329356202,1411.88168033806,14.9925037481259
1478.99577429779,1133.48247576436,14.9925037481259
1508.82426050211,728.312204822272,29.9850074962519
1553.5669898086,1558.53840417599,29.9850074962519
1558.53840417599,1538.65274670644,14.9925037481259
1575.93835446184,775.540641312453,29.9850074962519
1580.90976882923,753.16927665921,29.9850074962519
1615.70966940094,1598.30971911509,14.9925037481259
1682.82376336068,638.826746209297,29.9850074962519
1886.65175242356,1831.9661943823,14.9925037481259
2242.10787969177,961.968680089485,29.9850074962519
101.913994531444,790.454884414616,29.9850074962519
216.256524981357,1650.50956997266,44.9775112443778
233.656475267214,1633.1096196868,29.9850074962519
275.913497390007,1518.76708923689,44.9775112443778
285.856326124783,1538.65274670644,29.9850074962519
318.170519512801,2299.27914491673,44.9775112443778
512.055679840915,1986.08003977131,44.9775112443778
517.027094208302,1998.50857568978,29.9850074962519
676.112353964703,1528.70991797166,44.9775112443778
775.540641312453,618.941088739746,44.9775112443778
922.197365150385,96.9425801640567,29.9850074962519
934.625901068854,72.0855083271191,29.9850074962519
971.911508824261,106.885408898832,44.9775112443778
991.797166293811,109.371116082525,44.9775112443778
1130.99676858066,2055.67984091474,44.9775112443778
1208.05369127517,352.970420084514,44.9775112443778
1342.28187919463,1429.28163062391,29.9850074962519
1491.42431021626,2219.73651503853,29.9850074962519
1503.85284613473,2202.33656475267,29.9850074962519
1536.16703952274,1556.05269699229,29.9850074962519
1543.62416107383,1573.45264727815,29.9850074962519
1548.59557544121,1536.16703952274,29.9850074962519
1556.05269699229,835.197613721104,44.9775112443778
1610.73825503356,1618.19537658464,29.9850074962519
1697.73800646284,703.455132985334,29.9850074962519
1737.50932140194,2030.8227690778,29.9850074962519
1836.93760874969,611.483967188665,44.9775112443778
1884.16604523987,1849.36614466816,29.9850074962519
1936.36589609744,1188.16803380562,29.9850074962519
1946.30872483221,2055.67984091474,29.9850074962519
1948.79443201591,2028.33706189411,29.9850074962519
2112.8511061397,173.999502858563,29.9850074962519
2135.22247079294,62.142679592344,44.9775112443778
2249.56500124285,802.883420333085,29.9850074962519
2319.16480238628,136.713895103157,44.9775112443778
29.8284862043251,1799.65200099428,44.9775112443778
213.770817797663,1640.56674123788,44.9775112443778
231.17076808352,2035.79418344519,59.9700149925037
246.085011185682,1667.90952025851,44.9775112443778
246.085011185682,2068.10837683321,59.9700149925037
251.05642555307,2028.33706189411,59.9700149925037
357.941834451902,544.369873228934,59.9700149925037
628.883917474521,2000.99428287348,44.9775112443778
648.769574944072,1237.88217747949,44.9775112443778
658.712403678847,2023.36564752672,44.9775112443778
994.282873477504,84.5140442455879,74.9625187406297
1106.13969674372,2304.25055928412,44.9775112443778
1190.65374098931,355.456127268208,59.9700149925037
1235.3964702958,1382.05319413373,44.9775112443778
1285.11061396967,22.3713646532438,44.9775112443778
1309.96768580661,1406.91026597067,44.9775112443778
1391.99602286851,0,44.9775112443778
1399.45314441959,17.3999502858563,44.9775112443778
1424.31021625653,2301.76485210042,44.9775112443778
1461.59582401193,2199.85085756898,44.9775112443778
1471.53865274671,2182.45090728312,44.9775112443778
1513.7956748695,1553.5669898086,44.9775112443778
1518.76708923689,1516.28138205319,44.9775112443778
1538.65274670644,1643.05244842158,44.9775112443778
1593.3383047477,1486.45289584887,44.9775112443778
1600.79542629878,1486.45289584887,44.9775112443778
1608.25254784986,1483.96718866518,44.9775112443778
1700.22371364653,1998.50857568978,44.9775112443778
1707.68083519761,2010.93711160825,44.9775112443778
1767.33780760626,531.941337310465,59.9700149925037
1789.70917225951,780.512055679841,44.9775112443778
1792.1948794432,773.05493412876,44.9775112443778
1899.08028834203,1575.93835446184,44.9775112443778
1913.9945314442,2033.3084762615,44.9775112443778
1916.48023862789,2010.93711160825,44.9775112443778
1918.96594581158,2040.76559781258,44.9775112443778
1938.85160328113,1996.02286850609,44.9775112443778
1978.62291822023,352.970420084514,59.9700149925037
2080.53691275168,1314.939100174,44.9775112443778
9.94282873477504,1021.62565249814,74.9625187406297
9.94282873477504,502.11285110614,59.9700149925037
154.113845389013,760.626398210291,59.9700149925037
218.742232165051,2105.39398458862,74.9625187406297
402.684563758389,1309.96768580661,74.9625187406297
449.913000248571,586.626895351728,59.9700149925037
459.855828983346,576.684066616953,59.9700149925037
556.798409147402,1372.11036539896,59.9700149925037
733.283619189659,146.656723837932,74.9625187406297
743.226447924435,979.368630375342,59.9700149925037
785.483470047228,544.369873228934,74.9625187406297
865.026099925429,283.370618941089,59.9700149925037
884.911757394979,1650.50956997266,74.9625187406297
966.940094456873,77.0569226945066,74.9625187406297
999.254287844892,69.5998011434253,59.9700149925037
1006.71140939597,1257.76783494904,59.9700149925037
1304.99627143922,1382.05319413373,59.9700149925037
1362.16753666418,805.369127516779,74.9625187406297
1362.16753666418,1894.10887397465,59.9700149925037
1401.93885160328,24.8570718369376,74.9625187406297
1478.99577429779,1739.99502858563,59.9700149925037
1491.42431021626,2301.76485210042,59.9700149925037
1583.39547601293,1553.5669898086,59.9700149925037
1662.93810589113,1486.45289584887,59.9700149925037
1777.28063634104,2008.45140442456,59.9700149925037
1968.68008948546,1575.93835446184,59.9700149925037
1986.08003977131,2035.79418344519,59.9700149925037
1988.56574695501,2008.45140442456,59.9700149925037
2008.45140442456,1993.5371613224,59.9700149925037
2080.53691275168,1618.19537658464,59.9700149925037
2150.1367138951,1312.45339299031,59.9700149925037
2202.33656475267,2085.50832711907,59.9700149925037
2229.6793437733,2000.99428287348,59.9700149925037
2411.13596818295,1523.73850360428,59.9700149925037
2413.62167536664,1541.13845389013,59.9700149925037
2.48570718369376,2050.70842654735,74.9625187406297
226.199353716132,2090.47974148645,74.9625187406297
519.512801391996,559.284116331096,74.9625187406297
541.88416604524,1098.68257519264,89.9550224887556
621.42679592344,1752.4235645041,89.9550224887556
832.71190653741,2132.73676360925,74.9625187406297
979.368630375342,96.9425801640567,74.9625187406297
1123.53964702958,1618.19537658464,89.9550224887556
1203.08227690778,944.568729803629,89.9550224887556
1220.48222719364,1009.19711657967,89.9550224887556
1275.1677852349,904.797414864529,74.9625187406297
1324.88192890877,1876.70892368879,74.9625187406297
1332.33905045986,1357.19612229679,74.9625187406297
1352.22470792941,1372.11036539896,74.9625187406297
1444.19587372608,1725.08078548347,74.9625187406297
1655.48098434004,1958.73726075068,74.9625187406297
1739.99502858563,686.055182699478,74.9625187406297
1854.33755903555,1123.53964702958,74.9625187406297
1928.90877454636,2025.85135471042,74.9625187406297
1933.88018891375,1558.53840417599,74.9625187406297
1973.65150385285,1978.62291822023,74.9625187406297
2045.73701217997,1600.79542629878,74.9625187406297
2107.87969177231,576.684066616953,74.9625187406297
2115.33681332339,1295.05344270445,74.9625187406297
2167.53666418096,2065.62266964952,74.9625187406297
2194.87944320159,1983.59433258762,74.9625187406297
2194.87944320159,1998.50857568978,74.9625187406297
2197.36515038528,1951.2801391996,74.9625187406297
2254.53641561024,2388.7646035297,74.9625187406297
2331.59333830475,521.99850857569,89.9550224887556
2339.05045985583,223.713646532438,74.9625187406297
2356.45041014169,1034.0541884166,74.9625187406297
2371.36465324385,1660.45239870743,74.9625187406297
2376.33606761124,1506.33855331842,74.9625187406297
2378.82177479493,1523.73850360428,74.9625187406297
2401.19313944817,1061.39696743724,89.9550224887556
2411.13596818295,2090.47974148645,74.9625187406297
2413.62167536664,1051.45413870246,89.9550224887556
67.1140939597315,2306.73626646781,104.947526236882
116.828237633607,265.970668655232,104.947526236882
323.141933880189,1802.13770817798,104.947526236882
333.084762614964,1474.0243599304,104.947526236882
372.856077554064,1454.13870246085,104.947526236882
569.226945065871,2239.62217250808,89.9550224887556
636.341039025603,469.798657718121,104.947526236882
815.311956251554,626.398210290828,104.947526236882
889.883171762366,837.683320904797,104.947526236882
932.14019388516,315.684812329108,89.9550224887556
1016.65423813075,228.685060899826,89.9550224887556
1046.48272433507,1923.93736017897,104.947526236882
1185.68232662192,937.111608252548,104.947526236882
1180.71091225454,947.054436987323,89.9550224887556
1292.56773552076,1764.85210042257,89.9550224887556
1322.39622172508,1367.13895103157,89.9550224887556
1339.79617201094,1374.59607258265,89.9550224887556
1344.76758637832,1406.91026597067,104.947526236882
1342.28187919463,1384.53890131742,89.9550224887556
1362.16753666418,1382.05319413373,89.9550224887556
1367.13895103157,1406.91026597067,89.9550224887556
1372.11036539896,1374.59607258265,89.9550224887556
1414.36738752175,1324.88192890877,89.9550224887556
1491.42431021626,121.799652000994,119.940029985007
1538.65274670644,2470.7929405916,89.9550224887556
1546.10986825752,1593.3383047477,89.9550224887556
1553.5669898086,1583.39547601293,89.9550224887556
1635.59532687049,1046.48272433507,104.947526236882
1648.02386278896,1971.16579666915,89.9550224887556
1854.33755903555,22.3713646532438,104.947526236882
1921.45165299528,2038.27989062888,89.9550224887556
1926.42306736266,2473.27864777529,89.9550224887556
2187.42232165051,2008.45140442456,89.9550224887556
2184.93661446682,1993.5371613224,89.9550224887556
2192.3937360179,1963.70867511807,89.9550224887556
2217.25080785483,566.741237882178,104.947526236882
2247.07929405916,2401.19313944817,89.9550224887556
2366.39323887646,1670.39522744221,89.9550224887556
2378.82177479493,1680.33805617698,89.9550224887556
2403.67884663187,2100.42257022123,89.9550224887556
2463.33581904052,512.055679840915,89.9550224887556
79.5426298782003,1503.85284613473,119.940029985007
124.285359184688,514.541387024609,104.947526236882
126.771066368382,718.369376087497,104.947526236882
370.37037037037,1548.59557544121,119.940029985007
464.827243350733,1449.16728809346,119.940029985007
464.827243350733,1434.2530449913,119.940029985007
497.141436738752,1854.33755903555,104.947526236882
554.312701963709,571.712652249565,119.940029985007
589.112602535421,1367.13895103157,104.947526236882
599.055431270196,1377.08177976634,119.940029985007
656.226696495153,467.312950534427,104.947526236882
807.854834700472,2117.82252050708,119.940029985007
857.568978374347,1019.13994531444,104.947526236882
857.568978374347,899.826000497141,119.940029985007
964.454387273179,879.940343027591,104.947526236882
1024.11135968183,1928.90877454636,104.947526236882
1031.56848123291,872.48322147651,119.940029985007
1036.5398956003,1921.45165299528,119.940029985007
1083.76833209048,678.598061148397,119.940029985007
1285.11061396967,1754.9092716878,104.947526236882
1317.42480735769,1354.7104151131,104.947526236882
1329.85334327616,1394.4817300522,104.947526236882
1334.82475764355,1357.19612229679,104.947526236882
1347.25329356202,67.1140939597315,119.940029985007
1354.7104151131,1369.62465821526,104.947526236882
1349.73900074571,551.826994780015,119.940029985007
1354.7104151131,611.483967188665,104.947526236882
1359.68182948049,1394.4817300522,104.947526236882
1364.65324384787,1362.16753666418,104.947526236882
1369.62465821526,544.369873228934,119.940029985007
1406.91026597067,1312.45339299031,104.947526236882
1508.82426050211,136.713895103157,104.947526236882
1518.76708923689,2087.99403430276,104.947526236882
1531.19562515536,2458.36440467313,104.947526236882
1538.65274670644,1580.90976882923,104.947526236882
1546.10986825752,1570.96694009446,104.947526236882
1603.28113348248,2165.05095699727,104.947526236882
1608.25254784986,2182.45090728312,104.947526236882
1613.22396221725,681.08376833209,104.947526236882
1682.82376336068,1275.1677852349,104.947526236882
1730.05219985086,758.140691026597,104.947526236882
1891.62316679095,2170.02237136465,104.947526236882
1916.48023862789,2025.85135471042,104.947526236882
1918.96594581158,2458.36440467313,104.947526236882
2087.99403430276,2192.3937360179,104.947526236882
2184.93661446682,1948.79443201591,104.947526236882
2197.36515038528,1794.6805866269,104.947526236882
2239.62217250808,2391.2503107134,104.947526236882
2247.07929405916,1374.59607258265,104.947526236882
2316.67909520259,1603.28113348248,104.947526236882
2339.05045985583,979.368630375342,119.940029985007
2358.93611732538,1660.45239870743,104.947526236882
2396.22172508079,2087.99403430276,104.947526236882
178.970917225951,352.970420084514,134.932533733133
198.856574695501,845.140442455879,134.932533733133
313.199105145414,894.854586129754,119.940029985007
430.027342779021,2261.99353716132,119.940029985007
444.941585881183,519.512801391996,119.940029985007
584.141188168034,1349.73900074571,119.940029985007
601.54113845389,1352.22470792941,119.940029985007
599.055431270196,1250.31071339796,119.940029985007
663.683818046234,499.627143922446,119.940029985007
683.569475515784,626.398210290828,134.932533733133
745.712155108128,1687.79517772806,119.940029985007
947.054436987323,417.598806860552,134.932533733133
1004.22570221228,1762.36639323888,119.940029985007
1014.16853094705,1876.70892368879,134.932533733133
1041.51130996769,2080.53691275168,119.940029985007
1101.16828237634,815.311956251554,134.932533733133
1153.36813323391,1339.79617201094,134.932533733133
1332.33905045986,549.341287596321,119.940029985007
1339.79617201094,561.76982351479,134.932533733133
1349.73900074571,539.398458861546,134.932533733133
1357.19612229679,1379.56748695004,119.940029985007
1364.65324384787,1404.42455878698,119.940029985007
1513.7956748695,929.654486701467,119.940029985007
1526.22421078797,2095.45115585384,119.940029985007
1578.42406164554,2048.22271936366,134.932533733133
1585.88118319662,233.656475267214,119.940029985007
1595.82401193139,2184.93661446682,119.940029985007
1608.25254784986,2172.50807854835,119.940029985007
1615.70966940094,2189.9080288342,119.940029985007
1615.70966940094,661.19811086254,119.940029985007
1633.1096196868,1290.08202833706,119.940029985007
1690.28088491176,1282.62490678598,134.932533733133
1822.02336564753,263.484961471539,134.932533733133
1844.39473030077,1004.22570221228,119.940029985007
1899.08028834203,2179.96520009943,119.940029985007
1926.42306736266,2465.82152622421,119.940029985007
2087.99403430276,556.798409147402,119.940029985007
2105.39398458862,713.397961720109,119.940029985007
2172.50807854835,1145.91101168282,134.932533733133
2204.82227193637,1802.13770817798,119.940029985007
2257.02212279394,1379.56748695004,119.940029985007
2281.87919463087,1334.82475764355,134.932533733133
2289.33631618195,1138.45389013174,134.932533733133
2326.62192393736,1613.22396221725,119.940029985007
2356.45041014169,1628.13820531941,119.940029985007
2368.87894606015,1399.45314441959,119.940029985007
2378.82177479493,1675.36664180959,119.940029985007
2426.05021128511,246.085011185682,134.932533733133
2435.99304001989,258.513547104151,134.932533733133
188.913745960726,370.37037037037,134.932533733133
198.856574695501,1580.90976882923,134.932533733133
208.799403430276,1570.96694009446,149.925037481259
248.570718369376,425.055928411633,149.925037481259
320.656226696495,1034.0541884166,149.925037481259
367.884663186677,1135.96818294805,134.932533733133
385.284613472533,1195.6251553567,149.925037481259
444.941585881183,1304.99627143922,134.932533733133
745.712155108128,929.654486701467,134.932533733133
820.283370618941,1608.25254784986,149.925037481259
1053.93984588615,231.17076808352,149.925037481259
1135.96818294805,1474.0243599304,134.932533733133
1208.05369127517,964.454387273179,149.925037481259
1257.76783494904,1339.79617201094,134.932533733133
1265.22495650012,2030.8227690778,134.932533733133
1285.11061396967,1570.96694009446,134.932533733133
1431.76733780761,2480.73576932637,134.932533733133
1506.33855331842,1024.11135968183,134.932533733133
1513.7956748695,1021.62565249814,134.932533733133
1682.82376336068,1973.65150385285,134.932533733133
1725.08078548347,1541.13845389013,134.932533733133
1762.36639323888,805.369127516779,149.925037481259
1901.56599552573,1459.11011682824,149.925037481259
2376.33606761124,1123.53964702958,134.932533733133
2445.93586875466,2132.73676360925,134.932533733133
39.7713149391002,1839.42331593338,149.925037481259
91.9711657966692,1481.48148148148,164.917541229385
99.4282873477504,2073.0797912006,149.925037481259
104.399701715138,1471.53865274671,164.917541229385
278.399204573701,1966.19438230176,149.925037481259
347.999005717127,477.255779269202,149.925037481259
467.312950534427,1461.59582401193,164.917541229385
534.427044494159,2326.62192393736,149.925037481259
539.398458861546,1488.93860303256,149.925037481259
599.055431270196,544.369873228934,149.925037481259
671.140939597315,507.084265473527,164.917541229385
825.254784986329,300.770569226945,164.917541229385
837.683320904797,273.427790206314,149.925037481259
1036.5398956003,646.283867760378,149.925037481259
1108.62540392742,253.542132736764,164.917541229385
1160.82525478499,661.19811086254,149.925037481259
1198.11086254039,894.854586129754,149.925037481259
1222.96793437733,1359.68182948049,164.917541229385
1369.62465821526,1864.28038777032,149.925037481259
1382.05319413373,1844.39473030077,149.925037481259
1421.82450907283,2473.27864777529,149.925037481259
1426.79592344022,2473.27864777529,149.925037481259
1434.2530449913,2473.27864777529,149.925037481259
1588.36689038031,1153.36813323391,149.925037481259
1593.3383047477,2458.36440467313,149.925037481259
1603.28113348248,2440.96445438727,149.925037481259
1638.08103405419,1140.93959731544,149.925037481259
1764.85210042257,618.941088739746,164.917541229385
1891.62316679095,1466.56723837932,149.925037481259
1911.5088242605,1481.48148148148,149.925037481259
2443.45016157097,2122.79393487447,149.925037481259
2458.36440467313,623.912503107134,164.917541229385
39.7713149391002,770.569226945066,164.917541229385
253.542132736764,1648.02386278896,164.917541229385
362.913248819289,1406.91026597067,179.910044977511
390.25602783992,1026.59706686552,164.917541229385
390.25602783992,2087.99403430276,164.917541229385
395.227442207308,1521.25279642058,164.917541229385
509.569972657221,1240.36788466319,179.910044977511
718.369376087497,1630.62391250311,164.917541229385
780.512055679841,1377.08177976634,179.910044977511
842.654735272185,1531.19562515536,179.910044977511
1019.13994531444,546.855580412627,164.917541229385
1031.56848123291,765.597812577678,164.917541229385
1036.5398956003,653.740989311459,164.917541229385
1041.51130996769,661.19811086254,164.917541229385
1096.19686800895,1971.16579666915,164.917541229385
1113.5968182948,509.569972657221,164.917541229385
1140.93959731544,810.340541884166,164.917541229385
1250.31071339796,2326.62192393736,164.917541229385
1260.25354213274,1730.05219985086,164.917541229385
1372.11036539896,1896.59458115834,164.917541229385
1446.68158090977,1235.3964702958,164.917541229385
1451.65299527716,1265.22495650012,164.917541229385
1456.62440964454,1295.05344270445,164.917541229385
1498.88143176734,2035.79418344519,164.917541229385
1608.25254784986,2470.7929405916,164.917541229385
1722.59507829978,1593.3383047477,164.917541229385
1757.39497887149,1367.13895103157,164.917541229385
1826.99478001491,1618.19537658464,164.917541229385
1829.48048719861,1625.65249813572,164.917541229385
1834.451901566,1628.13820531941,164.917541229385
1879.19463087248,1483.96718866518,164.917541229385
1916.48023862789,1513.7956748695,164.917541229385
1921.45165299528,815.311956251554,179.910044977511
2110.365398956,653.740989311459,179.910044977511
2426.05021128511,1019.13994531444,179.910044977511
2448.42157593835,2155.10812826249,164.917541229385
24.8570718369376,422.570221227939,179.910044977511
159.085259756401,512.055679840915,194.902548725637
208.799403430276,1556.05269699229,179.910044977511
521.99850857569,1255.28212776535,179.910044977511
720.855083271191,852.59756400696,194.902548725637
780.512055679841,1372.11036539896,179.910044977511
787.969177230922,1369.62465821526,179.910044977511
827.740492170022,1513.7956748695,179.910044977511
956.997265722098,616.455381556053,179.910044977511
1168.28237633607,502.11285110614,179.910044977511
1190.65374098931,882.426050211285,179.910044977511
1245.33929903057,2296.79343773304,179.910044977511
1247.82500621427,2291.82202336565,179.910044977511
1312.45339299031,2040.76559781258,179.910044977511
1426.79592344022,584.141188168034,179.910044977511
1426.79592344022,2468.3072334079,179.910044977511
1496.39572458364,1250.31071339796,194.902548725637
1506.33855331842,1822.02336564753,194.902548725637
1685.30947054437,1145.91101168282,179.910044977511
1717.62366393239,1563.50981854338,179.910044977511
1752.4235645041,1334.82475764355,179.910044977511
1817.05195128014,1593.3383047477,194.902548725637
1822.02336564753,837.683320904797,194.902548725637
1871.7375093214,1451.65299527716,179.910044977511
1911.5088242605,1481.48148148148,179.910044977511
1986.08003977131,2030.8227690778,179.910044977511
2095.45115585384,847.626149639573,194.902548725637
2107.87969177231,1004.22570221228,179.910044977511
2232.165050957,778.026348496147,179.910044977511
2324.13621675367,1354.7104151131,179.910044977511
2331.59333830475,1367.13895103157,179.910044977511
86.9997514292816,1290.08202833706,209.895052473763
173.999502858563,1339.79617201094,209.895052473763
278.399204573701,1496.39572458364,194.902548725637
335.570469798658,1459.11011682824,194.902548725637
360.427541635595,1891.62316679095,194.902548725637
385.284613472533,216.256524981357,194.902548725637
390.25602783992,1083.76833209048,194.902548725637
464.827243350733,367.884663186677,194.902548725637
479.741486452896,350.48471290082,194.902548725637
541.88416604524,395.227442207308,209.895052473763
546.855580412627,1551.08128262491,194.902548725637
611.483967188665,251.05642555307,209.895052473763
698.483718617947,1205.56798409147,194.902548725637
713.397961720109,835.197613721104,194.902548725637
787.969177230922,2252.05070842655,194.902548725637
852.59756400696,2142.67959234402,209.895052473763
879.940343027591,218.742232165051,209.895052473763
942.083022619935,1707.68083519761,194.902548725637
944.568729803629,213.770817797663,209.895052473763
952.02585135471,1307.48197862292,194.902548725637
1071.33979617201,101.913994531444,194.902548725637
1128.51106139697,760.626398210291,209.895052473763
1170.76808351976,144.171016654238,209.895052473763
1170.76808351976,1513.7956748695,209.895052473763
1175.73949788715,47.2284364901815,209.895052473763
1247.82500621427,1024.11135968183,209.895052473763
1277.65349241859,430.027342779021,194.902548725637
1282.62490678598,1943.82301764852,194.902548725637
1615.70966940094,795.426298782004,194.902548725637
1618.19537658464,1891.62316679095,194.902548725637
1657.96669152374,1841.90902311708,194.902548725637
1749.93785732041,484.712900820283,209.895052473763
1889.13745960726,1220.48222719364,194.902548725637
1966.19438230176,1130.99676858066,194.902548725637
1991.0514541387,1839.42331593338,194.902548725637
2060.65125528213,2184.93661446682,194.902548725637
2184.93661446682,1329.85334327616,209.895052473763
2239.62217250808,623.912503107134,209.895052473763
2274.42207307979,1605.76684066617,194.902548725637
2324.13621675367,1913.9945314442,209.895052473763
2344.02187422322,1302.51056425553,194.902548725637
186.428038777032,1347.25329356202,209.895052473763
400.198856574696,208.799403430276,209.895052473763
484.712900820283,1533.68133233905,209.895052473763
524.484215759384,412.627392493164,224.887556221889
561.76982351479,2445.93586875466,224.887556221889
599.055431270196,263.484961471539,224.887556221889
695.998011434253,2264.47924434502,209.895052473763
745.712155108128,599.055431270196,209.895052473763
755.654983842903,2458.36440467313,209.895052473763
857.568978374347,855.083271190654,224.887556221889
956.997265722098,1309.96768580661,209.895052473763
1009.19711657967,720.855083271191,224.887556221889
1011.68282376336,1789.70917225951,209.895052473763
1178.22520507084,1265.22495650012,224.887556221889
1245.33929903057,1014.16853094705,209.895052473763
1250.31071339796,996.768580661198,209.895052473763
1332.33905045986,2306.73626646781,209.895052473763
1603.28113348248,469.798657718121,209.895052473763
1605.76684066617,1558.53840417599,209.895052473763
1633.1096196868,1491.42431021626,209.895052473763
1720.10937111608,2470.7929405916,224.887556221889
1841.90902311708,1205.56798409147,224.887556221889
1956.25155356699,1618.19537658464,209.895052473763
2361.42182450907,1401.93885160328,224.887556221889
2386.27889634601,1613.22396221725,224.887556221889
2480.73576932637,1558.53840417599,209.895052473763
101.913994531444,1814.56624409645,224.887556221889
173.999502858563,1262.73924931643,224.887556221889
176.485210042257,1255.28212776535,224.887556221889
330.59905543127,256.027839920457,224.887556221889
420.084514044246,1583.39547601293,224.887556221889
472.284364901815,318.170519512801,239.880059970015
668.655232413622,536.912751677852,224.887556221889
681.08376833209,452.398707432264,224.887556221889
768.083519761372,2078.05120556798,239.880059970015
770.569226945066,1779.76634352473,224.887556221889
780.512055679841,1759.88068605518,239.880059970015
837.683320904797,857.568978374347,239.880059970015
989.311459110117,365.398956002983,224.887556221889
1001.73999502859,1754.9092716878,224.887556221889
1021.62565249814,1170.76808351976,239.880059970015
1026.59706686552,1180.71091225454,224.887556221889
1029.08277404922,800.397713149391,239.880059970015
1081.28262490679,1851.85185185185,239.880059970015
1183.19661943823,2013.42281879195,239.880059970015
1210.53939845886,1578.42406164554,239.880059970015
1282.62490678598,745.712155108128,224.887556221889
1441.71016654238,1846.88043748446,224.887556221889
1665.42381307482,288.342033308476,224.887556221889
1685.30947054437,638.826746209297,224.887556221889
1720.10937111608,1643.05244842158,239.880059970015
1749.93785732041,387.770320656227,239.880059970015
1769.82351478996,2431.0216256525,224.887556221889
1779.76634352473,223.713646532438,239.880059970015
1779.76634352473,2448.42157593835,224.887556221889
1874.2232165051,432.513049962714,224.887556221889
2189.9080288342,616.455381556053,224.887556221889
2286.85060899826,892.36887894606,239.880059970015
119.313944817301,1135.96818294805,239.880059970015
310.71339796172,2110.365398956,239.880059970015
415.113099676858,800.397713149391,239.880059970015
420.084514044246,638.826746209297,239.880059970015
437.484464330102,787.969177230922,239.880059970015
442.455878697489,795.426298782004,239.880059970015
472.284364901815,2135.22247079294,239.880059970015
541.88416604524,1459.11011682824,239.880059970015
546.855580412627,377.827491921452,239.880059970015
604.026845637584,2219.73651503853,239.880059970015
750.683569475516,1906.53740989311,254.872563718141
792.94059159831,124.285359184688,239.880059970015
792.94059159831,211.28511061397,239.880059970015
802.883420333085,198.856574695501,254.872563718141
1158.33954760129,2.48570718369376,239.880059970015
1416.85309470544,1513.7956748695,239.880059970015
1449.16728809346,268.456375838926,254.872563718141
1478.99577429779,1526.22421078797,239.880059970015
1498.88143176734,504.598558289833,239.880059970015
1645.53815560527,879.940343027591,239.880059970015
1973.65150385285,1603.28113348248,239.880059970015
2003.47999005717,1135.96818294805,239.880059970015
2010.93711160825,1153.36813323391,254.872563718141
2078.05120556798,944.568729803629,254.872563718141
2177.47949291573,991.797166293811,239.880059970015
2281.87919463087,1474.0243599304,239.880059970015
196.370867511807,469.798657718121,254.872563718141
514.541387024609,2105.39398458862,254.872563718141
710.912254536416,2274.42207307979,254.872563718141
879.940343027591,2010.93711160825,254.872563718141
1277.65349241859,512.055679840915,254.872563718141
1595.82401193139,246.085011185682,254.872563718141
2000.99428287348,1116.0825254785,254.872563718141
400.198856574696,1700.22371364653,269.865067466267
402.684563758389,1705.19512801392,269.865067466267
469.798657718121,1836.93760874969,269.865067466267
524.484215759384,298.284862043251,284.857571214393
529.455630126771,1730.05219985086,284.857571214393
728.312204822272,141.685309470544,284.857571214393
840.169028088491,2137.70817797663,269.865067466267
917.225950782998,1700.22371364653,269.865067466267
1039.02560278399,432.513049962714,269.865067466267
1111.11111111111,173.999502858563,269.865067466267
1195.6251553567,2401.19313944817,269.865067466267
1337.31046482724,952.02585135471,269.865067466267
1608.25254784986,1744.96644295302,269.865067466267
1623.16679095203,1665.42381307482,284.857571214393
1692.76659209545,1113.5968182948,269.865067466267
1707.68083519761,1459.11011682824,269.865067466267
1720.10937111608,1419.33880188914,269.865067466267
1742.48073576933,596.569724086503,269.865067466267
1769.82351478996,815.311956251554,269.865067466267
1869.25180213771,432.513049962714,284.857571214393
2018.39423315933,497.141436738752,269.865067466267
2294.30773054934,686.055182699478,269.865067466267
2291.82202336565,681.08376833209,269.865067466267
156.599552572707,1421.82450907283,284.857571214393
171.513795674869,586.626895351728,284.857571214393
313.199105145414,641.31245339299,299.850074962519
616.455381556053,1280.13919960229,284.857571214393
641.31245339299,1633.1096196868,284.857571214393
763.112105393985,1043.99701715138,299.850074962519
1009.19711657967,929.654486701467,284.857571214393
1026.59706686552,1237.88217747949,284.857571214393
1034.0541884166,1431.76733780761,299.850074962519
1073.8255033557,1329.85334327616,299.850074962519
1158.33954760129,74.5712155108128,284.857571214393
1220.48222719364,2388.7646035297,284.857571214393
1464.08153119563,1404.42455878698,284.857571214393
1486.45289584887,1665.42381307482,299.850074962519
1536.16703952274,2043.25130499627,284.857571214393
1578.42406164554,730.797912005966,284.857571214393
1717.62366393239,2227.19363658961,284.857571214393
1727.56649266716,2209.79368630375,299.850074962519
1817.05195128014,1024.11135968183,284.857571214393
1864.28038777032,420.084514044246,284.857571214393
1879.19463087248,439.970171513796,284.857571214393
1953.7658463833,1899.08028834203,299.850074962519
2023.36564752672,1118.56823266219,299.850074962519
2070.5940840169,698.483718617947,284.857571214393
2291.82202336565,604.026845637584,299.850074962519
2339.05045985583,1605.76684066617,284.857571214393
2411.13596818295,857.568978374347,284.857571214393
275.913497390007,559.284116331096,314.842578710645
305.741983594333,638.826746209297,299.850074962519
452.398707432264,1628.13820531941,314.842578710645
489.684315187671,646.283867760378,299.850074962519
698.483718617947,1088.73974645787,299.850074962519
715.883668903803,1091.22545364156,299.850074962519
750.683569475516,248.570718369376,314.842578710645
778.026348496147,887.397464578673,299.850074962519
782.997762863535,1531.19562515536,299.850074962519
832.71190653741,412.627392493164,299.850074962519
835.197613721104,561.76982351479,299.850074962519
865.026099925429,1603.28113348248,299.850074962519
927.168779517773,969.425801640567,299.850074962519
932.14019388516,961.968680089485,314.842578710645
942.083022619935,328.113348247576,299.850074962519
1163.31096196868,84.5140442455879,299.850074962519
1260.25354213274,2184.93661446682,299.850074962519
1285.11061396967,430.027342779021,299.850074962519
1347.25329356202,1342.28187919463,299.850074962519
1421.82450907283,1988.56574695501,299.850074962519
1503.85284613473,1501.36713895103,299.850074962519
1523.73850360428,1672.8809346259,299.850074962519
1593.3383047477,1374.59607258265,299.850074962519
1625.65249813572,1001.73999502859,299.850074962519
1717.62366393239,459.855828983346,299.850074962519
1841.90902311708,1329.85334327616,299.850074962519
1861.79468058663,1961.22296793438,314.842578710645
1968.68008948546,745.712155108128,299.850074962519
1988.56574695501,472.284364901815,299.850074962519
2045.73701217997,1441.71016654238,314.842578710645
2053.19413373105,1521.25279642058,314.842578710645
2122.79393487447,561.76982351479,314.842578710645
2227.19363658961,1078.79691772309,314.842578710645
2264.47924434502,1546.10986825752,329.835082458771
2269.4506587124,1570.96694009446,314.842578710645
2386.27889634601,1292.56773552076,314.842578710645
79.5426298782003,1183.19661943823,329.835082458771
372.856077554064,971.911508824261,314.842578710645
827.740492170022,489.684315187671,329.835082458771
917.225950782998,656.226696495153,329.835082458771
964.454387273179,288.342033308476,329.835082458771
1113.5968182948,631.369624658215,314.842578710645
1168.28237633607,1578.42406164554,314.842578710645
1190.65374098931,1817.05195128014,329.835082458771
1384.53890131742,2368.87894606015,314.842578710645
1399.45314441959,1260.25354213274,329.835082458771
1469.05294556301,1267.71066368382,314.842578710645
1481.48148148148,1265.22495650012,314.842578710645
2125.27964205817,554.312701963709,314.842578710645
377.827491921452,1128.51106139697,329.835082458771
425.055928411633,2097.93686303753,344.827586206897
521.99850857569,596.569724086503,344.827586206897
837.683320904797,1250.31071339796,344.827586206897
1046.48272433507,1267.71066368382,329.835082458771
1126.02535421327,631.369624658215,329.835082458771
1235.3964702958,1610.73825503356,344.827586206897
1399.45314441959,733.283619189659,329.835082458771
1498.88143176734,1981.10862540393,344.827586206897
1687.79517772806,1170.76808351976,329.835082458771
1782.25205070843,1543.62416107383,329.835082458771
2000.99428287348,430.027342779021,329.835082458771
2035.79418344519,1372.11036539896,329.835082458771
2068.10837683321,1851.85185185185,329.835082458771
2378.82177479493,1257.76783494904,344.827586206897
280.884911757395,723.340790454884,344.827586206897
308.227690778026,715.883668903803,359.820089955023
452.398707432264,1794.6805866269,344.827586206897
559.284116331096,377.827491921452,359.820089955023
606.512552821278,1851.85185185185,344.827586206897
758.140691026597,1861.79468058663,359.820089955023
780.512055679841,616.455381556053,359.820089955023
914.740243599304,556.798409147402,359.820089955023
917.225950782998,1101.16828237634,344.827586206897
1123.53964702958,1014.16853094705,344.827586206897
1126.02535421327,976.882923191648,359.820089955023
1222.96793437733,1608.25254784986,344.827586206897
1230.42505592841,1593.3383047477,344.827586206897
1257.76783494904,807.854834700472,344.827586206897
1265.22495650012,807.854834700472,344.827586206897
1314.939100174,628.883917474521,359.820089955023
1329.85334327616,2155.10812826249,344.827586206897
1421.82450907283,1329.85334327616,344.827586206897
1558.53840417599,1379.56748695004,359.820089955023
1578.42406164554,691.026597066866,344.827586206897
1648.02386278896,1168.28237633607,359.820089955023
1685.30947054437,1158.33954760129,359.820089955023
1705.19512801392,1501.36713895103,359.820089955023
1735.02361421825,1434.2530449913,344.827586206897
1874.2232165051,2102.90827740492,359.820089955023
1998.50857568978,753.16927665921,359.820089955023
2097.93686303753,750.683569475516,344.827586206897
295.799154859558,718.369376087497,359.820089955023
367.884663186677,2030.8227690778,374.812593703148
551.826994780015,1240.36788466319,374.812593703148
616.455381556053,942.083022619935,359.820089955023
633.855331841909,681.08376833209,374.812593703148
733.283619189659,1071.33979617201,374.812593703148
775.540641312453,395.227442207308,374.812593703148
790.454884414616,601.54113845389,359.820089955023
1024.11135968183,489.684315187671,359.820089955023
1108.62540392742,1188.16803380562,359.820089955023
1822.02336564753,1210.53939845886,374.812593703148
1839.42331593338,1208.05369127517,359.820089955023
1844.39473030077,1205.56798409147,359.820089955023
1896.59458115834,1896.59458115834,359.820089955023
1936.36589609744,464.827243350733,374.812593703148
1991.0514541387,427.541635595327,374.812593703148
2000.99428287348,410.141685309471,359.820089955023
2274.42207307979,1165.79666915237,374.812593703148
2286.85060899826,1501.36713895103,359.820089955023
325.627641063883,1670.39522744221,389.805097451274
422.570221227939,1648.02386278896,389.805097451274
477.255779269202,686.055182699478,374.812593703148
613.969674372359,949.540144171017,374.812593703148
628.883917474521,666.169525229928,389.805097451274
641.31245339299,666.169525229928,374.812593703148
840.169028088491,1866.76609495401,404.7976011994
1153.36813323391,1593.3383047477,389.805097451274
1198.11086254039,984.340044742729,389.805097451274
1257.76783494904,387.770320656227,389.805097451274
1302.51056425553,260.999254287845,374.812593703148
1503.85284613473,594.084016902809,389.805097451274
1752.4235645041,2068.10837683321,374.812593703148
1804.62341536167,989.311459110117,389.805097451274
2097.93686303753,1747.45215013671,389.805097451274
2127.76534924186,884.911757394979,374.812593703148
144.171016654238,1513.7956748695,389.805097451274
213.770817797663,1697.73800646284,389.805097451274
462.34153616704,1240.36788466319,404.7976011994
509.569972657221,1478.99577429779,389.805097451274
780.512055679841,1938.85160328113,389.805097451274
840.169028088491,1859.30897340293,389.805097451274
897.340293313448,1521.25279642058,389.805097451274
1183.19661943823,1290.08202833706,404.7976011994
1295.05344270445,1439.22445935869,389.805097451274
1396.96743723589,922.197365150385,404.7976011994
1501.36713895103,842.654735272185,404.7976011994
1561.02411135968,1732.53790703455,389.805097451274
1618.19537658464,1424.31021625653,389.805097451274
1625.65249813572,1416.85309470544,389.805097451274
1643.05244842158,1757.39497887149,404.7976011994
1648.02386278896,768.083519761372,404.7976011994
1675.36664180959,1961.22296793438,404.7976011994
1767.33780760626,372.856077554064,389.805097451274
1779.76634352473,360.427541635595,404.7976011994
1779.76634352473,981.854337559036,389.805097451274
1779.76634352473,385.284613472533,389.805097451274
1784.73775789212,380.313199105145,389.805097451274
1966.19438230176,1359.68182948049,404.7976011994
1963.70867511807,1347.25329356202,389.805097451274
2160.07954262988,1039.02560278399,389.805097451274
541.88416604524,2010.93711160825,419.790104947526
850.111856823266,792.94059159831,419.790104947526
1150.88242605021,1493.91001739995,419.790104947526
1165.79666915237,1496.39572458364,404.7976011994
1160.82525478499,606.512552821278,419.790104947526
1217.99652000994,1884.16604523987,404.7976011994
1387.02460850112,909.768829231916,419.790104947526
1488.93860303256,969.425801640567,404.7976011994
1508.82426050211,472.284364901815,419.790104947526
1518.76708923689,1220.48222719364,404.7976011994
1538.65274670644,514.541387024609,419.790104947526
1707.68083519761,1553.5669898086,419.790104947526
1789.70917225951,400.198856574696,404.7976011994
1928.90877454636,1416.85309470544,419.790104947526
2038.27989062888,1705.19512801392,404.7976011994
412.627392493164,1767.33780760626,419.790104947526
812.82624906786,2112.8511061397,434.782608695652
842.654735272185,1859.30897340293,419.790104947526
877.454635843898,1145.91101168282,434.782608695652
952.02585135471,1118.56823266219,434.782608695652
969.425801640567,1106.13969674372,434.782608695652
1093.71116082525,1150.88242605021,434.782608695652
1163.31096196868,628.883917474521,434.782608695652
1585.88118319662,1851.85185185185,434.782608695652
1822.02336564753,444.941585881183,419.790104947526
1826.99478001491,427.541635595327,419.790104947526
1839.42331593338,439.970171513796,434.782608695652
1841.90902311708,430.027342779021,419.790104947526
1884.16604523987,805.369127516779,419.790104947526
2055.67984091474,1175.73949788715,434.782608695652
2070.5940840169,735.769326373353,419.790104947526
502.11285110614,884.911757394979,434.782608695652
504.598558289833,1163.31096196868,449.775112443778
574.198359433259,1391.99602286851,434.782608695652
877.454635843898,422.570221227939,449.775112443778
924.683072334079,355.456127268208,434.782608695652
954.511558538404,1103.65398956003,434.782608695652
1031.56848123291,1588.36689038031,449.775112443778
1148.39671886652,2155.10812826249,449.775112443778
1185.68232662192,1630.62391250311,449.775112443778
1270.19637086751,1926.42306736266,449.775112443778
1270.19637086751,1904.05170270942,449.775112443778
1496.39572458364,1250.31071339796,434.782608695652
1496.39572458364,1235.3964702958,434.782608695652
1503.85284613473,1213.02510564256,434.782608695652
1506.33855331842,1222.96793437733,434.782608695652
1516.28138205319,1846.88043748446,449.775112443778
1521.25279642058,1255.28212776535,449.775112443778
1722.59507829978,725.826497638578,449.775112443778
1829.48048719861,1088.73974645787,449.775112443778
2045.73701217997,1416.85309470544,434.782608695652
2055.67984091474,1471.53865274671,434.782608695652
2058.16554809843,1429.28163062391,434.782608695652
735.769326373353,2018.39423315933,449.775112443778
892.36887894606,1429.28163062391,449.775112443778
934.625901068854,1807.10912254536,449.775112443778
986.825751926423,352.970420084514,464.767616191904
1011.68282376336,1011.68282376336,449.775112443778
1011.68282376336,1021.62565249814,449.775112443778
1203.08227690778,1623.16679095203,449.775112443778
1531.19562515536,1210.53939845886,449.775112443778
1849.36614466816,986.825751926423,449.775112443778
489.684315187671,1163.31096196868,479.76011994003
738.255033557047,2028.33706189411,464.767616191904
1016.65423813075,402.684563758389,464.767616191904
1205.56798409147,1633.1096196868,464.767616191904
1501.36713895103,1260.25354213274,464.767616191904
1561.02411135968,929.654486701467,464.767616191904
380.313199105145,1404.42455878698,494.752623688156
551.826994780015,1764.85210042257,479.76011994003
855.083271190654,1285.11061396967,494.752623688156
857.568978374347,1963.70867511807,494.752623688156
860.054685558041,1938.85160328113,509.745127436282
862.540392741735,526.969922943077,494.752623688156
877.454635843898,521.99850857569,494.752623688156
872.48322147651,1277.65349241859,479.76011994003
991.797166293811,1011.68282376336,479.76011994003
996.768580661198,407.655978125777,479.76011994003
999.254287844892,1220.48222719364,494.752623688156
1011.68282376336,1009.19711657967,479.76011994003
1041.51130996769,1565.99552572707,494.752623688156
1058.91126025354,1725.08078548347,494.752623688156
1138.45389013174,1026.59706686552,479.76011994003
1215.51081282625,2013.42281879195,494.752623688156
1270.19637086751,1923.93736017897,479.76011994003
1466.56723837932,745.712155108128,494.752623688156
1841.90902311708,1046.48272433507,494.752623688156
2008.45140442456,1454.13870246085,494.752623688156
653.740989311459,1762.36639323888,509.745127436282
658.712403678847,1732.53790703455,509.745127436282
700.969425801641,949.540144171017,494.752623688156
850.111856823266,509.569972657221,494.752623688156
1026.59706686552,1056.42555306985,509.745127436282
1180.71091225454,1814.56624409645,509.745127436282
1213.02510564256,1456.62440964454,509.745127436282
1220.48222719364,1471.53865274671,509.745127436282
1451.65299527716,1247.82500621427,509.745127436282
1464.08153119563,1854.33755903555,524.737631184408
1474.0243599304,1871.7375093214,509.745127436282
1538.65274670644,1640.56674123788,509.745127436282
1682.82376336068,596.569724086503,509.745127436282
1894.10887397465,1235.3964702958,494.752623688156
594.084016902809,1469.05294556301,524.737631184408
1076.3112105394,830.226199353716,509.745127436282
1123.53964702958,882.426050211285,524.737631184408
1198.11086254039,889.883171762366,524.737631184408
1319.91051454139,1285.11061396967,524.737631184408
1332.33905045986,1317.42480735769,524.737631184408
1628.13820531941,1787.22346507581,524.737631184408
1817.05195128014,815.311956251554,524.737631184408
1884.16604523987,1150.88242605021,524.737631184408
715.883668903803,1208.05369127517,554.72263868066
1312.45339299031,1367.13895103157,539.730134932534
1322.39622172508,1302.51056425553,524.737631184408
1329.85334327616,1337.31046482724,539.730134932534
1538.65274670644,1173.25379070346,554.72263868066
1722.59507829978,1116.0825254785,554.72263868066
1779.76634352473,1203.08227690778,554.72263868066
1789.70917225951,1190.65374098931,554.72263868066
631.369624658215,1434.2530449913,554.72263868066
775.540641312453,1633.1096196868,554.72263868066
879.940343027591,1155.8538404176,554.72263868066
909.768829231916,952.02585135471,554.72263868066
1036.5398956003,1585.88118319662,554.72263868066
1222.96793437733,1466.56723837932,539.730134932534
1260.25354213274,989.311459110117,554.72263868066
1317.42480735769,1312.45339299031,539.730134932534
1580.90976882923,740.740740740741,554.72263868066
1702.70942083023,1111.11111111111,554.72263868066
1702.70942083023,1148.39671886652,554.72263868066
1712.652249565,1133.48247576436,569.715142428786
1764.85210042257,1198.11086254039,554.72263868066
1839.42331593338,1319.91051454139,554.72263868066
1466.56723837932,1503.85284613473,569.715142428786
1469.05294556301,1518.76708923689,569.715142428786
1635.59532687049,929.654486701467,584.707646176912
1700.22371364653,1126.02535421327,554.72263868066
1143.42530449913,1406.91026597067,584.707646176912
1140.93959731544,1387.02460850112,584.707646176912
1247.82500621427,934.625901068854,584.707646176912
1073.8255033557,1178.22520507084,599.700149925038
1096.19686800895,1267.71066368382,599.700149925038
1026.59706686552,1250.31071339796,614.692653673163
1081.28262490679,1280.13919960229,599.700149925038
1086.25403927417,1282.62490678598,599.700149925038
1240.36788466319,1242.85359184688,599.700149925038
1252.79642058166,1240.36788466319,599.700149925038
1255.28212776535,1446.68158090977,614.692653673163
