7.45712155108128,1501.36713895103,14.9925037481259
12.4285359184688,1513.7956748695,14.9925037481259
12.4285359184688,1486.45289584887,14.9925037481259
12.4285359184688,1541.13845389013,14.9925037481259
14.9142431021626,1548.59557544121,14.9925037481259
14.9142431021626,1498.88143176734,14.9925037481259
42.2570221227939,1600.79542629878,14.9925037481259
49.7141436738752,1501.36713895103,14.9925037481259
104.399701715138,1081.28262490679,14.9925037481259
111.856823266219,1081.28262490679,14.9925037481259
226.199353716132,2264.47924434502,14.9925037481259
258.513547104151,318.170519512801,14.9925037481259
320.656226696495,400.198856574696,14.9925037481259
320.656226696495,989.311459110117,44.9775112443778
442.455878697489,340.541884166045,29.9850074962519
462.34153616704,315.684812329108,14.9925037481259
517.027094208302,2018.39423315933,14.9925037481259
589.112602535421,1876.70892368879,14.9925037481259
631.369624658215,984.340044742729,29.9850074962519
768.083519761372,1777.28063634104,14.9925037481259
773.05493412876,1976.13721103654,14.9925037481259
790.454884414616,1772.30922197365,14.9925037481259
795.426298782004,1789.70917225951,14.9925037481259
795.426298782004,1747.45215013671,14.9925037481259
800.397713149391,1754.9092716878,14.9925037481259
805.369127516779,1971.16579666915,14.9925037481259
1016.65423813075,643.798160576684,14.9925037481259
1053.93984588615,638.826746209297,14.9925037481259
1133.48247576436,2055.67984091474,14.9925037481259
1133.48247576436,904.797414864529,14.9925037481259
1153.36813323391,2023.36564752672,14.9925037481259
1168.28237633607,1988.56574695501,14.9925037481259
1312.45339299031,2050.70842654735,14.9925037481259
1354.7104151131,2083.02261993537,14.9925037481259
1369.62465821526,2073.0797912006,14.9925037481259
1369.62465821526,2105.39398458862,14.9925037481259
1372.11036539896,2120.30822769078,29.9850074962519
1389.51031568481,2177.47949291573,14.9925037481259
1394.4817300522,2224.70792940592,14.9925037481259
1411.88168033806,2170.02237136465,14.9925037481259
1414.36738752175,2239.62217250808,14.9925037481259
1426.79592344022,2160.07954262988,14.9925037481259
1451.65299527716,2187.42232165051,14.9925037481259
1454.13870246085,2145.16529952772,29.9850074962519
1488.93860303256,2008.45140442456,14.9925037481259
1503.85284613473,613.969674372359,29.9850074962519
1511.30996768581,1553.5669898086,14.9925037481259
1553.5669898086,1986.08003977131,14.9925037481259
1590.85259756401,2261.99353716132,14.9925037481259
1595.82401193139,2232.165050957,14.9925037481259
1650.50956997266,2254.53641561024,14.9925037481259
1652.99527715635,2229.6793437733,14.9925037481259
1657.96669152374,2229.6793437733,14.9925037481259
1677.85234899329,1419.33880188914,29.9850074962519
1685.30947054437,1411.88168033806,14.9925037481259
1707.68083519761,631.369624658215,29.9850074962519
1715.13795674869,621.42679592344,29.9850074962519
1717.62366393239,1285.11061396967,29.9850074962519
1727.56649266716,606.512552821278,14.9925037481259
1732.53790703455,1387.02460850112,29.9850074962519
1735.02361421825,1302.51056425553,29.9850074962519
1742.48073576933,1285.11061396967,29.9850074962519
1757.39497887149,594.084016902809,29.9850074962519
1807.10912254536,1170.76808351976,14.9925037481259
1831.9661943823,1078.79691772309,29.9850074962519
1846.88043748446,1076.3112105394,29.9850074962519
1856.82326621924,1061.39696743724,29.9850074962519
1871.7375093214,1250.31071339796,29.9850074962519
1881.68033805618,504.598558289833,29.9850074962519
1891.62316679095,387.770320656227,29.9850074962519
1894.10887397465,464.827243350733,29.9850074962519
1981.10862540393,2147.65100671141,14.9925037481259
1988.56574695501,2053.19413373105,14.9925037481259
2015.90852597564,2053.19413373105,14.9925037481259
2020.87994034303,1309.96768580661,29.9850074962519
2055.67984091474,1421.82450907283,29.9850074962519
2075.56549838429,1491.42431021626,29.9850074962519
2254.53641561024,1615.70966940094,29.9850074962519
2257.02212279394,1690.28088491176,14.9925037481259
2259.50782997763,1165.79666915237,29.9850074962519
96.9425801640567,1083.76833209048,29.9850074962519
208.799403430276,579.169773800646,29.9850074962519
223.713646532438,561.76982351479,44.9775112443778
452.398707432264,308.227690778026,29.9850074962519
454.884414615958,315.684812329108,29.9850074962519
631.369624658215,971.911508824261,44.9775112443778
700.969425801641,430.027342779021,44.9775112443778
837.683320904797,539.398458861546,29.9850074962519
1048.96843151877,313.199105145414,44.9775112443778
1048.96843151877,300.770569226945,44.9775112443778
1081.28262490679,432.513049962714,29.9850074962519
1091.22545364156,840.169028088491,44.9775112443778
1140.93959731544,2020.87994034303,29.9850074962519
1148.39671886652,2045.73701217997,44.9775112443778
1319.91051454139,2336.56475267214,44.9775112443778
1334.82475764355,760.626398210291,44.9775112443778
1342.28187919463,392.741735023614,29.9850074962519
1339.79617201094,400.198856574696,29.9850074962519
1424.31021625653,2199.85085756898,29.9850074962519
1461.59582401193,2147.65100671141,29.9850074962519
1556.05269699229,2356.45041014169,29.9850074962519
1593.3383047477,867.511807109123,44.9775112443778
1657.96669152374,887.397464578673,44.9775112443778
1702.70942083023,623.912503107134,29.9850074962519
1792.1948794432,1488.93860303256,44.9775112443778
1802.13770817798,847.626149639573,44.9775112443778
1804.62341536167,768.083519761372,29.9850074962519
1859.30897340293,1116.0825254785,29.9850074962519
1876.70892368879,437.484464330102,29.9850074962519
1894.10887397465,2130.25105642555,44.9775112443778
1991.0514541387,2040.76559781258,29.9850074962519
2150.1367138951,447.427293064877,29.9850074962519
2182.45090728312,554.312701963709,29.9850074962519
2376.33606761124,1812.08053691275,29.9850074962519
2381.30748197862,1807.10912254536,29.9850074962519
173.999502858563,2252.05070842655,59.9700149925037
218.742232165051,576.684066616953,44.9775112443778
340.541884166045,668.655232413622,59.9700149925037
355.456127268208,671.140939597315,59.9700149925037
459.855828983346,305.741983594333,44.9775112443778
546.855580412627,2371.36465324385,59.9700149925037
569.226945065871,387.770320656227,59.9700149925037
740.740740740741,372.856077554064,59.9700149925037
805.369127516779,932.14019388516,59.9700149925037
897.340293313448,1826.99478001491,59.9700149925037
1091.22545364156,425.055928411633,44.9775112443778
1158.33954760129,1185.68232662192,74.9625187406297
1220.48222719364,845.140442455879,59.9700149925037
1334.82475764355,613.969674372359,44.9775112443778
1354.7104151131,611.483967188665,59.9700149925037
1570.96694009446,1998.50857568978,44.9775112443778
1573.45264727815,2003.47999005717,44.9775112443778
1580.90976882923,2000.99428287348,44.9775112443778
1692.76659209545,509.569972657221,59.9700149925037
1710.16654238131,517.027094208302,44.9775112443778
1725.08078548347,1685.30947054437,59.9700149925037
1737.50932140194,1742.48073576933,59.9700149925037
1752.4235645041,1687.79517772806,59.9700149925037
1876.70892368879,2127.76534924186,44.9775112443778
1899.08028834203,2155.10812826249,59.9700149925037
2070.5940840169,1053.93984588615,44.9775112443778
2140.19388516033,782.997762863535,44.9775112443778
2468.3072334079,377.827491921452,44.9775112443778
17.3999502858563,713.397961720109,74.9625187406297
19.8856574695501,2095.45115585384,74.9625187406297
24.8570718369376,2085.50832711907,74.9625187406297
173.999502858563,2217.25080785483,59.9700149925037
320.656226696495,956.997265722098,59.9700149925037
405.170270942083,1590.85259756401,59.9700149925037
415.113099676858,1593.3383047477,59.9700149925037
596.569724086503,1036.5398956003,59.9700149925037
608.998260004971,1031.56848123291,59.9700149925037
703.455132985334,1058.91126025354,59.9700149925037
720.855083271191,584.141188168034,74.9625187406297
735.769326373353,2468.3072334079,59.9700149925037
740.740740740741,1195.6251553567,59.9700149925037
743.226447924435,1208.05369127517,74.9625187406297
790.454884414616,686.055182699478,59.9700149925037
907.283122048223,1831.9661943823,59.9700149925037
979.368630375342,2100.42257022123,74.9625187406297
981.854337559036,1031.56848123291,74.9625187406297
1061.39696743724,270.94208302262,74.9625187406297
1170.76808351976,763.112105393985,74.9625187406297
1205.56798409147,313.199105145414,59.9700149925037
1210.53939845886,325.627641063883,74.9625187406297
1257.76783494904,1014.16853094705,74.9625187406297
1362.16753666418,241.113596818295,74.9625187406297
1585.88118319662,2003.47999005717,59.9700149925037
1608.25254784986,554.312701963709,89.9550224887556
1613.22396221725,1561.02411135968,59.9700149925037
1610.73825503356,2266.96495152871,74.9625187406297
1615.70966940094,1548.59557544121,59.9700149925037
1628.13820531941,1548.59557544121,59.9700149925037
1759.88068605518,862.540392741735,59.9700149925037
1834.451901566,2078.05120556798,74.9625187406297
1844.39473030077,1578.42406164554,74.9625187406297
1851.85185185185,2078.05120556798,59.9700149925037
1856.82326621924,1570.96694009446,74.9625187406297
1896.59458115834,2167.53666418096,59.9700149925037
1951.2801391996,1024.11135968183,74.9625187406297
2038.27989062888,1732.53790703455,74.9625187406297
2097.93686303753,822.769077802635,89.9550224887556
2112.8511061397,1744.96644295302,74.9625187406297
2217.25080785483,1588.36689038031,59.9700149925037
2286.85060899826,1665.42381307482,74.9625187406297
2336.56475267214,1981.10862540393,74.9625187406297
2411.13596818295,1665.42381307482,59.9700149925037
2413.62167536664,1657.96669152374,59.9700149925037
2418.59308973403,1662.93810589113,59.9700149925037
2455.87869748944,385.284613472533,59.9700149925037
34.7999005717127,1210.53939845886,89.9550224887556
37.2856077554064,1702.70942083023,89.9550224887556
285.856326124783,1359.68182948049,74.9625187406297
703.455132985334,574.198359433259,74.9625187406297
877.454635843898,1391.99602286851,74.9625187406297
902.311707680835,1812.08053691275,74.9625187406297
902.311707680835,2035.79418344519,89.9550224887556
907.283122048223,1814.56624409645,74.9625187406297
917.225950782998,2025.85135471042,89.9550224887556
1165.79666915237,1575.93835446184,89.9550224887556
1240.36788466319,989.311459110117,74.9625187406297
1618.19537658464,1573.45264727815,74.9625187406297
1618.19537658464,549.341287596321,74.9625187406297
1623.16679095203,1561.02411135968,74.9625187406297
1633.1096196868,1809.59482972906,89.9550224887556
1660.45239870743,275.913497390007,89.9550224887556
1670.39522744221,775.540641312453,89.9550224887556
1727.56649266716,748.197862291822,89.9550224887556
1762.36639323888,1071.33979617201,89.9550224887556
1839.42331593338,2083.02261993537,74.9625187406297
1933.88018891375,1148.39671886652,74.9625187406297
1948.79443201591,1163.31096196868,74.9625187406297
1951.2801391996,1138.45389013174,89.9550224887556
2063.13696246582,1058.91126025354,74.9625187406297
2068.10837683321,1048.96843151877,74.9625187406297
2187.42232165051,800.397713149391,89.9550224887556
2341.53616703952,1973.65150385285,74.9625187406297
2396.22172508079,1295.05344270445,74.9625187406297
265.970668655232,1349.73900074571,89.9550224887556
320.656226696495,2155.10812826249,89.9550224887556
330.59905543127,2147.65100671141,89.9550224887556
420.084514044246,673.626646781009,89.9550224887556
425.055928411633,733.283619189659,89.9550224887556
437.484464330102,720.855083271191,89.9550224887556
586.626895351728,2418.59308973403,89.9550224887556
584.141188168034,2398.70743226448,104.947526236882
596.569724086503,2401.19313944817,89.9550224887556
599.055431270196,2413.62167536664,89.9550224887556
611.483967188665,2391.2503107134,89.9550224887556
616.455381556053,2406.16455381556,89.9550224887556
623.912503107134,2401.19313944817,89.9550224887556
663.683818046234,1170.76808351976,89.9550224887556
832.71190653741,407.655978125777,89.9550224887556
845.140442455879,412.627392493164,89.9550224887556
850.111856823266,407.655978125777,89.9550224887556
884.911757394979,1387.02460850112,89.9550224887556
914.740243599304,2048.22271936366,89.9550224887556
959.482972905792,524.484215759384,89.9550224887556
964.454387273179,529.455630126771,89.9550224887556
1672.8809346259,765.597812577678,89.9550224887556
1675.36664180959,2408.65026099925,89.9550224887556
1695.25229927915,2344.02187422322,89.9550224887556
1712.652249565,743.226447924435,104.947526236882
1717.62366393239,755.654983842903,89.9550224887556
1727.56649266716,457.370121799652,89.9550224887556
1769.82351478996,1066.36838180462,89.9550224887556
1836.93760874969,2296.79343773304,89.9550224887556
1839.42331593338,2311.7076808352,89.9550224887556
1846.88043748446,1178.22520507084,89.9550224887556
1846.88043748446,1193.13944817301,104.947526236882
1928.90877454636,1133.48247576436,89.9550224887556
1941.33731046483,1061.39696743724,89.9550224887556
1948.79443201591,1158.33954760129,89.9550224887556
2013.42281879195,526.969922943077,104.947526236882
2068.10837683321,2165.05095699727,104.947526236882
2465.82152622421,763.112105393985,89.9550224887556
2463.33581904052,151.628138205319,104.947526236882
22.3713646532438,1700.22371364653,104.947526236882
44.7427293064877,1660.45239870743,104.947526236882
47.2284364901815,966.940094456873,104.947526236882
59.6569724086503,969.425801640567,104.947526236882
146.656723837932,1091.22545364156,119.940029985007
253.542132736764,1344.76758637832,104.947526236882
305.741983594333,2152.6224210788,104.947526236882
308.227690778026,1931.39448173005,104.947526236882
315.684812329108,2145.16529952772,104.947526236882
385.284613472533,2187.42232165051,104.947526236882
395.227442207308,673.626646781009,104.947526236882
400.198856574696,661.19811086254,104.947526236882
410.141685309471,730.797912005966,104.947526236882
412.627392493164,715.883668903803,104.947526236882
420.084514044246,718.369376087497,104.947526236882
571.712652249565,2398.70743226448,104.947526236882
601.54113845389,2386.27889634601,104.947526236882
648.769574944072,1168.28237633607,104.947526236882
653.740989311459,1155.8538404176,104.947526236882
887.397464578673,2030.8227690778,104.947526236882
1016.65423813075,1508.82426050211,104.947526236882
1039.02560278399,869.997514292816,104.947526236882
1076.3112105394,2003.47999005717,104.947526236882
1078.79691772309,2015.90852597564,104.947526236882
1088.73974645787,2005.96569724086,119.940029985007
1245.33929903057,1225.45364156102,104.947526236882
1595.82401193139,889.883171762366,104.947526236882
1657.96669152374,2408.65026099925,104.947526236882
1660.45239870743,763.112105393985,104.947526236882
1677.85234899329,2020.87994034303,104.947526236882
1687.79517772806,2023.36564752672,104.947526236882
1687.79517772806,2341.53616703952,104.947526236882
1720.10937111608,454.884414615958,104.947526236882
1720.10937111608,1558.53840417599,104.947526236882
1732.53790703455,1561.02411135968,119.940029985007
1735.02361421825,449.913000248571,104.947526236882
1814.56624409645,1416.85309470544,104.947526236882
1824.50907283122,2326.62192393736,104.947526236882
1829.48048719861,2309.2219736515,104.947526236882
1836.93760874969,2321.65050956997,104.947526236882
1849.36614466816,2321.65050956997,119.940029985007
1916.48023862789,2227.19363658961,104.947526236882
1923.93736017897,1130.99676858066,104.947526236882
1933.88018891375,1056.42555306985,104.947526236882
1933.88018891375,2224.70792940592,119.940029985007
2060.65125528213,2167.53666418096,104.947526236882
2090.47974148645,1314.939100174,104.947526236882
2334.07904548844,1155.8538404176,104.947526236882
2348.9932885906,1158.33954760129,119.940029985007
2368.87894606015,1034.0541884166,104.947526236882
2371.36465324385,1021.62565249814,104.947526236882
2383.79318916232,1029.08277404922,119.940029985007
2391.2503107134,1031.56848123291,104.947526236882
2433.50733283619,484.712900820283,104.947526236882
2450.90728312205,502.11285110614,104.947526236882
2458.36440467313,758.140691026597,104.947526236882
19.8856574695501,1210.53939845886,119.940029985007
59.6569724086503,1662.93810589113,119.940029985007
67.1140939597315,961.968680089485,119.940029985007
72.0855083271191,974.397216007954,119.940029985007
74.5712155108128,1670.39522744221,119.940029985007
176.485210042257,2075.56549838429,119.940029985007
270.94208302262,1344.76758637832,119.940029985007
320.656226696495,1933.88018891375,119.940029985007
338.056176982351,852.59756400696,134.932533733133
350.48471290082,631.369624658215,134.932533733133
370.37037037037,638.826746209297,119.940029985007
400.198856574696,2189.9080288342,119.940029985007
410.141685309471,673.626646781009,119.940029985007
415.113099676858,663.683818046234,119.940029985007
425.055928411633,733.283619189659,119.940029985007
457.370121799652,917.225950782998,134.932533733133
524.484215759384,1128.51106139697,134.932533733133
663.683818046234,1170.76808351976,119.940029985007
658.712403678847,1595.82401193139,134.932533733133
668.655232413622,1158.33954760129,119.940029985007
812.82624906786,1227.93934874472,134.932533733133
1031.56848123291,1511.30996768581,119.940029985007
1053.93984588615,872.48322147651,119.940029985007
1098.68257519264,2020.87994034303,119.940029985007
1103.65398956003,1856.82326621924,119.940029985007
1113.5968182948,1451.65299527716,119.940029985007
1111.11111111111,1836.93760874969,134.932533733133
1257.76783494904,1235.3964702958,119.940029985007
1260.25354213274,1227.93934874472,119.940029985007
1501.36713895103,984.340044742729,119.940029985007
1536.16703952274,2401.19313944817,119.940029985007
1563.50981854338,395.227442207308,119.940029985007
1573.45264727815,402.684563758389,119.940029985007
1605.76684066617,889.883171762366,134.932533733133
1613.22396221725,892.36887894606,119.940029985007
1615.70966940094,556.798409147402,119.940029985007
1620.68108376833,889.883171762366,119.940029985007
1643.05244842158,1807.10912254536,119.940029985007
1645.53815560527,544.369873228934,119.940029985007
1662.93810589113,1687.79517772806,119.940029985007
1700.22371364653,2025.85135471042,119.940029985007
1710.16654238131,2331.59333830475,119.940029985007
1727.56649266716,748.197862291822,119.940029985007
1749.93785732041,452.398707432264,119.940029985007
1749.93785732041,1563.50981854338,119.940029985007
1829.48048719861,1411.88168033806,119.940029985007
1841.90902311708,1406.91026597067,119.940029985007
1859.30897340293,2316.67909520259,119.940029985007
1874.2232165051,2150.1367138951,119.940029985007
1881.68033805618,2142.67959234402,119.940029985007
1951.2801391996,2224.70792940592,119.940029985007
1978.62291822023,2110.365398956,119.940029985007
2003.47999005717,1148.39671886652,119.940029985007
2030.8227690778,723.340790454884,119.940029985007
2055.67984091474,1605.76684066617,134.932533733133
2060.65125528213,1625.65249813572,119.940029985007
2065.62266964952,1618.19537658464,119.940029985007
2073.0797912006,1618.19537658464,119.940029985007
2075.56549838429,1613.22396221725,119.940029985007
2085.50832711907,2162.56524981357,119.940029985007
2102.90827740492,1309.96768580661,134.932533733133
2361.42182450907,1155.8538404176,119.940029985007
2363.90753169277,1160.82525478499,119.940029985007
2396.22172508079,1016.65423813075,119.940029985007
2401.19313944817,683.569475515784,119.940029985007
2408.65026099925,1031.56848123291,119.940029985007
2433.50733283619,1595.82401193139,134.932533733133
2445.93586875466,1595.82401193139,119.940029985007
2448.42157593835,487.198608003977,119.940029985007
2468.3072334079,507.084265473527,119.940029985007
2475.76435495899,151.628138205319,119.940029985007
9.94282873477504,1001.73999502859,149.925037481259
9.94282873477504,1213.02510564256,134.932533733133
19.8856574695501,1043.99701715138,134.932533733133
161.570966940094,2065.62266964952,134.932533733133
166.542381307482,2073.0797912006,134.932533733133
355.456127268208,845.140442455879,134.932533733133
360.427541635595,638.826746209297,134.932533733133
390.25602783992,2187.42232165051,134.932533733133
641.31245339299,1384.53890131742,149.925037481259
641.31245339299,1168.28237633607,134.932533733133
661.19811086254,1158.33954760129,134.932533733133
708.426547352722,904.797414864529,149.925037481259
715.883668903803,917.225950782998,149.925037481259
800.397713149391,715.883668903803,149.925037481259
805.369127516779,693.512304250559,149.925037481259
820.283370618941,489.684315187671,149.925037481259
1019.13994531444,1508.82426050211,134.932533733133
1024.11135968183,1319.91051454139,149.925037481259
1088.73974645787,1849.36614466816,134.932533733133
1103.65398956003,1449.16728809346,134.932533733133
1121.05393984589,2311.7076808352,134.932533733133
1135.96818294805,1170.76808351976,149.925037481259
1145.91101168282,1168.28237633607,149.925037481259
1245.33929903057,1227.93934874472,134.932533733133
1262.73924931643,347.999005717127,149.925037481259
1312.45339299031,700.969425801641,164.917541229385
1483.96718866518,979.368630375342,134.932533733133
1521.25279642058,2398.70743226448,134.932533733133
1548.59557544121,395.227442207308,134.932533733133
1556.05269699229,402.684563758389,134.932533733133
1590.85259756401,932.14019388516,149.925037481259
1630.62391250311,753.16927665921,134.932533733133
1630.62391250311,546.855580412627,134.932533733133
1640.56674123788,770.569226945066,134.932533733133
1648.02386278896,1687.79517772806,134.932533733133
1645.53815560527,758.140691026597,134.932533733133
1682.82376336068,2023.36564752672,134.932533733133
1692.76659209545,2331.59333830475,134.932533733133
1720.10937111608,1558.53840417599,134.932533733133
1762.36639323888,1501.36713895103,149.925037481259
1779.76634352473,1735.02361421825,164.917541229385
1814.56624409645,1822.02336564753,149.925037481259
1812.08053691275,1414.36738752175,134.932533733133
1836.93760874969,2321.65050956997,134.932533733133
1856.82326621924,1081.28262490679,149.925037481259
1933.88018891375,1309.96768580661,149.925037481259
1963.70867511807,2107.87969177231,134.932533733133
1986.08003977131,1138.45389013174,134.932533733133
1988.56574695501,1145.91101168282,134.932533733133
2013.42281879195,728.312204822272,134.932533733133
2035.79418344519,1603.28113348248,134.932533733133
2045.73701217997,1623.16679095203,134.932533733133
2053.19413373105,1618.19537658464,134.932533733133
2368.87894606015,1026.59706686552,134.932533733133
2381.30748197862,1101.16828237634,149.925037481259
2386.27889634601,683.569475515784,134.932533733133
2421.07879691772,1598.30971911509,134.932533733133
2435.99304001989,484.712900820283,134.932533733133
2450.90728312205,507.084265473527,134.932533733133
52.199850857569,1200.59656972409,164.917541229385
275.913497390007,1446.68158090977,164.917541229385
283.370618941089,2269.4506587124,164.917541229385
315.684812329108,1399.45314441959,164.917541229385
571.712652249565,656.226696495153,149.925037481259
584.141188168034,661.19811086254,164.917541229385
661.19811086254,1657.96669152374,164.917541229385
676.112353964703,1667.90952025851,164.917541229385
782.997762863535,713.397961720109,149.925037481259
802.883420333085,728.312204822272,149.925037481259
815.311956251554,728.312204822272,149.925037481259
822.769077802635,499.627143922446,149.925037481259
922.197365150385,1717.62366393239,164.917541229385
922.197365150385,1730.05219985086,164.917541229385
924.683072334079,1565.99552572707,164.917541229385
1200.59656972409,1650.50956997266,149.925037481259
1215.51081282625,1650.50956997266,164.917541229385
1528.70991797166,653.740989311459,164.917541229385
1551.08128262491,1874.2232165051,164.917541229385
1563.50981854338,1943.82301764852,164.917541229385
1603.28113348248,2398.70743226448,164.917541229385
1712.652249565,2073.0797912006,164.917541229385
1715.13795674869,539.398458861546,164.917541229385
1799.65200099428,1807.10912254536,164.917541229385
1822.02336564753,1809.59482972906,164.917541229385
2100.42257022123,1722.59507829978,164.917541229385
2110.365398956,1727.56649266716,164.917541229385
2155.10812826249,412.627392493164,164.917541229385
2249.56500124285,479.741486452896,149.925037481259
2254.53641561024,494.655729555058,149.925037481259
2304.25055928412,658.712403678847,164.917541229385
2435.99304001989,884.911757394979,164.917541229385
91.9711657966692,1066.36838180462,179.910044977511
89.4854586129754,1053.93984588615,179.910044977511
101.913994531444,1053.93984588615,179.910044977511
293.313447675864,1401.93885160328,164.917541229385
308.227690778026,1312.45339299031,179.910044977511
347.999005717127,2232.165050957,164.917541229385
439.970171513796,2316.67909520259,179.910044977511
482.22719363659,1685.30947054437,179.910044977511
663.683818046234,1677.85234899329,164.917541229385
728.312204822272,2120.30822769078,179.910044977511
812.82624906786,693.512304250559,164.917541229385
812.82624906786,715.883668903803,164.917541229385
979.368630375342,497.141436738752,164.917541229385
1051.45413870246,2401.19313944817,179.910044977511
1160.82525478499,877.454635843898,179.910044977511
1474.0243599304,1652.99527715635,179.910044977511
1503.85284613473,1869.25180213771,179.910044977511
1551.08128262491,1938.85160328113,164.917541229385
1556.05269699229,1948.79443201591,164.917541229385
1565.99552572707,1931.39448173005,164.917541229385
1600.79542629878,1565.99552572707,179.910044977511
1620.68108376833,2388.7646035297,164.917541229385
1797.16629381059,1307.48197862292,179.910044977511
1799.65200099428,1319.91051454139,179.910044977511
1812.08053691275,1247.82500621427,179.910044977511
1933.88018891375,2194.87944320159,179.910044977511
2015.90852597564,1369.62465821526,164.917541229385
2043.25130499627,1337.31046482724,179.910044977511
2063.13696246582,1605.76684066617,179.910044977511
2060.65125528213,1588.36689038031,164.917541229385
2274.42207307979,1635.59532687049,164.917541229385
2453.39299030574,884.911757394979,164.917541229385
300.770569226945,1401.93885160328,179.910044977511
360.427541635595,2237.13646532438,179.910044977511
360.427541635595,2229.6793437733,179.910044977511
449.913000248571,2309.2219736515,179.910044977511
474.770072085508,1968.68008948546,194.902548725637
484.712900820283,1976.13721103654,194.902548725637
601.54113845389,952.02585135471,194.902548725637
604.026845637584,961.968680089485,194.902548725637
606.512552821278,641.31245339299,194.902548725637
698.483718617947,604.026845637584,194.902548725637
725.826497638578,996.768580661198,194.902548725637
743.226447924435,658.712403678847,194.902548725637
847.626149639573,2142.67959234402,194.902548725637
862.540392741735,661.19811086254,194.902548725637
867.511807109123,673.626646781009,194.902548725637
877.454635843898,651.255282127765,209.895052473763
1014.16853094705,2107.87969177231,194.902548725637
1016.65423813075,2247.07929405916,194.902548725637
1031.56848123291,1322.39622172508,179.910044977511
1160.82525478499,1645.53815560527,179.910044977511
1163.31096196868,1633.1096196868,179.910044977511
1188.16803380562,1265.22495650012,194.902548725637
1205.56798409147,1650.50956997266,179.910044977511
1322.39622172508,2137.70817797663,194.902548725637
1327.36763609247,2125.27964205817,194.902548725637
1342.28187919463,1976.13721103654,194.902548725637
1563.50981854338,2244.59358687547,194.902548725637
1558.53840417599,1759.88068605518,179.910044977511
1638.08103405419,1270.19637086751,179.910044977511
1650.50956997266,1272.68207805121,179.910044977511
1732.53790703455,1769.82351478996,179.910044977511
1732.53790703455,1762.36639323888,179.910044977511
1737.50932140194,661.19811086254,179.910044977511
1749.93785732041,1769.82351478996,179.910044977511
1749.93785732041,1762.36639323888,179.910044977511
1926.42306736266,1359.68182948049,179.910044977511
1926.42306736266,1349.73900074571,179.910044977511
1948.79443201591,2184.93661446682,179.910044977511
2020.87994034303,1369.62465821526,179.910044977511
2145.16529952772,2035.79418344519,194.902548725637
2344.02187422322,377.827491921452,179.910044977511
156.599552572707,1966.19438230176,209.895052473763
385.284613472533,1374.59607258265,209.895052473763
472.284364901815,763.112105393985,194.902548725637
487.198608003977,763.112105393985,194.902548725637
698.483718617947,613.969674372359,194.902548725637
733.283619189659,1006.71140939597,209.895052473763
857.568978374347,688.540889883172,224.887556221889
884.911757394979,691.026597066866,209.895052473763
889.883171762366,676.112353964703,209.895052473763
969.425801640567,519.512801391996,194.902548725637
974.397216007954,531.941337310465,209.895052473763
1014.16853094705,2125.27964205817,209.895052473763
1130.99676858066,1319.91051454139,194.902548725637
1138.45389013174,1312.45339299031,194.902548725637
1580.90976882923,1976.13721103654,194.902548725637
1593.3383047477,1981.10862540393,194.902548725637
1722.59507829978,994.282873477504,209.895052473763
1735.02361421825,780.512055679841,209.895052473763
1747.45215013671,792.94059159831,194.902548725637
1747.45215013671,1774.79492915735,194.902548725637
1839.42331593338,1387.02460850112,209.895052473763
1854.33755903555,1379.56748695004,209.895052473763
1891.62316679095,529.455630126771,194.902548725637
1993.5371613224,1459.11011682824,224.887556221889
2018.39423315933,2025.85135471042,194.902548725637
2100.42257022123,1416.85309470544,209.895052473763
2212.27939348745,454.884414615958,209.895052473763
2212.27939348745,467.312950534427,209.895052473763
2237.13646532438,1670.39522744221,209.895052473763
2254.53641561024,1672.8809346259,194.902548725637
2252.05070842655,1660.45239870743,194.902548725637
2254.53641561024,1638.08103405419,209.895052473763
131.742480735769,2070.5940840169,224.887556221889
154.113845389013,1951.2801391996,224.887556221889
169.028088491176,1971.16579666915,209.895052473763
425.055928411633,1665.42381307482,224.887556221889
489.684315187671,1667.90952025851,209.895052473763
502.11285110614,1660.45239870743,209.895052473763
581.65548098434,2321.65050956997,209.895052473763
778.026348496147,969.425801640567,209.895052473763
842.654735272185,681.08376833209,224.887556221889
850.111856823266,663.683818046234,209.895052473763
1041.51130996769,1976.13721103654,224.887556221889
1138.45389013174,618.941088739746,224.887556221889
1140.93959731544,636.341039025603,209.895052473763
1275.1677852349,2065.62266964952,224.887556221889
1337.31046482724,1988.56574695501,209.895052473763
1451.65299527716,512.055679840915,209.895052473763
1466.56723837932,509.569972657221,224.887556221889
1568.48123291076,549.341287596321,224.887556221889
1712.652249565,991.797166293811,209.895052473763
1730.05219985086,802.883420333085,224.887556221889
1730.05219985086,1876.70892368879,224.887556221889
1749.93785732041,773.05493412876,224.887556221889
1762.36639323888,800.397713149391,239.880059970015
1822.02336564753,2018.39423315933,209.895052473763
1901.56599552573,482.22719363659,209.895052473763
2244.59358687547,1652.99527715635,209.895052473763
2247.07929405916,1648.02386278896,209.895052473763
2319.16480238628,462.34153616704,224.887556221889
2344.02187422322,1337.31046482724,209.895052473763
129.256773552076,2003.47999005717,239.880059970015
589.112602535421,1327.36763609247,254.872563718141
703.455132985334,730.797912005966,239.880059970015
708.426547352722,715.883668903803,239.880059970015
865.026099925429,651.255282127765,224.887556221889
877.454635843898,688.540889883172,224.887556221889
889.883171762366,2212.27939348745,239.880059970015
897.340293313448,2224.70792940592,224.887556221889
942.083022619935,2212.27939348745,239.880059970015
1183.19661943823,805.369127516779,239.880059970015
1262.73924931643,2053.19413373105,224.887556221889
1312.45339299031,1996.02286850609,239.880059970015
1464.08153119563,519.512801391996,224.887556221889
1615.70966940094,904.797414864529,239.880059970015
1623.16679095203,874.968928660204,224.887556221889
1633.1096196868,2152.6224210788,224.887556221889
1628.13820531941,2165.05095699727,239.880059970015
1697.73800646284,1884.16604523987,239.880059970015
1715.13795674869,795.426298782004,224.887556221889
1715.13795674869,1879.19463087248,224.887556221889
1720.10937111608,1628.13820531941,239.880059970015
1739.99502858563,775.540641312453,239.880059970015
1767.33780760626,778.026348496147,224.887556221889
1764.85210042257,1839.42331593338,254.872563718141
1799.65200099428,1476.51006711409,224.887556221889
1799.65200099428,1486.45289584887,239.880059970015
2033.3084762615,2102.90827740492,239.880059970015
2040.76559781258,2097.93686303753,224.887556221889
2102.90827740492,966.940094456873,239.880059970015
2152.6224210788,1459.11011682824,239.880059970015
2237.13646532438,1491.42431021626,239.880059970015
2259.50782997763,1665.42381307482,224.887556221889
213.770817797663,1178.22520507084,254.872563718141
221.227939348745,1180.71091225454,239.880059970015
464.827243350733,2239.62217250808,254.872563718141
693.512304250559,1014.16853094705,254.872563718141
865.026099925429,658.712403678847,239.880059970015
867.511807109123,1414.36738752175,254.872563718141
902.311707680835,2202.33656475267,239.880059970015
942.083022619935,2222.22222222222,239.880059970015
1034.0541884166,2160.07954262988,254.872563718141
1039.02560278399,2147.65100671141,239.880059970015
1068.85408898832,728.312204822272,239.880059970015
1078.79691772309,738.255033557047,254.872563718141
1101.16828237634,1222.96793437733,254.872563718141
1121.05393984589,638.826746209297,254.872563718141
1168.28237633607,2242.10787969177,239.880059970015
1168.28237633607,2247.07929405916,239.880059970015
1175.73949788715,2239.62217250808,239.880059970015
1556.05269699229,1707.68083519761,254.872563718141
1578.42406164554,1454.13870246085,254.872563718141
1583.39547601293,1946.30872483221,239.880059970015
1578.42406164554,1958.73726075068,254.872563718141
1625.65249813572,912.25453641561,254.872563718141
1640.56674123788,526.969922943077,239.880059970015
1789.70917225951,1476.51006711409,239.880059970015
1797.16629381059,1496.39572458364,239.880059970015
1946.30872483221,1978.62291822023,254.872563718141
19.8856574695501,1737.50932140194,269.865067466267
666.169525229928,1643.05244842158,269.865067466267
730.797912005966,2304.25055928412,254.872563718141
740.740740740741,2319.16480238628,269.865067466267
862.540392741735,1446.68158090977,254.872563718141
869.997514292816,1431.76733780761,254.872563718141
912.25453641561,2182.45090728312,269.865067466267
924.683072334079,1004.22570221228,254.872563718141
927.168779517773,991.797166293811,269.865067466267
1130.99676858066,641.31245339299,254.872563718141
1561.02411135968,1720.10937111608,269.865067466267
1595.82401193139,909.768829231916,269.865067466267
1610.73825503356,1690.28088491176,269.865067466267
1635.59532687049,1536.16703952274,269.865067466267
1635.59532687049,1556.05269699229,269.865067466267
1645.53815560527,1561.02411135968,254.872563718141
1648.02386278896,899.826000497141,269.865067466267
1690.28088491176,1948.79443201591,284.857571214393
1739.99502858563,785.483470047228,254.872563718141
1779.76634352473,1829.48048719861,269.865067466267
1797.16629381059,1471.53865274671,254.872563718141
1824.50907283122,1956.25155356699,269.865067466267
1946.30872483221,1312.45339299031,254.872563718141
2028.33706189411,1953.7658463833,269.865067466267
2053.19413373105,1290.08202833706,269.865067466267
2053.19413373105,907.283122048223,269.865067466267
2058.16554809843,1265.22495650012,269.865067466267
2092.96544867015,956.997265722098,254.872563718141
2142.67959234402,1501.36713895103,269.865067466267
2269.4506587124,559.284116331096,284.857571214393
72.0855083271191,1876.70892368879,284.857571214393
434.998757146408,1744.96644295302,284.857571214393
616.455381556053,1056.42555306985,284.857571214393
658.712403678847,1652.99527715635,269.865067466267
850.111856823266,1449.16728809346,269.865067466267
852.59756400696,1434.2530449913,269.865067466267
937.111608252548,842.654735272185,284.857571214393
1419.33880188914,2286.85060899826,284.857571214393
1523.73850360428,812.82624906786,284.857571214393
1807.10912254536,1121.05393984589,284.857571214393
1812.08053691275,586.626895351728,299.850074962519
2142.67959234402,1491.42431021626,269.865067466267
2276.90778026349,467.312950534427,269.865067466267
507.084265473527,1300.02485707184,314.842578710645
576.684066616953,1230.42505592841,299.850074962519
584.141188168034,1247.82500621427,299.850074962519
606.512552821278,2152.6224210788,299.850074962519
613.969674372359,2165.05095699727,299.850074962519
768.083519761372,2030.8227690778,299.850074962519
867.511807109123,1876.70892368879,314.842578710645
1270.19637086751,1846.88043748446,299.850074962519
1695.25229927915,1725.08078548347,299.850074962519
1747.45215013671,852.59756400696,299.850074962519
1759.88068605518,852.59756400696,299.850074962519
1807.10912254536,1140.93959731544,284.857571214393
1859.30897340293,917.225950782998,299.850074962519
1886.65175242356,643.798160576684,299.850074962519
2063.13696246582,1031.56848123291,284.857571214393
2070.5940840169,1026.59706686552,284.857571214393
2122.79393487447,1826.99478001491,299.850074962519
2274.42207307979,546.855580412627,284.857571214393
191.39945314442,1782.25205070843,314.842578710645
193.885160328113,1794.6805866269,314.842578710645
467.312950534427,1372.11036539896,329.835082458771
509.569972657221,1275.1677852349,314.842578710645
521.99850857569,1282.62490678598,314.842578710645
574.198359433259,1242.85359184688,299.850074962519
681.08376833209,2174.99378573204,329.835082458771
750.683569475516,1469.05294556301,314.842578710645
1287.59632115337,882.426050211285,314.842578710645
1354.7104151131,2244.59358687547,329.835082458771
1608.25254784986,2182.45090728312,314.842578710645
1705.19512801392,1230.42505592841,299.850074962519
1717.62366393239,1220.48222719364,314.842578710645
1846.88043748446,924.683072334079,299.850074962519
2085.50832711907,1899.08028834203,314.842578710645
2155.10812826249,524.484215759384,329.835082458771
755.654983842903,1451.65299527716,329.835082458771
1257.76783494904,1834.451901566,329.835082458771
1660.45239870743,1548.59557544121,329.835082458771
1722.59507829978,1232.91076311211,314.842578710645
1772.30922197365,1779.76634352473,329.835082458771
2097.93686303753,1165.79666915237,329.835082458771
2170.02237136465,1036.5398956003,344.827586206897
211.28511061397,1491.42431021626,344.827586206897
213.770817797663,1478.99577429779,329.835082458771
740.740740740741,2227.19363658961,344.827586206897
1121.05393984589,2107.87969177231,359.820089955023
1290.08202833706,1667.90952025851,344.827586206897
1334.82475764355,1814.56624409645,344.827586206897
1374.59607258265,1856.82326621924,359.820089955023
1474.0243599304,1220.48222719364,344.827586206897
1521.25279642058,1009.19711657967,359.820089955023
1720.10937111608,1575.93835446184,344.827586206897
1767.33780760626,1764.85210042257,344.827586206897
1774.79492915735,1739.99502858563,329.835082458771
1784.73775789212,1767.33780760626,329.835082458771
1794.6805866269,1744.96644295302,344.827586206897
1921.45165299528,618.941088739746,344.827586206897
318.170519512801,1461.59582401193,344.827586206897
323.141933880189,1434.2530449913,359.820089955023
330.59905543127,1449.16728809346,359.820089955023
437.484464330102,1961.22296793438,374.812593703148
489.684315187671,1759.88068605518,344.827586206897
494.655729555058,1531.19562515536,374.812593703148
494.655729555058,1772.30922197365,359.820089955023
663.683818046234,1717.62366393239,344.827586206897
663.683818046234,1727.56649266716,344.827586206897
778.026348496147,2008.45140442456,374.812593703148
795.426298782004,1998.50857568978,359.820089955023
1501.36713895103,1814.56624409645,374.812593703148
1533.68133233905,1938.85160328113,359.820089955023
1588.36689038031,1565.99552572707,359.820089955023
1598.30971911509,1575.93835446184,344.827586206897
1635.59532687049,1640.56674123788,374.812593703148
1812.08053691275,1889.13745960726,374.812593703148
1884.16604523987,1802.13770817798,359.820089955023
2030.8227690778,636.341039025603,359.820089955023
2194.87944320159,1640.56674123788,374.812593703148
2341.53616703952,1424.31021625653,359.820089955023
760.626398210291,2003.47999005717,374.812593703148
780.512055679841,1319.91051454139,374.812593703148
1521.25279642058,1725.08078548347,374.812593703148
1598.30971911509,668.655232413622,374.812593703148
1866.76609495401,1804.62341536167,374.812593703148
1874.2232165051,1789.70917225951,374.812593703148
385.284613472533,1573.45264727815,404.7976011994
768.083519761372,1993.5371613224,389.805097451274
1121.05393984589,914.740243599304,389.805097451274
1123.53964702958,902.311707680835,389.805097451274
1168.28237633607,1826.99478001491,389.805097451274
1190.65374098931,907.283122048223,389.805097451274
1200.59656972409,894.854586129754,404.7976011994
1272.68207805121,2075.56549838429,404.7976011994
1513.7956748695,1737.50932140194,374.812593703148
1531.19562515536,1737.50932140194,374.812593703148
1588.36689038031,1083.76833209048,389.805097451274
1593.3383047477,1066.36838180462,389.805097451274
1623.16679095203,855.083271190654,374.812593703148
1620.68108376833,1630.62391250311,374.812593703148
1660.45239870743,1630.62391250311,389.805097451274
1754.9092716878,2005.96569724086,389.805097451274
1822.02336564753,1016.65423813075,389.805097451274
1886.65175242356,914.740243599304,389.805097451274
2060.65125528213,1777.28063634104,389.805097451274
2130.25105642555,539.398458861546,389.805097451274
2135.22247079294,551.826994780015,389.805097451274
2261.99353716132,1548.59557544121,389.805097451274
2368.87894606015,989.311459110117,389.805097451274
377.827491921452,1588.36689038031,404.7976011994
392.741735023614,1593.3383047477,389.805097451274
442.455878697489,1814.56624409645,404.7976011994
549.341287596321,2030.8227690778,404.7976011994
554.312701963709,2018.39423315933,404.7976011994
956.997265722098,1516.28138205319,404.7976011994
1128.51106139697,1501.36713895103,404.7976011994
1287.59632115337,2068.10837683321,389.805097451274
1334.82475764355,2167.53666418096,389.805097451274
1374.59607258265,1782.25205070843,419.790104947526
1593.3383047477,743.226447924435,419.790104947526
1620.68108376833,1831.9661943823,404.7976011994
2244.59358687547,1180.71091225454,404.7976011994
365.398956002983,1575.93835446184,404.7976011994
372.856077554064,1901.56599552573,419.790104947526
787.969177230922,1891.62316679095,419.790104947526
802.883420333085,1638.08103405419,419.790104947526
795.426298782004,1660.45239870743,419.790104947526
815.311956251554,1652.99527715635,419.790104947526
1230.42505592841,1968.68008948546,419.790104947526
1290.08202833706,2048.22271936366,404.7976011994
1501.36713895103,807.854834700472,404.7976011994
1508.82426050211,1593.3383047477,419.790104947526
1513.7956748695,802.883420333085,404.7976011994
1595.82401193139,1953.7658463833,404.7976011994
1595.82401193139,1849.36614466816,434.782608695652
1610.73825503356,869.997514292816,419.790104947526
1613.22396221725,1854.33755903555,404.7976011994
1630.62391250311,1364.65324384787,419.790104947526
1687.79517772806,810.340541884166,419.790104947526
1690.28088491176,820.283370618941,434.782608695652
1739.99502858563,1732.53790703455,419.790104947526
1742.48073576933,835.197613721104,404.7976011994
2254.53641561024,1185.68232662192,419.790104947526
2259.50782997763,984.340044742729,419.790104947526
700.969425801641,1379.56748695004,449.775112443778
807.854834700472,1665.42381307482,419.790104947526
810.340541884166,1660.45239870743,419.790104947526
832.71190653741,1648.02386278896,434.782608695652
981.854337559036,1208.05369127517,449.775112443778
1300.02485707184,2068.10837683321,419.790104947526
1516.28138205319,815.311956251554,419.790104947526
1541.13845389013,1794.6805866269,434.782608695652
1580.90976882923,1846.88043748446,434.782608695652
1742.48073576933,1043.99701715138,434.782608695652
1752.4235645041,1469.05294556301,434.782608695652
2207.30797912006,869.997514292816,434.782608695652
2234.65075814069,884.911757394979,434.782608695652
472.284364901815,1891.62316679095,449.775112443778
477.255779269202,1899.08028834203,434.782608695652
492.170022371365,1896.59458115834,434.782608695652
643.798160576684,1717.62366393239,464.767616191904
740.740740740741,2023.36564752672,449.775112443778
1014.16853094705,1747.45215013671,449.775112443778
1210.53939845886,989.311459110117,464.767616191904
1478.99577429779,1851.85185185185,464.767616191904
1491.42431021626,735.769326373353,464.767616191904
1720.10937111608,1503.85284613473,449.775112443778
1792.1948794432,1675.36664180959,449.775112443778
2080.53691275168,1585.88118319662,449.775112443778
2090.47974148645,1282.62490678598,449.775112443778
2197.36515038528,887.397464578673,434.782608695652
2197.36515038528,1165.79666915237,434.782608695652
2212.27939348745,1173.25379070346,434.782608695652
2227.19363658961,1193.13944817301,434.782608695652
390.25602783992,1588.36689038031,449.775112443778
678.598061148397,1702.70942083023,479.76011994003
872.48322147651,2015.90852597564,464.767616191904
1121.05393984589,1834.451901566,464.767616191904
1123.53964702958,1106.13969674372,464.767616191904
1195.6251553567,1006.71140939597,449.775112443778
1265.22495650012,1961.22296793438,464.767616191904
1471.53865274671,1866.76609495401,449.775112443778
1486.45289584887,1173.25379070346,479.76011994003
1496.39572458364,1158.33954760129,464.767616191904
1784.73775789212,1635.59532687049,464.767616191904
1789.70917225951,1623.16679095203,464.767616191904
1794.6805866269,1682.82376336068,449.775112443778
1904.05170270942,1024.11135968183,464.767616191904
1943.82301764852,1593.3383047477,464.767616191904
2050.70842654735,1384.53890131742,464.767616191904
2197.36515038528,1158.33954760129,449.775112443778
2212.27939348745,1165.79666915237,449.775112443778
2229.6793437733,1183.19661943823,464.767616191904
487.198608003977,1896.59458115834,464.767616191904
743.226447924435,1931.39448173005,494.752623688156
770.569226945066,1807.10912254536,494.752623688156
894.854586129754,1640.56674123788,494.752623688156
1590.85259756401,954.511558538404,494.752623688156
1593.3383047477,658.712403678847,479.76011994003
1620.68108376833,1309.96768580661,479.76011994003
1645.53815560527,1130.99676858066,479.76011994003
1725.08078548347,1879.19463087248,479.76011994003
1744.96644295302,1029.08277404922,479.76011994003
1881.68033805618,1168.28237633607,479.76011994003
1938.85160328113,1580.90976882923,479.76011994003
1968.68008948546,770.569226945066,479.76011994003
1981.10862540393,763.112105393985,479.76011994003
2025.85135471042,1374.59607258265,464.767616191904
2038.27989062888,1389.51031568481,479.76011994003
2043.25130499627,1367.13895103157,479.76011994003
2058.16554809843,1367.13895103157,479.76011994003
2083.02261993537,1523.73850360428,479.76011994003
991.797166293811,1921.45165299528,494.752623688156
1001.73999502859,1906.53740989311,494.752623688156
1222.96793437733,1210.53939845886,509.745127436282
1695.25229927915,1749.93785732041,494.752623688156
1720.10937111608,1859.30897340293,479.76011994003
1948.79443201591,1561.02411135968,509.745127436282
2050.70842654735,1419.33880188914,479.76011994003
2063.13696246582,1421.82450907283,494.752623688156
467.312950534427,1625.65249813572,509.745127436282
681.08376833209,1851.85185185185,509.745127436282
780.512055679841,1814.56624409645,509.745127436282
976.882923191648,1344.76758637832,509.745127436282
984.340044742729,1901.56599552573,494.752623688156
1553.5669898086,1240.36788466319,524.737631184408
1603.28113348248,668.655232413622,494.752623688156
1630.62391250311,1317.42480735769,494.752623688156
1727.56649266716,1859.30897340293,494.752623688156
1846.88043748446,750.683569475516,524.737631184408
1901.56599552573,986.825751926423,509.745127436282
1911.5088242605,1034.0541884166,494.752623688156
1921.45165299528,1451.65299527716,524.737631184408
1976.13721103654,775.540641312453,494.752623688156
1986.08003977131,914.740243599304,509.745127436282
2065.62266964952,1372.11036539896,494.752623688156
658.712403678847,1846.88043748446,509.745127436282
825.254784986329,1322.39622172508,539.730134932534
904.797414864529,1590.85259756401,509.745127436282
919.711657966692,1735.02361421825,524.737631184408
919.711657966692,1605.76684066617,524.737631184408
932.14019388516,1737.50932140194,524.737631184408
1143.42530449913,1809.59482972906,524.737631184408
1205.56798409147,1941.33731046483,524.737631184408
1391.99602286851,1891.62316679095,509.745127436282
1409.39597315436,1886.65175242356,509.745127436282
1483.96718866518,1250.31071339796,539.730134932534
934.625901068854,1650.50956997266,539.730134932534
956.997265722098,1237.88217747949,554.72263868066
1265.22495650012,1871.7375093214,554.72263868066
1277.65349241859,1779.76634352473,539.730134932534
1384.53890131742,1891.62316679095,524.737631184408
1401.93885160328,1894.10887397465,524.737631184408
1608.25254784986,996.768580661198,554.72263868066
1754.9092716878,1332.33905045986,554.72263868066
1789.70917225951,949.540144171017,554.72263868066
1812.08053691275,1406.91026597067,539.730134932534
932.14019388516,1633.1096196868,554.72263868066
1536.16703952274,725.826497638578,554.72263868066
1866.76609495401,1349.73900074571,554.72263868066
917.225950782998,1372.11036539896,584.707646176912
1285.11061396967,1732.53790703455,584.707646176912
1700.22371364653,1188.16803380562,569.715142428786
1744.96644295302,1391.99602286851,569.715142428786
1759.88068605518,1389.51031568481,569.715142428786
1794.6805866269,1372.11036539896,584.707646176912
1043.99701715138,1153.36813323391,599.700149925038
1538.65274670644,1416.85309470544,599.700149925038
1556.05269699229,929.654486701467,584.707646176912
1715.13795674869,681.08376833209,584.707646176912
1727.56649266716,671.140939597315,584.707646176912
703.455132985334,1541.13845389013,599.700149925038
1270.19637086751,897.340293313448,599.700149925038
1414.36738752175,894.854586129754,614.692653673163
1548.59557544121,855.083271190654,614.692653673163
1478.99577429779,1280.13919960229,614.692653673163
1600.79542629878,748.197862291822,599.700149925038
1613.22396221725,738.255033557047,629.685157421289
1262.73924931643,894.854586129754,614.692653673163
1277.65349241859,1725.08078548347,614.692653673163
1478.99577429779,1270.19637086751,614.692653673163
1593.3383047477,748.197862291822,644.677661169415
1655.48098434004,1026.59706686552,644.677661169415
1720.10937111608,671.140939597315,614.692653673163
1451.65299527716,1001.73999502859,674.662668665667
1163.31096196868,1332.33905045986,674.662668665667
1282.62490678598,1140.93959731544,674.662668665667
1140.93959731544,1369.62465821526,689.655172413793
