19.8856574695501,763.112105393985,14.9925037481259
24.8570718369376,1737.50932140194,14.9925037481259
231.17076808352,1148.39671886652,14.9925037481259
248.570718369376,1138.45389013174,14.9925037481259
420.084514044246,1103.65398956003,14.9925037481259
425.055928411633,1113.5968182948,14.9925037481259
442.455878697489,270.94208302262,14.9925037481259
447.427293064877,265.970668655232,14.9925037481259
452.398707432264,233.656475267214,14.9925037481259
497.141436738752,1928.90877454636,14.9925037481259
509.569972657221,524.484215759384,14.9925037481259
554.312701963709,1556.05269699229,14.9925037481259
611.483967188665,2353.96470295799,14.9925037481259
618.941088739746,2351.4789957743,14.9925037481259
720.855083271191,385.284613472533,14.9925037481259
837.683320904797,300.770569226945,14.9925037481259
1039.02560278399,2005.96569724086,14.9925037481259
1227.93934874472,531.941337310465,29.9850074962519
1255.28212776535,507.084265473527,14.9925037481259
1342.28187919463,1185.68232662192,14.9925037481259
1588.36689038031,581.65548098434,14.9925037481259
1789.70917225951,432.513049962714,29.9850074962519
1901.56599552573,191.39945314442,29.9850074962519
1909.02311707681,226.199353716132,14.9925037481259
2003.47999005717,1541.13845389013,29.9850074962519
2018.39423315933,1777.28063634104,14.9925037481259
2033.3084762615,1799.65200099428,14.9925037481259
2035.79418344519,1548.59557544121,14.9925037481259
2152.6224210788,2020.87994034303,14.9925037481259
2170.02237136465,2008.45140442456,14.9925037481259
2386.27889634601,521.99850857569,14.9925037481259
2426.05021128511,477.255779269202,14.9925037481259
2423.56450410142,442.455878697489,29.9850074962519
2475.76435495899,1725.08078548347,14.9925037481259
7.45712155108128,735.769326373353,29.9850074962519
201.342281879195,1126.02535421327,29.9850074962519
216.256524981357,1116.0825254785,29.9850074962519
330.59905543127,420.084514044246,29.9850074962519
392.741735023614,1088.73974645787,29.9850074962519
412.627392493164,246.085011185682,29.9850074962519
417.598806860552,208.799403430276,29.9850074962519
474.770072085508,499.627143922446,29.9850074962519
477.255779269202,1913.9945314442,29.9850074962519
487.198608003977,1926.42306736266,29.9850074962519
509.569972657221,420.084514044246,29.9850074962519
517.027094208302,422.570221227939,29.9850074962519
519.512801391996,410.141685309471,29.9850074962519
526.969922943077,1556.05269699229,29.9850074962519
534.427044494159,1541.13845389013,29.9850074962519
596.569724086503,2339.05045985583,29.9850074962519
691.026597066866,362.913248819289,29.9850074962519
768.083519761372,1419.33880188914,29.9850074962519
805.369127516779,278.399204573701,29.9850074962519
820.283370618941,1789.70917225951,29.9850074962519
979.368630375342,979.368630375342,29.9850074962519
981.854337559036,1145.91101168282,29.9850074962519
991.797166293811,991.797166293811,29.9850074962519
1019.13994531444,1991.0514541387,29.9850074962519
1195.6251553567,507.084265473527,29.9850074962519
1198.11086254039,514.541387024609,29.9850074962519
1260.25354213274,554.312701963709,29.9850074962519
1265.22495650012,2440.96445438727,44.9775112443778
1265.22495650012,2433.50733283619,29.9850074962519
1541.13845389013,618.941088739746,29.9850074962519
1563.50981854338,646.283867760378,29.9850074962519
1573.45264727815,1304.99627143922,44.9775112443778
1705.19512801392,1384.53890131742,29.9850074962519
1809.59482972906,1655.48098434004,59.9700149925037
1951.2801391996,2073.0797912006,44.9775112443778
2038.27989062888,2162.56524981357,29.9850074962519
2212.27939348745,27.3427790206314,29.9850074962519
2348.9932885906,611.483967188665,29.9850074962519
24.8570718369376,773.05493412876,44.9775112443778
29.8284862043251,1739.99502858563,44.9775112443778
37.2856077554064,785.483470047228,44.9775112443778
47.2284364901815,770.569226945066,59.9700149925037
241.113596818295,1158.33954760129,44.9775112443778
243.599304001989,1685.30947054437,59.9700149925037
253.542132736764,1150.88242605021,59.9700149925037
372.856077554064,452.398707432264,44.9775112443778
439.970171513796,1111.11111111111,44.9775112443778
551.826994780015,459.855828983346,44.9775112443778
559.284116331096,447.427293064877,44.9775112443778
666.169525229928,1993.5371613224,59.9700149925037
683.569475515784,464.827243350733,59.9700149925037
695.998011434253,452.398707432264,59.9700149925037
725.826497638578,392.741735023614,44.9775112443778
735.769326373353,402.684563758389,44.9775112443778
850.111856823266,1812.08053691275,59.9700149925037
862.540392741735,2348.9932885906,59.9700149925037
947.054436987323,1387.02460850112,59.9700149925037
1019.13994531444,1014.16853094705,44.9775112443778
1021.62565249814,1183.19661943823,44.9775112443778
1031.56848123291,1021.62565249814,44.9775112443778
1222.96793437733,2242.10787969177,74.9625187406297
1225.45364156102,2257.02212279394,59.9700149925037
1270.19637086751,566.741237882178,44.9775112443778
1344.76758637832,1200.59656972409,44.9775112443778
1548.59557544121,633.855331841909,44.9775112443778
1570.96694009446,658.712403678847,44.9775112443778
1687.79517772806,1578.42406164554,44.9775112443778
1712.652249565,1387.02460850112,44.9775112443778
1797.16629381059,447.427293064877,44.9775112443778
1909.02311707681,206.313696246582,44.9775112443778
1913.9945314442,243.599304001989,44.9775112443778
2045.73701217997,2172.50807854835,44.9775112443778
2219.73651503853,37.2856077554064,44.9775112443778
2319.16480238628,604.026845637584,74.9625187406297
2358.93611732538,621.42679592344,44.9775112443778
2393.73601789709,536.912751677852,44.9775112443778
2431.0216256525,454.884414615958,44.9775112443778
7.45712155108128,2132.73676360925,74.9625187406297
149.142431021626,1409.39597315436,59.9700149925037
372.856077554064,1717.62366393239,89.9550224887556
439.970171513796,1098.68257519264,59.9700149925037
564.255530698484,439.970171513796,59.9700149925037
850.111856823266,2356.45041014169,59.9700149925037
1024.11135968183,1175.73949788715,59.9700149925037
1334.82475764355,1036.5398956003,74.9625187406297
1354.7104151131,1193.13944817301,59.9700149925037
1396.96743723589,19.8856574695501,74.9625187406297
1409.39597315436,32.3141933880189,74.9625187406297
1493.91001739995,2065.62266964952,74.9625187406297
1493.91001739995,303.256276410639,74.9625187406297
1498.88143176734,2075.56549838429,74.9625187406297
1508.82426050211,2065.62266964952,74.9625187406297
1526.22421078797,17.3999502858563,74.9625187406297
1556.05269699229,626.398210290828,59.9700149925037
1787.22346507581,1983.59433258762,74.9625187406297
1906.53740989311,1839.42331593338,59.9700149925037
2199.85085756898,2393.73601789709,74.9625187406297
2232.165050957,32.3141933880189,59.9700149925037
2271.9363658961,109.371116082525,74.9625187406297
2281.87919463087,116.828237633607,74.9625187406297
2299.27914491673,805.369127516779,74.9625187406297
2306.73626646781,812.82624906786,74.9625187406297
2324.13621675367,912.25453641561,89.9550224887556
2366.39323887646,613.969674372359,59.9700149925037
2378.82177479493,1160.82525478499,74.9625187406297
2411.13596818295,1802.13770817798,74.9625187406297
116.828237633607,1098.68257519264,89.9550224887556
149.142431021626,1396.96743723589,74.9625187406297
198.856574695501,251.05642555307,74.9625187406297
216.256524981357,238.627889634601,74.9625187406297
258.513547104151,879.940343027591,104.947526236882
623.912503107134,2271.9363658961,89.9550224887556
723.340790454884,1193.13944817301,89.9550224887556
996.768580661198,355.456127268208,74.9625187406297
1036.5398956003,1431.76733780761,74.9625187406297
1155.8538404176,2070.5940840169,89.9550224887556
1180.71091225454,2085.50832711907,89.9550224887556
1183.19661943823,2068.10837683321,104.947526236882
1195.6251553567,2083.02261993537,89.9550224887556
1210.53939845886,1687.79517772806,74.9625187406297
1262.73924931643,1911.5088242605,89.9550224887556
1521.25279642058,32.3141933880189,74.9625187406297
1620.68108376833,1585.88118319662,89.9550224887556
1744.96644295302,1257.76783494904,74.9625187406297
2127.76534924186,1608.25254784986,89.9550224887556
2132.73676360925,1593.3383047477,89.9550224887556
82.0283370618941,2284.36490181457,104.947526236882
86.9997514292816,2301.76485210042,104.947526236882
101.913994531444,1093.71116082525,89.9550224887556
666.169525229928,14.9142431021626,104.947526236882
735.769326373353,1185.68232662192,104.947526236882
837.683320904797,119.313944817301,89.9550224887556
845.140442455879,126.771066368382,89.9550224887556
1014.16853094705,1493.91001739995,104.947526236882
1158.33954760129,2087.99403430276,104.947526236882
1173.25379070346,2348.9932885906,104.947526236882
1180.71091225454,2351.4789957743,89.9550224887556
1180.71091225454,835.197613721104,89.9550224887556
1203.08227690778,1685.30947054437,104.947526236882
1282.62490678598,1913.9945314442,104.947526236882
1302.51056425553,1909.02311707681,104.947526236882
1332.33905045986,671.140939597315,104.947526236882
1429.28163062391,1906.53740989311,104.947526236882
1441.71016654238,1899.08028834203,104.947526236882
1451.65299527716,1891.62316679095,89.9550224887556
1533.68133233905,32.3141933880189,89.9550224887556
1645.53815560527,343.027591349739,104.947526236882
2274.42207307979,86.9997514292816,104.947526236882
2480.73576932637,1200.59656972409,89.9550224887556
89.4854586129754,350.48471290082,119.940029985007
119.313944817301,840.169028088491,119.940029985007
126.771066368382,832.71190653741,119.940029985007
126.771066368382,1098.68257519264,119.940029985007
149.142431021626,2259.50782997763,119.940029985007
270.94208302262,1334.82475764355,119.940029985007
308.227690778026,116.828237633607,119.940029985007
315.684812329108,104.399701715138,119.940029985007
420.084514044246,591.598309719115,104.947526236882
464.827243350733,1478.99577429779,119.940029985007
514.541387024609,44.7427293064877,104.947526236882
514.541387024609,37.2856077554064,104.947526236882
534.427044494159,52.199850857569,119.940029985007
554.312701963709,1210.53939845886,104.947526236882
559.284116331096,430.027342779021,134.932533733133
556.798409147402,1193.13944817301,134.932533733133
778.026348496147,1946.30872483221,119.940029985007
869.997514292816,278.399204573701,119.940029985007
937.111608252548,1819.53765846383,119.940029985007
999.254287844892,360.427541635595,104.947526236882
1255.28212776535,504.598558289833,119.940029985007
1384.53890131742,1645.53815560527,119.940029985007
1884.16604523987,1864.28038777032,119.940029985007
1988.56574695501,1804.62341536167,119.940029985007
2204.82227193637,1329.85334327616,119.940029985007
12.4285359184688,1536.16703952274,119.940029985007
39.7713149391002,636.341039025603,134.932533733133
77.0569226945066,362.913248819289,119.940029985007
111.856823266219,1101.16828237634,119.940029985007
116.828237633607,362.913248819289,134.932533733133
144.171016654238,2244.59358687547,119.940029985007
201.342281879195,934.625901068854,119.940029985007
253.542132736764,1332.33905045986,119.940029985007
263.484961471539,1322.39622172508,119.940029985007
298.284862043251,285.856326124783,134.932533733133
402.684563758389,795.426298782004,134.932533733133
410.141685309471,2286.85060899826,119.940029985007
656.226696495153,715.883668903803,119.940029985007
765.597812577678,1948.79443201591,119.940029985007
840.169028088491,119.313944817301,119.940029985007
857.568978374347,594.084016902809,119.940029985007
889.883171762366,1638.08103405419,149.925037481259
897.340293313448,1643.05244842158,119.940029985007
899.826000497141,1894.10887397465,119.940029985007
1036.5398956003,755.654983842903,134.932533733133
1180.71091225454,835.197613721104,119.940029985007
1481.48148148148,1508.82426050211,134.932533733133
1797.16629381059,482.22719363659,134.932533733133
2030.8227690778,1272.68207805121,134.932533733133
2090.47974148645,559.284116331096,134.932533733133
2348.9932885906,519.512801391996,134.932533733133
2.48570718369376,1531.19562515536,134.932533733133
116.828237633607,347.999005717127,134.932533733133
193.885160328113,929.654486701467,134.932533733133
246.085011185682,1327.36763609247,134.932533733133
263.484961471539,1329.85334327616,134.932533733133
310.71339796172,1655.48098434004,149.925037481259
365.398956002983,1712.652249565,134.932533733133
382.798906288839,1148.39671886652,149.925037481259
400.198856574696,2279.39348744718,149.925037481259
467.312950534427,7.45712155108128,149.925037481259
487.198608003977,1521.25279642058,149.925037481259
526.969922943077,49.7141436738752,134.932533733133
546.855580412627,1208.05369127517,134.932533733133
641.31245339299,705.940840169028,134.932533733133
648.769574944072,713.397961720109,134.932533733133
787.969177230922,313.199105145414,149.925037481259
795.426298782004,1744.96644295302,149.925037481259
802.883420333085,343.027591349739,149.925037481259
807.854834700472,323.141933880189,149.925037481259
815.311956251554,338.056176982351,149.925037481259
847.626149639573,591.598309719115,134.932533733133
874.968928660204,1630.62391250311,149.925037481259
892.36887894606,1889.13745960726,134.932533733133
892.36887894606,318.170519512801,149.925037481259
889.883171762366,1618.19537658464,149.925037481259
892.36887894606,1650.50956997266,149.925037481259
929.654486701467,1814.56624409645,134.932533733133
1026.59706686552,768.083519761372,134.932533733133
1036.5398956003,768.083519761372,149.925037481259
1039.02560278399,738.255033557047,149.925037481259
1227.93934874472,1016.65423813075,149.925037481259
1240.36788466319,1004.22570221228,134.932533733133
1389.51031568481,1884.16604523987,134.932533733133
1491.42431021626,1538.65274670644,134.932533733133
2020.87994034303,1265.22495650012,134.932533733133
2080.53691275168,1638.08103405419,134.932533733133
2083.02261993537,504.598558289833,149.925037481259
2097.93686303753,566.741237882178,134.932533733133
2177.47949291573,2095.45115585384,149.925037481259
2284.36490181457,238.627889634601,149.925037481259
126.771066368382,1292.56773552076,164.917541229385
437.484464330102,606.512552821278,149.925037481259
439.970171513796,618.941088739746,164.917541229385
554.312701963709,576.684066616953,164.917541229385
778.026348496147,300.770569226945,149.925037481259
966.940094456873,270.94208302262,149.925037481259
984.340044742729,1123.53964702958,164.917541229385
996.768580661198,1401.93885160328,149.925037481259
1014.16853094705,755.654983842903,149.925037481259
1026.59706686552,745.712155108128,164.917541229385
1732.53790703455,1198.11086254039,164.917541229385
1864.28038777032,1777.28063634104,164.917541229385
1916.48023862789,2065.62266964952,164.917541229385
2050.70842654735,1563.50981854338,164.917541229385
2068.10837683321,499.627143922446,149.925037481259
2257.02212279394,1292.56773552076,149.925037481259
2269.4506587124,1290.08202833706,149.925037481259
2281.87919463087,256.027839920457,149.925037481259
2435.99304001989,790.454884414616,164.917541229385
2465.82152622421,1951.2801391996,149.925037481259
415.113099676858,1553.5669898086,164.917541229385
546.855580412627,631.369624658215,164.917541229385
546.855580412627,641.31245339299,164.917541229385
633.855331841909,1648.02386278896,164.917541229385
666.169525229928,1282.62490678598,164.917541229385
671.140939597315,1275.1677852349,164.917541229385
795.426298782004,223.713646532438,164.917541229385
879.940343027591,1650.50956997266,164.917541229385
1016.65423813075,2162.56524981357,164.917541229385
1019.13994531444,768.083519761372,164.917541229385
1021.62565249814,2162.56524981357,179.910044977511
1024.11135968183,559.284116331096,164.917541229385
1036.5398956003,1787.22346507581,164.917541229385
1292.56773552076,1707.68083519761,179.910044977511
1399.45314441959,825.254784986329,164.917541229385
1454.13870246085,1568.48123291076,179.910044977511
1516.28138205319,1091.22545364156,164.917541229385
1516.28138205319,1081.28262490679,164.917541229385
1687.79517772806,1797.16629381059,179.910044977511
1725.08078548347,1210.53939845886,164.917541229385
1856.82326621924,1787.22346507581,164.917541229385
2087.99403430276,1645.53815560527,164.917541229385
2107.87969177231,263.484961471539,179.910044977511
2142.67959234402,966.940094456873,164.917541229385
2152.6224210788,974.397216007954,179.910044977511
2244.59358687547,661.19811086254,164.917541229385
2286.85060899826,251.05642555307,164.917541229385
2.48570718369376,1792.1948794432,179.910044977511
24.8570718369376,1799.65200099428,179.910044977511
119.313944817301,459.855828983346,179.910044977511
134.228187919463,1297.53914988814,179.910044977511
395.227442207308,1150.88242605021,179.910044977511
410.141685309471,2249.56500124285,179.910044977511
420.084514044246,1561.02411135968,179.910044977511
452.398707432264,2229.6793437733,179.910044977511
467.312950534427,2239.62217250808,179.910044977511
559.284116331096,631.369624658215,179.910044977511
561.76982351479,636.341039025603,179.910044977511
564.255530698484,643.798160576684,179.910044977511
571.712652249565,584.141188168034,179.910044977511
584.141188168034,77.0569226945066,179.910044977511
589.112602535421,91.9711657966692,179.910044977511
601.54113845389,1906.53740989311,194.902548725637
646.283867760378,1640.56674123788,179.910044977511
651.255282127765,1652.99527715635,179.910044977511
666.169525229928,430.027342779021,179.910044977511
676.112353964703,1287.59632115337,179.910044977511
678.598061148397,1277.65349241859,179.910044977511
802.883420333085,1747.45215013671,179.910044977511
807.854834700472,226.199353716132,179.910044977511
822.769077802635,343.027591349739,179.910044977511
884.911757394979,1628.13820531941,179.910044977511
904.797414864529,1643.05244842158,179.910044977511
954.511558538404,77.0569226945066,179.910044977511
979.368630375342,270.94208302262,179.910044977511
999.254287844892,1121.05393984589,179.910044977511
1004.22570221228,1130.99676858066,179.910044977511
1024.11135968183,549.341287596321,194.902548725637
1036.5398956003,561.76982351479,194.902548725637
1076.3112105394,1009.19711657967,194.902548725637
1185.68232662192,2309.2219736515,179.910044977511
1195.6251553567,2199.85085756898,194.902548725637
1203.08227690778,2217.25080785483,179.910044977511
1215.51081282625,2212.27939348745,179.910044977511
1352.22470792941,1319.91051454139,179.910044977511
1759.88068605518,256.027839920457,179.910044977511
1804.62341536167,2073.0797912006,194.902548725637
1901.56599552573,412.627392493164,194.902548725637
1938.85160328113,2105.39398458862,179.910044977511
2015.90852597564,1006.71140939597,194.902548725637
2252.05070842655,663.683818046234,179.910044977511
2324.13621675367,1471.53865274671,194.902548725637
2329.10763112105,449.913000248571,179.910044977511
2329.10763112105,434.998757146408,194.902548725637
2351.4789957743,964.454387273179,194.902548725637
4.97141436738752,1799.65200099428,194.902548725637
134.228187919463,884.911757394979,209.895052473763
161.570966940094,708.426547352722,209.895052473763
223.713646532438,1660.45239870743,194.902548725637
233.656475267214,260.999254287845,209.895052473763
238.627889634601,275.913497390007,209.895052473763
325.627641063883,723.340790454884,209.895052473763
325.627641063883,705.940840169028,194.902548725637
392.741735023614,263.484961471539,194.902548725637
400.198856574696,2247.07929405916,194.902548725637
442.455878697489,2232.165050957,194.902548725637
459.855828983346,2239.62217250808,194.902548725637
561.76982351479,581.65548098434,194.902548725637
574.198359433259,79.5426298782003,194.902548725637
579.169773800646,91.9711657966692,194.902548725637
596.569724086503,2033.3084762615,209.895052473763
636.341039025603,1640.56674123788,194.902548725637
653.740989311459,427.541635595327,194.902548725637
666.169525229928,1287.59632115337,194.902548725637
944.568729803629,77.0569226945066,194.902548725637
956.997265722098,2463.33581904052,194.902548725637
1009.19711657967,99.4282873477504,209.895052473763
1011.68282376336,551.826994780015,194.902548725637
1021.62565249814,566.741237882178,194.902548725637
1024.11135968183,1792.1948794432,194.902548725637
1024.11135968183,74.5712155108128,224.887556221889
1173.25379070346,2311.7076808352,194.902548725637
1175.73949788715,2304.25055928412,194.902548725637
1195.6251553567,2214.76510067114,194.902548725637
1220.48222719364,452.398707432264,209.895052473763
1267.71066368382,2309.2219736515,224.887556221889
1337.31046482724,1324.88192890877,194.902548725637
1342.28187919463,2127.76534924186,209.895052473763
1409.39597315436,1732.53790703455,209.895052473763
1483.96718866518,2348.9932885906,194.902548725637
1690.28088491176,1802.13770817798,194.902548725637
1717.62366393239,1372.11036539896,209.895052473763
1762.36639323888,1026.59706686552,209.895052473763
1817.05195128014,1662.93810589113,209.895052473763
1921.45165299528,2147.65100671141,194.902548725637
1931.39448173005,2115.33681332339,194.902548725637
2182.45090728312,350.48471290082,209.895052473763
2232.165050957,531.941337310465,209.895052473763
2237.13646532438,519.512801391996,194.902548725637
2244.59358687547,666.169525229928,194.902548725637
2311.7076808352,790.454884414616,194.902548725637
2319.16480238628,447.427293064877,194.902548725637
2346.50758140691,976.882923191648,194.902548725637
2398.70743226448,1861.79468058663,209.895052473763
7.45712155108128,564.255530698484,209.895052473763
9.94282873477504,576.684066616953,209.895052473763
22.3713646532438,524.484215759384,209.895052473763
27.3427790206314,531.941337310465,209.895052473763
34.7999005717127,529.455630126771,209.895052473763
333.084762614964,728.312204822272,209.895052473763
382.798906288839,1185.68232662192,239.880059970015
611.483967188665,218.742232165051,224.887556221889
852.59756400696,343.027591349739,224.887556221889
852.59756400696,360.427541635595,209.895052473763
899.826000497141,661.19811086254,209.895052473763
907.283122048223,643.798160576684,209.895052473763
961.968680089485,2460.85011185682,209.895052473763
1001.73999502859,77.0569226945066,224.887556221889
1014.16853094705,116.828237633607,209.895052473763
1026.59706686552,2073.0797912006,224.887556221889
1031.56848123291,1822.02336564753,224.887556221889
1173.25379070346,1399.45314441959,224.887556221889
1295.05344270445,1508.82426050211,224.887556221889
1317.42480735769,2261.99353716132,209.895052473763
1317.42480735769,2279.39348744718,209.895052473763
1359.68182948049,484.712900820283,224.887556221889
1367.13895103157,1722.59507829978,224.887556221889
1491.42431021626,1687.79517772806,239.880059970015
1563.50981854338,2197.36515038528,209.895052473763
1578.42406164554,768.083519761372,209.895052473763
1588.36689038031,782.997762863535,224.887556221889
1600.79542629878,770.569226945066,209.895052473763
1747.45215013671,1752.4235645041,224.887556221889
1963.70867511807,1518.76708923689,209.895052473763
2045.73701217997,2274.42207307979,224.887556221889
2092.96544867015,482.22719363659,224.887556221889
2107.87969177231,482.22719363659,224.887556221889
2135.22247079294,1680.33805617698,224.887556221889
2155.10812826249,196.370867511807,224.887556221889
2192.3937360179,154.113845389013,209.895052473763
2232.165050957,1014.16853094705,224.887556221889
2264.47924434502,283.370618941089,224.887556221889
2294.30773054934,802.883420333085,209.895052473763
49.7141436738752,927.168779517773,239.880059970015
151.628138205319,678.598061148397,254.872563718141
178.970917225951,338.056176982351,224.887556221889
387.770320656227,2125.27964205817,239.880059970015
507.084265473527,713.397961720109,239.880059970015
589.112602535421,2023.36564752672,224.887556221889
599.055431270196,1098.68257519264,239.880059970015
763.112105393985,1633.1096196868,224.887556221889
1096.19686800895,1518.76708923689,239.880059970015
1180.71091225454,1516.28138205319,254.872563718141
1267.71066368382,2033.3084762615,239.880059970015
1277.65349241859,1501.36713895103,224.887556221889
1280.13919960229,2028.33706189411,239.880059970015
1292.56773552076,1491.42431021626,239.880059970015
1660.45239870743,507.084265473527,239.880059970015
1742.48073576933,1742.48073576933,224.887556221889
2035.79418344519,589.112602535421,239.880059970015
2130.25105642555,1971.16579666915,239.880059970015
2140.19388516033,1958.73726075068,239.880059970015
2152.6224210788,1953.7658463833,239.880059970015
2232.165050957,1024.11135968183,224.887556221889
2254.53641561024,285.856326124783,224.887556221889
2480.73576932637,1953.7658463833,239.880059970015
2.48570718369376,1841.90902311708,239.880059970015
176.485210042257,325.627641063883,239.880059970015
258.513547104151,1720.10937111608,254.872563718141
410.141685309471,981.854337559036,239.880059970015
420.084514044246,976.882923191648,254.872563718141
427.541635595327,994.282873477504,239.880059970015
420.084514044246,989.311459110117,269.865067466267
427.541635595327,979.368630375342,239.880059970015
591.598309719115,551.826994780015,239.880059970015
628.883917474521,1128.51106139697,254.872563718141
750.683569475516,1660.45239870743,239.880059970015
1041.51130996769,1976.13721103654,254.872563718141
1210.53939845886,2214.76510067114,254.872563718141
1217.99652000994,2207.30797912006,239.880059970015
1377.08177976634,2018.39423315933,254.872563718141
1382.05319413373,2033.3084762615,254.872563718141
1469.05294556301,280.884911757395,239.880059970015
1474.0243599304,1687.79517772806,239.880059970015
1476.51006711409,1692.76659209545,239.880059970015
1588.36689038031,768.083519761372,239.880059970015
1712.652249565,1570.96694009446,254.872563718141
1737.50932140194,1899.08028834203,239.880059970015
1834.451901566,1441.71016654238,239.880059970015
2025.85135471042,579.169773800646,239.880059970015
2028.33706189411,591.598309719115,239.880059970015
2165.05095699727,186.428038777032,239.880059970015
2182.45090728312,1921.45165299528,254.872563718141
2219.73651503853,1026.59706686552,254.872563718141
22.3713646532438,1782.25205070843,254.872563718141
49.7141436738752,914.740243599304,254.872563718141
69.5998011434253,1133.48247576436,254.872563718141
124.285359184688,2172.50807854835,269.865067466267
265.970668655232,1722.59507829978,254.872563718141
402.684563758389,979.368630375342,254.872563718141
447.427293064877,1899.08028834203,269.865067466267
462.34153616704,1899.08028834203,254.872563718141
472.284364901815,1078.79691772309,269.865067466267
482.22719363659,1799.65200099428,269.865067466267
591.598309719115,1103.65398956003,254.872563718141
613.969674372359,1053.93984588615,254.872563718141
633.855331841909,57.1712652249565,269.865067466267
643.798160576684,64.6283867760378,269.865067466267
676.112353964703,1123.53964702958,269.865067466267
693.512304250559,1784.73775789212,254.872563718141
763.112105393985,2053.19413373105,269.865067466267
1029.08277404922,1088.73974645787,269.865067466267
1168.28237633607,1556.05269699229,269.865067466267
1185.68232662192,1533.68133233905,254.872563718141
1193.13944817301,1516.28138205319,254.872563718141
1217.99652000994,27.3427790206314,269.865067466267
1478.99577429779,1145.91101168282,269.865067466267
1546.10986825752,2202.33656475267,269.865067466267
1558.53840417599,2204.82227193637,269.865067466267
1742.48073576933,1889.13745960726,254.872563718141
1759.88068605518,111.856823266219,254.872563718141
1886.65175242356,1511.30996768581,269.865067466267
1904.05170270942,114.342530449913,254.872563718141
1906.53740989311,99.4282873477504,254.872563718141
2018.39423315933,1685.30947054437,269.865067466267
2045.73701217997,579.169773800646,254.872563718141
2140.19388516033,149.142431021626,254.872563718141
2140.19388516033,1849.36614466816,269.865067466267
2142.67959234402,139.199602286851,254.872563718141
2152.6224210788,1864.28038777032,269.865067466267
2165.05095699727,1849.36614466816,254.872563718141
216.256524981357,929.654486701467,284.857571214393
417.598806860552,1004.22570221228,269.865067466267
489.684315187671,613.969674372359,284.857571214393
686.055182699478,1113.5968182948,284.857571214393
688.540889883172,1101.16828237634,284.857571214393
1431.76733780761,1372.11036539896,284.857571214393
1469.05294556301,482.22719363659,284.857571214393
1503.85284613473,2102.90827740492,269.865067466267
1561.02411135968,2189.9080288342,269.865067466267
1583.39547601293,415.113099676858,284.857571214393
1735.02361421825,1899.08028834203,269.865067466267
1866.76609495401,2378.82177479493,269.865067466267
1916.48023862789,109.371116082525,269.865067466267
2040.76559781258,2045.73701217997,284.857571214393
2140.19388516033,817.797663435247,269.865067466267
2197.36515038528,1342.28187919463,284.857571214393
2304.25055928412,1469.05294556301,284.857571214393
2393.73601789709,611.483967188665,284.857571214393
2426.05021128511,1158.33954760129,284.857571214393
2470.7929405916,986.825751926423,284.857571214393
86.9997514292816,1976.13721103654,284.857571214393
191.39945314442,2237.13646532438,299.850074962519
203.827989062888,2234.65075814069,284.857571214393
434.998757146408,1851.85185185185,299.850074962519
469.798657718121,1068.85408898832,284.857571214393
576.684066616953,1304.99627143922,284.857571214393
683.569475515784,340.541884166045,299.850074962519
695.998011434253,171.513795674869,284.857571214393
832.71190653741,830.226199353716,299.850074962519
822.769077802635,1461.59582401193,284.857571214393
1138.45389013174,2147.65100671141,284.857571214393
1327.36763609247,917.225950782998,299.850074962519
1429.28163062391,1135.96818294805,284.857571214393
1469.05294556301,492.170022371365,284.857571214393
1610.73825503356,2423.56450410142,314.842578710645
1643.05244842158,1831.9661943823,299.850074962519
2070.5940840169,2055.67984091474,299.850074962519
2147.65100671141,260.999254287845,299.850074962519
2426.05021128511,1145.91101168282,284.857571214393
82.0283370618941,1981.10862540393,299.850074962519
183.942331593338,2244.59358687547,299.850074962519
385.284613472533,2348.9932885906,299.850074962519
425.055928411633,1841.90902311708,299.850074962519
529.455630126771,380.313199105145,299.850074962519
569.226945065871,1312.45339299031,299.850074962519
753.16927665921,2060.65125528213,299.850074962519
815.311956251554,1466.56723837932,299.850074962519
865.026099925429,2214.76510067114,299.850074962519
956.997265722098,285.856326124783,299.850074962519
1130.99676858066,2150.1367138951,299.850074962519
1344.76758637832,1963.70867511807,314.842578710645
1461.59582401193,1483.96718866518,314.842578710645
1628.13820531941,2431.0216256525,314.842578710645
1630.62391250311,2416.10738255034,314.842578710645
1757.39497887149,27.3427790206314,299.850074962519
1829.48048719861,1235.3964702958,329.835082458771
1946.30872483221,1456.62440964454,329.835082458771
2083.02261993537,1377.08177976634,314.842578710645
2132.73676360925,256.027839920457,299.850074962519
2137.70817797663,300.770569226945,314.842578710645
2197.36515038528,1016.65423813075,314.842578710645
2219.73651503853,1021.62565249814,299.850074962519
29.8284862043251,1707.68083519761,314.842578710645
42.2570221227939,1722.59507829978,314.842578710645
52.199850857569,1909.02311707681,329.835082458771
96.9425801640567,1978.62291822023,314.842578710645
256.027839920457,2174.99378573204,329.835082458771
268.456375838926,2179.96520009943,329.835082458771
402.684563758389,2348.9932885906,329.835082458771
432.513049962714,1006.71140939597,314.842578710645
449.913000248571,1849.36614466816,314.842578710645
504.598558289833,616.455381556053,314.842578710645
544.369873228934,382.798906288839,329.835082458771
589.112602535421,1317.42480735769,314.842578710645
695.998011434253,328.113348247576,314.842578710645
700.969425801641,345.513298533433,314.842578710645
768.083519761372,1329.85334327616,329.835082458771
835.197613721104,1466.56723837932,314.842578710645
884.911757394979,2217.25080785483,314.842578710645
897.340293313448,2222.22222222222,314.842578710645
952.02585135471,293.313447675864,329.835082458771
974.397216007954,288.342033308476,314.842578710645
1150.88242605021,2155.10812826249,314.842578710645
1314.939100174,1727.56649266716,314.842578710645
1327.36763609247,1725.08078548347,329.835082458771
1456.62440964454,1034.0541884166,329.835082458771
1476.51006711409,1585.88118319662,329.835082458771
1680.33805617698,1262.73924931643,329.835082458771
1695.25229927915,1275.1677852349,329.835082458771
1819.53765846383,1252.79642058166,329.835082458771
1891.62316679095,1205.56798409147,344.827586206897
2065.62266964952,2080.53691275168,329.835082458771
2127.76534924186,273.427790206314,314.842578710645
2132.73676360925,1464.08153119563,344.827586206897
2140.19388516033,280.884911757395,329.835082458771
2209.79368630375,1019.13994531444,329.835082458771
2209.79368630375,1029.08277404922,314.842578710645
2324.13621675367,1521.25279642058,329.835082458771
2336.56475267214,1516.28138205319,344.827586206897
64.6283867760378,1081.28262490679,344.827586206897
67.1140939597315,1096.19686800895,344.827586206897
524.484215759384,318.170519512801,344.827586206897
705.940840169028,2473.27864777529,359.820089955023
865.026099925429,2107.87969177231,359.820089955023
1210.53939845886,59.6569724086503,359.820089955023
1309.96768580661,785.483470047228,344.827586206897
1404.42455878698,2473.27864777529,329.835082458771
1456.62440964454,1464.08153119563,344.827586206897
1483.96718866518,1578.42406164554,344.827586206897
1543.62416107383,2391.2503107134,344.827586206897
1590.85259756401,360.427541635595,359.820089955023
1660.45239870743,1603.28113348248,344.827586206897
1685.30947054437,1277.65349241859,329.835082458771
1720.10937111608,109.371116082525,344.827586206897
1864.28038777032,1764.85210042257,344.827586206897
1958.73726075068,1444.19587372608,329.835082458771
2008.45140442456,2286.85060899826,329.835082458771
2040.76559781258,2050.70842654735,329.835082458771
2040.76559781258,2045.73701217997,329.835082458771
2055.67984091474,2050.70842654735,329.835082458771
2222.22222222222,1024.11135968183,329.835082458771
2339.05045985583,1526.22421078797,329.835082458771
99.4282873477504,1692.76659209545,359.820089955023
420.084514044246,1824.50907283122,359.820089955023
628.883917474521,233.656475267214,359.820089955023
718.369376087497,2475.76435495899,359.820089955023
884.911757394979,1899.08028834203,359.820089955023
1342.28187919463,94.4568729803629,344.827586206897
1416.85309470544,2465.82152622421,344.827586206897
1531.19562515536,275.913497390007,374.812593703148
1712.652249565,99.4282873477504,344.827586206897
1923.93736017897,2107.87969177231,359.820089955023
2003.47999005717,638.826746209297,359.820089955023
2018.39423315933,2279.39348744718,344.827586206897
2025.85135471042,636.341039025603,374.812593703148
2120.30822769078,1757.39497887149,359.820089955023
2237.13646532438,1163.31096196868,374.812593703148
2237.13646532438,1190.65374098931,359.820089955023
2244.59358687547,1203.08227690778,359.820089955023
2453.39299030574,1486.45289584887,359.820089955023
260.999254287845,534.427044494159,374.812593703148
832.71190653741,929.654486701467,374.812593703148
837.683320904797,2289.33631618195,374.812593703148
850.111856823266,2294.30773054934,359.820089955023
1426.79592344022,1829.48048719861,359.820089955023
1595.82401193139,178.970917225951,374.812593703148
1774.79492915735,67.1140939597315,374.812593703148
2015.90852597564,2274.42207307979,359.820089955023
2073.0797912006,2157.59383544618,359.820089955023
2107.87969177231,1742.48073576933,359.820089955023
2212.27939348745,750.683569475516,359.820089955023
2234.65075814069,1836.93760874969,359.820089955023
2460.85011185682,1478.99577429779,374.812593703148
64.6283867760378,1250.31071339796,389.805097451274
106.885408898832,1692.76659209545,374.812593703148
462.34153616704,862.540392741735,389.805097451274
758.140691026597,2197.36515038528,404.7976011994
850.111856823266,929.654486701467,389.805097451274
852.59756400696,2286.85060899826,389.805097451274
917.225950782998,1543.62416107383,389.805097451274
924.683072334079,1551.08128262491,374.812593703148
1053.93984588615,1876.70892368879,389.805097451274
1205.56798409147,589.112602535421,389.805097451274
1232.91076311211,564.255530698484,374.812593703148
1302.51056425553,855.083271190654,389.805097451274
1379.56748695004,166.542381307482,389.805097451274
1391.99602286851,173.999502858563,389.805097451274
1439.22445935869,1824.50907283122,389.805097451274
1556.05269699229,2383.79318916232,374.812593703148
1675.36664180959,1598.30971911509,374.812593703148
1720.10937111608,94.4568729803629,374.812593703148
1889.13745960726,591.598309719115,389.805097451274
1936.36589609744,2102.90827740492,389.805097451274
2013.42281879195,633.855331841909,374.812593703148
2117.82252050708,1735.02361421825,374.812593703148
2130.25105642555,1739.99502858563,374.812593703148
2219.73651503853,745.712155108128,374.812593703148
2247.07929405916,1183.19661943823,374.812593703148
2252.05070842655,1819.53765846383,389.805097451274
2252.05070842655,1198.11086254039,374.812593703148
2468.3072334079,1034.0541884166,404.7976011994
2470.7929405916,1471.53865274671,374.812593703148
91.9711657966692,1280.13919960229,419.790104947526
472.284364901815,867.511807109123,389.805097451274
646.283867760378,1844.39473030077,404.7976011994
661.19811086254,1961.22296793438,404.7976011994
666.169525229928,1978.62291822023,389.805097451274
937.111608252548,2112.8511061397,419.790104947526
1424.31021625653,1014.16853094705,389.805097451274
1543.62416107383,1496.39572458364,389.805097451274
1700.22371364653,420.084514044246,389.805097451274
1712.652249565,427.541635595327,404.7976011994
1762.36639323888,2336.56475267214,404.7976011994
1774.79492915735,2336.56475267214,404.7976011994
1906.53740989311,596.569724086503,404.7976011994
1926.42306736266,996.768580661198,404.7976011994
2025.85135471042,407.655978125777,389.805097451274
2182.45090728312,2010.93711160825,389.805097451274
2189.9080288342,2000.99428287348,389.805097451274
2202.33656475267,1578.42406164554,419.790104947526
2259.50782997763,1578.42406164554,404.7976011994
2264.47924434502,1561.02411135968,404.7976011994
2306.73626646781,648.769574944072,389.805097451274
94.4568729803629,1053.93984588615,419.790104947526
313.199105145414,1575.93835446184,419.790104947526
402.684563758389,497.141436738752,404.7976011994
412.627392493164,502.11285110614,419.790104947526
407.655978125777,484.712900820283,419.790104947526
472.284364901815,1836.93760874969,419.790104947526
539.398458861546,2259.50782997763,434.782608695652
638.826746209297,1834.451901566,419.790104947526
643.798160576684,1966.19438230176,419.790104947526
676.112353964703,1968.68008948546,404.7976011994
932.14019388516,2100.42257022123,419.790104947526
1068.85408898832,347.999005717127,419.790104947526
1091.22545364156,2286.85060899826,419.790104947526
1116.0825254785,2289.33631618195,434.782608695652
1235.3964702958,2465.82152622421,419.790104947526
1309.96768580661,862.540392741735,404.7976011994
1401.93885160328,183.942331593338,404.7976011994
1434.2530449913,1024.11135968183,419.790104947526
1538.65274670644,1802.13770817798,419.790104947526
1538.65274670644,1508.82426050211,404.7976011994
1551.08128262491,1501.36713895103,404.7976011994
1605.76684066617,186.428038777032,404.7976011994
1774.79492915735,2132.73676360925,419.790104947526
1782.25205070843,2152.6224210788,404.7976011994
1804.62341536167,2172.50807854835,419.790104947526
1889.13745960726,2274.42207307979,434.782608695652
1938.85160328113,999.254287844892,404.7976011994
2033.3084762615,417.598806860552,419.790104947526
2125.27964205817,1943.82301764852,434.782608695652
2234.65075814069,444.941585881183,404.7976011994
2239.62217250808,457.370121799652,419.790104947526
2276.90778026349,912.25453641561,419.790104947526
2321.65050956997,658.712403678847,419.790104947526
263.484961471539,1431.76733780761,434.782608695652
278.399204573701,1431.76733780761,434.782608695652
462.34153616704,1831.9661943823,419.790104947526
581.65548098434,606.512552821278,434.782608695652
599.055431270196,1431.76733780761,449.775112443778
673.626646781009,894.854586129754,419.790104947526
810.340541884166,954.511558538404,434.782608695652
820.283370618941,959.482972905792,434.782608695652
865.026099925429,2194.87944320159,449.775112443778
991.797166293811,126.771066368382,434.782608695652
1031.56848123291,2025.85135471042,434.782608695652
1043.99701715138,1996.02286850609,434.782608695652
1068.85408898832,1588.36689038031,434.782608695652
1113.5968182948,1014.16853094705,434.782608695652
1123.53964702958,1001.73999502859,434.782608695652
1128.51106139697,1024.11135968183,419.790104947526
1133.48247576436,1011.68282376336,419.790104947526
1309.96768580661,395.227442207308,434.782608695652
1339.79617201094,375.341784737758,419.790104947526
1359.68182948049,370.37037037037,434.782608695652
1675.36664180959,1948.79443201591,419.790104947526
1687.79517772806,1951.2801391996,419.790104947526
1794.6805866269,2160.07954262988,419.790104947526
1973.65150385285,275.913497390007,434.782608695652
2010.93711160825,765.597812577678,434.782608695652
2117.82252050708,1891.62316679095,434.782608695652
2132.73676360925,1600.79542629878,449.775112443778
2264.47924434502,922.197365150385,434.782608695652
2271.9363658961,932.14019388516,419.790104947526
2269.4506587124,1819.53765846383,434.782608695652
2286.85060899826,924.683072334079,419.790104947526
2294.30773054934,904.797414864529,434.782608695652
2334.07904548844,1496.39572458364,419.790104947526
2358.93611732538,720.855083271191,419.790104947526
2368.87894606015,715.883668903803,419.790104947526
82.0283370618941,1282.62490678598,434.782608695652
258.513547104151,1424.31021625653,434.782608695652
340.541884166045,1926.42306736266,434.782608695652
352.970420084514,1923.93736017897,434.782608695652
502.11285110614,651.255282127765,449.775112443778
521.99850857569,932.14019388516,449.775112443778
658.712403678847,2232.165050957,449.775112443778
666.169525229928,1966.19438230176,434.782608695652
750.683569475516,226.199353716132,449.775112443778
899.826000497141,1451.65299527716,434.782608695652
914.740243599304,1454.13870246085,434.782608695652
922.197365150385,362.913248819289,449.775112443778
949.540144171017,330.59905543127,449.775112443778
1009.19711657967,2363.90753169277,449.775112443778
1029.08277404922,2003.47999005717,434.782608695652
1041.51130996769,2008.45140442456,434.782608695652
1098.68257519264,1362.16753666418,449.775112443778
1108.62540392742,949.540144171017,449.775112443778
1327.36763609247,397.713149391002,434.782608695652
1327.36763609247,405.170270942083,434.782608695652
1774.79492915735,1118.56823266219,449.775112443778
1777.28063634104,1133.48247576436,449.775112443778
2060.65125528213,1715.13795674869,449.775112443778
2125.27964205817,1899.08028834203,434.782608695652
2244.59358687547,1819.53765846383,449.775112443778
2279.39348744718,902.311707680835,434.782608695652
243.599304001989,884.911757394979,464.767616191904
442.455878697489,482.22719363659,479.76011994003
519.512801391996,914.740243599304,464.767616191904
529.455630126771,2120.30822769078,464.767616191904
596.569724086503,1414.36738752175,449.775112443778
648.769574944072,1600.79542629878,449.775112443778
830.226199353716,2348.9932885906,464.767616191904
919.711657966692,914.740243599304,479.76011994003
1006.71140939597,2378.82177479493,449.775112443778
1111.11111111111,1650.50956997266,464.767616191904
1203.08227690778,2244.59358687547,479.76011994003
1374.59607258265,432.513049962714,464.767616191904
1511.30996768581,1682.82376336068,449.775112443778
1615.70966940094,1675.36664180959,464.767616191904
1782.25205070843,1123.53964702958,449.775112443778
1849.36614466816,1295.05344270445,449.775112443778
1948.79443201591,367.884663186677,449.775112443778
1961.22296793438,514.541387024609,449.775112443778
2008.45140442456,1928.90877454636,464.767616191904
2028.33706189411,1923.93736017897,464.767616191904
290.82774049217,1928.90877454636,479.76011994003
534.427044494159,1322.39622172508,479.76011994003
564.255530698484,1812.08053691275,479.76011994003
705.940840169028,1304.99627143922,479.76011994003
852.59756400696,211.28511061397,479.76011994003
984.340044742729,705.940840169028,494.752623688156
1001.73999502859,695.998011434253,494.752623688156
1016.65423813075,2373.85036042754,464.767616191904
1019.13994531444,2368.87894606015,464.767616191904
1043.99701715138,1657.96669152374,479.76011994003
1061.39696743724,360.427541635595,479.76011994003
1188.16803380562,2346.50758140691,479.76011994003
1469.05294556301,415.113099676858,464.767616191904
1474.0243599304,412.627392493164,464.767616191904
1754.9092716878,494.655729555058,479.76011994003
1764.85210042257,504.598558289833,464.767616191904
1772.30922197365,497.141436738752,464.767616191904
1774.79492915735,1573.45264727815,464.767616191904
1782.25205070843,1570.96694009446,464.767616191904
1961.22296793438,509.569972657221,479.76011994003
2020.87994034303,494.655729555058,464.767616191904
2028.33706189411,499.627143922446,464.767616191904
258.513547104151,1406.91026597067,494.752623688156
256.027839920457,1822.02336564753,494.752623688156
380.313199105145,1986.08003977131,479.76011994003
387.770320656227,1988.56574695501,479.76011994003
487.198608003977,800.397713149391,509.745127436282
494.655729555058,795.426298782004,494.752623688156
507.084265473527,907.283122048223,479.76011994003
544.369873228934,1317.42480735769,479.76011994003
549.341287596321,1799.65200099428,479.76011994003
561.76982351479,1797.16629381059,479.76011994003
718.369376087497,1309.96768580661,479.76011994003
740.740740740741,1292.56773552076,494.752623688156
768.083519761372,924.683072334079,494.752623688156
797.912005965697,922.197365150385,494.752623688156
937.111608252548,1242.85359184688,494.752623688156
1051.45413870246,343.027591349739,479.76011994003
1051.45413870246,350.48471290082,479.76011994003
1096.19686800895,924.683072334079,494.752623688156
1126.02535421327,616.455381556053,494.752623688156
1344.76758637832,323.141933880189,494.752623688156
1342.28187919463,335.570469798658,494.752623688156
1357.19612229679,430.027342779021,479.76011994003
1449.16728809346,415.113099676858,494.752623688156
1541.13845389013,1553.5669898086,494.752623688156
1568.48123291076,1662.93810589113,479.76011994003
1600.79542629878,1677.85234899329,479.76011994003
1742.48073576933,502.11285110614,494.752623688156
1747.45215013671,482.22719363659,494.752623688156
1764.85210042257,1575.93835446184,479.76011994003
1831.9661943823,1292.56773552076,479.76011994003
1941.33731046483,504.598558289833,479.76011994003
1993.5371613224,1685.30947054437,494.752623688156
1991.0514541387,1931.39448173005,479.76011994003
2005.96569724086,497.141436738752,479.76011994003
2015.90852597564,1620.68108376833,494.752623688156
2065.62266964952,1730.05219985086,494.752623688156
2120.30822769078,1767.33780760626,494.752623688156
2170.02237136465,601.54113845389,494.752623688156
2172.50807854835,653.740989311459,494.752623688156
2174.99378573204,613.969674372359,479.76011994003
181.456624409645,1588.36689038031,494.752623688156
186.428038777032,1590.85259756401,494.752623688156
248.570718369376,1812.08053691275,494.752623688156
275.913497390007,912.25453641561,509.745127436282
487.198608003977,812.82624906786,494.752623688156
934.625901068854,1227.93934874472,494.752623688156
1006.71140939597,1643.05244842158,494.752623688156
1068.85408898832,352.970420084514,494.752623688156
1128.51106139697,604.026845637584,509.745127436282
1173.25379070346,397.713149391002,524.737631184408
1208.05369127517,2381.30748197862,494.752623688156
1478.99577429779,1411.88168033806,509.745127436282
1471.53865274671,1421.82450907283,509.745127436282
1645.53815560527,1710.16654238131,524.737631184408
1652.99527715635,1687.79517772806,524.737631184408
1782.25205070843,994.282873477504,509.745127436282
1799.65200099428,1006.71140939597,509.745127436282
1866.76609495401,2102.90827740492,494.752623688156
2008.45140442456,1608.25254784986,494.752623688156
2212.27939348745,1210.53939845886,494.752623688156
2219.73651503853,1200.59656972409,494.752623688156
2314.19338801889,1200.59656972409,509.745127436282
231.17076808352,1513.7956748695,524.737631184408
233.656475267214,1526.22421078797,524.737631184408
400.198856574696,1101.16828237634,524.737631184408
397.713149391002,1088.73974645787,524.737631184408
405.170270942083,1116.0825254785,524.737631184408
909.768829231916,1451.65299527716,509.745127436282
1200.59656972409,377.827491921452,524.737631184408
1481.48148148148,1958.73726075068,539.730134932534
1486.45289584887,792.94059159831,524.737631184408
1635.59532687049,1690.28088491176,524.737631184408
1645.53815560527,1697.73800646284,509.745127436282
1682.82376336068,897.340293313448,524.737631184408
1876.70892368879,2105.39398458862,509.745127436282
1916.48023862789,390.25602783992,509.745127436282
2018.39423315933,1605.76684066617,509.745127436282
2030.8227690778,1613.22396221725,509.745127436282
2222.22222222222,1208.05369127517,509.745127436282
2264.47924434502,1389.51031568481,524.737631184408
213.770817797663,1344.76758637832,524.737631184408
526.969922943077,725.826497638578,554.72263868066
618.941088739746,1640.56674123788,524.737631184408
710.912254536416,1794.6805866269,539.730134932534
780.512055679841,2127.76534924186,524.737631184408
790.454884414616,2120.30822769078,524.737631184408
1217.99652000994,1648.02386278896,524.737631184408
1436.73875217499,1817.05195128014,539.730134932534
1439.22445935869,1802.13770817798,524.737631184408
1459.11011682824,1809.59482972906,539.730134932534
1466.56723837932,2020.87994034303,554.72263868066
1799.65200099428,521.99850857569,539.730134932534
1948.79443201591,1429.28163062391,524.737631184408
1953.7658463833,1439.22445935869,524.737631184408
2015.90852597564,1615.70966940094,524.737631184408
2189.9080288342,942.083022619935,539.730134932534
268.456375838926,1145.91101168282,554.72263868066
343.027591349739,996.768580661198,539.730134932534
1073.8255033557,1752.4235645041,539.730134932534
1081.28262490679,1744.96644295302,554.72263868066
1193.13944817301,738.255033557047,569.715142428786
1434.2530449913,1469.05294556301,554.72263868066
1441.71016654238,1996.02286850609,554.72263868066
1444.19587372608,1809.59482972906,539.730134932534
1826.99478001491,1697.73800646284,554.72263868066
1839.42331593338,1697.73800646284,554.72263868066
1968.68008948546,966.940094456873,539.730134932534
2137.70817797663,1598.30971911509,539.730134932534
2189.9080288342,922.197365150385,554.72263868066
477.255779269202,708.426547352722,554.72263868066
959.482972905792,335.570469798658,554.72263868066
969.425801640567,318.170519512801,554.72263868066
1086.25403927417,912.25453641561,584.707646176912
1103.65398956003,2040.76559781258,554.72263868066
1367.13895103157,763.112105393985,569.715142428786
1446.68158090977,2025.85135471042,569.715142428786
1889.13745960726,1444.19587372608,569.715142428786
1909.02311707681,656.226696495153,569.715142428786
1953.7658463833,1429.28163062391,569.715142428786
1988.56574695501,1352.22470792941,554.72263868066
2167.53666418096,929.654486701467,554.72263868066
333.084762614964,1004.22570221228,569.715142428786
340.541884166045,994.282873477504,584.707646176912
407.655978125777,1516.28138205319,584.707646176912
608.998260004971,1797.16629381059,584.707646176912
673.626646781009,994.282873477504,614.692653673163
688.540889883172,574.198359433259,599.700149925038
1409.39597315436,1652.99527715635,584.707646176912
1416.85309470544,1650.50956997266,569.715142428786
1426.79592344022,2018.39423315933,584.707646176912
1444.19587372608,2015.90852597564,569.715142428786
1449.16728809346,1384.53890131742,569.715142428786
1451.65299527716,1799.65200099428,569.715142428786
1682.82376336068,1829.48048719861,569.715142428786
1695.25229927915,1831.9661943823,569.715142428786
1794.6805866269,514.541387024609,569.715142428786
1839.42331593338,1690.28088491176,569.715142428786
1899.08028834203,1439.22445935869,584.707646176912
1931.39448173005,730.797912005966,584.707646176912
1953.7658463833,1784.73775789212,569.715142428786
1986.08003977131,1344.76758637832,569.715142428786
2020.87994034303,1580.90976882923,584.707646176912
656.226696495153,1001.73999502859,599.700149925038
686.055182699478,981.854337559036,599.700149925038
899.826000497141,1006.71140939597,599.700149925038
899.826000497141,1021.62565249814,599.700149925038
914.740243599304,1006.71140939597,599.700149925038
1277.65349241859,954.511558538404,614.692653673163
1287.59632115337,966.940094456873,614.692653673163
1379.56748695004,765.597812577678,584.707646176912
1389.51031568481,2130.25105642555,614.692653673163
1424.31021625653,1655.48098434004,599.700149925038
1436.73875217499,608.998260004971,599.700149925038
1446.68158090977,1998.50857568978,584.707646176912
1461.59582401193,1401.93885160328,584.707646176912
1600.79542629878,815.311956251554,599.700149925038
1640.56674123788,753.16927665921,584.707646176912
1705.19512801392,1831.9661943823,584.707646176912
1849.36614466816,1108.62540392742,614.692653673163
1889.13745960726,750.683569475516,584.707646176912
1936.36589609744,1275.1677852349,599.700149925038
1958.73726075068,1789.70917225951,599.700149925038
1993.5371613224,1349.73900074571,584.707646176912
2065.62266964952,860.054685558041,599.700149925038
420.084514044246,1396.96743723589,614.692653673163
802.883420333085,1958.73726075068,629.685157421289
822.769077802635,1521.25279642058,614.692653673163
954.511558538404,713.397961720109,614.692653673163
1039.02560278399,1203.08227690778,614.692653673163
1123.53964702958,2060.65125528213,614.692653673163
1856.82326621924,1121.05393984589,614.692653673163
1869.25180213771,1116.0825254785,599.700149925038
1946.30872483221,1275.1677852349,599.700149925038
407.655978125777,1401.93885160328,629.685157421289
439.970171513796,1188.16803380562,629.685157421289
447.427293064877,1180.71091225454,629.685157421289
661.19811086254,840.169028088491,659.670164917541
785.483470047228,1951.2801391996,629.685157421289
822.769077802635,1503.85284613473,629.685157421289
862.540392741735,1262.73924931643,629.685157421289
1444.19587372608,1389.51031568481,614.692653673163
1446.68158090977,1382.05319413373,614.692653673163
1744.96644295302,643.798160576684,644.677661169415
1809.59482972906,830.226199353716,629.685157421289
1846.88043748446,1123.53964702958,629.685157421289
1846.88043748446,700.969425801641,629.685157421289
1876.70892368879,748.197862291822,614.692653673163
1899.08028834203,1053.93984588615,644.677661169415
1926.42306736266,728.312204822272,629.685157421289
1923.93736017897,1275.1677852349,614.692653673163
1946.30872483221,1106.13969674372,629.685157421289
1951.2801391996,1118.56823266219,629.685157421289
2008.45140442456,1580.90976882923,614.692653673163
2055.67984091474,857.568978374347,614.692653673163
686.055182699478,807.854834700472,659.670164917541
740.740740740741,1608.25254784986,644.677661169415
760.626398210291,1871.7375093214,644.677661169415
874.968928660204,1260.25354213274,644.677661169415
1302.51056425553,1367.13895103157,659.670164917541
1374.59607258265,549.341287596321,659.670164917541
1809.59482972906,850.111856823266,644.677661169415
1824.50907283122,840.169028088491,629.685157421289
1926.42306736266,1282.62490678598,629.685157421289
691.026597066866,1444.19587372608,674.662668665667
691.026597066866,1620.68108376833,659.670164917541
740.740740740741,1446.68158090977,689.655172413793
753.16927665921,1879.19463087248,644.677661169415
947.054436987323,832.71190653741,659.670164917541
991.797166293811,1446.68158090977,674.662668665667
1307.48197862292,1459.11011682824,644.677661169415
1309.96768580661,1469.05294556301,659.670164917541
1359.68182948049,996.768580661198,659.670164917541
1640.56674123788,1073.8255033557,659.670164917541
574.198359433259,1411.88168033806,689.655172413793
646.283867760378,1193.13944817301,689.655172413793
981.854337559036,1446.68158090977,659.670164917541
1021.62565249814,1103.65398956003,689.655172413793
1029.08277404922,1004.22570221228,674.662668665667
1300.02485707184,1456.62440964454,659.670164917541
1307.48197862292,1454.13870246085,659.670164917541
1546.10986825752,1600.79542629878,689.655172413793
1779.76634352473,1556.05269699229,689.655172413793
1814.56624409645,1245.33929903057,674.662668665667
641.31245339299,1344.76758637832,704.647676161919
1041.51130996769,1175.73949788715,704.647676161919
1056.42555306985,852.59756400696,704.647676161919
1195.6251553567,1573.45264727815,704.647676161919
1531.19562515536,852.59756400696,704.647676161919
825.254784986329,1230.42505592841,719.640179910045
1280.13919960229,1772.30922197365,719.640179910045
1486.45289584887,934.625901068854,719.640179910045
1580.90976882923,1667.90952025851,704.647676161919
1101.16828237634,1203.08227690778,734.632683658171
1170.76808351976,1665.42381307482,719.640179910045
1175.73949788715,1652.99527715635,734.632683658171
1367.13895103157,1001.73999502859,704.647676161919
1188.16803380562,1014.16853094705,719.640179910045
1319.91051454139,1317.42480735769,749.625187406297
1329.85334327616,1302.51056425553,749.625187406297
