82.0283370618941,1891.62316679095,29.9850074962519
84.5140442455879,2122.79393487447,14.9925037481259
99.4282873477504,1332.33905045986,14.9925037481259
96.9425801640567,2117.82252050708,14.9925037481259
116.828237633607,1297.53914988814,14.9925037481259
131.742480735769,1277.65349241859,14.9925037481259
141.685309470544,1252.79642058166,14.9925037481259
149.142431021626,1337.31046482724,14.9925037481259
149.142431021626,1250.31071339796,14.9925037481259
154.113845389013,1295.05344270445,14.9925037481259
191.39945314442,1193.13944817301,14.9925037481259
203.827989062888,536.912751677852,29.9850074962519
216.256524981357,1225.45364156102,14.9925037481259
231.17076808352,1516.28138205319,14.9925037481259
248.570718369376,1188.16803380562,14.9925037481259
248.570718369376,1528.70991797166,14.9925037481259
380.313199105145,2321.65050956997,14.9925037481259
390.25602783992,2316.67909520259,14.9925037481259
449.913000248571,2257.02212279394,14.9925037481259
519.512801391996,2105.39398458862,14.9925037481259
584.141188168034,2157.59383544618,14.9925037481259
621.42679592344,387.770320656227,14.9925037481259
651.255282127765,330.59905543127,14.9925037481259
678.598061148397,335.570469798658,14.9925037481259
703.455132985334,340.541884166045,29.9850074962519
703.455132985334,290.82774049217,14.9925037481259
708.426547352722,298.284862043251,14.9925037481259
740.740740740741,347.999005717127,14.9925037481259
810.340541884166,1150.88242605021,14.9925037481259
822.769077802635,1140.93959731544,14.9925037481259
882.426050211285,981.854337559036,14.9925037481259
929.654486701467,1943.82301764852,29.9850074962519
1034.0541884166,2344.02187422322,29.9850074962519
1267.71066368382,2058.16554809843,29.9850074962519
1429.28163062391,1615.70966940094,14.9925037481259
1464.08153119563,1628.13820531941,14.9925037481259
1491.42431021626,1096.19686800895,29.9850074962519
1531.19562515536,154.113845389013,14.9925037481259
1536.16703952274,166.542381307482,14.9925037481259
1710.16654238131,1732.53790703455,14.9925037481259
1715.13795674869,1573.45264727815,14.9925037481259
1717.62366393239,999.254287844892,14.9925037481259
1747.45215013671,1585.88118319662,14.9925037481259
1789.70917225951,641.31245339299,29.9850074962519
1817.05195128014,1913.9945314442,29.9850074962519
1854.33755903555,136.713895103157,14.9925037481259
1861.79468058663,104.399701715138,14.9925037481259
1928.90877454636,2329.10763112105,29.9850074962519
1938.85160328113,1687.79517772806,14.9925037481259
1938.85160328113,2316.67909520259,29.9850074962519
2003.47999005717,17.3999502858563,29.9850074962519
2274.42207307979,1749.93785732041,14.9925037481259
2289.33631618195,1822.02336564753,14.9925037481259
2336.56475267214,2018.39423315933,44.9775112443778
2344.02187422322,1817.05195128014,14.9925037481259
2341.53616703952,2045.73701217997,29.9850074962519
2348.9932885906,2025.85135471042,14.9925037481259
2421.07879691772,1913.9945314442,29.9850074962519
99.4282873477504,1652.99527715635,29.9850074962519
213.770817797663,549.341287596321,29.9850074962519
233.656475267214,2453.39299030574,44.9775112443778
623.912503107134,534.427044494159,44.9775112443778
643.798160576684,420.084514044246,44.9775112443778
656.226696495153,407.655978125777,44.9775112443778
770.569226945066,514.541387024609,44.9775112443778
855.083271190654,497.141436738752,29.9850074962519
857.568978374347,1374.59607258265,44.9775112443778
1021.62565249814,1372.11036539896,44.9775112443778
1227.93934874472,646.283867760378,44.9775112443778
1839.42331593338,1650.50956997266,44.9775112443778
2157.59383544618,402.684563758389,44.9775112443778
2174.99378573204,417.598806860552,44.9775112443778
2271.9363658961,2018.39423315933,44.9775112443778
2336.56475267214,2035.79418344519,44.9775112443778
2351.4789957743,2055.67984091474,44.9775112443778
2403.67884663187,1732.53790703455,29.9850074962519
2423.56450410142,1899.08028834203,29.9850074962519
2431.0216256525,1891.62316679095,44.9775112443778
94.4568729803629,1677.85234899329,59.9700149925037
101.913994531444,1697.73800646284,59.9700149925037
106.885408898832,1657.96669152374,44.9775112443778
218.742232165051,534.427044494159,44.9775112443778
221.227939348745,2445.93586875466,59.9700149925037
464.827243350733,154.113845389013,44.9775112443778
618.941088739746,1160.82525478499,59.9700149925037
621.42679592344,551.826994780015,44.9775112443778
621.42679592344,1178.22520507084,59.9700149925037
683.569475515784,2448.42157593835,74.9625187406297
862.540392741735,1362.16753666418,59.9700149925037
991.797166293811,308.227690778026,59.9700149925037
1034.0541884166,1377.08177976634,59.9700149925037
1056.42555306985,1645.53815560527,59.9700149925037
1287.59632115337,1829.48048719861,59.9700149925037
1292.56773552076,1822.02336564753,59.9700149925037
1469.05294556301,1963.70867511807,59.9700149925037
1628.13820531941,407.655978125777,59.9700149925037
1722.59507829978,693.512304250559,59.9700149925037
1735.02361421825,1593.3383047477,44.9775112443778
1844.39473030077,1635.59532687049,59.9700149925037
1854.33755903555,1650.50956997266,44.9775112443778
1961.22296793438,1528.70991797166,59.9700149925037
1986.08003977131,333.084762614964,44.9775112443778
2003.47999005717,330.59905543127,59.9700149925037
2358.93611732538,2028.33706189411,44.9775112443778
2.48570718369376,1334.82475764355,74.9625187406297
360.427541635595,134.228187919463,74.9625187406297
422.570221227939,1533.68133233905,74.9625187406297
472.284364901815,149.142431021626,59.9700149925037
539.398458861546,979.368630375342,74.9625187406297
551.826994780015,971.911508824261,74.9625187406297
638.826746209297,1158.33954760129,74.9625187406297
775.540641312453,504.598558289833,59.9700149925037
782.997762863535,1789.70917225951,74.9625187406297
884.911757394979,1772.30922197365,74.9625187406297
909.768829231916,2100.42257022123,74.9625187406297
947.054436987323,305.741983594333,59.9700149925037
1043.99701715138,1648.02386278896,59.9700149925037
1043.99701715138,1367.13895103157,59.9700149925037
1262.73924931643,1561.02411135968,74.9625187406297
1267.71066368382,1538.65274670644,74.9625187406297
1277.65349241859,1558.53840417599,89.9550224887556
1516.28138205319,1108.62540392742,74.9625187406297
1715.13795674869,1526.22421078797,74.9625187406297
1727.56649266716,1518.76708923689,74.9625187406297
1735.02361421825,1605.76684066617,59.9700149925037
1799.65200099428,1227.93934874472,74.9625187406297
1819.53765846383,1585.88118319662,74.9625187406297
1978.62291822023,467.312950534427,74.9625187406297
1996.02286850609,944.568729803629,74.9625187406297
2003.47999005717,345.513298533433,74.9625187406297
2015.90852597564,459.855828983346,74.9625187406297
2120.30822769078,1387.02460850112,89.9550224887556
2120.30822769078,1401.93885160328,74.9625187406297
2172.50807854835,405.170270942083,59.9700149925037
2.48570718369376,1374.59607258265,74.9625187406297
54.6855580412627,735.769326373353,89.9550224887556
91.9711657966692,1225.45364156102,74.9625187406297
101.913994531444,1230.42505592841,74.9625187406297
154.113845389013,1896.59458115834,89.9550224887556
149.142431021626,656.226696495153,104.947526236882
188.913745960726,1787.22346507581,74.9625187406297
442.455878697489,827.740492170022,89.9550224887556
544.369873228934,275.913497390007,89.9550224887556
549.341287596321,263.484961471539,89.9550224887556
755.654983842903,39.7713149391002,89.9550224887556
768.083519761372,1794.6805866269,89.9550224887556
850.111856823266,787.969177230922,89.9550224887556
897.340293313448,2087.99403430276,74.9625187406297
899.826000497141,2080.53691275168,74.9625187406297
909.768829231916,2087.99403430276,74.9625187406297
966.940094456873,2388.7646035297,104.947526236882
1155.8538404176,1501.36713895103,74.9625187406297
1190.65374098931,1650.50956997266,89.9550224887556
1891.62316679095,1687.79517772806,89.9550224887556
1921.45165299528,1389.51031568481,89.9550224887556
1983.59433258762,449.913000248571,104.947526236882
1998.50857568978,959.482972905792,74.9625187406297
2008.45140442456,952.02585135471,89.9550224887556
2135.22247079294,1255.28212776535,89.9550224887556
2142.67959234402,1267.71066368382,74.9625187406297
2383.79318916232,2194.87944320159,89.9550224887556
2398.70743226448,2192.3937360179,89.9550224887556
144.171016654238,663.683818046234,89.9550224887556
154.113845389013,2080.53691275168,104.947526236882
161.570966940094,1889.13745960726,89.9550224887556
318.170519512801,360.427541635595,104.947526236882
410.141685309471,865.026099925429,104.947526236882
569.226945065871,288.342033308476,104.947526236882
601.54113845389,2142.67959234402,104.947526236882
825.254784986329,1583.39547601293,89.9550224887556
832.71190653741,1911.5088242605,89.9550224887556
1290.08202833706,1983.59433258762,104.947526236882
1285.11061396967,1543.62416107383,89.9550224887556
1456.62440964454,231.17076808352,104.947526236882
1508.82426050211,2050.70842654735,104.947526236882
1513.7956748695,1364.65324384787,119.940029985007
1615.70966940094,1896.59458115834,104.947526236882
1615.70966940094,1913.9945314442,104.947526236882
2045.73701217997,1446.68158090977,89.9550224887556
2053.19413373105,1451.65299527716,89.9550224887556
2172.50807854835,2433.50733283619,89.9550224887556
2438.47874720358,1742.48073576933,104.947526236882
2.48570718369376,1374.59607258265,104.947526236882
96.9425801640567,1675.36664180959,119.940029985007
161.570966940094,171.513795674869,119.940029985007
236.142182450907,815.311956251554,119.940029985007
241.113596818295,820.283370618941,104.947526236882
420.084514044246,869.997514292816,104.947526236882
641.31245339299,1506.33855331842,119.940029985007
653.740989311459,847.626149639573,119.940029985007
663.683818046234,837.683320904797,119.940029985007
877.454635843898,2264.47924434502,119.940029985007
894.854586129754,2264.47924434502,119.940029985007
929.654486701467,830.226199353716,119.940029985007
1143.42530449913,181.456624409645,119.940029985007
1148.39671886652,171.513795674869,104.947526236882
1158.33954760129,1486.45289584887,104.947526236882
1317.42480735769,1048.96843151877,119.940029985007
1379.56748695004,1739.99502858563,104.947526236882
1387.02460850112,1749.93785732041,104.947526236882
1533.68133233905,1372.11036539896,104.947526236882
1710.16654238131,1667.90952025851,119.940029985007
1715.13795674869,1652.99527715635,119.940029985007
1881.68033805618,1334.82475764355,119.940029985007
1913.9945314442,855.083271190654,104.947526236882
2110.365398956,1543.62416107383,119.940029985007
52.199850857569,313.199105145414,119.940029985007
54.6855580412627,328.113348247576,134.932533733133
91.9711657966692,454.884414615958,134.932533733133
136.713895103157,1879.19463087248,164.917541229385
231.17076808352,221.227939348745,134.932533733133
275.913497390007,1600.79542629878,134.932533733133
290.82774049217,1073.8255033557,134.932533733133
362.913248819289,1963.70867511807,134.932533733133
832.71190653741,1909.02311707681,119.940029985007
882.426050211285,2247.07929405916,119.940029985007
892.36887894606,352.970420084514,134.932533733133
1116.0825254785,867.511807109123,134.932533733133
1573.45264727815,171.513795674869,149.925037481259
1749.93785732041,899.826000497141,149.925037481259
1797.16629381059,1921.45165299528,134.932533733133
1916.48023862789,869.997514292816,119.940029985007
1928.90877454636,862.540392741735,119.940029985007
1938.85160328113,974.397216007954,149.925037481259
1971.16579666915,2480.73576932637,134.932533733133
2058.16554809843,1928.90877454636,119.940029985007
2087.99403430276,1538.65274670644,119.940029985007
2092.96544867015,1553.5669898086,149.925037481259
2100.42257022123,1528.70991797166,134.932533733133
2383.79318916232,482.22719363659,134.932533733133
54.6855580412627,715.883668903803,134.932533733133
139.199602286851,1856.82326621924,134.932533733133
146.656723837932,203.827989062888,134.932533733133
159.085259756401,1879.19463087248,134.932533733133
290.82774049217,1053.93984588615,134.932533733133
892.36887894606,340.541884166045,134.932533733133
902.311707680835,377.827491921452,149.925037481259
1071.33979617201,604.026845637584,134.932533733133
1270.19637086751,1300.02485707184,149.925037481259
1277.65349241859,1889.13745960726,149.925037481259
1282.62490678598,1901.56599552573,149.925037481259
1295.05344270445,1923.93736017897,149.925037481259
1399.45314441959,1717.62366393239,149.925037481259
1399.45314441959,116.828237633607,149.925037481259
1585.88118319662,176.485210042257,149.925037481259
1640.56674123788,986.825751926423,149.925037481259
1899.08028834203,703.455132985334,149.925037481259
1946.30872483221,996.768580661198,149.925037481259
1956.25155356699,986.825751926423,134.932533733133
1961.22296793438,971.911508824261,149.925037481259
1998.50857568978,2470.7929405916,134.932533733133
2045.73701217997,2371.36465324385,149.925037481259
2045.73701217997,2358.93611732538,149.925037481259
2068.10837683321,514.541387024609,134.932533733133
2065.62266964952,507.084265473527,134.932533733133
2080.53691275168,502.11285110614,149.925037481259
42.2570221227939,971.911508824261,164.917541229385
121.799652000994,561.76982351479,149.925037481259
159.085259756401,203.827989062888,149.925037481259
452.398707432264,822.769077802635,149.925037481259
464.827243350733,2478.25006214268,179.910044977511
661.19811086254,641.31245339299,164.917541229385
745.712155108128,1068.85408898832,179.910044977511
765.597812577678,810.340541884166,179.910044977511
775.540641312453,797.912005965697,179.910044977511
902.311707680835,2172.50807854835,164.917541229385
986.825751926423,927.168779517773,164.917541229385
1066.36838180462,1936.36589609744,164.917541229385
1076.3112105394,601.54113845389,149.925037481259
1091.22545364156,601.54113845389,164.917541229385
1285.11061396967,840.169028088491,164.917541229385
1295.05344270445,1799.65200099428,164.917541229385
1421.82450907283,1200.59656972409,164.917541229385
1583.39547601293,1155.8538404176,179.910044977511
2010.93711160825,1076.3112105394,179.910044977511
2030.8227690778,807.854834700472,149.925037481259
2080.53691275168,517.027094208302,149.925037481259
2107.87969177231,1536.16703952274,149.925037481259
2189.9080288342,1730.05219985086,179.910044977511
2209.79368630375,1730.05219985086,164.917541229385
2398.70743226448,1118.56823266219,164.917541229385
124.285359184688,574.198359433259,164.917541229385
176.485210042257,922.197365150385,164.917541229385
347.999005717127,2411.13596818295,179.910044977511
561.76982351479,693.512304250559,179.910044977511
566.741237882178,62.142679592344,179.910044977511
902.311707680835,360.427541635595,164.917541229385
1051.45413870246,1928.90877454636,179.910044977511
1121.05393984589,2187.42232165051,194.902548725637
1287.59632115337,1140.93959731544,164.917541229385
1287.59632115337,1158.33954760129,179.910044977511
1446.68158090977,1829.48048719861,164.917541229385
1630.62391250311,1774.79492915735,164.917541229385
1961.22296793438,986.825751926423,164.917541229385
2155.10812826249,2321.65050956997,179.910044977511
2378.82177479493,1121.05393984589,164.917541229385
2460.85011185682,1973.65150385285,194.902548725637
7.45712155108128,452.398707432264,194.902548725637
154.113845389013,1034.0541884166,194.902548725637
159.085259756401,1024.11135968183,179.910044977511
218.742232165051,2060.65125528213,194.902548725637
357.941834451902,2423.56450410142,179.910044977511
360.427541635595,2398.70743226448,179.910044977511
372.856077554064,2421.07879691772,194.902548725637
444.941585881183,2130.25105642555,194.902548725637
447.427293064877,2115.33681332339,194.902548725637
636.341039025603,1648.02386278896,194.902548725637
979.368630375342,648.769574944072,194.902548725637
984.340044742729,658.712403678847,179.910044977511
1121.05393984589,1951.2801391996,194.902548725637
1128.51106139697,1295.05344270445,179.910044977511
1133.48247576436,1307.48197862292,194.902548725637
1145.91101168282,1302.51056425553,194.902548725637
1349.73900074571,1446.68158090977,194.902548725637
1357.19612229679,420.084514044246,194.902548725637
1367.13895103157,1439.22445935869,194.902548725637
1635.59532687049,1759.88068605518,194.902548725637
1648.02386278896,1342.28187919463,194.902548725637
1685.30947054437,2443.45016157097,179.910044977511
1854.33755903555,1352.22470792941,179.910044977511
1913.9945314442,1106.13969674372,194.902548725637
2070.5940840169,2142.67959234402,209.895052473763
2264.47924434502,1411.88168033806,209.895052473763
2279.39348744718,1414.36738752175,194.902548725637
176.485210042257,927.168779517773,194.902548725637
226.199353716132,2080.53691275168,209.895052473763
300.770569226945,2157.59383544618,194.902548725637
313.199105145414,477.255779269202,209.895052473763
467.312950534427,1613.22396221725,209.895052473763
477.255779269202,1608.25254784986,209.895052473763
574.198359433259,2416.10738255034,209.895052473763
589.112602535421,1913.9945314442,209.895052473763
735.769326373353,1250.31071339796,209.895052473763
981.854337559036,735.769326373353,194.902548725637
1004.22570221228,146.656723837932,209.895052473763
1011.68282376336,156.599552572707,209.895052473763
1011.68282376336,1926.42306736266,224.887556221889
1183.19661943823,1543.62416107383,224.887556221889
1272.68207805121,1906.53740989311,209.895052473763
1342.28187919463,1578.42406164554,209.895052473763
1347.25329356202,1588.36689038031,209.895052473763
1436.73875217499,1744.96644295302,194.902548725637
1538.65274670644,2329.10763112105,209.895052473763
1638.08103405419,1782.25205070843,194.902548725637
1648.02386278896,1772.30922197365,194.902548725637
1894.10887397465,534.427044494159,209.895052473763
1918.96594581158,1322.39622172508,209.895052473763
1928.90877454636,1314.939100174,194.902548725637
1983.59433258762,2043.25130499627,209.895052473763
2078.05120556798,2222.22222222222,194.902548725637
2167.53666418096,1046.48272433507,224.887556221889
2401.19313944817,2040.76559781258,209.895052473763
2401.19313944817,800.397713149391,194.902548725637
2406.16455381556,790.454884414616,194.902548725637
216.256524981357,2073.0797912006,224.887556221889
308.227690778026,2165.05095699727,209.895052473763
395.227442207308,1565.99552572707,224.887556221889
454.884414615958,477.255779269202,239.880059970015
1014.16853094705,1909.02311707681,209.895052473763
1096.19686800895,2331.59333830475,224.887556221889
1111.11111111111,2334.07904548844,224.887556221889
1342.28187919463,2140.19388516033,224.887556221889
1702.70942083023,1173.25379070346,209.895052473763
1702.70942083023,1595.82401193139,224.887556221889
1789.70917225951,1031.56848123291,224.887556221889
2068.10837683321,681.08376833209,224.887556221889
2070.5940840169,1754.9092716878,224.887556221889
2073.0797912006,1130.99676858066,209.895052473763
2078.05120556798,666.169525229928,239.880059970015
2080.53691275168,1126.02535421327,224.887556221889
2090.47974148645,1739.99502858563,224.887556221889
2217.25080785483,300.770569226945,209.895052473763
2281.87919463087,2182.45090728312,224.887556221889
295.799154859558,432.513049962714,239.880059970015
370.37037037037,1565.99552572707,224.887556221889
410.141685309471,705.940840169028,239.880059970015
442.455878697489,469.798657718121,239.880059970015
589.112602535421,27.3427790206314,239.880059970015
591.598309719115,14.9142431021626,239.880059970015
623.912503107134,1923.93736017897,239.880059970015
628.883917474521,1911.5088242605,239.880059970015
867.511807109123,2433.50733283619,239.880059970015
1026.59706686552,1911.5088242605,224.887556221889
1086.25403927417,42.2570221227939,239.880059970015
1091.22545364156,54.6855580412627,239.880059970015
1101.16828237634,2346.50758140691,224.887556221889
1103.65398956003,47.2284364901815,239.880059970015
1123.53964702958,825.254784986329,239.880059970015
1217.99652000994,1498.88143176734,239.880059970015
1272.68207805121,1431.76733780761,239.880059970015
1290.08202833706,1431.76733780761,239.880059970015
1352.22470792941,2348.9932885906,239.880059970015
1426.79592344022,285.856326124783,254.872563718141
1526.22421078797,673.626646781009,254.872563718141
1613.22396221725,1409.39597315436,239.880059970015
1643.05244842158,1282.62490678598,239.880059970015
1712.652249565,1183.19661943823,224.887556221889
1794.6805866269,439.970171513796,224.887556221889
1799.65200099428,432.513049962714,239.880059970015
2010.93711160825,673.626646781009,239.880059970015
2045.73701217997,1324.88192890877,224.887556221889
2080.53691275168,233.656475267214,239.880059970015
2174.99378573204,1700.22371364653,239.880059970015
2182.45090728312,1707.68083519761,239.880059970015
2194.87944320159,454.884414615958,239.880059970015
2386.27889634601,1384.53890131742,239.880059970015
99.4282873477504,695.998011434253,254.872563718141
201.342281879195,415.113099676858,254.872563718141
328.113348247576,402.684563758389,254.872563718141
444.941585881183,487.198608003977,254.872563718141
462.34153616704,459.855828983346,239.880059970015
524.484215759384,2316.67909520259,254.872563718141
599.055431270196,549.341287596321,254.872563718141
596.569724086503,571.712652249565,254.872563718141
618.941088739746,581.65548098434,254.872563718141
745.712155108128,270.94208302262,254.872563718141
782.997762863535,606.512552821278,254.872563718141
782.997762863535,616.455381556053,254.872563718141
1093.71116082525,32.3141933880189,239.880059970015
1140.93959731544,1401.93885160328,254.872563718141
1148.39671886652,1389.51031568481,254.872563718141
1155.8538404176,1404.42455878698,254.872563718141
1205.56798409147,1508.82426050211,254.872563718141
1285.11061396967,1009.19711657967,254.872563718141
1421.82450907283,300.770569226945,254.872563718141
1705.19512801392,1588.36689038031,254.872563718141
1973.65150385285,2105.39398458862,269.865067466267
2018.39423315933,738.255033557047,254.872563718141
2202.33656475267,442.455878697489,239.880059970015
265.970668655232,2112.8511061397,269.865067466267
375.341784737758,1628.13820531941,284.857571214393
400.198856574696,2207.30797912006,269.865067466267
452.398707432264,101.913994531444,254.872563718141
512.055679840915,114.342530449913,269.865067466267
531.941337310465,2301.76485210042,269.865067466267
564.255530698484,328.113348247576,269.865067466267
584.141188168034,554.312701963709,254.872563718141
606.512552821278,576.684066616953,254.872563718141
745.712155108128,1476.51006711409,269.865067466267
750.683569475516,1466.56723837932,269.865067466267
1046.48272433507,17.3999502858563,269.865067466267
1106.13969674372,2336.56475267214,254.872563718141
1257.76783494904,1262.73924931643,254.872563718141
1265.22495650012,1275.1677852349,254.872563718141
1416.85309470544,288.342033308476,254.872563718141
1474.0243599304,193.885160328113,269.865067466267
1685.30947054437,536.912751677852,269.865067466267
1707.68083519761,1600.79542629878,254.872563718141
1712.652249565,2043.25130499627,269.865067466267
1911.5088242605,1966.19438230176,269.865067466267
2000.99428287348,2284.36490181457,269.865067466267
2160.07954262988,2013.42281879195,269.865067466267
2160.07954262988,2025.85135471042,269.865067466267
454.884414615958,91.9711657966692,269.865067466267
509.569972657221,2363.90753169277,269.865067466267
698.483718617947,149.142431021626,284.857571214393
710.912254536416,141.685309470544,284.857571214393
770.569226945066,1655.48098434004,269.865067466267
867.511807109123,569.226945065871,299.850074962519
954.511558538404,1401.93885160328,284.857571214393
999.254287844892,1526.22421078797,284.857571214393
1073.8255033557,1941.33731046483,284.857571214393
1138.45389013174,1849.36614466816,269.865067466267
1143.42530449913,1861.79468058663,284.857571214393
1319.91051454139,1143.42530449913,269.865067466267
1329.85334327616,1145.91101168282,269.865067466267
1424.31021625653,305.741983594333,269.865067466267
1459.11011682824,208.799403430276,269.865067466267
1645.53815560527,1712.652249565,284.857571214393
1754.9092716878,981.854337559036,299.850074962519
1856.82326621924,1220.48222719364,284.857571214393
2013.42281879195,2281.87919463087,269.865067466267
101.913994531444,1695.25229927915,299.850074962519
531.941337310465,134.228187919463,284.857571214393
599.055431270196,571.712652249565,284.857571214393
604.026845637584,571.712652249565,284.857571214393
643.798160576684,1175.73949788715,299.850074962519
850.111856823266,1461.59582401193,284.857571214393
855.083271190654,591.598309719115,299.850074962519
855.083271190654,2038.27989062888,284.857571214393
865.026099925429,2038.27989062888,284.857571214393
869.997514292816,544.369873228934,299.850074962519
887.397464578673,574.198359433259,314.842578710645
887.397464578673,561.76982351479,284.857571214393
889.883171762366,541.88416604524,284.857571214393
1160.82525478499,822.769077802635,299.850074962519
1180.71091225454,822.769077802635,299.850074962519
1421.82450907283,9.94282873477504,299.850074962519
1640.56674123788,22.3713646532438,284.857571214393
1657.96669152374,24.8570718369376,284.857571214393
1839.42331593338,1215.51081282625,284.857571214393
1906.53740989311,1841.90902311708,299.850074962519
2120.30822769078,922.197365150385,284.857571214393
2306.73626646781,531.941337310465,299.850074962519
2311.7076808352,514.541387024609,284.857571214393
2.48570718369376,1558.53840417599,299.850074962519
14.9142431021626,1551.08128262491,299.850074962519
377.827491921452,2189.9080288342,314.842578710645
380.313199105145,2204.82227193637,314.842578710645
444.941585881183,932.14019388516,314.842578710645
457.370121799652,937.111608252548,314.842578710645
477.255779269202,1744.96644295302,314.842578710645
651.255282127765,1155.8538404176,314.842578710645
653.740989311459,1168.28237633607,299.850074962519
850.111856823266,564.255530698484,314.842578710645
867.511807109123,1208.05369127517,329.835082458771
882.426050211285,556.798409147402,314.842578710645
887.397464578673,591.598309719115,299.850074962519
889.883171762366,589.112602535421,299.850074962519
904.797414864529,1628.13820531941,299.850074962519
904.797414864529,561.76982351479,299.850074962519
1640.56674123788,1720.10937111608,299.850074962519
1831.9661943823,439.970171513796,314.842578710645
1846.88043748446,1220.48222719364,299.850074962519
1884.16604523987,1048.96843151877,314.842578710645
1899.08028834203,1053.93984588615,314.842578710645
1896.59458115834,1918.96594581158,329.835082458771
2010.93711160825,400.198856574696,314.842578710645
2065.62266964952,1725.08078548347,314.842578710645
2112.8511061397,1367.13895103157,299.850074962519
2232.165050957,519.512801391996,314.842578710645
2334.07904548844,1864.28038777032,329.835082458771
84.5140442455879,1998.50857568978,329.835082458771
395.227442207308,2189.9080288342,329.835082458771
467.312950534427,792.94059159831,329.835082458771
778.026348496147,91.9711657966692,329.835082458771
787.969177230922,57.1712652249565,314.842578710645
795.426298782004,1869.25180213771,329.835082458771
840.169028088491,569.226945065871,314.842578710645
937.111608252548,216.256524981357,329.835082458771
1580.90976882923,1088.73974645787,329.835082458771
1610.73825503356,1121.05393984589,329.835082458771
1625.65249813572,1165.79666915237,344.827586206897
1739.99502858563,586.626895351728,344.827586206897
1822.02336564753,437.484464330102,314.842578710645
1891.62316679095,715.883668903803,329.835082458771
2120.30822769078,924.683072334079,314.842578710645
2122.79393487447,1493.91001739995,329.835082458771
2224.70792940592,509.569972657221,329.835082458771
2249.56500124285,529.455630126771,329.835082458771
44.7427293064877,1834.451901566,329.835082458771
82.0283370618941,1787.22346507581,329.835082458771
99.4282873477504,1789.70917225951,344.827586206897
109.371116082525,611.483967188665,344.827586206897
126.771066368382,604.026845637584,329.835082458771
121.799652000994,613.969674372359,344.827586206897
159.085259756401,504.598558289833,344.827586206897
367.884663186677,546.855580412627,344.827586206897
469.798657718121,303.256276410639,359.820089955023
524.484215759384,432.513049962714,344.827586206897
529.455630126771,1377.08177976634,344.827586206897
606.512552821278,606.512552821278,344.827586206897
666.169525229928,89.4854586129754,344.827586206897
840.169028088491,2284.36490181457,344.827586206897
1205.56798409147,1787.22346507581,359.820089955023
1387.02460850112,124.285359184688,329.835082458771
1590.85259756401,961.968680089485,344.827586206897
1976.13721103654,882.426050211285,329.835082458771
1991.0514541387,1163.31096196868,329.835082458771
2224.70792940592,521.99850857569,329.835082458771
2279.39348744718,1086.25403927417,344.827586206897
2381.30748197862,1474.0243599304,344.827586206897
2388.7646035297,1481.48148148148,344.827586206897
385.284613472533,1881.68033805618,374.812593703148
454.884414615958,315.684812329108,359.820089955023
469.798657718121,318.170519512801,359.820089955023
477.255779269202,288.342033308476,359.820089955023
529.455630126771,412.627392493164,359.820089955023
539.398458861546,405.170270942083,359.820089955023
792.94059159831,855.083271190654,359.820089955023
869.997514292816,2018.39423315933,359.820089955023
952.02585135471,1399.45314441959,359.820089955023
961.968680089485,1409.39597315436,359.820089955023
1160.82525478499,2473.27864777529,359.820089955023
1203.08227690778,1722.59507829978,344.827586206897
1210.53939845886,1737.50932140194,344.827586206897
1217.99652000994,1732.53790703455,344.827586206897
1387.02460850112,114.342530449913,344.827586206897
1608.25254784986,952.02585135471,359.820089955023
1836.93760874969,1846.88043748446,359.820089955023
1839.42331593338,1831.9661943823,359.820089955023
1856.82326621924,1834.451901566,359.820089955023
1941.33731046483,1359.68182948049,344.827586206897
1986.08003977131,1153.36813323391,359.820089955023
2115.33681332339,1926.42306736266,359.820089955023
2197.36515038528,1344.76758637832,359.820089955023
2202.33656475267,1332.33905045986,359.820089955023
62.142679592344,872.48322147651,374.812593703148
246.085011185682,956.997265722098,374.812593703148
457.370121799652,293.313447675864,359.820089955023
514.541387024609,1657.96669152374,359.820089955023
512.055679840915,420.084514044246,374.812593703148
514.541387024609,437.484464330102,359.820089955023
531.941337310465,439.970171513796,374.812593703148
549.341287596321,417.598806860552,359.820089955023
785.483470047228,860.054685558041,374.812593703148
800.397713149391,106.885408898832,359.820089955023
837.683320904797,927.168779517773,374.812593703148
842.654735272185,1292.56773552076,374.812593703148
914.740243599304,1043.99701715138,359.820089955023
1163.31096196868,154.113845389013,374.812593703148
1242.85359184688,1657.96669152374,359.820089955023
1817.05195128014,2341.53616703952,359.820089955023
1829.48048719861,2329.10763112105,359.820089955023
1829.48048719861,2341.53616703952,359.820089955023
1936.36589609744,1374.59607258265,359.820089955023
1943.82301764852,1610.73825503356,389.805097451274
1981.10862540393,1155.8538404176,359.820089955023
1988.56574695501,1163.31096196868,359.820089955023
1991.0514541387,1143.42530449913,359.820089955023
2003.47999005717,1160.82525478499,359.820089955023
2000.99428287348,1145.91101168282,359.820089955023
2142.67959234402,1389.51031568481,374.812593703148
2184.93661446682,1797.16629381059,374.812593703148
39.7713149391002,1349.73900074571,374.812593703148
338.056176982351,1747.45215013671,374.812593703148
360.427541635595,693.512304250559,404.7976011994
385.284613472533,683.569475515784,389.805097451274
387.770320656227,713.397961720109,389.805097451274
395.227442207308,671.140939597315,389.805097451274
452.398707432264,295.799154859558,374.812593703148
452.398707432264,2063.13696246582,389.805097451274
462.34153616704,2053.19413373105,374.812593703148
1240.36788466319,1652.99527715635,374.812593703148
1680.33805617698,2361.42182450907,389.805097451274
1730.05219985086,658.712403678847,389.805097451274
1749.93785732041,673.626646781009,389.805097451274
1762.36639323888,974.397216007954,404.7976011994
1976.13721103654,1608.25254784986,389.805097451274
1996.02286850609,1911.5088242605,389.805097451274
2142.67959234402,489.684315187671,389.805097451274
2326.62192393736,1217.99652000994,389.805097451274
32.3141933880189,1700.22371364653,404.7976011994
313.199105145414,1759.88068605518,404.7976011994
375.341784737758,720.855083271191,389.805097451274
385.284613472533,728.312204822272,389.805097451274
735.769326373353,2177.47949291573,404.7976011994
937.111608252548,584.141188168034,389.805097451274
1021.62565249814,939.597315436242,404.7976011994
1019.13994531444,2418.59308973403,389.805097451274
1031.56848123291,944.568729803629,389.805097451274
1138.45389013174,678.598061148397,404.7976011994
1148.39671886652,2475.76435495899,389.805097451274
1384.53890131742,780.512055679841,404.7976011994
1598.30971911509,1198.11086254039,404.7976011994
1744.96644295302,658.712403678847,389.805097451274
1809.59482972906,571.712652249565,404.7976011994
1928.90877454636,1623.16679095203,404.7976011994
1958.73726075068,1620.68108376833,404.7976011994
1968.68008948546,1078.79691772309,389.805097451274
1978.62291822023,1588.36689038031,389.805097451274
2008.45140442456,1195.6251553567,404.7976011994
2339.05045985583,1217.99652000994,389.805097451274
2339.05045985583,1009.19711657967,404.7976011994
27.3427790206314,1349.73900074571,404.7976011994
47.2284364901815,867.511807109123,404.7976011994
350.48471290082,698.483718617947,404.7976011994
362.913248819289,718.369376087497,404.7976011994
377.827491921452,676.112353964703,404.7976011994
452.398707432264,2050.70842654735,404.7976011994
693.512304250559,1292.56773552076,419.790104947526
723.340790454884,2177.47949291573,404.7976011994
922.197365150385,584.141188168034,404.7976011994
929.654486701467,581.65548098434,404.7976011994
952.02585135471,909.768829231916,404.7976011994
1006.71140939597,934.625901068854,404.7976011994
1009.19711657967,2418.59308973403,404.7976011994
1009.19711657967,2090.47974148645,419.790104947526
1016.65423813075,2035.79418344519,419.790104947526
1021.62565249814,2045.73701217997,419.790104947526
1029.08277404922,2058.16554809843,419.790104947526
1026.59706686552,2018.39423315933,419.790104947526
1034.0541884166,2030.8227690778,419.790104947526
1039.02560278399,2043.25130499627,419.790104947526
1071.33979617201,246.085011185682,404.7976011994
1215.51081282625,84.5140442455879,404.7976011994
1227.93934874472,69.5998011434253,404.7976011994
1384.53890131742,765.597812577678,419.790104947526
1513.7956748695,1419.33880188914,419.790104947526
1615.70966940094,1324.88192890877,419.790104947526
1613.22396221725,1337.31046482724,404.7976011994
1623.16679095203,1603.28113348248,419.790104947526
1794.6805866269,569.226945065871,404.7976011994
1797.16629381059,884.911757394979,419.790104947526
1797.16629381059,874.968928660204,419.790104947526
1996.02286850609,1195.6251553567,404.7976011994
2227.19363658961,1081.28262490679,419.790104947526
2311.7076808352,1682.82376336068,404.7976011994
2306.73626646781,1692.76659209545,404.7976011994
2321.65050956997,1019.13994531444,404.7976011994
2334.07904548844,1021.62565249814,404.7976011994
2368.87894606015,1394.4817300522,419.790104947526
2391.2503107134,1394.4817300522,419.790104947526
198.856574695501,1158.33954760129,419.790104947526
330.59905543127,524.484215759384,419.790104947526
350.48471290082,529.455630126771,449.775112443778
375.341784737758,715.883668903803,419.790104947526
661.19811086254,1451.65299527716,434.782608695652
688.540889883172,740.740740740741,419.790104947526
713.397961720109,1623.16679095203,419.790104947526
778.026348496147,1702.70942083023,419.790104947526
790.454884414616,1700.22371364653,434.782608695652
1034.0541884166,2247.07929405916,419.790104947526
1138.45389013174,1533.68133233905,419.790104947526
1439.22445935869,260.999254287845,419.790104947526
1441.71016654238,1513.7956748695,419.790104947526
1451.65299527716,1521.25279642058,449.775112443778
1583.39547601293,1451.65299527716,419.790104947526
1993.5371613224,1906.53740989311,419.790104947526
2055.67984091474,514.541387024609,419.790104947526
2165.05095699727,790.454884414616,419.790104947526
2174.99378573204,795.426298782004,419.790104947526
2242.10787969177,1024.11135968183,419.790104947526
2321.65050956997,1692.76659209545,434.782608695652
116.828237633607,1551.08128262491,449.775112443778
208.799403430276,1160.82525478499,434.782608695652
218.742232165051,1720.10937111608,449.775112443778
328.113348247576,1655.48098434004,449.775112443778
457.370121799652,1754.9092716878,449.775112443778
559.284116331096,2207.30797912006,449.775112443778
671.140939597315,1451.65299527716,434.782608695652
700.969425801641,743.226447924435,449.775112443778
725.826497638578,1623.16679095203,434.782608695652
802.883420333085,1695.25229927915,434.782608695652
862.540392741735,1200.59656972409,449.775112443778
1039.02560278399,2018.39423315933,434.782608695652
1041.51130996769,2237.13646532438,449.775112443778
1041.51130996769,2055.67984091474,434.782608695652
1046.48272433507,2252.05070842655,449.775112443778
1046.48272433507,2030.8227690778,434.782608695652
1051.45413870246,2045.73701217997,434.782608695652
1083.76833209048,246.085011185682,434.782608695652
1153.36813323391,1533.68133233905,434.782608695652
1213.02510564256,1227.93934874472,434.782608695652
1227.93934874472,86.9997514292816,434.782608695652
1255.28212776535,1347.25329356202,464.767616191904
1354.7104151131,2386.27889634601,449.775112443778
1454.13870246085,1275.1677852349,449.775112443778
1451.65299527716,265.970668655232,434.782608695652
1464.08153119563,1516.28138205319,449.775112443778
1590.85259756401,362.913248819289,449.775112443778
1628.13820531941,1322.39622172508,434.782608695652
1625.65249813572,1337.31046482724,434.782608695652
1633.1096196868,1610.73825503356,434.782608695652
1809.59482972906,884.911757394979,434.782608695652
2063.13696246582,524.484215759384,449.775112443778
2068.10837683321,512.055679840915,434.782608695652
2184.93661446682,797.912005965697,434.782608695652
2212.27939348745,1220.48222719364,434.782608695652
2242.10787969177,1086.25403927417,434.782608695652
2247.07929405916,1036.5398956003,434.782608695652
2257.02212279394,1041.51130996769,434.782608695652
2259.50782997763,1029.08277404922,434.782608695652
2381.30748197862,1394.4817300522,434.782608695652
2403.67884663187,1394.4817300522,434.782608695652
494.655729555058,2157.59383544618,449.775112443778
643.798160576684,370.37037037037,449.775112443778
713.397961720109,1319.91051454139,464.767616191904
725.826497638578,1312.45339299031,449.775112443778
725.826497638578,1327.36763609247,464.767616191904
842.654735272185,2314.19338801889,464.767616191904
1277.65349241859,534.427044494159,464.767616191904
1332.33905045986,1168.28237633607,464.767616191904
1359.68182948049,805.369127516779,464.767616191904
1469.05294556301,827.740492170022,464.767616191904
1523.73850360428,2257.02212279394,479.76011994003
1553.5669898086,1006.71140939597,479.76011994003
1901.56599552573,996.768580661198,464.767616191904
2030.8227690778,599.055431270196,464.767616191904
193.885160328113,1677.85234899329,494.752623688156
308.227690778026,795.426298782004,479.76011994003
395.227442207308,2010.93711160825,479.76011994003
410.141685309471,2013.42281879195,479.76011994003
422.570221227939,1804.62341536167,494.752623688156
452.398707432264,1633.1096196868,494.752623688156
502.11285110614,991.797166293811,464.767616191904
688.540889883172,2187.42232165051,479.76011994003
934.625901068854,198.856574695501,479.76011994003
947.054436987323,1235.3964702958,479.76011994003
954.511558538404,1220.48222719364,479.76011994003
961.968680089485,1232.91076311211,464.767616191904
1143.42530449913,613.969674372359,494.752623688156
1173.25379070346,449.913000248571,479.76011994003
1295.05344270445,1309.96768580661,479.76011994003
1414.36738752175,1508.82426050211,479.76011994003
1419.33880188914,1496.39572458364,479.76011994003
1476.51006711409,1749.93785732041,479.76011994003
1538.65274670644,994.282873477504,479.76011994003
1548.59557544121,2015.90852597564,479.76011994003
1846.88043748446,1672.8809346259,464.767616191904
1976.13721103654,1292.56773552076,479.76011994003
462.34153616704,1118.56823266219,494.752623688156
469.798657718121,688.540889883172,509.745127436282
477.255779269202,1121.05393984589,509.745127436282
474.770072085508,698.483718617947,479.76011994003
564.255530698484,1153.36813323391,494.752623688156
718.369376087497,1904.05170270942,494.752623688156
730.797912005966,2102.90827740492,509.745127436282
959.482972905792,1846.88043748446,494.752623688156
1185.68232662192,2184.93661446682,494.752623688156
1188.16803380562,457.370121799652,479.76011994003
1317.42480735769,1570.96694009446,494.752623688156
1469.05294556301,1759.88068605518,494.752623688156
1476.51006711409,1329.85334327616,494.752623688156
1486.45289584887,1767.33780760626,479.76011994003
1767.33780760626,2080.53691275168,494.752623688156
1841.90902311708,1809.59482972906,509.745127436282
1943.82301764852,807.854834700472,479.76011994003
1986.08003977131,1285.11061396967,494.752623688156
171.513795674869,1456.62440964454,509.745127436282
442.455878697489,1650.50956997266,509.745127436282
462.34153616704,1138.45389013174,509.745127436282
464.827243350733,820.283370618941,524.737631184408
502.11285110614,991.797166293811,494.752623688156
643.798160576684,1553.5669898086,509.745127436282
678.598061148397,1068.85408898832,494.752623688156
691.026597066866,1071.33979617201,509.745127436282
778.026348496147,1426.79592344022,509.745127436282
902.311707680835,929.654486701467,509.745127436282
1081.28262490679,1314.939100174,524.737631184408
1088.73974645787,499.627143922446,509.745127436282
1091.22545364156,1528.70991797166,509.745127436282
1160.82525478499,1058.91126025354,509.745127436282
1203.08227690778,1287.59632115337,509.745127436282
1369.62465821526,216.256524981357,494.752623688156
1411.88168033806,1461.59582401193,494.752623688156
1419.33880188914,1869.25180213771,494.752623688156
1431.76733780761,1869.25180213771,494.752623688156
1744.96644295302,494.655729555058,494.752623688156
2065.62266964952,683.569475515784,494.752623688156
2132.73676360925,1474.0243599304,494.752623688156
295.799154859558,1148.39671886652,509.745127436282
293.313447675864,1143.42530449913,524.737631184408
303.256276410639,1155.8538404176,524.737631184408
397.713149391002,1565.99552572707,524.737631184408
584.141188168034,1585.88118319662,509.745127436282
589.112602535421,1595.82401193139,524.737631184408
618.941088739746,1563.50981854338,524.737631184408
633.855331841909,1377.08177976634,524.737631184408
633.855331841909,1565.99552572707,509.745127436282
678.598061148397,1078.79691772309,524.737631184408
698.483718617947,760.626398210291,509.745127436282
713.397961720109,758.140691026597,509.745127436282
1071.33979617201,362.913248819289,509.745127436282
1078.79691772309,1304.99627143922,509.745127436282
1394.4817300522,1464.08153119563,509.745127436282
1399.45314441959,966.940094456873,509.745127436282
1404.42455878698,1461.59582401193,524.737631184408
1411.88168033806,1866.76609495401,509.745127436282
1424.31021625653,1866.76609495401,509.745127436282
1483.96718866518,1730.05219985086,509.745127436282
1548.59557544121,1004.22570221228,509.745127436282
1657.96669152374,1116.0825254785,509.745127436282
1680.33805617698,785.483470047228,524.737631184408
1744.96644295302,492.170022371365,524.737631184408
1739.99502858563,482.22719363659,509.745127436282
1876.70892368879,1546.10986825752,509.745127436282
1918.96594581158,695.998011434253,509.745127436282
2000.99428287348,792.94059159831,524.737631184408
2053.19413373105,1603.28113348248,509.745127436282
2060.65125528213,676.112353964703,509.745127436282
2120.30822769078,1474.0243599304,509.745127436282
2127.76534924186,1454.13870246085,509.745127436282
2127.76534924186,1461.59582401193,509.745127436282
335.570469798658,872.48322147651,539.730134932534
432.513049962714,646.283867760378,539.730134932534
626.398210290828,1553.5669898086,524.737631184408
641.31245339299,1391.99602286851,524.737631184408
648.769574944072,1809.59482972906,539.730134932534
651.255282127765,1384.53890131742,539.730134932534
651.255282127765,1409.39597315436,539.730134932534
715.883668903803,447.427293064877,524.737631184408
857.568978374347,1884.16604523987,524.737631184408
862.540392741735,1871.7375093214,539.730134932534
869.997514292816,1901.56599552573,539.730134932534
884.911757394979,1889.13745960726,539.730134932534
1031.56848123291,1088.73974645787,539.730134932534
1061.39696743724,1466.56723837932,539.730134932534
1081.28262490679,2219.73651503853,524.737631184408
1188.16803380562,477.255779269202,524.737631184408
1309.96768580661,1891.62316679095,524.737631184408
1327.36763609247,606.512552821278,524.737631184408
1327.36763609247,613.969674372359,524.737631184408
1411.88168033806,961.968680089485,539.730134932534
1414.36738752175,1461.59582401193,524.737631184408
1434.2530449913,1866.76609495401,524.737631184408
1481.48148148148,2085.50832711907,539.730134932534
1493.91001739995,1732.53790703455,539.730134932534
1508.82426050211,1744.96644295302,539.730134932534
1667.90952025851,1113.5968182948,524.737631184408
1717.62366393239,2043.25130499627,539.730134932534
1757.39497887149,1130.99676858066,524.737631184408
1886.65175242356,1551.08128262491,539.730134932534
1933.88018891375,693.512304250559,524.737631184408
2065.62266964952,1605.76684066617,524.737631184408
2132.73676360925,1474.0243599304,524.737631184408
402.684563758389,1764.85210042257,539.730134932534
482.22719363659,971.911508824261,554.72263868066
623.912503107134,1396.96743723589,539.730134932534
631.369624658215,1399.45314441959,539.730134932534
638.826746209297,1411.88168033806,554.72263868066
646.283867760378,2000.99428287348,539.730134932534
723.340790454884,437.484464330102,539.730134932534
874.968928660204,2085.50832711907,539.730134932534
1071.33979617201,1454.13870246085,539.730134932534
1123.53964702958,663.683818046234,539.730134932534
1195.6251553567,2092.96544867015,539.730134932534
1230.42505592841,1213.02510564256,539.730134932534
2030.8227690778,1670.39522744221,539.730134932534
2167.53666418096,1379.56748695004,539.730134932534
288.342033308476,1155.8538404176,554.72263868066
318.170519512801,867.511807109123,554.72263868066
325.627641063883,1200.59656972409,554.72263868066
390.25602783992,1762.36639323888,554.72263868066
415.113099676858,646.283867760378,554.72263868066
447.427293064877,817.797663435247,554.72263868066
469.798657718121,971.911508824261,554.72263868066
616.455381556053,1399.45314441959,554.72263868066
618.941088739746,1369.62465821526,554.72263868066
623.912503107134,1374.59607258265,554.72263868066
631.369624658215,994.282873477504,554.72263868066
633.855331841909,2000.99428287348,554.72263868066
638.826746209297,1384.53890131742,554.72263868066
847.626149639573,1876.70892368879,554.72263868066
860.054685558041,2100.42257022123,554.72263868066
874.968928660204,1891.62316679095,554.72263868066
1048.96843151877,1466.56723837932,554.72263868066
1058.91126025354,1454.13870246085,554.72263868066
1071.33979617201,2219.73651503853,554.72263868066
1108.62540392742,663.683818046234,554.72263868066
1168.28237633607,1687.79517772806,554.72263868066
1185.68232662192,2090.47974148645,569.715142428786
1180.71091225454,1687.79517772806,569.715142428786
1217.99652000994,1213.02510564256,554.72263868066
1240.36788466319,1894.10887397465,569.715142428786
1295.05344270445,1889.13745960726,554.72263868066
1352.22470792941,778.026348496147,569.715142428786
1396.96743723589,959.482972905792,554.72263868066
1469.05294556301,2087.99403430276,554.72263868066
1464.08153119563,2078.05120556798,554.72263868066
1478.99577429779,1735.02361421825,554.72263868066
1513.7956748695,1155.8538404176,584.707646176912
1533.68133233905,927.168779517773,569.715142428786
1702.70942083023,2040.76559781258,554.72263868066
1744.96644295302,1130.99676858066,554.72263868066
1779.76634352473,1804.62341536167,569.715142428786
1869.25180213771,1548.59557544121,554.72263868066
1899.08028834203,1287.59632115337,584.707646176912
1918.96594581158,693.512304250559,554.72263868066
1988.56574695501,792.94059159831,554.72263868066
2018.39423315933,1667.90952025851,569.715142428786
2152.6224210788,1379.56748695004,554.72263868066
305.741983594333,1158.33954760129,569.715142428786
333.084762614964,1195.6251553567,569.715142428786
330.59905543127,1188.16803380562,569.715142428786
335.570469798658,867.511807109123,569.715142428786
343.027591349739,1203.08227690778,569.715142428786
407.655978125777,1764.85210042257,569.715142428786
432.513049962714,646.283867760378,569.715142428786
494.655729555058,974.397216007954,569.715142428786
646.283867760378,994.282873477504,584.707646176912
653.740989311459,2000.99428287348,569.715142428786
733.283619189659,1503.85284613473,569.715142428786
743.226447924435,1506.33855331842,599.700149925038
797.912005965697,2030.8227690778,584.707646176912
874.968928660204,2095.45115585384,584.707646176912
887.397464578673,1891.62316679095,569.715142428786
1006.71140939597,2078.05120556798,584.707646176912
1016.65423813075,2065.62266964952,584.707646176912
1031.56848123291,1091.22545364156,569.715142428786
1071.33979617201,1456.62440964454,569.715142428786
1086.25403927417,2217.25080785483,569.715142428786
1123.53964702958,666.169525229928,569.715142428786
1155.8538404176,636.341039025603,584.707646176912
1165.79666915237,636.341039025603,584.707646176912
1183.19661943823,1590.85259756401,584.707646176912
1513.7956748695,653.740989311459,584.707646176912
417.598806860552,1071.33979617201,614.692653673163
616.455381556053,1140.93959731544,599.700149925038
643.798160576684,646.283867760378,599.700149925038
691.026597066866,862.540392741735,614.692653673163
743.226447924435,1493.91001739995,584.707646176912
889.883171762366,1697.73800646284,614.692653673163
1200.59656972409,1580.90976882923,599.700149925038
1215.51081282625,1717.62366393239,599.700149925038
1528.70991797166,646.283867760378,599.700149925038
1667.90952025851,584.141188168034,584.707646176912
1682.82376336068,576.684066616953,584.707646176912
1782.25205070843,1598.30971911509,614.692653673163
1789.70917225951,1608.25254784986,584.707646176912
2058.16554809843,1287.59632115337,599.700149925038
432.513049962714,1063.88267462093,599.700149925038
604.026845637584,1794.6805866269,614.692653673163
686.055182699478,1889.13745960726,614.692653673163
708.426547352722,1426.79592344022,614.692653673163
710.912254536416,1834.451901566,629.685157421289
817.797663435247,971.911508824261,644.677661169415
822.769077802635,874.968928660204,614.692653673163
822.769077802635,959.482972905792,614.692653673163
837.683320904797,770.569226945066,599.700149925038
840.169028088491,760.626398210291,599.700149925038
862.540392741735,546.855580412627,614.692653673163
874.968928660204,695.998011434253,614.692653673163
882.426050211285,688.540889883172,599.700149925038
892.36887894606,693.512304250559,614.692653673163
1138.45389013174,902.311707680835,614.692653673163
1287.59632115337,1633.1096196868,614.692653673163
1526.22421078797,929.654486701467,599.700149925038
1662.93810589113,576.684066616953,599.700149925038
1662.93810589113,589.112602535421,599.700149925038
1680.33805617698,589.112602535421,599.700149925038
1961.22296793438,1302.51056425553,629.685157421289
646.283867760378,1742.48073576933,644.677661169415
688.540889883172,1309.96768580661,644.677661169415
698.483718617947,1891.62316679095,614.692653673163
723.340790454884,1237.88217747949,629.685157421289
884.911757394979,1558.53840417599,644.677661169415
937.111608252548,1280.13919960229,644.677661169415
981.854337559036,1667.90952025851,629.685157421289
1113.5968182948,1242.85359184688,644.677661169415
1295.05344270445,1615.70966940094,614.692653673163
1304.99627143922,1628.13820531941,614.692653673163
1426.79592344022,1953.7658463833,629.685157421289
1526.22421078797,1145.91101168282,614.692653673163
1543.62416107383,631.369624658215,614.692653673163
1558.53840417599,618.941088739746,614.692653673163
1565.99552572707,626.398210290828,614.692653673163
1575.93835446184,1053.93984588615,614.692653673163
1648.02386278896,1324.88192890877,629.685157421289
1717.62366393239,564.255530698484,614.692653673163
683.569475515784,1324.88192890877,644.677661169415
698.483718617947,1332.33905045986,644.677661169415
1066.36838180462,1655.48098434004,629.685157421289
1081.28262490679,1652.99527715635,659.670164917541
1113.5968182948,1225.45364156102,644.677661169415
1481.48148148148,1175.73949788715,644.677661169415
1491.42431021626,1168.28237633607,644.677661169415
1543.62416107383,1081.28262490679,644.677661169415
1896.59458115834,1404.42455878698,644.677661169415
502.11285110614,1476.51006711409,644.677661169415
591.598309719115,1399.45314441959,674.662668665667
628.883917474521,1036.5398956003,659.670164917541
954.511558538404,1608.25254784986,674.662668665667
966.940094456873,1620.68108376833,659.670164917541
1066.36838180462,1643.05244842158,659.670164917541
1138.45389013174,1091.22545364156,659.670164917541
1556.05269699229,790.454884414616,659.670164917541
1861.79468058663,1188.16803380562,659.670164917541
703.455132985334,1312.45339299031,659.670164917541
817.797663435247,989.311459110117,674.662668665667
822.769077802635,959.482972905792,659.670164917541
999.254287844892,1598.30971911509,674.662668665667
1066.36838180462,1657.96669152374,659.670164917541
1369.62465821526,966.940094456873,689.655172413793
1416.85309470544,1946.30872483221,659.670164917541
1543.62416107383,1503.85284613473,674.662668665667
1638.08103405419,1317.42480735769,659.670164917541
1951.2801391996,1292.56773552076,659.670164917541
1337.31046482724,825.254784986329,674.662668665667
1337.31046482724,830.226199353716,674.662668665667
1488.93860303256,1518.76708923689,674.662668665667
1496.39572458364,1068.85408898832,689.655172413793
1508.82426050211,1073.8255033557,704.647676161919
1610.73825503356,1170.76808351976,689.655172413793
1006.71140939597,1081.28262490679,719.640179910045
1374.59607258265,1150.88242605021,689.655172413793
1478.99577429779,1553.5669898086,689.655172413793
1533.68133233905,1538.65274670644,689.655172413793
1116.0825254785,1185.68232662192,719.640179910045
1140.93959731544,1163.31096196868,734.632683658171
1153.36813323391,1178.22520507084,734.632683658171
1225.45364156102,979.368630375342,704.647676161919
1235.3964702958,974.397216007954,719.640179910045
1347.25329356202,832.71190653741,704.647676161919
1384.53890131742,1155.8538404176,704.647676161919
1516.28138205319,1511.30996768581,704.647676161919
1526.22421078797,1081.28262490679,704.647676161919
1568.48123291076,1496.39572458364,704.647676161919
1568.48123291076,792.94059159831,704.647676161919
1620.68108376833,1173.25379070346,719.640179910045
1372.11036539896,1359.68182948049,719.640179910045
1384.53890131742,1354.7104151131,719.640179910045
1481.48148148148,1558.53840417599,719.640179910045
1533.68133233905,1543.62416107383,719.640179910045
1220.48222719364,976.882923191648,734.632683658171
1225.45364156102,974.397216007954,734.632683658171
1399.45314441959,1324.88192890877,734.632683658171
1414.36738752175,1322.39622172508,734.632683658171
1508.82426050211,1523.73850360428,734.632683658171
1561.02411135968,1506.33855331842,734.632683658171
1406.91026597067,1307.48197862292,749.625187406297
1419.33880188914,1304.99627143922,749.625187406297
