178.970917225951,750.683569475516,44.9775112443778
203.827989062888,410.141685309471,29.9850074962519
213.770817797663,430.027342779021,14.9925037481259
223.713646532438,447.427293064877,14.9925037481259
238.627889634601,380.313199105145,14.9925037481259
295.799154859558,1081.28262490679,29.9850074962519
452.398707432264,188.913745960726,29.9850074962519
472.284364901815,221.227939348745,29.9850074962519
487.198608003977,270.94208302262,29.9850074962519
497.141436738752,275.913497390007,14.9925037481259
566.741237882178,1551.08128262491,29.9850074962519
658.712403678847,835.197613721104,29.9850074962519
683.569475515784,442.455878697489,29.9850074962519
700.969425801641,454.884414615958,29.9850074962519
698.483718617947,509.569972657221,29.9850074962519
708.426547352722,24.8570718369376,29.9850074962519
745.712155108128,2117.82252050708,14.9925037481259
760.626398210291,2152.6224210788,14.9925037481259
782.997762863535,293.313447675864,14.9925037481259
802.883420333085,260.999254287845,14.9925037481259
837.683320904797,260.999254287845,29.9850074962519
1041.51130996769,2418.59308973403,14.9925037481259
1083.76833209048,1245.33929903057,14.9925037481259
1220.48222719364,1133.48247576436,29.9850074962519
1247.82500621427,1150.88242605021,14.9925037481259
1352.22470792941,1476.51006711409,29.9850074962519
1377.08177976634,1506.33855331842,29.9850074962519
1449.16728809346,432.513049962714,29.9850074962519
1461.59582401193,2450.90728312205,14.9925037481259
1466.56723837932,2045.73701217997,14.9925037481259
1466.56723837932,2453.39299030574,29.9850074962519
1469.05294556301,444.941585881183,29.9850074962519
1521.25279642058,2050.70842654735,14.9925037481259
1869.25180213771,2435.99304001989,29.9850074962519
1876.70892368879,2423.56450410142,29.9850074962519
2008.45140442456,1948.79443201591,14.9925037481259
2058.16554809843,1829.48048719861,29.9850074962519
2065.62266964952,1488.93860303256,29.9850074962519
2155.10812826249,1787.22346507581,29.9850074962519
2219.73651503853,1802.13770817798,29.9850074962519
2301.76485210042,1369.62465821526,29.9850074962519
2363.90753169277,621.42679592344,29.9850074962519
482.22719363659,1531.19562515536,29.9850074962519
581.65548098434,1546.10986825752,44.9775112443778
695.998011434253,437.484464330102,29.9850074962519
1106.13969674372,1814.56624409645,29.9850074962519
1138.45389013174,94.4568729803629,29.9850074962519
1469.05294556301,2435.99304001989,29.9850074962519
1471.53865274671,434.998757146408,29.9850074962519
1570.96694009446,2391.2503107134,59.9700149925037
2013.42281879195,67.1140939597315,29.9850074962519
2150.1367138951,2172.50807854835,59.9700149925037
2381.30748197862,626.398210290828,29.9850074962519
32.3141933880189,449.913000248571,74.9625187406297
49.7141436738752,452.398707432264,59.9700149925037
82.0283370618941,1053.93984588615,59.9700149925037
479.741486452896,1812.08053691275,44.9775112443778
479.741486452896,1826.99478001491,44.9775112443778
703.455132985334,519.512801391996,59.9700149925037
845.140442455879,392.741735023614,74.9625187406297
1088.73974645787,1242.85359184688,59.9700149925037
1126.02535421327,94.4568729803629,44.9775112443778
1252.79642058166,1536.16703952274,59.9700149925037
1260.25354213274,484.712900820283,59.9700149925037
1300.02485707184,1208.05369127517,59.9700149925037
1322.39622172508,1198.11086254039,59.9700149925037
1401.93885160328,1685.30947054437,44.9775112443778
1411.88168033806,1687.79517772806,44.9775112443778
1471.53865274671,1496.39572458364,59.9700149925037
1553.5669898086,300.770569226945,59.9700149925037
1565.99552572707,310.71339796172,44.9775112443778
1590.85259756401,2371.36465324385,59.9700149925037
1700.22371364653,347.999005717127,59.9700149925037
2157.59383544618,146.656723837932,59.9700149925037
2306.73626646781,91.9711657966692,59.9700149925037
2336.56475267214,479.741486452896,44.9775112443778
2341.53616703952,484.712900820283,44.9775112443778
2363.90753169277,1446.68158090977,59.9700149925037
2381.30748197862,1446.68158090977,59.9700149925037
2386.27889634601,1424.31021625653,74.9625187406297
188.913745960726,768.083519761372,59.9700149925037
201.342281879195,1809.59482972906,74.9625187406297
216.256524981357,1195.6251553567,74.9625187406297
231.17076808352,1200.59656972409,59.9700149925037
313.199105145414,338.056176982351,74.9625187406297
427.541635595327,599.055431270196,74.9625187406297
479.741486452896,484.712900820283,74.9625187406297
1053.93984588615,1727.56649266716,74.9625187406297
1312.45339299031,1200.59656972409,59.9700149925037
1551.08128262491,544.369873228934,74.9625187406297
1613.22396221725,1347.25329356202,59.9700149925037
1675.36664180959,166.542381307482,89.9550224887556
1705.19512801392,576.684066616953,74.9625187406297
1784.73775789212,188.913745960726,74.9625187406297
1871.7375093214,857.568978374347,74.9625187406297
1879.19463087248,2040.76559781258,59.9700149925037
2160.07954262988,139.199602286851,59.9700149925037
2165.05095699727,131.742480735769,59.9700149925037
2227.19363658961,872.48322147651,59.9700149925037
17.3999502858563,1270.19637086751,74.9625187406297
154.113845389013,1971.16579666915,89.9550224887556
521.99850857569,343.027591349739,89.9550224887556
526.969922943077,1113.5968182948,89.9550224887556
633.855331841909,2105.39398458862,89.9550224887556
653.740989311459,758.140691026597,89.9550224887556
666.169525229928,770.569226945066,89.9550224887556
673.626646781009,526.969922943077,89.9550224887556
817.797663435247,1508.82426050211,74.9625187406297
832.71190653741,1503.85284613473,74.9625187406297
954.511558538404,9.94282873477504,89.9550224887556
1061.39696743724,1357.19612229679,89.9550224887556
1287.59632115337,1213.02510564256,74.9625187406297
1459.11011682824,999.254287844892,89.9550224887556
1488.93860303256,2291.82202336565,89.9550224887556
1869.25180213771,529.455630126771,74.9625187406297
1876.70892368879,370.37037037037,89.9550224887556
2187.42232165051,787.969177230922,74.9625187406297
2222.22222222222,874.968928660204,74.9625187406297
2368.87894606015,1585.88118319662,74.9625187406297
2465.82152622421,1528.70991797166,74.9625187406297
2475.76435495899,1526.22421078797,89.9550224887556
188.913745960726,2162.56524981357,119.940029985007
377.827491921452,164.056674123788,104.947526236882
380.313199105145,149.142431021626,104.947526236882
454.884414615958,1222.96793437733,119.940029985007
812.82624906786,191.39945314442,104.947526236882
837.683320904797,1501.36713895103,89.9550224887556
1190.65374098931,82.0283370618941,104.947526236882
1416.85309470544,1628.13820531941,104.947526236882
1551.08128262491,653.740989311459,104.947526236882
1772.30922197365,171.513795674869,104.947526236882
1861.79468058663,546.855580412627,89.9550224887556
1871.7375093214,454.884414615958,104.947526236882
1876.70892368879,529.455630126771,89.9550224887556
1953.7658463833,1029.08277404922,89.9550224887556
2132.73676360925,681.08376833209,104.947526236882
2229.6793437733,872.48322147651,89.9550224887556
2376.33606761124,1580.90976882923,104.947526236882
2475.76435495899,1541.13845389013,89.9550224887556
27.3427790206314,1384.53890131742,119.940029985007
290.82774049217,1844.39473030077,119.940029985007
355.456127268208,360.427541635595,119.940029985007
360.427541635595,367.884663186677,119.940029985007
467.312950534427,1871.7375093214,119.940029985007
626.398210290828,1941.33731046483,119.940029985007
773.05493412876,59.6569724086503,119.940029985007
865.026099925429,1918.96594581158,119.940029985007
1401.93885160328,2000.99428287348,119.940029985007
1466.56723837932,1046.48272433507,119.940029985007
1469.05294556301,362.913248819289,119.940029985007
1466.56723837932,1906.53740989311,134.932533733133
1474.0243599304,1024.11135968183,134.932533733133
1620.68108376833,994.282873477504,134.932533733133
2137.70817797663,32.3141933880189,119.940029985007
2142.67959234402,39.7713149391002,119.940029985007
2165.05095699727,420.084514044246,119.940029985007
2227.19363658961,618.941088739746,104.947526236882
2239.62217250808,628.883917474521,104.947526236882
2242.10787969177,613.969674372359,104.947526236882
2393.73601789709,1918.96594581158,119.940029985007
338.056176982351,874.968928660204,134.932533733133
554.312701963709,2426.05021128511,134.932533733133
760.626398210291,869.997514292816,119.940029985007
765.597812577678,852.59756400696,134.932533733133
770.569226945066,865.026099925429,119.940029985007
785.483470047228,57.1712652249565,119.940029985007
835.197613721104,1660.45239870743,134.932533733133
1272.68207805121,1384.53890131742,119.940029985007
1280.13919960229,1377.08177976634,134.932533733133
1469.05294556301,1889.13745960726,119.940029985007
1804.62341536167,2450.90728312205,149.925037481259
1841.90902311708,1081.28262490679,134.932533733133
1851.85185185185,1078.79691772309,119.940029985007
1913.9945314442,1282.62490678598,119.940029985007
1996.02286850609,999.254287844892,149.925037481259
2053.19413373105,1193.13944817301,134.932533733133
2055.67984091474,320.656226696495,134.932533733133
2075.56549838429,1193.13944817301,134.932533733133
2261.99353716132,2237.13646532438,134.932533733133
2431.0216256525,1645.53815560527,119.940029985007
9.94282873477504,1387.02460850112,134.932533733133
243.599304001989,1312.45339299031,149.925037481259
328.113348247576,512.055679840915,149.925037481259
1103.65398956003,902.311707680835,134.932533733133
1230.42505592841,2271.9363658961,134.932533733133
1232.91076311211,2259.50782997763,134.932533733133
1359.68182948049,1861.79468058663,149.925037481259
1364.65324384787,2174.99378573204,149.925037481259
1419.33880188914,643.798160576684,149.925037481259
1446.68158090977,1953.7658463833,149.925037481259
1456.62440964454,1948.79443201591,134.932533733133
1722.59507829978,1958.73726075068,149.925037481259
1752.4235645041,258.513547104151,164.917541229385
1814.56624409645,77.0569226945066,149.925037481259
1861.79468058663,1240.36788466319,149.925037481259
1869.25180213771,1227.93934874472,134.932533733133
1918.96594581158,1861.79468058663,149.925037481259
2058.16554809843,1215.51081282625,134.932533733133
2073.0797912006,1175.73949788715,134.932533733133
2085.50832711907,1178.22520507084,149.925037481259
2463.33581904052,1812.08053691275,134.932533733133
251.05642555307,1404.42455878698,164.917541229385
258.513547104151,1384.53890131742,164.917541229385
268.456375838926,1401.93885160328,164.917541229385
372.856077554064,156.599552572707,164.917541229385
611.483967188665,1926.42306736266,164.917541229385
686.055182699478,1399.45314441959,164.917541229385
1031.56848123291,974.397216007954,164.917541229385
1036.5398956003,994.282873477504,164.917541229385
1175.73949788715,1692.76659209545,149.925037481259
1193.13944817301,1697.73800646284,164.917541229385
1280.13919960229,1884.16604523987,164.917541229385
1297.53914988814,410.141685309471,164.917541229385
1357.19612229679,2162.56524981357,149.925037481259
1404.42455878698,643.798160576684,149.925037481259
1583.39547601293,1645.53815560527,164.917541229385
1610.73825503356,2440.96445438727,164.917541229385
1767.33780760626,964.454387273179,164.917541229385
1834.451901566,82.0283370618941,164.917541229385
1911.5088242605,1419.33880188914,149.925037481259
1913.9945314442,815.311956251554,164.917541229385
1928.90877454636,815.311956251554,164.917541229385
2269.4506587124,2073.0797912006,164.917541229385
84.5140442455879,2063.13696246582,179.910044977511
223.713646532438,1344.76758637832,179.910044977511
405.170270942083,1121.05393984589,179.910044977511
842.654735272185,897.340293313448,164.917541229385
952.02585135471,24.8570718369376,164.917541229385
1078.79691772309,2252.05070842655,179.910044977511
1222.96793437733,825.254784986329,179.910044977511
1541.13845389013,917.225950782998,179.910044977511
1660.45239870743,395.227442207308,179.910044977511
1824.50907283122,91.9711657966692,164.917541229385
2055.67984091474,663.683818046234,164.917541229385
2167.53666418096,904.797414864529,194.902548725637
2368.87894606015,1357.19612229679,179.910044977511
104.399701715138,770.569226945066,194.902548725637
233.656475267214,1357.19612229679,179.910044977511
243.599304001989,1349.73900074571,194.902548725637
464.827243350733,1824.50907283122,194.902548725637
487.198608003977,96.9425801640567,179.910044977511
812.82624906786,576.684066616953,194.902548725637
815.311956251554,564.255530698484,179.910044977511
837.683320904797,691.026597066866,194.902548725637
852.59756400696,897.340293313448,179.910044977511
991.797166293811,1991.0514541387,179.910044977511
1081.28262490679,2234.65075814069,179.910044977511
1098.68257519264,2244.59358687547,179.910044977511
1528.70991797166,907.283122048223,179.910044977511
1643.05244842158,159.085259756401,179.910044977511
1652.99527715635,1091.22545364156,194.902548725637
1667.90952025851,1088.73974645787,194.902548725637
1680.33805617698,919.711657966692,179.910044977511
1807.10912254536,82.0283370618941,194.902548725637
1941.33731046483,820.283370618941,194.902548725637
2035.79418344519,2162.56524981357,179.910044977511
2043.25130499627,2170.02237136465,179.910044977511
2058.16554809843,1339.79617201094,194.902548725637
2358.93611732538,2028.33706189411,179.910044977511
2411.13596818295,1662.93810589113,194.902548725637
47.2284364901815,546.855580412627,194.902548725637
139.199602286851,1513.7956748695,194.902548725637
283.370618941089,2281.87919463087,194.902548725637
290.82774049217,2294.30773054934,194.902548725637
308.227690778026,1913.9945314442,194.902548725637
338.056176982351,902.311707680835,194.902548725637
343.027591349739,917.225950782998,209.895052473763
474.770072085508,1834.451901566,194.902548725637
653.740989311459,564.255530698484,209.895052473763
733.283619189659,1856.82326621924,194.902548725637
812.82624906786,559.284116331096,194.902548725637
825.254784986329,616.455381556053,194.902548725637
837.683320904797,621.42679592344,194.902548725637
850.111856823266,892.36887894606,194.902548725637
869.997514292816,2018.39423315933,194.902548725637
874.968928660204,2005.96569724086,194.902548725637
1081.28262490679,1841.90902311708,194.902548725637
1173.25379070346,2043.25130499627,194.902548725637
1178.22520507084,2063.13696246582,194.902548725637
1272.68207805121,439.970171513796,209.895052473763
1414.36738752175,775.540641312453,209.895052473763
1506.33855331842,2194.87944320159,194.902548725637
1521.25279642058,899.826000497141,194.902548725637
1822.02336564753,502.11285110614,209.895052473763
1824.50907283122,484.712900820283,209.895052473763
1963.70867511807,1051.45413870246,224.887556221889
2055.67984091474,822.769077802635,209.895052473763
2269.4506587124,939.597315436242,209.895052473763
2423.56450410142,1650.50956997266,194.902548725637
2.48570718369376,695.998011434253,209.895052473763
129.256773552076,1503.85284613473,209.895052473763
270.94208302262,2271.9363658961,209.895052473763
330.59905543127,919.711657966692,209.895052473763
415.113099676858,1019.13994531444,224.887556221889
427.541635595327,1019.13994531444,224.887556221889
482.22719363659,1839.42331593338,209.895052473763
589.112602535421,171.513795674869,209.895052473763
596.569724086503,173.999502858563,209.895052473763
671.140939597315,1387.02460850112,209.895052473763
723.340790454884,1849.36614466816,209.895052473763
763.112105393985,1625.65249813572,209.895052473763
770.569226945066,1625.65249813572,209.895052473763
857.568978374347,2008.45140442456,209.895052473763
865.026099925429,1996.02286850609,209.895052473763
994.282873477504,1165.79666915237,209.895052473763
1071.33979617201,1829.48048719861,209.895052473763
1073.8255033557,2229.6793437733,209.895052473763
1073.8255033557,2023.36564752672,209.895052473763
1168.28237633607,2053.19413373105,209.895052473763
1168.28237633607,1648.02386278896,209.895052473763
1275.1677852349,1384.53890131742,224.887556221889
1416.85309470544,760.626398210291,224.887556221889
1426.79592344022,770.569226945066,209.895052473763
1618.19537658464,825.254784986329,224.887556221889
1648.02386278896,698.483718617947,224.887556221889
1916.48023862789,2401.19313944817,224.887556221889
1923.93736017897,1237.88217747949,224.887556221889
1933.88018891375,2401.19313944817,224.887556221889
1991.0514541387,1048.96843151877,224.887556221889
2080.53691275168,1195.6251553567,224.887556221889
2095.45115585384,1205.56798409147,224.887556221889
2087.99403430276,1469.05294556301,209.895052473763
2092.96544867015,1215.51081282625,209.895052473763
2100.42257022123,1225.45364156102,209.895052473763
2110.365398956,1225.45364156102,224.887556221889
2259.50782997763,1242.85359184688,224.887556221889
2398.70743226448,1645.53815560527,209.895052473763
2475.76435495899,1225.45364156102,224.887556221889
134.228187919463,1516.28138205319,224.887556221889
246.085011185682,2281.87919463087,224.887556221889
251.05642555307,315.684812329108,224.887556221889
251.05642555307,2299.27914491673,224.887556221889
308.227690778026,1918.96594581158,224.887556221889
497.141436738752,1866.76609495401,224.887556221889
561.76982351479,1831.9661943823,224.887556221889
569.226945065871,1831.9661943823,224.887556221889
651.255282127765,618.941088739746,224.887556221889
728.312204822272,1859.30897340293,224.887556221889
773.05493412876,1638.08103405419,224.887556221889
773.05493412876,1516.28138205319,224.887556221889
815.311956251554,1983.59433258762,239.880059970015
812.82624906786,574.198359433259,224.887556221889
822.769077802635,1991.0514541387,224.887556221889
1076.3112105394,1841.90902311708,224.887556221889
1078.79691772309,2035.79418344519,224.887556221889
1178.22520507084,1657.96669152374,239.880059970015
1173.25379070346,2063.13696246582,224.887556221889
1275.1677852349,1372.11036539896,224.887556221889
1593.3383047477,154.113845389013,239.880059970015
1630.62391250311,802.883420333085,239.880059970015
1650.50956997266,430.027342779021,224.887556221889
1665.42381307482,427.541635595327,239.880059970015
1702.70942083023,1083.76833209048,239.880059970015
1851.85185185185,392.741735023614,224.887556221889
1864.28038777032,405.170270942083,224.887556221889
1926.42306736266,812.82624906786,224.887556221889
1933.88018891375,815.311956251554,224.887556221889
2073.0797912006,1215.51081282625,224.887556221889
2174.99378573204,1705.19512801392,239.880059970015
2269.4506587124,1250.31071339796,224.887556221889
2339.05045985583,432.513049962714,224.887556221889
2398.70743226448,1486.45289584887,239.880059970015
2416.10738255034,648.769574944072,224.887556221889
72.0855083271191,830.226199353716,239.880059970015
141.685309470544,437.484464330102,239.880059970015
260.999254287845,2296.79343773304,239.880059970015
265.970668655232,313.199105145414,239.880059970015
310.71339796172,260.999254287845,239.880059970015
325.627641063883,256.027839920457,239.880059970015
504.598558289833,1864.28038777032,254.872563718141
661.19811086254,561.76982351479,239.880059970015
681.08376833209,1401.93885160328,239.880059970015
683.569475515784,1416.85309470544,239.880059970015
703.455132985334,1409.39597315436,239.880059970015
728.312204822272,750.683569475516,239.880059970015
720.855083271191,919.711657966692,239.880059970015
725.826497638578,770.569226945066,239.880059970015
770.569226945066,2411.13596818295,254.872563718141
780.512055679841,1516.28138205319,239.880059970015
830.226199353716,1991.0514541387,239.880059970015
1282.62490678598,1374.59607258265,239.880059970015
1287.59632115337,2008.45140442456,254.872563718141
1419.33880188914,775.540641312453,239.880059970015
1483.96718866518,1973.65150385285,254.872563718141
1488.93860303256,1391.99602286851,269.865067466267
1531.19562515536,2184.93661446682,254.872563718141
1593.3383047477,2373.85036042754,269.865067466267
1608.25254784986,2341.53616703952,254.872563718141
1807.10912254536,1451.65299527716,269.865067466267
1856.82326621924,1056.42555306985,254.872563718141
1958.73726075068,464.827243350733,254.872563718141
2115.33681332339,1208.05369127517,239.880059970015
2150.1367138951,700.969425801641,254.872563718141
2160.07954262988,1349.73900074571,254.872563718141
2207.30797912006,705.940840169028,269.865067466267
2274.42207307979,947.054436987323,239.880059970015
2348.9932885906,425.055928411633,239.880059970015
72.0855083271191,822.769077802635,254.872563718141
74.5712155108128,810.340541884166,254.872563718141
146.656723837932,420.084514044246,254.872563718141
268.456375838926,295.799154859558,254.872563718141
303.256276410639,758.140691026597,269.865067466267
313.199105145414,748.197862291822,254.872563718141
410.141685309471,2401.19313944817,254.872563718141
444.941585881183,1379.56748695004,254.872563718141
452.398707432264,1374.59607258265,254.872563718141
494.655729555058,1844.39473030077,254.872563718141
703.455132985334,633.855331841909,254.872563718141
725.826497638578,899.826000497141,254.872563718141
735.769326373353,735.769326373353,254.872563718141
812.82624906786,42.2570221227939,254.872563718141
1245.33929903057,1478.99577429779,269.865067466267
1287.59632115337,1730.05219985086,269.865067466267
1300.02485707184,1725.08078548347,269.865067466267
1461.59582401193,969.425801640567,254.872563718141
1608.25254784986,2383.79318916232,269.865067466267
1687.79517772806,1103.65398956003,269.865067466267
1822.02336564753,2142.67959234402,254.872563718141
1836.93760874969,2132.73676360925,269.865067466267
1844.39473030077,492.170022371365,269.865067466267
1976.13721103654,2095.45115585384,269.865067466267
2107.87969177231,1869.25180213771,254.872563718141
2115.33681332339,1225.45364156102,254.872563718141
2172.50807854835,1337.31046482724,269.865067466267
2179.96520009943,226.199353716132,269.865067466267
2433.50733283619,1772.30922197365,269.865067466267
2438.47874720358,1787.22346507581,269.865067466267
69.5998011434253,832.71190653741,269.865067466267
89.4854586129754,1001.73999502859,269.865067466267
295.799154859558,768.083519761372,269.865067466267
427.541635595327,2393.73601789709,284.857571214393
442.455878697489,2383.79318916232,269.865067466267
651.255282127765,1024.11135968183,269.865067466267
700.969425801641,641.31245339299,269.865067466267
710.912254536416,2120.30822769078,269.865067466267
718.369376087497,912.25453641561,269.865067466267
763.112105393985,2132.73676360925,269.865067466267
807.854834700472,54.6855580412627,269.865067466267
999.254287844892,208.799403430276,269.865067466267
999.254287844892,343.027591349739,269.865067466267
1009.19711657967,193.885160328113,269.865067466267
1053.93984588615,1441.71016654238,269.865067466267
1374.59607258265,1876.70892368879,269.865067466267
1610.73825503356,365.398956002983,269.865067466267
1702.70942083023,1362.16753666418,269.865067466267
1700.22371364653,1374.59607258265,284.857571214393
1826.99478001491,1290.08202833706,284.857571214393
2102.90827740492,1856.82326621924,269.865067466267
2127.76534924186,265.970668655232,269.865067466267
2130.25105642555,253.542132736764,269.865067466267
2331.59333830475,1623.16679095203,299.850074962519
2421.07879691772,1414.36738752175,284.857571214393
57.1712652249565,840.169028088491,284.857571214393
62.142679592344,1126.02535421327,299.850074962519
72.0855083271191,1138.45389013174,299.850074962519
77.0569226945066,1006.71140939597,284.857571214393
280.884911757395,775.540641312453,284.857571214393
631.369624658215,283.370618941089,299.850074962519
628.883917474521,1039.02560278399,284.857571214393
638.826746209297,1031.56848123291,284.857571214393
708.426547352722,2127.76534924186,299.850074962519
705.940840169028,919.711657966692,284.857571214393
738.255033557047,203.827989062888,314.842578710645
735.769326373353,216.256524981357,299.850074962519
753.16927665921,2142.67959234402,284.857571214393
760.626398210291,2421.07879691772,284.857571214393
768.083519761372,2142.67959234402,284.857571214393
792.94059159831,62.142679592344,284.857571214393
986.825751926423,216.256524981357,284.857571214393
989.311459110117,347.999005717127,299.850074962519
996.768580661198,198.856574695501,284.857571214393
1041.51130996769,1451.65299527716,284.857571214393
1270.19637086751,976.882923191648,299.850074962519
1364.65324384787,1874.2232165051,284.857571214393
1451.65299527716,976.882923191648,284.857571214393
1603.28113348248,367.884663186677,284.857571214393
1677.85234899329,1101.16828237634,284.857571214393
1695.25229927915,1362.16753666418,284.857571214393
1722.59507829978,1864.28038777032,299.850074962519
1742.48073576933,1856.82326621924,299.850074962519
1829.48048719861,499.627143922446,284.857571214393
1829.48048719861,2132.73676360925,284.857571214393
1901.56599552573,320.656226696495,299.850074962519
1951.2801391996,469.798657718121,284.857571214393
2035.79418344519,318.170519512801,299.850074962519
2095.45115585384,1856.82326621924,284.857571214393
2115.33681332339,263.484961471539,284.857571214393
2120.30822769078,251.05642555307,284.857571214393
2160.07954262988,559.284116331096,299.850074962519
2170.02237136465,231.17076808352,284.857571214393
2242.10787969177,909.768829231916,314.842578710645
2329.10763112105,1849.36614466816,284.857571214393
2331.59333830475,1906.53740989311,299.850074962519
2431.0216256525,1128.51106139697,299.850074962519
64.6283867760378,1998.50857568978,299.850074962519
166.542381307482,1481.48148148148,299.850074962519
367.884663186677,1876.70892368879,314.842578710645
380.313199105145,817.797663435247,314.842578710645
392.741735023614,671.140939597315,314.842578710645
412.627392493164,2063.13696246582,314.842578710645
631.369624658215,2329.10763112105,329.835082458771
686.055182699478,2160.07954262988,314.842578710645
991.797166293811,290.82774049217,314.842578710645
1168.28237633607,1802.13770817798,314.842578710645
1190.65374098931,1797.16629381059,314.842578710645
1404.42455878698,1384.53890131742,314.842578710645
1409.39597315436,2301.76485210042,314.842578710645
1633.1096196868,310.71339796172,329.835082458771
1916.48023862789,2291.82202336565,314.842578710645
1926.42306736266,2301.76485210042,314.842578710645
2234.65075814069,713.397961720109,329.835082458771
2.48570718369376,1774.79492915735,314.842578710645
72.0855083271191,1996.02286850609,314.842578710645
380.313199105145,830.226199353716,314.842578710645
397.713149391002,658.712403678847,314.842578710645
541.88416604524,763.112105393985,329.835082458771
549.341287596321,1675.36664180959,314.842578710645
621.42679592344,1101.16828237634,314.842578710645
643.798160576684,2348.9932885906,329.835082458771
658.712403678847,2371.36465324385,329.835082458771
738.255033557047,479.741486452896,329.835082458771
745.712155108128,243.599304001989,314.842578710645
815.311956251554,2025.85135471042,329.835082458771
952.02585135471,1414.36738752175,314.842578710645
984.340044742729,2048.22271936366,329.835082458771
1091.22545364156,49.7141436738752,329.835082458771
1121.05393984589,869.997514292816,329.835082458771
1173.25379070346,2000.99428287348,344.827586206897
2130.25105642555,1998.50857568978,329.835082458771
2152.6224210788,561.76982351479,314.842578710645
2237.13646532438,1826.99478001491,329.835082458771
288.342033308476,1737.50932140194,344.827586206897
355.456127268208,2204.82227193637,359.820089955023
469.798657718121,1429.28163062391,329.835082458771
482.22719363659,1429.28163062391,344.827586206897
728.312204822272,241.113596818295,329.835082458771
763.112105393985,2311.7076808352,344.827586206897
805.369127516779,2025.85135471042,329.835082458771
937.111608252548,521.99850857569,344.827586206897
1081.28262490679,922.197365150385,344.827586206897
1190.65374098931,1029.08277404922,329.835082458771
1399.45314441959,887.397464578673,344.827586206897
1588.36689038031,2020.87994034303,329.835082458771
1598.30971911509,2010.93711160825,329.835082458771
1643.05244842158,1672.8809346259,344.827586206897
1662.93810589113,994.282873477504,344.827586206897
1732.53790703455,1337.31046482724,344.827586206897
1749.93785732041,1329.85334327616,344.827586206897
1991.0514541387,1203.08227690778,329.835082458771
1993.5371613224,1188.16803380562,329.835082458771
2050.70842654735,400.198856574696,344.827586206897
2152.6224210788,1916.48023862789,344.827586206897
2373.85036042754,1225.45364156102,344.827586206897
12.4285359184688,1123.53964702958,374.812593703148
357.941834451902,897.340293313448,344.827586206897
362.913248819289,2217.25080785483,344.827586206897
380.313199105145,469.798657718121,359.820089955023
400.198856574696,432.513049962714,344.827586206897
410.141685309471,422.570221227939,344.827586206897
442.455878697489,1175.73949788715,359.820089955023
591.598309719115,188.913745960726,359.820089955023
589.112602535421,310.71339796172,359.820089955023
606.512552821278,318.170519512801,359.820089955023
668.655232413622,2097.93686303753,359.820089955023
735.769326373353,241.113596818295,344.827586206897
753.16927665921,494.655729555058,344.827586206897
760.626398210291,106.885408898832,359.820089955023
949.540144171017,526.969922943077,344.827586206897
1098.68257519264,601.54113845389,374.812593703148
1158.33954760129,1217.99652000994,359.820089955023
1173.25379070346,1227.93934874472,359.820089955023
1210.53939845886,1036.5398956003,344.827586206897
1404.42455878698,2259.50782997763,359.820089955023
1414.36738752175,2266.96495152871,344.827586206897
1521.25279642058,1344.76758637832,344.827586206897
1526.22421078797,1332.33905045986,344.827586206897
1672.8809346259,989.311459110117,344.827586206897
1792.1948794432,494.655729555058,344.827586206897
1831.9661943823,377.827491921452,344.827586206897
1831.9661943823,1165.79666915237,359.820089955023
1836.93760874969,362.913248819289,344.827586206897
1836.93760874969,1180.71091225454,359.820089955023
1839.42331593338,1856.82326621924,344.827586206897
1846.88043748446,1173.25379070346,359.820089955023
1851.85185185185,1854.33755903555,344.827586206897
1971.16579666915,1881.68033805618,359.820089955023
2080.53691275168,1121.05393984589,359.820089955023
2097.93686303753,2020.87994034303,359.820089955023
2115.33681332339,1096.19686800895,359.820089955023
2286.85060899826,586.626895351728,359.820089955023
34.7999005717127,1391.99602286851,374.812593703148
188.913745960726,1797.16629381059,374.812593703148
333.084762614964,2013.42281879195,374.812593703148
355.456127268208,2222.22222222222,359.820089955023
601.54113845389,1518.76708923689,374.812593703148
621.42679592344,1700.22371364653,374.812593703148
638.826746209297,2259.50782997763,374.812593703148
745.712155108128,121.799652000994,374.812593703148
755.654983842903,121.799652000994,374.812593703148
882.426050211285,646.283867760378,389.805097451274
942.083022619935,1078.79691772309,374.812593703148
984.340044742729,745.712155108128,374.812593703148
1140.93959731544,1215.51081282625,374.812593703148
1148.39671886652,1232.91076311211,374.812593703148
1158.33954760129,1250.31071339796,359.820089955023
1195.6251553567,1029.08277404922,359.820089955023
1198.11086254039,1031.56848123291,359.820089955023
1352.22470792941,1135.96818294805,374.812593703148
1396.96743723589,1580.90976882923,374.812593703148
1657.96669152374,193.885160328113,374.812593703148
1670.39522744221,494.655729555058,374.812593703148
1675.36664180959,482.22719363659,374.812593703148
1884.16604523987,1091.22545364156,374.812593703148
1904.05170270942,1098.68257519264,374.812593703148
1909.02311707681,1111.11111111111,389.805097451274
1911.5088242605,1523.73850360428,374.812593703148
1921.45165299528,1521.25279642058,374.812593703148
2117.82252050708,1083.76833209048,359.820089955023
2242.10787969177,385.284613472533,374.812593703148
2259.50782997763,380.313199105145,374.812593703148
2321.65050956997,1660.45239870743,374.812593703148
186.428038777032,1807.10912254536,374.812593703148
231.17076808352,1951.2801391996,389.805097451274
340.541884166045,1978.62291822023,404.7976011994
347.999005717127,2008.45140442456,389.805097451274
352.970420084514,1966.19438230176,374.812593703148
357.941834451902,1983.59433258762,374.812593703148
390.25602783992,835.197613721104,404.7976011994
952.02585135471,1066.36838180462,374.812593703148
999.254287844892,738.255033557047,389.805097451274
1143.42530449913,1262.73924931643,389.805097451274
1163.31096196868,802.883420333085,374.812593703148
1178.22520507084,2202.33656475267,374.812593703148
1188.16803380562,236.142182450907,389.805097451274
1364.65324384787,1083.76833209048,389.805097451274
1369.62465821526,1121.05393984589,374.812593703148
1369.62465821526,1595.82401193139,374.812593703148
1387.02460850112,1600.79542629878,374.812593703148
1444.19587372608,1185.68232662192,374.812593703148
1449.16728809346,1817.05195128014,374.812593703148
1563.50981854338,161.570966940094,374.812593703148
1573.45264727815,2271.9363658961,374.812593703148
1672.8809346259,2254.53641561024,374.812593703148
1846.88043748446,228.685060899826,389.805097451274
1879.19463087248,1039.02560278399,404.7976011994
1884.16604523987,1106.13969674372,374.812593703148
2075.56549838429,1068.85408898832,389.805097451274
2224.70792940592,1546.10986825752,374.812593703148
12.4285359184688,1523.73850360428,404.7976011994
464.827243350733,1595.82401193139,404.7976011994
514.541387024609,628.883917474521,404.7976011994
589.112602535421,1635.59532687049,404.7976011994
884.911757394979,673.626646781009,389.805097451274
1073.8255033557,91.9711657966692,404.7976011994
1170.76808351976,1377.08177976634,404.7976011994
1183.19661943823,1362.16753666418,389.805097451274
1379.56748695004,1595.82401193139,389.805097451274
1396.96743723589,1603.28113348248,389.805097451274
1429.28163062391,2341.53616703952,404.7976011994
1454.13870246085,1185.68232662192,389.805097451274
1456.62440964454,1175.73949788715,389.805097451274
1456.62440964454,1817.05195128014,404.7976011994
1474.0243599304,1782.25205070843,404.7976011994
1575.93835446184,161.570966940094,389.805097451274
1575.93835446184,760.626398210291,404.7976011994
1585.88118319662,2274.42207307979,389.805097451274
1680.33805617698,1493.91001739995,404.7976011994
1891.62316679095,1106.13969674372,389.805097451274
2090.47974148645,1073.8255033557,404.7976011994
2237.13646532438,1548.59557544121,389.805097451274
2249.56500124285,385.284613472533,389.805097451274
2341.53616703952,1667.90952025851,389.805097451274
17.3999502858563,1329.85334327616,404.7976011994
347.999005717127,1849.36614466816,434.782608695652
606.512552821278,1640.56674123788,404.7976011994
693.512304250559,2269.4506587124,419.790104947526
1024.11135968183,1329.85334327616,419.790104947526
1076.3112105394,591.598309719115,419.790104947526
1118.56823266219,193.885160328113,404.7976011994
1153.36813323391,1287.59632115337,419.790104947526
1287.59632115337,221.227939348745,404.7976011994
1332.33905045986,2232.165050957,419.790104947526
1339.79617201094,544.369873228934,419.790104947526
1349.73900074571,551.826994780015,404.7976011994
1362.16753666418,1319.91051454139,404.7976011994
1362.16753666418,1426.79592344022,419.790104947526
1372.11036539896,1419.33880188914,419.790104947526
1538.65274670644,467.312950534427,419.790104947526
1648.02386278896,270.94208302262,419.790104947526
1904.05170270942,1096.19686800895,404.7976011994
1936.36589609744,283.370618941089,419.790104947526
2058.16554809843,768.083519761372,419.790104947526
2147.65100671141,840.169028088491,419.790104947526
2279.39348744718,529.455630126771,404.7976011994
9.94282873477504,1329.85334327616,419.790104947526
94.4568729803629,1551.08128262491,419.790104947526
106.885408898832,1558.53840417599,419.790104947526
293.313447675864,623.912503107134,434.782608695652
335.570469798658,658.712403678847,434.782608695652
362.913248819289,1831.9661943823,419.790104947526
472.284364901815,392.741735023614,434.782608695652
571.712652249565,1635.59532687049,419.790104947526
599.055431270196,1640.56674123788,419.790104947526
631.369624658215,367.884663186677,434.782608695652
1068.85408898832,1717.62366393239,419.790104947526
1143.42530449913,1409.39597315436,419.790104947526
1280.13919960229,221.227939348745,434.782608695652
1295.05344270445,884.911757394979,419.790104947526
1297.53914988814,894.854586129754,419.790104947526
1362.16753666418,820.283370618941,434.782608695652
1404.42455878698,778.026348496147,434.782608695652
1416.85309470544,1362.16753666418,434.782608695652
1429.28163062391,1362.16753666418,434.782608695652
1454.13870246085,2165.05095699727,419.790104947526
1526.22421078797,464.827243350733,434.782608695652
1528.70991797166,2261.99353716132,419.790104947526
1568.48123291076,760.626398210291,419.790104947526
1578.42406164554,606.512552821278,419.790104947526
1690.28088491176,966.940094456873,434.782608695652
1695.25229927915,979.368630375342,434.782608695652
1874.2232165051,233.656475267214,434.782608695652
2053.19413373105,1260.25354213274,434.782608695652
2266.96495152871,733.283619189659,434.782608695652
2271.9363658961,531.941337310465,419.790104947526
275.913497390007,952.02585135471,449.775112443778
700.969425801641,884.911757394979,449.775112443778
785.483470047228,1001.73999502859,434.782608695652
805.369127516779,984.340044742729,464.767616191904
1046.48272433507,1140.93959731544,449.775112443778
1073.8255033557,1712.652249565,434.782608695652
1108.62540392742,2373.85036042754,434.782608695652
1126.02535421327,2378.82177479493,434.782608695652
1459.11011682824,2155.10812826249,434.782608695652
1692.76659209545,1884.16604523987,449.775112443778
1784.73775789212,1541.13845389013,449.775112443778
1854.33755903555,996.768580661198,449.775112443778
1906.53740989311,1086.25403927417,449.775112443778
1921.45165299528,1083.76833209048,449.775112443778
2252.05070842655,735.769326373353,449.775112443778
109.371116082525,1575.93835446184,449.775112443778
636.341039025603,2209.79368630375,449.775112443778
693.512304250559,673.626646781009,464.767616191904
703.455132985334,1578.42406164554,479.76011994003
914.740243599304,725.826497638578,464.767616191904
1128.51106139697,599.055431270196,449.775112443778
1160.82525478499,1620.68108376833,449.775112443778
1175.73949788715,1628.13820531941,449.775112443778
1188.16803380562,1764.85210042257,449.775112443778
1193.13944817301,1752.4235645041,449.775112443778
1222.96793437733,96.9425801640567,449.775112443778
1421.82450907283,2232.165050957,449.775112443778
1511.30996768581,1757.39497887149,449.775112443778
1603.28113348248,2058.16554809843,449.775112443778
2242.10787969177,1001.73999502859,449.775112443778
2242.10787969177,1011.68282376336,449.775112443778
2247.07929405916,1019.13994531444,449.775112443778
2254.53641561024,1024.11135968183,449.775112443778
2266.96495152871,991.797166293811,449.775112443778
2274.42207307979,1001.73999502859,449.775112443778
121.799652000994,1573.45264727815,464.767616191904
216.256524981357,1536.16703952274,479.76011994003
288.342033308476,780.512055679841,479.76011994003
343.027591349739,656.226696495153,464.767616191904
497.141436738752,984.340044742729,479.76011994003
529.455630126771,867.511807109123,464.767616191904
539.398458861546,872.48322147651,464.767616191904
608.998260004971,956.997265722098,464.767616191904
688.540889883172,1598.30971911509,464.767616191904
700.969425801641,1608.25254784986,479.76011994003
710.912254536416,1600.79542629878,464.767616191904
713.397961720109,882.426050211285,464.767616191904
723.340790454884,1543.62416107383,464.767616191904
919.711657966692,740.740740740741,464.767616191904
1009.19711657967,2018.39423315933,479.76011994003
1058.91126025354,1140.93959731544,464.767616191904
1143.42530449913,599.055431270196,464.767616191904
1175.73949788715,1618.19537658464,464.767616191904
1188.16803380562,1623.16679095203,464.767616191904
1240.36788466319,99.4282873477504,464.767616191904
1339.79617201094,534.427044494159,464.767616191904
1339.79617201094,544.369873228934,479.76011994003
1372.11036539896,820.283370618941,464.767616191904
1419.33880188914,778.026348496147,464.767616191904
1434.2530449913,2234.65075814069,479.76011994003
1521.25279642058,1757.39497887149,464.767616191904
1618.19537658464,2055.67984091474,479.76011994003
1702.70942083023,966.940094456873,464.767616191904
1727.56649266716,1603.28113348248,479.76011994003
1804.62341536167,1536.16703952274,464.767616191904
1866.76609495401,996.768580661198,464.767616191904
1884.16604523987,233.656475267214,479.76011994003
2130.25105642555,623.912503107134,479.76011994003
2182.45090728312,1610.73825503356,479.76011994003
2254.53641561024,1004.22570221228,464.767616191904
2259.50782997763,1016.65423813075,464.767616191904
2276.90778026349,735.769326373353,464.767616191904
536.912751677852,2000.99428287348,509.745127436282
715.883668903803,1046.48272433507,479.76011994003
728.312204822272,1951.2801391996,494.752623688156
743.226447924435,1116.0825254785,479.76011994003
850.111856823266,472.284364901815,479.76011994003
855.083271190654,457.370121799652,479.76011994003
877.454635843898,233.656475267214,479.76011994003
1004.22570221228,1986.08003977131,494.752623688156
1570.96694009446,1372.11036539896,494.752623688156
1625.65249813572,1300.02485707184,479.76011994003
1633.1096196868,1307.48197862292,494.752623688156
1705.19512801392,1603.28113348248,494.752623688156
1707.68083519761,1633.1096196868,494.752623688156
1794.6805866269,1797.16629381059,479.76011994003
1849.36614466816,278.399204573701,494.752623688156
1923.93736017897,1804.62341536167,479.76011994003
2261.99353716132,822.769077802635,494.752623688156
201.342281879195,1391.99602286851,494.752623688156
238.627889634601,1205.56798409147,509.745127436282
343.027591349739,991.797166293811,509.745127436282
529.455630126771,2015.90852597564,509.745127436282
743.226447924435,1103.65398956003,494.752623688156
879.940343027591,238.627889634601,509.745127436282
937.111608252548,1869.25180213771,509.745127436282
1019.13994531444,251.05642555307,509.745127436282
1188.16803380562,1111.11111111111,524.737631184408
1185.68232662192,1118.56823266219,494.752623688156
1561.02411135968,1372.11036539896,494.752623688156
1565.99552572707,1379.56748695004,494.752623688156
1613.22396221725,1307.48197862292,494.752623688156
1675.36664180959,1538.65274670644,524.737631184408
1690.28088491176,1610.73825503356,509.745127436282
1720.10937111608,1610.73825503356,494.752623688156
1797.16629381059,1792.1948794432,494.752623688156
1829.48048719861,407.655978125777,509.745127436282
1839.42331593338,270.94208302262,494.752623688156
1913.9945314442,1802.13770817798,494.752623688156
1913.9945314442,1814.56624409645,494.752623688156
1986.08003977131,579.169773800646,494.752623688156
2157.59383544618,1481.48148148148,509.745127436282
288.342033308476,966.940094456873,524.737631184408
686.055182699478,519.512801391996,509.745127436282
693.512304250559,519.512801391996,524.737631184408
956.997265722098,1307.48197862292,524.737631184408
1116.0825254785,1769.82351478996,524.737631184408
1138.45389013174,904.797414864529,524.737631184408
1603.28113348248,1307.48197862292,509.745127436282
1695.25229927915,1404.42455878698,524.737631184408
1787.22346507581,1792.1948794432,509.745127436282
1819.53765846383,1220.48222719364,524.737631184408
1829.48048719861,270.94208302262,509.745127436282
1904.05170270942,1812.08053691275,509.745127436282
1976.13721103654,581.65548098434,509.745127436282
382.798906288839,1620.68108376833,539.730134932534
425.055928411633,1053.93984588615,554.72263868066
551.826994780015,1916.48023862789,539.730134932534
569.226945065871,1911.5088242605,539.730134932534
907.283122048223,942.083022619935,554.72263868066
932.14019388516,991.797166293811,539.730134932534
947.054436987323,986.825751926423,539.730134932534
1011.68282376336,1871.7375093214,539.730134932534
1165.79666915237,1749.93785732041,539.730134932534
1787.22346507581,1247.82500621427,539.730134932534
1836.93760874969,1217.99652000994,524.737631184408
1849.36614466816,1242.85359184688,539.730134932534
1904.05170270942,966.940094456873,539.730134932534
434.998757146408,1034.0541884166,554.72263868066
479.741486452896,1727.56649266716,554.72263868066
484.712900820283,1493.91001739995,554.72263868066
561.76982351479,1921.45165299528,539.730134932534
591.598309719115,1913.9945314442,539.730134932534
909.768829231916,805.369127516779,569.715142428786
1588.36689038031,1078.79691772309,554.72263868066
1859.30897340293,887.397464578673,554.72263868066
497.141436738752,1491.42431021626,569.715142428786
1173.25379070346,1660.45239870743,569.715142428786
1290.08202833706,1695.25229927915,569.715142428786
1302.51056425553,1702.70942083023,569.715142428786
1382.05319413373,313.199105145414,584.707646176912
1421.82450907283,422.570221227939,569.715142428786
1655.48098434004,1449.16728809346,569.715142428786
1667.90952025851,1451.65299527716,554.72263868066
1762.36639323888,1854.33755903555,569.715142428786
1792.1948794432,698.483718617947,569.715142428786
1839.42331593338,1220.48222719364,554.72263868066
2015.90852597564,1230.42505592841,569.715142428786
2075.56549838429,959.482972905792,584.707646176912
479.741486452896,1503.85284613473,569.715142428786
671.140939597315,1829.48048719861,584.707646176912
765.597812577678,1685.30947054437,584.707646176912
939.597315436242,1640.56674123788,584.707646176912
1133.48247576436,569.226945065871,584.707646176912
1314.939100174,1439.22445935869,584.707646176912
1598.30971911509,467.312950534427,599.700149925038
1638.08103405419,1093.71116082525,584.707646176912
1680.33805617698,1886.65175242356,584.707646176912
1700.22371364653,1362.16753666418,584.707646176912
1747.45215013671,1831.9661943823,584.707646176912
1874.2232165051,641.31245339299,584.707646176912
2075.56549838429,1394.4817300522,569.715142428786
2127.76534924186,1265.22495650012,584.707646176912
469.798657718121,1503.85284613473,584.707646176912
469.798657718121,1732.53790703455,584.707646176912
477.255779269202,1491.42431021626,584.707646176912
663.683818046234,1839.42331593338,584.707646176912
1071.33979617201,763.112105393985,599.700149925038
1165.79666915237,1662.93810589113,584.707646176912
1319.91051454139,1449.16728809346,584.707646176912
1334.82475764355,1436.73875217499,599.700149925038
1357.19612229679,755.654983842903,599.700149925038
1357.19612229679,743.226447924435,599.700149925038
1384.53890131742,1488.93860303256,599.700149925038
1630.62391250311,658.712403678847,584.707646176912
1655.48098434004,1086.25403927417,599.700149925038
1695.25229927915,1886.65175242356,584.707646176912
1802.13770817798,691.026597066866,584.707646176912
1809.59482972906,613.969674372359,599.700149925038
1809.59482972906,623.912503107134,599.700149925038
1829.48048719861,1752.4235645041,584.707646176912
1846.88043748446,1009.19711657967,629.685157421289
2023.36564752672,1232.91076311211,584.707646176912
534.427044494159,1222.96793437733,614.692653673163
631.369624658215,1337.31046482724,599.700149925038
641.31245339299,1347.25329356202,599.700149925038
770.569226945066,1682.82376336068,599.700149925038
1118.56823266219,1956.25155356699,629.685157421289
1126.02535421327,489.684315187671,614.692653673163
1332.33905045986,1449.16728809346,599.700149925038
1396.96743723589,1474.0243599304,599.700149925038
1541.13845389013,837.683320904797,614.692653673163
1603.28113348248,949.540144171017,629.685157421289
1628.13820531941,668.655232413622,599.700149925038
1638.08103405419,658.712403678847,599.700149925038
1645.53815560527,1091.22545364156,599.700149925038
1687.79517772806,1889.13745960726,599.700149925038
1700.22371364653,1881.68033805618,599.700149925038
1705.19512801392,1886.65175242356,599.700149925038
1764.85210042257,1846.88043748446,599.700149925038
1836.93760874969,1742.48073576933,599.700149925038
1839.42331593338,1754.9092716878,599.700149925038
507.084265473527,1349.73900074571,629.685157421289
524.484215759384,1352.22470792941,629.685157421289
631.369624658215,1670.39522744221,629.685157421289
792.94059159831,1382.05319413373,614.692653673163
1150.88242605021,698.483718617947,629.685157421289
1250.31071339796,952.02585135471,629.685157421289
1277.65349241859,646.283867760378,614.692653673163
1533.68133233905,840.169028088491,629.685157421289
1702.70942083023,959.482972905792,629.685157421289
1730.05219985086,1436.73875217499,629.685157421289
1812.08053691275,1367.13895103157,644.677661169415
1978.62291822023,1160.82525478499,629.685157421289
1501.36713895103,628.883917474521,644.677661169415
1615.70966940094,949.540144171017,629.685157421289
1695.25229927915,1414.36738752175,659.670164917541
1715.13795674869,1406.91026597067,644.677661169415
1715.13795674869,1429.28163062391,644.677661169415
1856.82326621924,1026.59706686552,659.670164917541
790.454884414616,1145.91101168282,659.670164917541
792.94059159831,1382.05319413373,644.677661169415
952.02585135471,879.940343027591,644.677661169415
1126.02535421327,1476.51006711409,659.670164917541
1138.45389013174,1481.48148148148,644.677661169415
1140.93959731544,1471.53865274671,644.677661169415
1145.91101168282,991.797166293811,644.677661169415
1245.33929903057,691.026597066866,644.677661169415
1267.71066368382,1205.56798409147,674.662668665667
1275.1677852349,646.283867760378,644.677661169415
1394.4817300522,1150.88242605021,659.670164917541
1449.16728809346,939.597315436242,674.662668665667
1730.05219985086,1416.85309470544,644.677661169415
1834.451901566,1374.59607258265,659.670164917541
780.512055679841,1138.45389013174,689.655172413793
939.597315436242,877.454635843898,659.670164917541
1036.5398956003,1138.45389013174,689.655172413793
1076.3112105394,1799.65200099428,659.670164917541
1108.62540392742,1483.96718866518,674.662668665667
1133.48247576436,984.340044742729,674.662668665667
1235.3964702958,1200.59656972409,689.655172413793
1260.25354213274,1193.13944817301,689.655172413793
1464.08153119563,932.14019388516,659.670164917541
1543.62416107383,768.083519761372,689.655172413793
1722.59507829978,1436.73875217499,659.670164917541
817.797663435247,1600.79542629878,674.662668665667
825.254784986329,1590.85259756401,674.662668665667
947.054436987323,822.769077802635,689.655172413793
974.397216007954,865.026099925429,689.655172413793
1034.0541884166,797.912005965697,689.655172413793
1046.48272433507,792.94059159831,689.655172413793
1123.53964702958,986.825751926423,674.662668665667
1128.51106139697,994.282873477504,674.662668665667
1230.42505592841,1185.68232662192,689.655172413793
1245.33929903057,1190.65374098931,689.655172413793
1459.11011682824,927.168779517773,674.662668665667
795.426298782004,1598.30971911509,689.655172413793
802.883420333085,1588.36689038031,689.655172413793
837.683320904797,1404.42455878698,689.655172413793
1056.42555306985,1794.6805866269,689.655172413793
1088.73974645787,1481.48148148148,689.655172413793
1031.56848123291,1332.33905045986,719.640179910045
1364.65324384787,1034.0541884166,719.640179910045
1493.91001739995,1466.56723837932,719.640179910045
1220.48222719364,1190.65374098931,719.640179910045
1232.91076311211,1175.73949788715,719.640179910045
