7.45712155108128,484.712900820283,14.9925037481259
14.9142431021626,474.770072085508,14.9925037481259
12.4285359184688,1692.76659209545,14.9925037481259
19.8856574695501,1682.82376336068,14.9925037481259
29.8284862043251,1677.85234899329,14.9925037481259
32.3141933880189,1660.45239870743,14.9925037481259
69.5998011434253,467.312950534427,14.9925037481259
79.5426298782003,462.34153616704,14.9925037481259
288.342033308476,173.999502858563,14.9925037481259
298.284862043251,2083.02261993537,14.9925037481259
318.170519512801,2125.27964205817,14.9925037481259
335.570469798658,2112.8511061397,14.9925037481259
360.427541635595,2443.45016157097,14.9925037481259
464.827243350733,862.540392741735,14.9925037481259
467.312950534427,884.911757394979,14.9925037481259
536.912751677852,4.97141436738752,14.9925037481259
564.255530698484,62.142679592344,14.9925037481259
579.169773800646,484.712900820283,14.9925037481259
802.883420333085,1926.42306736266,29.9850074962519
825.254784986329,1332.33905045986,14.9925037481259
857.568978374347,1344.76758637832,14.9925037481259
860.054685558041,1352.22470792941,14.9925037481259
877.454635843898,1337.31046482724,14.9925037481259
889.883171762366,350.48471290082,29.9850074962519
892.36887894606,1337.31046482724,14.9925037481259
899.826000497141,372.856077554064,29.9850074962519
894.854586129754,1307.48197862292,14.9925037481259
902.311707680835,333.084762614964,29.9850074962519
899.826000497141,1367.13895103157,14.9925037481259
919.711657966692,352.970420084514,29.9850074962519
929.654486701467,355.456127268208,14.9925037481259
937.111608252548,2097.93686303753,44.9775112443778
937.111608252548,355.456127268208,29.9850074962519
944.568729803629,367.884663186677,14.9925037481259
949.540144171017,1416.85309470544,14.9925037481259
969.425801640567,1429.28163062391,14.9925037481259
1068.85408898832,350.48471290082,14.9925037481259
1108.62540392742,340.541884166045,14.9925037481259
1121.05393984589,333.084762614964,14.9925037481259
1297.53914988814,872.48322147651,29.9850074962519
1307.48197862292,835.197613721104,14.9925037481259
1307.48197862292,860.054685558041,14.9925037481259
1327.36763609247,835.197613721104,29.9850074962519
1327.36763609247,1749.93785732041,14.9925037481259
1342.28187919463,1772.30922197365,14.9925037481259
1384.53890131742,1742.48073576933,14.9925037481259
1391.99602286851,1764.85210042257,14.9925037481259
1391.99602286851,1737.50932140194,14.9925037481259
1426.79592344022,1610.73825503356,14.9925037481259
1441.71016654238,328.113348247576,29.9850074962519
1451.65299527716,830.226199353716,14.9925037481259
1459.11011682824,338.056176982351,29.9850074962519
1471.53865274671,852.59756400696,14.9925037481259
1491.42431021626,2112.8511061397,14.9925037481259
1496.39572458364,2097.93686303753,14.9925037481259
1538.65274670644,186.428038777032,29.9850074962519
1546.10986825752,149.142431021626,14.9925037481259
1590.85259756401,124.285359184688,29.9850074962519
1590.85259756401,151.628138205319,14.9925037481259
1595.82401193139,191.39945314442,14.9925037481259
1717.62366393239,457.370121799652,14.9925037481259
1737.50932140194,487.198608003977,14.9925037481259
1757.39497887149,459.855828983346,14.9925037481259
1971.16579666915,904.797414864529,29.9850074962519
2008.45140442456,683.569475515784,14.9925037481259
2015.90852597564,683.569475515784,14.9925037481259
2018.39423315933,17.3999502858563,29.9850074962519
2020.87994034303,728.312204822272,14.9925037481259
2055.67984091474,129.256773552076,29.9850074962519
2063.13696246582,24.8570718369376,29.9850074962519
2073.0797912006,845.140442455879,14.9925037481259
2087.99403430276,817.797663435247,14.9925037481259
2413.62167536664,1956.25155356699,14.9925037481259
2450.90728312205,1988.56574695501,14.9925037481259
2458.36440467313,1971.16579666915,14.9925037481259
2465.82152622421,439.970171513796,29.9850074962519
2470.7929405916,420.084514044246,29.9850074962519
4.97141436738752,1705.19512801392,29.9850074962519
236.142182450907,2020.87994034303,44.9775112443778
310.71339796172,2406.16455381556,44.9775112443778
313.199105145414,2393.73601789709,29.9850074962519
415.113099676858,2068.10837683321,44.9775112443778
425.055928411633,2065.62266964952,29.9850074962519
497.141436738752,780.512055679841,29.9850074962519
504.598558289833,765.597812577678,29.9850074962519
541.88416604524,4.97141436738752,29.9850074962519
768.083519761372,1036.5398956003,29.9850074962519
912.25453641561,365.398956002983,29.9850074962519
924.683072334079,367.884663186677,29.9850074962519
1623.16679095203,2013.42281879195,44.9775112443778
1742.48073576933,1024.11135968183,44.9775112443778
1749.93785732041,1014.16853094705,44.9775112443778
2010.93711160825,922.197365150385,44.9775112443778
2040.76559781258,42.2570221227939,29.9850074962519
2068.10837683321,2306.73626646781,29.9850074962519
2080.53691275168,2304.25055928412,29.9850074962519
2202.33656475267,1754.9092716878,29.9850074962519
2212.27939348745,1764.85210042257,29.9850074962519
47.2284364901815,802.883420333085,59.9700149925037
89.4854586129754,1091.22545364156,59.9700149925037
86.9997514292816,1078.79691772309,44.9775112443778
246.085011185682,1242.85359184688,44.9775112443778
427.541635595327,474.770072085508,44.9775112443778
432.513049962714,459.855828983346,44.9775112443778
482.22719363659,768.083519761372,44.9775112443778
526.969922943077,1337.31046482724,44.9775112443778
623.912503107134,626.398210290828,44.9775112443778
681.08376833209,805.369127516779,44.9775112443778
874.968928660204,360.427541635595,44.9775112443778
1041.51130996769,9.94282873477504,44.9775112443778
1058.91126025354,4.97141436738752,59.9700149925037
1193.13944817301,889.883171762366,59.9700149925037
1312.45339299031,1140.93959731544,44.9775112443778
1387.02460850112,288.342033308476,44.9775112443778
1548.59557544121,1901.56599552573,44.9775112443778
1648.02386278896,1290.08202833706,44.9775112443778
1662.93810589113,1292.56773552076,59.9700149925037
1909.02311707681,2137.70817797663,44.9775112443778
1956.25155356699,49.7141436738752,44.9775112443778
1971.16579666915,1926.42306736266,44.9775112443778
1996.02286850609,907.283122048223,59.9700149925037
2053.19413373105,1476.51006711409,59.9700149925037
2078.05120556798,1854.33755903555,44.9775112443778
2160.07954262988,1459.11011682824,44.9775112443778
2157.59383544618,2331.59333830475,44.9775112443778
2170.02237136465,1476.51006711409,44.9775112443778
2324.13621675367,1844.39473030077,59.9700149925037
328.113348247576,1272.68207805121,59.9700149925037
325.627641063883,1956.25155356699,59.9700149925037
666.169525229928,1931.39448173005,59.9700149925037
728.312204822272,633.855331841909,74.9625187406297
840.169028088491,1956.25155356699,59.9700149925037
1108.62540392742,365.398956002983,59.9700149925037
1292.56773552076,633.855331841909,59.9700149925037
1314.939100174,1130.99676858066,59.9700149925037
1332.33905045986,2224.70792940592,59.9700149925037
1337.31046482724,2237.13646532438,59.9700149925037
1451.65299527716,4.97141436738752,59.9700149925037
1451.65299527716,14.9142431021626,59.9700149925037
1491.42431021626,263.484961471539,74.9625187406297
1506.33855331842,2473.27864777529,59.9700149925037
1563.50981854338,2209.79368630375,59.9700149925037
1712.652249565,589.112602535421,59.9700149925037
1720.10937111608,1160.82525478499,59.9700149925037
1732.53790703455,576.684066616953,74.9625187406297
1735.02361421825,561.76982351479,59.9700149925037
1747.45215013671,1148.39671886652,74.9625187406297
1749.93785732041,564.255530698484,59.9700149925037
1976.13721103654,452.398707432264,74.9625187406297
2147.65100671141,1762.36639323888,59.9700149925037
2403.67884663187,482.22719363659,59.9700149925037
2403.67884663187,472.284364901815,59.9700149925037
154.113845389013,2194.87944320159,89.9550224887556
171.513795674869,1531.19562515536,89.9550224887556
347.999005717127,1881.68033805618,89.9550224887556
350.48471290082,1896.59458115834,89.9550224887556
658.712403678847,1923.93736017897,74.9625187406297
830.226199353716,1946.30872483221,74.9625187406297
979.368630375342,1116.0825254785,89.9550224887556
1063.88267462093,2304.25055928412,89.9550224887556
1314.939100174,1841.90902311708,74.9625187406297
1354.7104151131,2237.13646532438,89.9550224887556
1446.68158090977,2075.56549838429,74.9625187406297
1608.25254784986,1416.85309470544,89.9550224887556
1650.50956997266,59.6569724086503,74.9625187406297
1720.10937111608,139.199602286851,74.9625187406297
1759.88068605518,569.226945065871,74.9625187406297
1986.08003977131,447.427293064877,74.9625187406297
2010.93711160825,1851.85185185185,74.9625187406297
2043.25130499627,996.768580661198,74.9625187406297
2222.22222222222,2341.53616703952,89.9550224887556
2271.9363658961,1431.76733780761,74.9625187406297
2356.45041014169,407.655978125777,74.9625187406297
2435.99304001989,1222.96793437733,74.9625187406297
549.341287596321,1899.08028834203,104.947526236882
556.798409147402,1889.13745960726,104.947526236882
556.798409147402,671.140939597315,89.9550224887556
686.055182699478,482.22719363659,89.9550224887556
686.055182699478,492.170022371365,89.9550224887556
728.312204822272,2301.76485210042,89.9550224887556
738.255033557047,2296.79343773304,104.947526236882
805.369127516779,1943.82301764852,89.9550224887556
822.769077802635,1943.82301764852,89.9550224887556
934.625901068854,1871.7375093214,89.9550224887556
942.083022619935,1889.13745960726,89.9550224887556
939.597315436242,1869.25180213771,89.9550224887556
961.968680089485,1126.02535421327,89.9550224887556
976.882923191648,1130.99676858066,89.9550224887556
1073.8255033557,842.654735272185,89.9550224887556
1081.28262490679,850.111856823266,89.9550224887556
1180.71091225454,768.083519761372,89.9550224887556
1280.13919960229,1198.11086254039,89.9550224887556
1287.59632115337,1203.08227690778,89.9550224887556
1309.96768580661,1859.30897340293,89.9550224887556
1317.42480735769,956.997265722098,89.9550224887556
1319.91051454139,947.054436987323,89.9550224887556
1334.82475764355,2222.22222222222,89.9550224887556
1399.45314441959,695.998011434253,89.9550224887556
1399.45314441959,700.969425801641,89.9550224887556
1474.0243599304,944.568729803629,89.9550224887556
1491.42431021626,947.054436987323,89.9550224887556
1516.28138205319,407.655978125777,89.9550224887556
1531.19562515536,410.141685309471,104.947526236882
1667.90952025851,417.598806860552,89.9550224887556
1680.33805617698,412.627392493164,89.9550224887556
1854.33755903555,1267.71066368382,89.9550224887556
2127.76534924186,1546.10986825752,89.9550224887556
2172.50807854835,1409.39597315436,89.9550224887556
2209.79368630375,857.568978374347,89.9550224887556
2212.27939348745,2217.25080785483,89.9550224887556
2222.22222222222,2224.70792940592,89.9550224887556
2408.65026099925,1469.05294556301,89.9550224887556
2423.56450410142,1469.05294556301,104.947526236882
64.6283867760378,2065.62266964952,104.947526236882
82.0283370618941,2068.10837683321,119.940029985007
74.5712155108128,2080.53691275168,119.940029985007
86.9997514292816,2058.16554809843,104.947526236882
91.9711657966692,2087.99403430276,119.940029985007
96.9425801640567,340.541884166045,119.940029985007
474.770072085508,1536.16703952274,104.947526236882
489.684315187671,1543.62416107383,104.947526236882
559.284116331096,658.712403678847,104.947526236882
1014.16853094705,2336.56475267214,119.940029985007
1165.79666915237,815.311956251554,104.947526236882
1173.25379070346,817.797663435247,104.947526236882
1304.99627143922,1203.08227690778,104.947526236882
1312.45339299031,1208.05369127517,104.947526236882
1322.39622172508,1844.39473030077,104.947526236882
1324.88192890877,1859.30897340293,104.947526236882
1334.82475764355,949.540144171017,104.947526236882
1334.82475764355,1287.59632115337,119.940029985007
1347.25329356202,1307.48197862292,119.940029985007
1416.85309470544,698.483718617947,104.947526236882
1548.59557544121,417.598806860552,104.947526236882
1580.90976882923,790.454884414616,104.947526236882
1588.36689038031,780.512055679841,104.947526236882
1620.68108376833,1416.85309470544,104.947526236882
1620.68108376833,1434.2530449913,104.947526236882
1630.62391250311,1419.33880188914,104.947526236882
1869.25180213771,1267.71066368382,104.947526236882
1904.05170270942,1041.51130996769,119.940029985007
2003.47999005717,2018.39423315933,119.940029985007
2145.16529952772,1546.10986825752,119.940029985007
2167.53666418096,1078.79691772309,104.947526236882
2237.13646532438,2219.73651503853,104.947526236882
2438.47874720358,1483.96718866518,104.947526236882
2440.96445438727,422.570221227939,119.940029985007
2440.96445438727,1471.53865274671,104.947526236882
2443.45016157097,1481.48148148148,104.947526236882
99.4282873477504,2252.05070842655,119.940029985007
99.4282873477504,2261.99353716132,119.940029985007
472.284364901815,1160.82525478499,119.940029985007
653.740989311459,492.170022371365,134.932533733133
768.083519761372,169.028088491176,134.932533733133
904.797414864529,1682.82376336068,134.932533733133
947.054436987323,283.370618941089,119.940029985007
959.482972905792,298.284862043251,119.940029985007
1014.16853094705,2344.02187422322,119.940029985007
1280.13919960229,74.5712155108128,119.940029985007
1342.28187919463,723.340790454884,134.932533733133
1359.68182948049,1615.70966940094,119.940029985007
1580.90976882923,258.513547104151,119.940029985007
1583.39547601293,243.599304001989,134.932533733133
1635.59532687049,2378.82177479493,134.932533733133
1769.82351478996,2152.6224210788,119.940029985007
1817.05195128014,1918.96594581158,119.940029985007
1824.50907283122,1933.88018891375,134.932533733133
1986.08003977131,84.5140442455879,134.932533733133
2065.62266964952,763.112105393985,119.940029985007
2073.0797912006,755.654983842903,119.940029985007
2100.42257022123,1921.45165299528,134.932533733133
2242.10787969177,1498.88143176734,134.932533733133
2264.47924434502,2090.47974148645,119.940029985007
2460.85011185682,1496.39572458364,119.940029985007
2468.3072334079,1503.85284613473,119.940029985007
69.5998011434253,2058.16554809843,134.932533733133
89.4854586129754,2252.05070842655,134.932533733133
263.484961471539,1227.93934874472,134.932533733133
315.684812329108,417.598806860552,134.932533733133
589.112602535421,2112.8511061397,149.925037481259
653.740989311459,509.569972657221,149.925037481259
710.912254536416,899.826000497141,134.932533733133
755.654983842903,181.456624409645,134.932533733133
780.512055679841,169.028088491176,149.925037481259
812.82624906786,1802.13770817798,149.925037481259
1183.19661943823,2202.33656475267,164.917541229385
1203.08227690778,1041.51130996769,149.925037481259
1481.48148148148,2438.47874720358,134.932533733133
1565.99552572707,2445.93586875466,134.932533733133
1588.36689038031,1826.99478001491,134.932533733133
1595.82401193139,1822.02336564753,134.932533733133
1660.45239870743,2010.93711160825,134.932533733133
1896.59458115834,2284.36490181457,134.932533733133
1904.05170270942,2269.4506587124,134.932533733133
1911.5088242605,2281.87919463087,134.932533733133
2087.99403430276,755.654983842903,149.925037481259
2087.99403430276,2450.90728312205,149.925037481259
2135.22247079294,2127.76534924186,134.932533733133
2252.05070842655,67.1140939597315,134.932533733133
2257.02212279394,59.6569724086503,134.932533733133
2266.96495152871,2080.53691275168,134.932533733133
2264.47924434502,1710.16654238131,149.925037481259
2276.90778026349,1712.652249565,149.925037481259
2341.53616703952,1665.42381307482,149.925037481259
2353.96470295799,1672.8809346259,149.925037481259
2475.76435495899,830.226199353716,134.932533733133
377.827491921452,2475.76435495899,149.925037481259
387.770320656227,1290.08202833706,164.917541229385
397.713149391002,1282.62490678598,164.917541229385
432.513049962714,2189.9080288342,149.925037481259
442.455878697489,1474.0243599304,164.917541229385
561.76982351479,2299.27914491673,149.925037481259
750.683569475516,246.085011185682,149.925037481259
954.511558538404,362.913248819289,149.925037481259
1123.53964702958,2416.10738255034,149.925037481259
1205.56798409147,1324.88192890877,149.925037481259
1409.39597315436,34.7999005717127,164.917541229385
1419.33880188914,29.8284862043251,149.925037481259
1667.90952025851,2008.45140442456,149.925037481259
1797.16629381059,989.311459110117,149.925037481259
1797.16629381059,974.397216007954,149.925037481259
1814.56624409645,986.825751926423,149.925037481259
2130.25105642555,2428.5359184688,149.925037481259
2127.76534924186,2413.62167536664,149.925037481259
2237.13646532438,1657.96669152374,149.925037481259
2423.56450410142,1901.56599552573,164.917541229385
2438.47874720358,797.912005965697,149.925037481259
116.828237633607,678.598061148397,194.902548725637
124.285359184688,695.998011434253,179.910044977511
131.742480735769,1277.65349241859,164.917541229385
141.685309470544,1272.68207805121,164.917541229385
144.171016654238,1285.11061396967,164.917541229385
149.142431021626,1946.30872483221,164.917541229385
156.599552572707,1926.42306736266,179.910044977511
156.599552572707,1938.85160328113,164.917541229385
198.856574695501,907.283122048223,164.917541229385
236.142182450907,2286.85060899826,179.910044977511
457.370121799652,2239.62217250808,164.917541229385
608.998260004971,1613.22396221725,179.910044977511
713.397961720109,2097.93686303753,179.910044977511
725.826497638578,2090.47974148645,179.910044977511
728.312204822272,1193.13944817301,179.910044977511
773.05493412876,2433.50733283619,164.917541229385
780.512055679841,2445.93586875466,164.917541229385
1103.65398956003,2411.13596818295,164.917541229385
1130.99676858066,2406.16455381556,164.917541229385
1148.39671886652,773.05493412876,164.917541229385
1287.59632115337,892.36887894606,179.910044977511
1404.42455878698,360.427541635595,164.917541229385
1645.53815560527,352.970420084514,179.910044977511
1645.53815560527,2008.45140442456,164.917541229385
1715.13795674869,1692.76659209545,164.917541229385
1782.25205070843,989.311459110117,164.917541229385
1891.62316679095,2276.90778026349,164.917541229385
2075.56549838429,2448.42157593835,164.917541229385
2085.50832711907,67.1140939597315,179.910044977511
2095.45115585384,2145.16529952772,164.917541229385
2100.42257022123,2157.59383544618,164.917541229385
2112.8511061397,1493.91001739995,164.917541229385
2115.33681332339,2413.62167536664,164.917541229385
2229.6793437733,1899.08028834203,164.917541229385
2237.13646532438,1899.08028834203,164.917541229385
2294.30773054934,1546.10986825752,179.910044977511
2401.19313944817,986.825751926423,164.917541229385
2411.13596818295,1904.05170270942,164.917541229385
2413.62167536664,976.882923191648,179.910044977511
2423.56450410142,795.426298782004,164.917541229385
2470.7929405916,847.626149639573,164.917541229385
2478.25006214268,1528.70991797166,164.917541229385
44.7427293064877,1735.02361421825,194.902548725637
134.228187919463,1265.22495650012,179.910044977511
343.027591349739,1265.22495650012,194.902548725637
350.48471290082,1282.62490678598,179.910044977511
360.427541635595,1265.22495650012,194.902548725637
517.027094208302,154.113845389013,179.910044977511
723.340790454884,375.341784737758,194.902548725637
790.454884414616,1926.42306736266,179.910044977511
850.111856823266,360.427541635595,179.910044977511
1081.28262490679,897.340293313448,179.910044977511
1083.76833209048,907.283122048223,194.902548725637
1130.99676858066,2416.10738255034,179.910044977511
1275.1677852349,1342.28187919463,179.910044977511
1700.22371364653,1685.30947054437,179.910044977511
1717.62366393239,1677.85234899329,179.910044977511
1874.2232165051,959.482972905792,194.902548725637
2194.87944320159,1414.36738752175,179.910044977511
2204.82227193637,1406.91026597067,179.910044977511
2224.70792940592,1896.59458115834,179.910044977511
2286.85060899826,606.512552821278,179.910044977511
2438.47874720358,1633.1096196868,194.902548725637
39.7713149391002,1988.56574695501,209.895052473763
79.5426298782003,2107.87969177231,194.902548725637
86.9997514292816,1332.33905045986,209.895052473763
99.4282873477504,1879.19463087248,209.895052473763
101.913994531444,1352.22470792941,209.895052473763
116.828237633607,2120.30822769078,209.895052473763
171.513795674869,1996.02286850609,209.895052473763
253.542132736764,2311.7076808352,209.895052473763
273.427790206314,407.655978125777,209.895052473763
412.627392493164,2276.90778026349,209.895052473763
457.370121799652,912.25453641561,194.902548725637
472.284364901815,909.768829231916,194.902548725637
795.426298782004,1988.56574695501,209.895052473763
822.769077802635,815.311956251554,209.895052473763
892.36887894606,954.511558538404,209.895052473763
1106.13969674372,2095.45115585384,194.902548725637
1140.93959731544,1715.13795674869,209.895052473763
1213.02510564256,457.370121799652,209.895052473763
1362.16753666418,1456.62440964454,209.895052473763
1389.51031568481,338.056176982351,209.895052473763
1737.50932140194,2334.07904548844,209.895052473763
1744.96644295302,2080.53691275168,194.902548725637
1896.59458115834,1096.19686800895,194.902548725637
1923.93736017897,1232.91076311211,209.895052473763
1926.42306736266,1247.82500621427,209.895052473763
2063.13696246582,2426.05021128511,194.902548725637
2065.62266964952,2433.50733283619,194.902548725637
2137.70817797663,183.942331593338,209.895052473763
2214.76510067114,810.340541884166,224.887556221889
2296.79343773304,512.055679840915,194.902548725637
2296.79343773304,236.142182450907,209.895052473763
2453.39299030574,489.684315187671,194.902548725637
377.827491921452,1270.19637086751,209.895052473763
380.313199105145,1285.11061396967,209.895052473763
820.283370618941,144.171016654238,209.895052473763
877.454635843898,1088.73974645787,224.887556221889
1071.33979617201,1638.08103405419,209.895052473763
1148.39671886652,1739.99502858563,209.895052473763
1168.28237633607,845.140442455879,224.887556221889
1180.71091225454,840.169028088491,209.895052473763
1215.51081282625,949.540144171017,209.895052473763
1625.65249813572,1300.02485707184,224.887556221889
1638.08103405419,1290.08202833706,224.887556221889
1730.05219985086,1342.28187919463,209.895052473763
1730.05219985086,464.827243350733,224.887556221889
1861.79468058663,2269.4506587124,224.887556221889
2060.65125528213,1506.33855331842,209.895052473763
2184.93661446682,116.828237633607,209.895052473763
2194.87944320159,111.856823266219,209.895052473763
2199.85085756898,1421.82450907283,209.895052473763
2326.62192393736,1956.25155356699,224.887556221889
2356.45041014169,778.026348496147,224.887556221889
2463.33581904052,1906.53740989311,239.880059970015
84.5140442455879,1352.22470792941,224.887556221889
94.4568729803629,1349.73900074571,224.887556221889
265.970668655232,405.170270942083,224.887556221889
278.399204573701,688.540889883172,239.880059970015
288.342033308476,268.456375838926,224.887556221889
815.311956251554,154.113845389013,224.887556221889
1133.48247576436,1710.16654238131,224.887556221889
1466.56723837932,1737.50932140194,239.880059970015
1464.08153119563,1710.16654238131,239.880059970015
1523.73850360428,1764.85210042257,239.880059970015
1712.652249565,1128.51106139697,224.887556221889
1720.10937111608,467.312950534427,224.887556221889
1725.08078548347,1327.36763609247,224.887556221889
1732.53790703455,1135.96818294805,224.887556221889
1844.39473030077,2274.42207307979,239.880059970015
1844.39473030077,452.398707432264,239.880059970015
1859.30897340293,449.913000248571,224.887556221889
2045.73701217997,2000.99428287348,224.887556221889
2311.7076808352,1951.2801391996,224.887556221889
2319.16480238628,1235.3964702958,224.887556221889
2329.10763112105,310.71339796172,239.880059970015
2348.9932885906,787.969177230922,224.887556221889
2351.4789957743,1384.53890131742,239.880059970015
2361.42182450907,362.913248819289,224.887556221889
2480.73576932637,800.397713149391,239.880059970015
86.9997514292816,999.254287844892,239.880059970015
173.999502858563,2207.30797912006,239.880059970015
283.370618941089,265.970668655232,239.880059970015
338.056176982351,2030.8227690778,239.880059970015
390.25602783992,166.542381307482,239.880059970015
579.169773800646,253.542132736764,254.872563718141
599.055431270196,288.342033308476,239.880059970015
608.998260004971,293.313447675864,254.872563718141
735.769326373353,1702.70942083023,239.880059970015
753.16927665921,1715.13795674869,254.872563718141
932.14019388516,2401.19313944817,239.880059970015
949.540144171017,1454.13870246085,254.872563718141
947.054436987323,2408.65026099925,254.872563718141
1016.65423813075,1004.22570221228,254.872563718141
1031.56848123291,2117.82252050708,254.872563718141
1270.19637086751,1006.71140939597,254.872563718141
1342.28187919463,1513.7956748695,239.880059970015
1384.53890131742,492.170022371365,239.880059970015
1449.16728809346,1732.53790703455,254.872563718141
1454.13870246085,1702.70942083023,239.880059970015
1474.0243599304,89.4854586129754,239.880059970015
1518.76708923689,256.027839920457,239.880059970015
1526.22421078797,246.085011185682,239.880059970015
1744.96644295302,519.512801391996,239.880059970015
1744.96644295302,531.941337310465,239.880059970015
1802.13770817798,857.568978374347,239.880059970015
1844.39473030077,2289.33631618195,239.880059970015
1856.82326621924,2291.82202336565,239.880059970015
1904.05170270942,2110.365398956,239.880059970015
2080.53691275168,1767.33780760626,239.880059970015
2242.10787969177,1145.91101168282,254.872563718141
2361.42182450907,1384.53890131742,239.880059970015
94.4568729803629,999.254287844892,254.872563718141
176.485210042257,2194.87944320159,254.872563718141
181.456624409645,2204.82227193637,254.872563718141
256.027839920457,2035.79418344519,269.865067466267
288.342033308476,2286.85060899826,269.865067466267
310.71339796172,2286.85060899826,254.872563718141
345.513298533433,2033.3084762615,254.872563718141
464.827243350733,1563.50981854338,254.872563718141
554.312701963709,2478.25006214268,254.872563718141
589.112602535421,1001.73999502859,269.865067466267
586.626895351728,228.685060899826,254.872563718141
601.54113845389,1021.62565249814,254.872563718141
608.998260004971,1004.22570221228,269.865067466267
651.255282127765,370.37037037037,254.872563718141
683.569475515784,830.226199353716,269.865067466267
743.226447924435,1702.70942083023,254.872563718141
768.083519761372,1565.99552572707,269.865067466267
780.512055679841,1573.45264727815,269.865067466267
790.454884414616,1561.02411135968,254.872563718141
805.369127516779,1123.53964702958,254.872563718141
894.854586129754,2120.30822769078,269.865067466267
902.311707680835,2130.25105642555,269.865067466267
939.597315436242,2401.19313944817,254.872563718141
956.997265722098,308.227690778026,254.872563718141
984.340044742729,290.82774049217,254.872563718141
1016.65423813075,293.313447675864,269.865067466267
1043.99701715138,2115.33681332339,254.872563718141
1190.65374098931,1329.85334327616,254.872563718141
1354.7104151131,1513.7956748695,254.872563718141
1394.4817300522,494.655729555058,254.872563718141
1401.93885160328,484.712900820283,254.872563718141
1456.62440964454,1744.96644295302,254.872563718141
1469.05294556301,989.311459110117,254.872563718141
1471.53865274671,1720.10937111608,254.872563718141
1483.96718866518,89.4854586129754,254.872563718141
1483.96718866518,1720.10937111608,254.872563718141
1526.22421078797,256.027839920457,254.872563718141
1553.5669898086,1446.68158090977,269.865067466267
1570.96694009446,1804.62341536167,269.865067466267
1583.39547601293,1493.91001739995,269.865067466267
1754.9092716878,534.427044494159,254.872563718141
1804.62341536167,1921.45165299528,254.872563718141
1812.08053691275,857.568978374347,254.872563718141
1817.05195128014,842.654735272185,254.872563718141
1826.99478001491,847.626149639573,254.872563718141
1866.76609495401,2291.82202336565,254.872563718141
1876.70892368879,2266.96495152871,254.872563718141
1911.5088242605,248.570718369376,269.865067466267
1911.5088242605,2107.87969177231,254.872563718141
1951.2801391996,971.911508824261,269.865067466267
2102.90827740492,111.856823266219,254.872563718141
2115.33681332339,119.313944817301,254.872563718141
2339.05045985583,313.199105145414,254.872563718141
2438.47874720358,1434.2530449913,254.872563718141
2453.39299030574,1426.79592344022,269.865067466267
2463.33581904052,1488.93860303256,254.872563718141
2468.3072334079,1493.91001739995,254.872563718141
94.4568729803629,1737.50932140194,269.865067466267
469.798657718121,1556.05269699229,269.865067466267
651.255282127765,360.427541635595,269.865067466267
653.740989311459,2033.3084762615,269.865067466267
666.169525229928,372.856077554064,269.865067466267
691.026597066866,1227.93934874472,284.857571214393
705.940840169028,2306.73626646781,284.857571214393
944.568729803629,2291.82202336565,269.865067466267
961.968680089485,2294.30773054934,284.857571214393
974.397216007954,318.170519512801,269.865067466267
1043.99701715138,720.855083271191,269.865067466267
1220.48222719364,1046.48272433507,269.865067466267
1267.71066368382,1128.51106139697,284.857571214393
1300.02485707184,2306.73626646781,284.857571214393
1342.28187919463,1521.25279642058,269.865067466267
1369.62465821526,1101.16828237634,269.865067466267
1439.22445935869,1648.02386278896,284.857571214393
1513.7956748695,1764.85210042257,269.865067466267
1618.19537658464,14.9142431021626,284.857571214393
1633.1096196868,974.397216007954,284.857571214393
1643.05244842158,979.368630375342,284.857571214393
1685.30947054437,932.14019388516,269.865067466267
1687.79517772806,937.111608252548,269.865067466267
1732.53790703455,1103.65398956003,284.857571214393
1933.88018891375,991.797166293811,284.857571214393
1948.79443201591,231.17076808352,269.865067466267
1951.2801391996,994.282873477504,284.857571214393
2065.62266964952,159.085259756401,284.857571214393
2065.62266964952,1583.39547601293,269.865067466267
2070.5940840169,1570.96694009446,284.857571214393
2085.50832711907,1991.0514541387,284.857571214393
2087.99403430276,1764.85210042257,269.865067466267
2112.8511061397,710.912254536416,284.857571214393
2137.70817797663,357.941834451902,284.857571214393
2239.62217250808,410.141685309471,284.857571214393
2314.19338801889,579.169773800646,284.857571214393
283.370618941089,795.426298782004,299.850074962519
375.341784737758,909.768829231916,299.850074962519
477.255779269202,1061.39696743724,284.857571214393
497.141436738752,1063.88267462093,299.850074962519
613.969674372359,2475.76435495899,284.857571214393
705.940840169028,1237.88217747949,299.850074962519
723.340790454884,1267.71066368382,284.857571214393
733.283619189659,1270.19637086751,284.857571214393
785.483470047228,2.48570718369376,299.850074962519
810.340541884166,1058.91126025354,284.857571214393
827.740492170022,1048.96843151877,299.850074962519
919.711657966692,2438.47874720358,299.850074962519
929.654486701467,616.455381556053,299.850074962519
947.054436987323,618.941088739746,299.850074962519
956.997265722098,2306.73626646781,299.850074962519
996.768580661198,1043.99701715138,299.850074962519
1083.76833209048,969.425801640567,284.857571214393
1123.53964702958,2038.27989062888,284.857571214393
1123.53964702958,2025.85135471042,299.850074962519
1165.79666915237,1493.91001739995,299.850074962519
1317.42480735769,2309.2219736515,284.857571214393
1429.28163062391,1354.7104151131,284.857571214393
1478.99577429779,850.111856823266,299.850074962519
1518.76708923689,1774.79492915735,284.857571214393
1526.22421078797,1352.22470792941,284.857571214393
1526.22421078797,1362.16753666418,284.857571214393
1605.76684066617,9.94282873477504,284.857571214393
1814.56624409645,492.170022371365,299.850074962519
1911.5088242605,2304.25055928412,284.857571214393
1973.65150385285,59.6569724086503,284.857571214393
2020.87994034303,474.770072085508,299.850074962519
2040.76559781258,810.340541884166,299.850074962519
2043.25130499627,792.94059159831,284.857571214393
2083.02261993537,1580.90976882923,284.857571214393
171.513795674869,2095.45115585384,299.850074962519
178.970917225951,1590.85259756401,299.850074962519
293.313447675864,2135.22247079294,314.842578710645
303.256276410639,2142.67959234402,299.850074962519
308.227690778026,2130.25105642555,299.850074962519
430.027342779021,2192.3937360179,299.850074962519
479.741486452896,1046.48272433507,299.850074962519
775.540641312453,2388.7646035297,299.850074962519
782.997762863535,2155.10812826249,299.850074962519
917.225950782998,1478.99577429779,299.850074962519
1043.99701715138,1424.31021625653,299.850074962519
1066.36838180462,1700.22371364653,299.850074962519
1118.56823266219,1531.19562515536,299.850074962519
1121.05393984589,1513.7956748695,299.850074962519
1175.73949788715,959.482972905792,299.850074962519
1327.36763609247,1583.39547601293,299.850074962519
1464.08153119563,835.197613721104,299.850074962519
1469.05294556301,830.226199353716,299.850074962519
1675.36664180959,1352.22470792941,299.850074962519
159.085259756401,2090.47974148645,314.842578710645
166.542381307482,1583.39547601293,314.842578710645
270.94208302262,792.94059159831,314.842578710645
278.399204573701,432.513049962714,329.835082458771
484.712900820283,1058.91126025354,314.842578710645
566.741237882178,1483.96718866518,314.842578710645
579.169773800646,1493.91001739995,329.835082458771
604.026845637584,2473.27864777529,314.842578710645
668.655232413622,1749.93785732041,314.842578710645
678.598061148397,2455.87869748944,314.842578710645
750.683569475516,2145.16529952772,314.842578710645
753.16927665921,2142.67959234402,314.842578710645
755.654983842903,2150.1367138951,314.842578710645
760.626398210291,2381.30748197862,314.842578710645
773.05493412876,2150.1367138951,314.842578710645
820.283370618941,1046.48272433507,314.842578710645
909.768829231916,2433.50733283619,314.842578710645
1031.56848123291,1431.76733780761,314.842578710645
1031.56848123291,1416.85309470544,314.842578710645
1073.8255033557,964.454387273179,314.842578710645
1106.13969674372,1526.22421078797,314.842578710645
1108.62540392742,1511.30996768581,314.842578710645
1148.39671886652,1486.45289584887,314.842578710645
1163.31096196868,954.511558538404,314.842578710645
1309.96768580661,1578.42406164554,314.842578710645
1352.22470792941,343.027591349739,314.842578710645
1416.85309470544,1349.73900074571,314.842578710645
1451.65299527716,832.71190653741,314.842578710645
1469.05294556301,847.626149639573,314.842578710645
1469.05294556301,1041.51130996769,314.842578710645
1620.68108376833,2480.73576932637,314.842578710645
1662.93810589113,1347.25329356202,314.842578710645
1665.42381307482,171.513795674869,329.835082458771
1672.8809346259,797.912005965697,329.835082458771
1710.16654238131,1513.7956748695,329.835082458771
1727.56649266716,1518.76708923689,329.835082458771
1722.59507829978,1528.70991797166,329.835082458771
1904.05170270942,1921.45165299528,329.835082458771
1913.9945314442,1943.82301764852,314.842578710645
1918.96594581158,1913.9945314442,314.842578710645
1916.48023862789,323.141933880189,314.842578710645
1921.45165299528,1933.88018891375,329.835082458771
2013.42281879195,241.113596818295,329.835082458771
2050.70842654735,1563.50981854338,314.842578710645
2127.76534924186,2120.30822769078,329.835082458771
2212.27939348745,1590.85259756401,314.842578710645
2276.90778026349,400.198856574696,329.835082458771
2309.2219736515,442.455878697489,314.842578710645
2321.65050956997,454.884414615958,314.842578710645
2368.87894606015,1242.85359184688,314.842578710645
2396.22172508079,1155.8538404176,314.842578710645
2411.13596818295,1163.31096196868,314.842578710645
2440.96445438727,1630.62391250311,314.842578710645
293.313447675864,1876.70892368879,329.835082458771
372.856077554064,1295.05344270445,329.835082458771
623.912503107134,1670.39522744221,329.835082458771
636.341039025603,1667.90952025851,329.835082458771
768.083519761372,22.3713646532438,329.835082458771
763.112105393985,37.2856077554064,329.835082458771
765.597812577678,2137.70817797663,329.835082458771
817.797663435247,2344.02187422322,329.835082458771
1034.0541884166,1419.33880188914,329.835082458771
1332.33905045986,320.656226696495,344.827586206897
1384.53890131742,171.513795674869,344.827586206897
1513.7956748695,643.798160576684,329.835082458771
1513.7956748695,628.883917474521,329.835082458771
1595.82401193139,2366.39323887646,329.835082458771
1620.68108376833,1904.05170270942,329.835082458771
1650.50956997266,1789.70917225951,344.827586206897
1685.30947054437,1506.33855331842,344.827586206897
1690.28088491176,1531.19562515536,344.827586206897
1727.56649266716,735.769326373353,329.835082458771
1735.02361421825,1541.13845389013,329.835082458771
1739.99502858563,1521.25279642058,329.835082458771
1749.93785732041,392.741735023614,329.835082458771
1759.88068605518,1021.62565249814,344.827586206897
1757.39497887149,1011.68282376336,329.835082458771
1899.08028834203,1968.68008948546,329.835082458771
1901.56599552573,1906.53740989311,329.835082458771
1921.45165299528,328.113348247576,329.835082458771
1983.59433258762,884.911757394979,329.835082458771
2025.85135471042,233.656475267214,329.835082458771
2045.73701217997,268.456375838926,344.827586206897
2078.05120556798,2085.50832711907,329.835082458771
2172.50807854835,2048.22271936366,329.835082458771
2257.02212279394,1058.91126025354,344.827586206897
2266.96495152871,402.684563758389,329.835082458771
82.0283370618941,904.797414864529,344.827586206897
86.9997514292816,899.826000497141,344.827586206897
144.171016654238,1822.02336564753,359.820089955023
141.685309470544,1802.13770817798,344.827586206897
154.113845389013,1809.59482972906,344.827586206897
196.370867511807,604.026845637584,344.827586206897
303.256276410639,1876.70892368879,344.827586206897
385.284613472533,1297.53914988814,344.827586206897
402.684563758389,447.427293064877,359.820089955023
646.283867760378,1667.90952025851,344.827586206897
830.226199353716,2346.50758140691,344.827586206897
1208.05369127517,2080.53691275168,344.827586206897
1498.88143176734,1546.10986825752,344.827586206897
1657.96669152374,1782.25205070843,344.827586206897
1692.76659209545,1496.39572458364,344.827586206897
1710.16654238131,1531.19562515536,344.827586206897
1727.56649266716,750.683569475516,344.827586206897
1752.4235645041,1546.10986825752,344.827586206897
1891.62316679095,1943.82301764852,344.827586206897
1931.39448173005,1956.25155356699,344.827586206897
2179.96520009943,2048.22271936366,344.827586206897
2182.45090728312,2035.79418344519,344.827586206897
2217.25080785483,407.655978125777,359.820089955023
2331.59333830475,1071.33979617201,344.827586206897
2339.05045985583,1091.22545364156,359.820089955023
2363.90753169277,1747.45215013671,359.820089955023
2373.85036042754,1764.85210042257,344.827586206897
2378.82177479493,1747.45215013671,359.820089955023
124.285359184688,1680.33805617698,374.812593703148
203.827989062888,604.026845637584,359.820089955023
218.742232165051,606.512552821278,359.820089955023
502.11285110614,546.855580412627,359.820089955023
770.569226945066,2008.45140442456,374.812593703148
1066.36838180462,385.284613472533,359.820089955023
1068.85408898832,377.827491921452,359.820089955023
1086.25403927417,104.399701715138,359.820089955023
1317.42480735769,1643.05244842158,374.812593703148
1347.25329356202,964.454387273179,359.820089955023
1456.62440964454,1486.45289584887,359.820089955023
1476.51006711409,1553.5669898086,374.812593703148
1483.96718866518,1541.13845389013,359.820089955023
1496.39572458364,1558.53840417599,374.812593703148
1508.82426050211,1536.16703952274,359.820089955023
1511.30996768581,2440.96445438727,359.820089955023
1697.73800646284,1513.7956748695,359.820089955023
1799.65200099428,1588.36689038031,374.812593703148
1926.42306736266,867.511807109123,359.820089955023
2127.76534924186,1762.36639323888,359.820089955023
2219.73651503853,420.084514044246,359.820089955023
2336.56475267214,1774.79492915735,359.820089955023
305.741983594333,1399.45314441959,374.812593703148
310.71339796172,1394.4817300522,374.812593703148
792.94059159831,1324.88192890877,374.812593703148
800.397713149391,1324.88192890877,374.812593703148
1145.91101168282,785.483470047228,374.812593703148
1153.36813323391,792.94059159831,374.812593703148
1180.71091225454,159.085259756401,389.805097451274
1319.91051454139,1635.59532687049,374.812593703148
1406.91026597067,2147.65100671141,389.805097451274
1411.88168033806,2105.39398458862,374.812593703148
1424.31021625653,2100.42257022123,374.812593703148
1471.53865274671,1531.19562515536,374.812593703148
1481.48148148148,1531.19562515536,374.812593703148
1603.28113348248,1481.48148148148,374.812593703148
1615.70966940094,2252.05070842655,374.812593703148
1956.25155356699,1051.45413870246,374.812593703148
1988.56574695501,1568.48123291076,389.805097451274
1993.5371613224,1548.59557544121,374.812593703148
1986.08003977131,1538.65274670644,374.812593703148
2073.0797912006,2015.90852597564,374.812593703148
2120.30822769078,1764.85210042257,374.812593703148
2122.79393487447,1759.88068605518,374.812593703148
2219.73651503853,1926.42306736266,389.805097451274
298.284862043251,1344.76758637832,389.805097451274
310.71339796172,1374.59607258265,389.805097451274
308.227690778026,1359.68182948049,389.805097451274
318.170519512801,1406.91026597067,404.7976011994
613.969674372359,1702.70942083023,389.805097451274
616.455381556053,1710.16654238131,404.7976011994
663.683818046234,1782.25205070843,389.805097451274
917.225950782998,2448.42157593835,389.805097451274
944.568729803629,1203.08227690778,389.805097451274
959.482972905792,1213.02510564256,404.7976011994
1004.22570221228,1506.33855331842,404.7976011994
1521.25279642058,710.912254536416,404.7976011994
1531.19562515536,787.969177230922,404.7976011994
1578.42406164554,1762.36639323888,404.7976011994
1595.82401193139,1474.0243599304,389.805097451274
1909.02311707681,678.598061148397,404.7976011994
1968.68008948546,221.227939348745,389.805097451274
1968.68008948546,211.28511061397,389.805097451274
2000.99428287348,1568.48123291076,389.805097451274
2266.96495152871,1794.6805866269,389.805097451274
2274.42207307979,1794.6805866269,389.805097451274
2281.87919463087,1804.62341536167,389.805097451274
74.5712155108128,1359.68182948049,419.790104947526
305.741983594333,1349.73900074571,404.7976011994
315.684812329108,1342.28187919463,404.7976011994
335.570469798658,1300.02485707184,404.7976011994
407.655978125777,1998.50857568978,419.790104947526
410.141685309471,1981.10862540393,404.7976011994
1014.16853094705,1508.82426050211,404.7976011994
1088.73974645787,914.740243599304,419.790104947526
1553.5669898086,748.197862291822,419.790104947526
1563.50981854338,758.140691026597,419.790104947526
1712.652249565,1329.85334327616,419.790104947526
1759.88068605518,1210.53939845886,419.790104947526
2015.90852597564,691.026597066866,404.7976011994
2227.19363658961,708.426547352722,419.790104947526
2239.62217250808,546.855580412627,404.7976011994
2249.56500124285,551.826994780015,404.7976011994
2252.05070842655,770.569226945066,404.7976011994
258.513547104151,2000.99428287348,419.790104947526
407.655978125777,1332.33905045986,434.782608695652
415.113099676858,1322.39622172508,419.790104947526
417.598806860552,1976.13721103654,419.790104947526
422.570221227939,1988.56574695501,419.790104947526
601.54113845389,1257.76783494904,434.782608695652
705.940840169028,2035.79418344519,419.790104947526
810.340541884166,1849.36614466816,419.790104947526
840.169028088491,1106.13969674372,434.782608695652
989.311459110117,181.456624409645,419.790104947526
999.254287844892,173.999502858563,434.782608695652
1111.11111111111,817.797663435247,434.782608695652
1337.31046482724,1513.7956748695,419.790104947526
1342.28187919463,1516.28138205319,434.782608695652
1421.82450907283,1130.99676858066,434.782608695652
1444.19587372608,1938.85160328113,419.790104947526
1454.13870246085,1946.30872483221,419.790104947526
1528.70991797166,313.199105145414,434.782608695652
1568.48123291076,1546.10986825752,434.782608695652
1687.79517772806,1377.08177976634,419.790104947526
1692.76659209545,1322.39622172508,419.790104947526
1702.70942083023,1369.62465821526,434.782608695652
1769.82351478996,1222.96793437733,419.790104947526
1777.28063634104,1205.56798409147,419.790104947526
1896.59458115834,1227.93934874472,419.790104947526
1891.62316679095,1240.36788466319,419.790104947526
1904.05170270942,1235.3964702958,434.782608695652
1916.48023862789,507.084265473527,434.782608695652
1921.45165299528,1749.93785732041,434.782608695652
1921.45165299528,216.256524981357,419.790104947526
2242.10787969177,1377.08177976634,419.790104947526
2252.05070842655,1369.62465821526,434.782608695652
2266.96495152871,1650.50956997266,419.790104947526
385.284613472533,2068.10837683321,449.775112443778
397.713149391002,2083.02261993537,449.775112443778
405.170270942083,1986.08003977131,434.782608695652
412.627392493164,2063.13696246582,434.782608695652
454.884414615958,770.569226945066,449.775112443778
459.855828983346,785.483470047228,449.775112443778
1165.79666915237,1682.82376336068,434.782608695652
1215.51081282625,2137.70817797663,449.775112443778
1409.39597315436,1128.51106139697,434.782608695652
1533.68133233905,758.140691026597,449.775112443778
1620.68108376833,1140.93959731544,449.775112443778
1866.76609495401,449.913000248571,449.775112443778
1879.19463087248,452.398707432264,434.782608695652
1911.5088242605,487.198608003977,434.782608695652
1913.9945314442,1759.88068605518,434.782608695652
1923.93736017897,489.684315187671,434.782608695652
2023.36564752672,2095.45115585384,449.775112443778
2035.79418344519,2092.96544867015,449.775112443778
2075.56549838429,867.511807109123,434.782608695652
2105.39398458862,1834.451901566,449.775112443778
2202.33656475267,907.283122048223,449.775112443778
166.542381307482,1610.73825503356,449.775112443778
365.398956002983,730.797912005966,479.76011994003
599.055431270196,285.856326124783,449.775112443778
673.626646781009,932.14019388516,449.775112443778
683.569475515784,2257.02212279394,464.767616191904
691.026597066866,2269.4506587124,464.767616191904
698.483718617947,417.598806860552,479.76011994003
795.426298782004,178.970917225951,464.767616191904
939.597315436242,539.398458861546,449.775112443778
964.454387273179,390.25602783992,464.767616191904
1024.11135968183,2179.96520009943,464.767616191904
1081.28262490679,2443.45016157097,464.767616191904
1158.33954760129,1682.82376336068,449.775112443778
1165.79666915237,1429.28163062391,449.775112443778
1180.71091225454,79.5426298782003,464.767616191904
1188.16803380562,1961.22296793438,449.775112443778
1329.85334327616,646.283867760378,464.767616191904
1575.93835446184,1707.68083519761,464.767616191904
1608.25254784986,1143.42530449913,449.775112443778
1615.70966940094,1135.96818294805,449.775112443778
1789.70917225951,2259.50782997763,464.767616191904
1839.42331593338,1426.79592344022,464.767616191904
1931.39448173005,2053.19413373105,449.775112443778
2130.25105642555,1130.99676858066,464.767616191904
2167.53666418096,579.169773800646,464.767616191904
233.656475267214,897.340293313448,479.76011994003
310.71339796172,1108.62540392742,464.767616191904
308.227690778026,1083.76833209048,479.76011994003
521.99850857569,1270.19637086751,479.76011994003
912.25453641561,1312.45339299031,464.767616191904
932.14019388516,1039.02560278399,479.76011994003
949.540144171017,541.88416604524,464.767616191904
949.540144171017,390.25602783992,479.76011994003
1160.82525478499,1436.73875217499,464.767616191904
1195.6251553567,1953.7658463833,464.767616191904
1319.91051454139,860.054685558041,464.767616191904
1411.88168033806,1556.05269699229,479.76011994003
1456.62440964454,1508.82426050211,494.752623688156
1469.05294556301,534.427044494159,464.767616191904
1469.05294556301,1270.19637086751,494.752623688156
1772.30922197365,243.599304001989,479.76011994003
2344.02187422322,1272.68207805121,464.767616191904
298.284862043251,1101.16828237634,479.76011994003
882.426050211285,1481.48148148148,494.752623688156
892.36887894606,270.94208302262,494.752623688156
934.625901068854,1744.96644295302,494.752623688156
959.482972905792,385.284613472533,479.76011994003
1031.56848123291,2182.45090728312,479.76011994003
1031.56848123291,275.913497390007,494.752623688156
1048.96843151877,280.884911757395,494.752623688156
1088.73974645787,613.969674372359,509.745127436282
1103.65398956003,790.454884414616,494.752623688156
1603.28113348248,869.997514292816,494.752623688156
1640.56674123788,1695.25229927915,494.752623688156
1739.99502858563,221.227939348745,494.752623688156
1829.48048719861,1690.28088491176,494.752623688156
1834.451901566,1710.16654238131,494.752623688156
1906.53740989311,2053.19413373105,494.752623688156
1913.9945314442,1252.79642058166,494.752623688156
2107.87969177231,678.598061148397,494.752623688156
2192.3937360179,1680.33805617698,494.752623688156
2204.82227193637,1700.22371364653,494.752623688156
208.799403430276,1337.31046482724,494.752623688156
226.199353716132,1334.82475764355,494.752623688156
437.484464330102,1272.68207805121,509.745127436282
526.969922943077,1725.08078548347,509.745127436282
837.683320904797,497.141436738752,494.752623688156
872.48322147651,1474.0243599304,494.752623688156
1071.33979617201,613.969674372359,494.752623688156
1130.99676858066,2110.365398956,509.745127436282
1384.53890131742,1009.19711657967,509.745127436282
1401.93885160328,1548.59557544121,494.752623688156
1476.51006711409,1946.30872483221,509.745127436282
1583.39547601293,887.397464578673,509.745127436282
1590.85259756401,874.968928660204,494.752623688156
1600.79542629878,884.911757394979,494.752623688156
1687.79517772806,432.513049962714,494.752623688156
1697.73800646284,422.570221227939,494.752623688156
1784.73775789212,2259.50782997763,494.752623688156
1789.70917225951,1011.68282376336,509.745127436282
1834.451901566,1720.10937111608,494.752623688156
1859.30897340293,1710.16654238131,494.752623688156
1899.08028834203,1260.25354213274,494.752623688156
2020.87994034303,534.427044494159,509.745127436282
2023.36564752672,760.626398210291,494.752623688156
2030.8227690778,745.712155108128,509.745127436282
2043.25130499627,758.140691026597,509.745127436282
768.083519761372,1866.76609495401,539.730134932534
825.254784986329,1401.93885160328,509.745127436282
840.169028088491,1394.4817300522,509.745127436282
1036.5398956003,2294.30773054934,524.737631184408
1175.73949788715,1324.88192890877,524.737631184408
1302.51056425553,295.799154859558,509.745127436282
1367.13895103157,805.369127516779,509.745127436282
1382.05319413373,805.369127516779,524.737631184408
1396.96743723589,999.254287844892,509.745127436282
1662.93810589113,1710.16654238131,509.745127436282
1916.48023862789,1662.93810589113,509.745127436282
1926.42306736266,1677.85234899329,509.745127436282
1941.33731046483,1946.30872483221,509.745127436282
2008.45140442456,529.455630126771,509.745127436282
387.770320656227,1563.50981854338,539.730134932534
489.684315187671,686.055182699478,539.730134932534
492.170022371365,745.712155108128,539.730134932534
507.084265473527,738.255033557047,539.730134932534
561.76982351479,1794.6805866269,554.72263868066
817.797663435247,730.797912005966,539.730134932534
840.169028088491,1411.88168033806,524.737631184408
1071.33979617201,571.712652249565,524.737631184408
1086.25403927417,574.198359433259,539.730134932534
1140.93959731544,2112.8511061397,524.737631184408
1277.65349241859,1309.96768580661,539.730134932534
1295.05344270445,315.684812329108,524.737631184408
1314.939100174,298.284862043251,524.737631184408
1314.939100174,313.199105145414,524.737631184408
1394.4817300522,810.340541884166,524.737631184408
1394.4817300522,1011.68282376336,524.737631184408
1431.76733780761,1918.96594581158,524.737631184408
1570.96694009446,330.59905543127,524.737631184408
1675.36664180959,1712.652249565,524.737631184408
1784.73775789212,2020.87994034303,524.737631184408
1792.1948794432,2013.42281879195,524.737631184408
1928.90877454636,1665.42381307482,524.737631184408
1938.85160328113,1680.33805617698,524.737631184408
2033.3084762615,539.398458861546,524.737631184408
2043.25130499627,750.683569475516,524.737631184408
2097.93686303753,1083.76833209048,524.737631184408
2100.42257022123,1076.3112105394,524.737631184408
318.170519512801,1573.45264727815,554.72263868066
666.169525229928,1424.31021625653,569.715142428786
820.283370618941,718.369376087497,539.730134932534
822.769077802635,882.426050211285,554.72263868066
1039.02560278399,1449.16728809346,539.730134932534
1185.68232662192,385.284613472533,554.72263868066
1190.65374098931,1638.08103405419,539.730134932534
1685.30947054437,1538.65274670644,554.72263868066
1732.53790703455,2087.99403430276,554.72263868066
1735.02361421825,2060.65125528213,539.730134932534
1744.96644295302,2068.10837683321,539.730134932534
2055.67984091474,1056.42555306985,539.730134932534
2060.65125528213,1039.02560278399,554.72263868066
718.369376087497,479.741486452896,569.715142428786
713.397961720109,504.598558289833,569.715142428786
790.454884414616,1725.08078548347,584.707646176912
790.454884414616,464.827243350733,584.707646176912
1116.0825254785,1126.02535421327,584.707646176912
1173.25379070346,387.770320656227,554.72263868066
1319.91051454139,1198.11086254039,554.72263868066
1421.82450907283,1916.48023862789,554.72263868066
1511.30996768581,1625.65249813572,554.72263868066
1516.28138205319,1615.70966940094,569.715142428786
1558.53840417599,484.712900820283,569.715142428786
1715.13795674869,2078.05120556798,554.72263868066
1730.05219985086,2058.16554809843,554.72263868066
1749.93785732041,1183.19661943823,554.72263868066
1784.73775789212,561.76982351479,554.72263868066
1794.6805866269,581.65548098434,554.72263868066
1804.62341536167,566.741237882178,554.72263868066
2005.96569724086,763.112105393985,569.715142428786
2045.73701217997,1048.96843151877,554.72263868066
442.455878697489,1222.96793437733,584.707646176912
773.05493412876,1727.56649266716,569.715142428786
778.026348496147,1712.652249565,584.707646176912
1329.85334327616,1203.08227690778,569.715142428786
1352.22470792941,1598.30971911509,584.707646176912
1496.39572458364,1986.08003977131,569.715142428786
1722.59507829978,2078.05120556798,569.715142428786
1757.39497887149,1180.71091225454,569.715142428786
1797.16629381059,561.76982351479,569.715142428786
1807.10912254536,579.169773800646,569.715142428786
1814.56624409645,566.741237882178,569.715142428786
420.084514044246,1004.22570221228,599.700149925038
449.913000248571,1220.48222719364,584.707646176912
778.026348496147,792.94059159831,614.692653673163
775.540641312453,623.912503107134,599.700149925038
1066.36838180462,1578.42406164554,599.700149925038
1277.65349241859,1334.82475764355,584.707646176912
1292.56773552076,1332.33905045986,584.707646176912
1300.02485707184,467.312950534427,599.700149925038
1533.68133233905,1682.82376336068,599.700149925038
1730.05219985086,1091.22545364156,599.700149925038
1802.13770817798,1966.19438230176,584.707646176912
1906.53740989311,795.426298782004,599.700149925038
1996.02286850609,1046.48272433507,599.700149925038
2043.25130499627,1121.05393984589,599.700149925038
2078.05120556798,1563.50981854338,599.700149925038
2130.25105642555,1245.33929903057,599.700149925038
1538.65274670644,1670.39522744221,599.700149925038
1685.30947054437,1451.65299527716,614.692653673163
1901.56599552573,780.512055679841,614.692653673163
2070.5940840169,1153.36813323391,599.700149925038
2068.10837683321,1379.56748695004,614.692653673163
2075.56549838429,1143.42530449913,599.700149925038
499.627143922446,1441.71016654238,644.677661169415
604.026845637584,1752.4235645041,629.685157421289
698.483718617947,1419.33880188914,644.677661169415
892.36887894606,1615.70966940094,629.685157421289
1128.51106139697,792.94059159831,614.692653673163
1396.96743723589,691.026597066866,629.685157421289
1528.70991797166,1667.90952025851,614.692653673163
1889.13745960726,782.997762863535,614.692653673163
1983.59433258762,1046.48272433507,614.692653673163
2033.3084762615,1118.56823266219,614.692653673163
2065.62266964952,1155.8538404176,614.692653673163
2068.10837683321,1143.42530449913,614.692653673163
976.882923191648,571.712652249565,644.677661169415
984.340044742729,556.798409147402,644.677661169415
1091.22545364156,509.569972657221,644.677661169415
1295.05344270445,539.398458861546,644.677661169415
1292.56773552076,1869.25180213771,644.677661169415
1369.62465821526,646.283867760378,644.677661169415
1419.33880188914,1695.25229927915,644.677661169415
1429.28163062391,1705.19512801392,644.677661169415
1444.19587372608,1697.73800646284,629.685157421289
1690.28088491176,1454.13870246085,629.685157421289
1911.5088242605,797.912005965697,629.685157421289
2075.56549838429,1145.91101168282,629.685157421289
2132.73676360925,1247.82500621427,629.685157421289
693.512304250559,1429.28163062391,644.677661169415
1222.96793437733,1849.36614466816,659.670164917541
1277.65349241859,1871.7375093214,659.670164917541
1369.62465821526,2000.99428287348,659.670164917541
1377.08177976634,2015.90852597564,644.677661169415
1379.56748695004,1851.85185185185,659.670164917541
1625.65249813572,725.826497638578,659.670164917541
1794.6805866269,1133.48247576436,644.677661169415
1797.16629381059,1145.91101168282,644.677661169415
966.940094456873,1359.68182948049,659.670164917541
1247.82500621427,1943.82301764852,674.662668665667
1265.22495650012,1946.30872483221,674.662668665667
1277.65349241859,1379.56748695004,659.670164917541
1367.13895103157,1073.8255033557,689.655172413793
1543.62416107383,651.255282127765,674.662668665667
1829.48048719861,1367.13895103157,689.655172413793
1876.70892368879,1063.88267462093,674.662668665667
984.340044742729,1625.65249813572,704.647676161919
1508.82426050211,683.569475515784,674.662668665667
1844.39473030077,1367.13895103157,674.662668665667
693.512304250559,1128.51106139697,704.647676161919
797.912005965697,1474.0243599304,704.647676161919
1163.31096196868,1424.31021625653,704.647676161919
1183.19661943823,1419.33880188914,719.640179910045
1377.08177976634,1078.79691772309,689.655172413793
1416.85309470544,889.883171762366,689.655172413793
1493.91001739995,862.540392741735,689.655172413793
1580.90976882923,1518.76708923689,704.647676161919
790.454884414616,1483.96718866518,719.640179910045
952.02585135471,1660.45239870743,719.640179910045
959.482972905792,1645.53815560527,719.640179910045
1481.48148148148,860.054685558041,704.647676161919
1536.16703952274,651.255282127765,704.647676161919
1590.85259756401,1506.33855331842,704.647676161919
1628.13820531941,1352.22470792941,704.647676161919
942.083022619935,1252.79642058166,734.632683658171
1056.42555306985,1419.33880188914,749.625187406297
1073.8255033557,954.511558538404,734.632683658171
1235.3964702958,1041.51130996769,734.632683658171
1292.56773552076,768.083519761372,734.632683658171
1424.31021625653,882.426050211285,734.632683658171
1496.39572458364,855.083271190654,719.640179910045
1578.42406164554,1548.59557544121,719.640179910045
1588.36689038031,1536.16703952274,719.640179910045
1628.13820531941,1382.05319413373,719.640179910045
805.369127516779,1227.93934874472,749.625187406297
1081.28262490679,964.454387273179,749.625187406297
1083.76833209048,827.740492170022,734.632683658171
1364.65324384787,1628.13820531941,734.632683658171
1374.59607258265,1623.16679095203,734.632683658171
1585.88118319662,1518.76708923689,734.632683658171
1593.3383047477,1511.30996768581,734.632683658171
1595.82401193139,1506.33855331842,734.632683658171
1638.08103405419,1352.22470792941,734.632683658171
1106.13969674372,1081.28262490679,749.625187406297
1285.11061396967,1399.45314441959,749.625187406297
1295.05344270445,1449.16728809346,749.625187406297
1319.91051454139,1180.71091225454,764.617691154423
1332.33905045986,1168.28237633607,764.617691154423
1337.31046482724,1193.13944817301,764.617691154423
1354.7104151131,1657.96669152374,749.625187406297
1364.65324384787,1650.50956997266,749.625187406297
1585.88118319662,1533.68133233905,749.625187406297
1628.13820531941,1379.56748695004,749.625187406297
1297.53914988814,1372.11036539896,764.617691154423
1307.48197862292,1421.82450907283,764.617691154423
