4.97141436738752,613.969674372359,14.9925037481259
12.4285359184688,611.483967188665,14.9925037481259
34.7999005717127,631.369624658215,14.9925037481259
34.7999005717127,1981.10862540393,29.9850074962519
49.7141436738752,651.255282127765,14.9925037481259
72.0855083271191,1911.5088242605,14.9925037481259
96.9425801640567,1822.02336564753,14.9925037481259
159.085259756401,2065.62266964952,14.9925037481259
427.541635595327,1488.93860303256,29.9850074962519
636.341039025603,44.7427293064877,29.9850074962519
770.569226945066,1359.68182948049,14.9925037481259
780.512055679841,1359.68182948049,14.9925037481259
782.997762863535,1379.56748695004,14.9925037481259
790.454884414616,1382.05319413373,14.9925037481259
815.311956251554,1610.73825503356,14.9925037481259
820.283370618941,285.856326124783,14.9925037481259
820.283370618941,1322.39622172508,14.9925037481259
842.654735272185,1369.62465821526,14.9925037481259
847.626149639573,1648.02386278896,14.9925037481259
850.111856823266,1667.90952025851,14.9925037481259
850.111856823266,1620.68108376833,14.9925037481259
857.568978374347,275.913497390007,14.9925037481259
867.511807109123,1657.96669152374,14.9925037481259
902.311707680835,355.456127268208,29.9850074962519
909.768829231916,797.912005965697,14.9925037481259
942.083022619935,782.997762863535,14.9925037481259
949.540144171017,785.483470047228,14.9925037481259
959.482972905792,780.512055679841,14.9925037481259
1143.42530449913,164.056674123788,29.9850074962519
1163.31096196868,183.942331593338,29.9850074962519
1200.59656972409,1849.36614466816,14.9925037481259
1210.53939845886,1874.2232165051,14.9925037481259
1210.53939845886,1881.68033805618,14.9925037481259
1237.88217747949,2020.87994034303,29.9850074962519
1267.71066368382,487.198608003977,29.9850074962519
1302.51056425553,1242.85359184688,29.9850074962519
1324.88192890877,474.770072085508,29.9850074962519
1389.51031568481,333.084762614964,29.9850074962519
1421.82450907283,318.170519512801,29.9850074962519
1429.28163062391,352.970420084514,29.9850074962519
1605.76684066617,355.456127268208,29.9850074962519
1881.68033805618,825.254784986329,14.9925037481259
1889.13745960726,815.311956251554,14.9925037481259
1948.79443201591,397.713149391002,29.9850074962519
1958.73726075068,357.941834451902,29.9850074962519
1996.02286850609,2264.47924434502,14.9925037481259
2018.39423315933,67.1140939597315,29.9850074962519
2023.36564752672,154.113845389013,29.9850074962519
2033.3084762615,79.5426298782003,29.9850074962519
2040.76559781258,59.6569724086503,29.9850074962519
2097.93686303753,2194.87944320159,14.9925037481259
2112.8511061397,2311.7076808352,14.9925037481259
2132.73676360925,2304.25055928412,29.9850074962519
2346.50758140691,924.683072334079,29.9850074962519
2393.73601789709,914.740243599304,29.9850074962519
72.0855083271191,1926.42306736266,29.9850074962519
99.4282873477504,1839.42331593338,29.9850074962519
151.628138205319,2085.50832711907,29.9850074962519
218.742232165051,24.8570718369376,44.9775112443778
392.741735023614,1066.36838180462,44.9775112443778
425.055928411633,1503.85284613473,29.9850074962519
462.34153616704,1036.5398956003,29.9850074962519
467.312950534427,1026.59706686552,29.9850074962519
556.798409147402,2120.30822769078,44.9775112443778
638.826746209297,2217.25080785483,44.9775112443778
785.483470047228,1399.45314441959,29.9850074962519
815.311956251554,1628.13820531941,29.9850074962519
832.71190653741,1384.53890131742,29.9850074962519
845.140442455879,1682.82376336068,29.9850074962519
850.111856823266,1685.30947054437,29.9850074962519
852.59756400696,1707.68083519761,44.9775112443778
867.511807109123,1675.36664180959,29.9850074962519
1019.13994531444,293.313447675864,44.9775112443778
1118.56823266219,1782.25205070843,29.9850074962519
1118.56823266219,1774.79492915735,29.9850074962519
1170.76808351976,161.570966940094,44.9775112443778
1200.59656972409,1866.76609495401,29.9850074962519
1210.53939845886,1896.59458115834,29.9850074962519
1235.3964702958,2033.3084762615,29.9850074962519
1255.28212776535,154.113845389013,44.9775112443778
1290.08202833706,1255.28212776535,29.9850074962519
1309.96768580661,1265.22495650012,29.9850074962519
1391.99602286851,666.169525229928,44.9775112443778
1434.2530449913,2197.36515038528,44.9775112443778
1491.42431021626,2063.13696246582,44.9775112443778
1568.48123291076,77.0569226945066,44.9775112443778
1652.99527715635,315.684812329108,29.9850074962519
1695.25229927915,434.998757146408,44.9775112443778
1824.50907283122,2296.79343773304,44.9775112443778
1956.25155356699,79.5426298782003,29.9850074962519
1968.68008948546,2207.30797912006,44.9775112443778
1978.62291822023,77.0569226945066,29.9850074962519
2058.16554809843,2356.45041014169,59.9700149925037
2135.22247079294,1250.31071339796,44.9775112443778
2229.6793437733,2100.42257022123,44.9775112443778
2237.13646532438,2090.47974148645,44.9775112443778
2237.13646532438,169.028088491176,44.9775112443778
2244.59358687547,1600.79542629878,44.9775112443778
2254.53641561024,2299.27914491673,29.9850074962519
2266.96495152871,176.485210042257,59.9700149925037
2281.87919463087,1876.70892368879,44.9775112443778
29.8284862043251,1971.16579666915,44.9775112443778
173.999502858563,676.112353964703,59.9700149925037
273.427790206314,713.397961720109,59.9700149925037
489.684315187671,1081.28262490679,74.9625187406297
551.826994780015,2269.4506587124,59.9700149925037
860.054685558041,1697.73800646284,44.9775112443778
1014.16853094705,303.256276410639,44.9775112443778
1034.0541884166,2316.67909520259,44.9775112443778
1039.02560278399,2296.79343773304,59.9700149925037
1133.48247576436,425.055928411633,59.9700149925037
1242.85359184688,2013.42281879195,44.9775112443778
1285.11061396967,1963.70867511807,59.9700149925037
1300.02485707184,1961.22296793438,59.9700149925037
1441.71016654238,2199.85085756898,44.9775112443778
1498.88143176734,2445.93586875466,44.9775112443778
2030.8227690778,1874.2232165051,44.9775112443778
2040.76559781258,1881.68033805618,59.9700149925037
2197.36515038528,425.055928411633,44.9775112443778
2217.25080785483,1170.76808351976,59.9700149925037
2229.6793437733,171.513795674869,59.9700149925037
2249.56500124285,178.970917225951,59.9700149925037
22.3713646532438,1963.70867511807,59.9700149925037
673.626646781009,1357.19612229679,59.9700149925037
912.25453641561,604.026845637584,74.9625187406297
927.168779517773,621.42679592344,59.9700149925037
981.854337559036,1613.22396221725,59.9700149925037
994.282873477504,1635.59532687049,59.9700149925037
1031.56848123291,2306.73626646781,59.9700149925037
1039.02560278399,1394.4817300522,59.9700149925037
1056.42555306985,2398.70743226448,59.9700149925037
1213.02510564256,89.4854586129754,89.9550224887556
1302.51056425553,1692.76659209545,74.9625187406297
1807.10912254536,1772.30922197365,74.9625187406297
1817.05195128014,1762.36639323888,74.9625187406297
1849.36614466816,49.7141436738752,74.9625187406297
2010.93711160825,2299.27914491673,89.9550224887556
2100.42257022123,807.854834700472,59.9700149925037
2237.13646532438,154.113845389013,74.9625187406297
2239.62217250808,186.428038777032,59.9700149925037
2252.05070842655,193.885160328113,74.9625187406297
2264.47924434502,159.085259756401,59.9700149925037
2426.05021128511,1665.42381307482,74.9625187406297
479.741486452896,700.969425801641,89.9550224887556
561.76982351479,2276.90778026349,74.9625187406297
566.741237882178,2120.30822769078,74.9625187406297
646.283867760378,2443.45016157097,89.9550224887556
668.655232413622,693.512304250559,89.9550224887556
683.569475515784,1364.65324384787,74.9625187406297
735.769326373353,1339.79617201094,89.9550224887556
740.740740740741,879.940343027591,89.9550224887556
760.626398210291,1613.22396221725,74.9625187406297
775.540641312453,1610.73825503356,89.9550224887556
974.397216007954,1630.62391250311,89.9550224887556
981.854337559036,1648.02386278896,74.9625187406297
991.797166293811,1618.19537658464,74.9625187406297
999.254287844892,1600.79542629878,89.9550224887556
1001.73999502859,1643.05244842158,89.9550224887556
1011.68282376336,1620.68108376833,89.9550224887556
1026.59706686552,986.825751926423,89.9550224887556
1051.45413870246,1401.93885160328,74.9625187406297
1056.42555306985,1411.88168033806,74.9625187406297
1066.36838180462,2403.67884663187,89.9550224887556
1093.71116082525,64.6283867760378,89.9550224887556
1222.96793437733,82.0283370618941,89.9550224887556
1272.68207805121,1968.68008948546,74.9625187406297
1603.28113348248,2222.22222222222,89.9550224887556
1682.82376336068,1210.53939845886,89.9550224887556
1859.30897340293,62.142679592344,74.9625187406297
2000.99428287348,1451.65299527716,89.9550224887556
2092.96544867015,812.82624906786,74.9625187406297
2140.19388516033,1986.08003977131,89.9550224887556
2475.76435495899,1121.05393984589,89.9550224887556
290.82774049217,345.513298533433,104.947526236882
569.226945065871,1615.70966940094,89.9550224887556
576.684066616953,1605.76684066617,104.947526236882
884.911757394979,188.913745960726,104.947526236882
961.968680089485,1640.56674123788,89.9550224887556
964.454387273179,1628.13820531941,89.9550224887556
984.340044742729,1618.19537658464,89.9550224887556
1088.73974645787,47.2284364901815,104.947526236882
1180.71091225454,867.511807109123,104.947526236882
1242.85359184688,1680.33805617698,104.947526236882
1262.73924931643,1685.30947054437,104.947526236882
1650.50956997266,2391.2503107134,119.940029985007
1986.08003977131,887.397464578673,104.947526236882
2018.39423315933,1314.939100174,104.947526236882
2038.27989062888,425.055928411633,119.940029985007
2097.93686303753,1588.36689038031,104.947526236882
54.6855580412627,452.398707432264,119.940029985007
273.427790206314,345.513298533433,104.947526236882
365.398956002983,1834.451901566,104.947526236882
387.770320656227,2378.82177479493,119.940029985007
407.655978125777,1396.96743723589,134.932533733133
422.570221227939,2008.45140442456,119.940029985007
437.484464330102,444.941585881183,104.947526236882
710.912254536416,986.825751926423,104.947526236882
728.312204822272,989.311459110117,119.940029985007
892.36887894606,201.342281879195,104.947526236882
981.854337559036,1598.30971911509,119.940029985007
1026.59706686552,1446.68158090977,134.932533733133
1078.79691772309,49.7141436738752,104.947526236882
1145.91101168282,2458.36440467313,119.940029985007
1175.73949788715,847.626149639573,119.940029985007
1245.33929903057,1672.8809346259,104.947526236882
1483.96718866518,134.228187919463,119.940029985007
1486.45289584887,119.313944817301,119.940029985007
1511.30996768581,161.570966940094,134.932533733133
1551.08128262491,12.4285359184688,119.940029985007
1590.85259756401,2279.39348744718,119.940029985007
1730.05219985086,2445.93586875466,119.940029985007
1759.88068605518,1819.53765846383,119.940029985007
1759.88068605518,1829.48048719861,104.947526236882
1787.22346507581,681.08376833209,119.940029985007
2033.3084762615,1314.939100174,119.940029985007
2068.10837683321,872.48322147651,119.940029985007
2092.96544867015,1578.42406164554,104.947526236882
2289.33631618195,1198.11086254039,119.940029985007
2334.07904548844,1657.96669152374,119.940029985007
156.599552572707,459.855828983346,134.932533733133
390.25602783992,1387.02460850112,119.940029985007
656.226696495153,2465.82152622421,134.932533733133
902.311707680835,196.370867511807,119.940029985007
976.882923191648,1623.16679095203,119.940029985007
1063.88267462093,1178.22520507084,134.932533733133
1103.65398956003,62.142679592344,119.940029985007
1143.42530449913,2468.3072334079,119.940029985007
1292.56773552076,1543.62416107383,134.932533733133
1314.939100174,1091.22545364156,134.932533733133
1478.99577429779,149.142431021626,119.940029985007
1483.96718866518,111.856823266219,119.940029985007
1493.91001739995,151.628138205319,119.940029985007
1588.36689038031,2371.36465324385,119.940029985007
1593.3383047477,1406.91026597067,134.932533733133
1630.62391250311,1600.79542629878,119.940029985007
1739.99502858563,2438.47874720358,119.940029985007
1757.39497887149,2115.33681332339,134.932533733133
1789.70917225951,2050.70842654735,119.940029985007
1789.70917225951,688.540889883172,119.940029985007
1799.65200099428,2055.67984091474,134.932533733133
2376.33606761124,1841.90902311708,149.925037481259
2386.27889634601,1864.28038777032,134.932533733133
2393.73601789709,1849.36614466816,134.932533733133
2388.7646035297,604.026845637584,134.932533733133
365.398956002983,343.027591349739,164.917541229385
375.341784737758,1394.4817300522,134.932533733133
397.713149391002,439.970171513796,149.925037481259
584.141188168034,1772.30922197365,149.925037481259
628.883917474521,986.825751926423,149.925037481259
725.826497638578,2197.36515038528,149.925037481259
780.512055679841,201.342281879195,149.925037481259
942.083022619935,2182.45090728312,149.925037481259
984.340044742729,19.8856574695501,149.925037481259
1011.68282376336,1444.19587372608,149.925037481259
1108.62540392742,2304.25055928412,134.932533733133
1121.05393984589,2301.76485210042,149.925037481259
1135.96818294805,2465.82152622421,134.932533733133
1215.51081282625,653.740989311459,149.925037481259
1242.85359184688,1680.33805617698,134.932533733133
1471.53865274671,144.171016654238,134.932533733133
1536.16703952274,12.4285359184688,134.932533733133
1779.76634352473,991.797166293811,164.917541229385
1787.22346507581,1014.16853094705,149.925037481259
2030.8227690778,412.627392493164,134.932533733133
2470.7929405916,912.25453641561,149.925037481259
99.4282873477504,1225.45364156102,164.917541229385
146.656723837932,2229.6793437733,164.917541229385
360.427541635595,1516.28138205319,164.917541229385
402.684563758389,2368.87894606015,164.917541229385
514.541387024609,2279.39348744718,164.917541229385
584.141188168034,1983.59433258762,179.910044977511
693.512304250559,2480.73576932637,149.925037481259
758.140691026597,2403.67884663187,149.925037481259
827.740492170022,1369.62465821526,164.917541229385
889.883171762366,1762.36639323888,149.925037481259
897.340293313448,1759.88068605518,164.917541229385
986.825751926423,4.97141436738752,149.925037481259
991.797166293811,96.9425801640567,164.917541229385
1081.28262490679,1712.652249565,164.917541229385
1086.25403927417,1725.08078548347,164.917541229385
1170.76808351976,1128.51106139697,164.917541229385
1449.16728809346,917.225950782998,179.910044977511
1506.33855331842,631.369624658215,164.917541229385
1516.28138205319,124.285359184688,164.917541229385
1687.79517772806,559.284116331096,179.910044977511
1777.28063634104,671.140939597315,149.925037481259
1879.19463087248,519.512801391996,164.917541229385
2000.99428287348,994.282873477504,164.917541229385
2083.02261993537,2348.9932885906,164.917541229385
2090.47974148645,459.855828983346,164.917541229385
2326.62192393736,1255.28212776535,164.917541229385
2336.56475267214,1240.36788466319,164.917541229385
2438.47874720358,1906.53740989311,164.917541229385
7.45712155108128,507.084265473527,179.910044977511
139.199602286851,1088.73974645787,194.902548725637
241.113596818295,1928.90877454636,179.910044977511
293.313447675864,2003.47999005717,179.910044977511
380.313199105145,338.056176982351,164.917541229385
606.512552821278,188.913745960726,179.910044977511
770.569226945066,2411.13596818295,164.917541229385
782.997762863535,2050.70842654735,179.910044977511
827.740492170022,1575.93835446184,179.910044977511
1163.31096196868,1135.96818294805,164.917541229385
1290.08202833706,939.597315436242,179.910044977511
1334.82475764355,1031.56848123291,179.910044977511
1426.79592344022,1702.70942083023,179.910044977511
1466.56723837932,686.055182699478,164.917541229385
1496.39572458364,638.826746209297,164.917541229385
1702.70942083023,835.197613721104,179.910044977511
1774.79492915735,790.454884414616,194.902548725637
2003.47999005717,1931.39448173005,179.910044977511
2165.05095699727,2269.4506587124,179.910044977511
2237.13646532438,606.512552821278,179.910044977511
2249.56500124285,606.512552821278,179.910044977511
2271.9363658961,452.398707432264,179.910044977511
2286.85060899826,586.626895351728,179.910044977511
2296.79343773304,534.427044494159,194.902548725637
2386.27889634601,1086.25403927417,194.902548725637
2391.2503107134,464.827243350733,179.910044977511
52.199850857569,524.484215759384,194.902548725637
126.771066368382,1106.13969674372,194.902548725637
151.628138205319,2010.93711160825,209.895052473763
161.570966940094,1076.3112105394,194.902548725637
231.17076808352,1936.36589609744,179.910044977511
251.05642555307,1921.45165299528,194.902548725637
273.427790206314,1516.28138205319,194.902548725637
452.398707432264,211.28511061397,194.902548725637
584.141188168034,1772.30922197365,179.910044977511
638.826746209297,114.342530449913,194.902548725637
720.855083271191,1198.11086254039,194.902548725637
730.797912005966,817.797663435247,194.902548725637
753.16927665921,14.9142431021626,194.902548725637
763.112105393985,2408.65026099925,179.910044977511
1081.28262490679,27.3427790206314,209.895052473763
1272.68207805121,966.940094456873,209.895052473763
1434.2530449913,1799.65200099428,194.902548725637
1702.70942083023,2296.79343773304,194.902548725637
1772.30922197365,773.05493412876,194.902548725637
1943.82301764852,1193.13944817301,194.902548725637
2202.33656475267,1941.33731046483,209.895052473763
2378.82177479493,1725.08078548347,209.895052473763
2465.82152622421,439.970171513796,179.910044977511
2480.73576932637,452.398707432264,179.910044977511
67.1140939597315,333.084762614964,209.895052473763
139.199602286851,1998.50857568978,194.902548725637
149.142431021626,1993.5371613224,209.895052473763
730.797912005966,34.7999005717127,209.895052473763
745.712155108128,812.82624906786,194.902548725637
812.82624906786,541.88416604524,209.895052473763
1071.33979617201,2192.3937360179,194.902548725637
1081.28262490679,2189.9080288342,209.895052473763
1518.76708923689,253.542132736764,194.902548725637
1518.76708923689,1217.99652000994,194.902548725637
1528.70991797166,1232.91076311211,194.902548725637
1715.13795674869,2289.33631618195,194.902548725637
1792.1948794432,1752.4235645041,194.902548725637
1918.96594581158,2294.30773054934,194.902548725637
1921.45165299528,2000.99428287348,194.902548725637
1948.79443201591,1183.19661943823,209.895052473763
2075.56549838429,2259.50782997763,209.895052473763
2107.87969177231,1971.16579666915,194.902548725637
2147.65100671141,1401.93885160328,194.902548725637
2301.76485210042,1958.73726075068,194.902548725637
2393.73601789709,1280.13919960229,194.902548725637
24.8570718369376,1787.22346507581,224.887556221889
34.7999005717127,1809.59482972906,224.887556221889
49.7141436738752,2025.85135471042,224.887556221889
54.6855580412627,2010.93711160825,224.887556221889
139.199602286851,1081.28262490679,209.895052473763
188.913745960726,1643.05244842158,224.887556221889
188.913745960726,1628.13820531941,209.895052473763
246.085011185682,1558.53840417599,224.887556221889
246.085011185682,144.171016654238,224.887556221889
288.342033308476,1250.31071339796,224.887556221889
293.313447675864,1511.30996768581,209.895052473763
375.341784737758,2174.99378573204,224.887556221889
462.34153616704,208.799403430276,209.895052473763
564.255530698484,1108.62540392742,239.880059970015
566.741237882178,676.112353964703,224.887556221889
581.65548098434,681.08376833209,224.887556221889
703.455132985334,1657.96669152374,209.895052473763
710.912254536416,1650.50956997266,209.895052473763
733.283619189659,1198.11086254039,209.895052473763
740.740740740741,822.769077802635,209.895052473763
753.16927665921,812.82624906786,209.895052473763
765.597812577678,19.8856574695501,209.895052473763
785.483470047228,372.856077554064,224.887556221889
1091.22545364156,2192.3937360179,209.895052473763
1170.76808351976,1849.36614466816,224.887556221889
1215.51081282625,1086.25403927417,224.887556221889
1215.51081282625,385.284613472533,239.880059970015
1232.91076311211,313.199105145414,209.895052473763
1302.51056425553,32.3141933880189,209.895052473763
1441.71016654238,1799.65200099428,209.895052473763
1528.70991797166,253.542132736764,209.895052473763
1528.70991797166,1217.99652000994,209.895052473763
1536.16703952274,1230.42505592841,209.895052473763
1595.82401193139,1048.96843151877,224.887556221889
1608.25254784986,1056.42555306985,209.895052473763
1608.25254784986,576.684066616953,224.887556221889
1625.65249813572,571.712652249565,224.887556221889
1712.652249565,2296.79343773304,209.895052473763
1722.59507829978,2286.85060899826,209.895052473763
1809.59482972906,1754.9092716878,209.895052473763
1918.96594581158,1593.3383047477,224.887556221889
1921.45165299528,1580.90976882923,224.887556221889
1923.93736017897,1605.76684066617,224.887556221889
1931.39448173005,2000.99428287348,224.887556221889
1928.90877454636,2294.30773054934,209.895052473763
1931.39448173005,1573.45264727815,209.895052473763
2105.39398458862,966.940094456873,224.887556221889
2120.30822769078,1971.16579666915,209.895052473763
2122.79393487447,954.511558538404,224.887556221889
2157.59383544618,1401.93885160328,209.895052473763
2170.02237136465,1406.91026597067,209.895052473763
2209.79368630375,1933.88018891375,209.895052473763
2266.96495152871,1406.91026597067,209.895052473763
2281.87919463087,1409.39597315436,224.887556221889
2294.30773054934,2050.70842654735,209.895052473763
2299.27914491673,2050.70842654735,209.895052473763
2301.76485210042,589.112602535421,209.895052473763
2306.73626646781,1968.68008948546,209.895052473763
2311.7076808352,1958.73726075068,209.895052473763
2316.67909520259,1543.62416107383,224.887556221889
2321.65050956997,1561.02411135968,224.887556221889
2383.79318916232,589.112602535421,224.887556221889
2403.67884663187,1282.62490678598,209.895052473763
34.7999005717127,1799.65200099428,224.887556221889
278.399204573701,1260.25354213274,224.887556221889
390.25602783992,313.199105145414,224.887556221889
392.741735023614,2030.8227690778,239.880059970015
397.713149391002,320.656226696495,239.880059970015
643.798160576684,1287.59632115337,239.880059970015
877.454635843898,695.998011434253,239.880059970015
882.426050211285,2403.67884663187,224.887556221889
889.883171762366,698.483718617947,224.887556221889
904.797414864529,1891.62316679095,224.887556221889
1342.28187919463,487.198608003977,224.887556221889
1344.76758637832,474.770072085508,239.880059970015
1411.88168033806,1257.76783494904,224.887556221889
1431.76733780761,1650.50956997266,239.880059970015
1645.53815560527,1205.56798409147,239.880059970015
1752.4235645041,407.655978125777,239.880059970015
2048.22271936366,917.225950782998,224.887556221889
2068.10837683321,937.111608252548,239.880059970015
2063.13696246582,917.225950782998,239.880059970015
2095.45115585384,2284.36490181457,224.887556221889
2120.30822769078,2222.22222222222,224.887556221889
2217.25080785483,802.883420333085,224.887556221889
2259.50782997763,1396.96743723589,239.880059970015
2301.76485210042,2043.25130499627,224.887556221889
2433.50733283619,740.740740740741,224.887556221889
24.8570718369376,1802.13770817798,239.880059970015
151.628138205319,387.770320656227,254.872563718141
283.370618941089,1250.31071339796,239.880059970015
382.798906288839,318.170519512801,239.880059970015
507.084265473527,1971.16579666915,254.872563718141
517.027094208302,1976.13721103654,239.880059970015
519.512801391996,1961.22296793438,239.880059970015
566.741237882178,663.683818046234,239.880059970015
643.798160576684,310.71339796172,239.880059970015
845.140442455879,2100.42257022123,254.872563718141
894.854586129754,1886.65175242356,239.880059970015
939.597315436242,631.369624658215,254.872563718141
1034.0541884166,1498.88143176734,254.872563718141
1058.91126025354,740.740740740741,254.872563718141
1078.79691772309,862.540392741735,254.872563718141
1317.42480735769,477.255779269202,254.872563718141
1332.33905045986,492.170022371365,254.872563718141
1598.30971911509,1561.02411135968,254.872563718141
1595.82401193139,700.969425801641,254.872563718141
1613.22396221725,676.112353964703,254.872563718141
1618.19537658464,574.198359433259,239.880059970015
1620.68108376833,1282.62490678598,254.872563718141
1628.13820531941,691.026597066866,269.865067466267
1672.8809346259,1672.8809346259,239.880059970015
1677.85234899329,1675.36664180959,239.880059970015
1913.9945314442,474.770072085508,254.872563718141
1946.30872483221,1996.02286850609,254.872563718141
2040.76559781258,919.711657966692,239.880059970015
2043.25130499627,934.625901068854,239.880059970015
2050.70842654735,899.826000497141,239.880059970015
2050.70842654735,947.054436987323,254.872563718141
2060.65125528213,904.797414864529,254.872563718141
2058.16554809843,887.397464578673,254.872563718141
2070.5940840169,956.997265722098,239.880059970015
2078.05120556798,924.683072334079,239.880059970015
2140.19388516033,2197.36515038528,239.880059970015
2165.05095699727,265.970668655232,239.880059970015
2207.30797912006,802.883420333085,239.880059970015
2209.79368630375,790.454884414616,254.872563718141
2247.07929405916,1404.42455878698,239.880059970015
2291.82202336565,1565.99552572707,239.880059970015
2294.30773054934,2043.25130499627,239.880059970015
2373.85036042754,1730.05219985086,239.880059970015
2413.62167536664,1014.16853094705,239.880059970015
2426.05021128511,760.626398210291,239.880059970015
24.8570718369376,1943.82301764852,254.872563718141
141.685309470544,382.798906288839,254.872563718141
524.484215759384,1976.13721103654,254.872563718141
631.369624658215,29.8284862043251,269.865067466267
760.626398210291,599.055431270196,269.865067466267
825.254784986329,504.598558289833,269.865067466267
1188.16803380562,961.968680089485,254.872563718141
1185.68232662192,949.540144171017,269.865067466267
1190.65374098931,1362.16753666418,254.872563718141
1322.39622172508,1483.96718866518,254.872563718141
1327.36763609247,464.827243350733,254.872563718141
1342.28187919463,410.141685309471,254.872563718141
1347.25329356202,1538.65274670644,269.865067466267
1354.7104151131,415.113099676858,269.865067466267
1391.99602286851,395.227442207308,284.857571214393
1478.99577429779,1831.9661943823,254.872563718141
1493.91001739995,1836.93760874969,269.865067466267
1590.85259756401,713.397961720109,254.872563718141
1598.30971911509,678.598061148397,269.865067466267
1603.28113348248,663.683818046234,254.872563718141
1610.73825503356,693.512304250559,254.872563718141
1620.68108376833,713.397961720109,269.865067466267
1874.2232165051,1031.56848123291,269.865067466267
1884.16604523987,1041.51130996769,254.872563718141
1909.02311707681,840.169028088491,254.872563718141
2000.99428287348,504.598558289833,269.865067466267
2010.93711160825,524.484215759384,254.872563718141
2040.76559781258,1911.5088242605,269.865067466267
2043.25130499627,949.540144171017,254.872563718141
2083.02261993537,944.568729803629,254.872563718141
2092.96544867015,183.942331593338,269.865067466267
2105.39398458862,181.456624409645,269.865067466267
2112.8511061397,1610.73825503356,284.857571214393
2353.96470295799,2010.93711160825,269.865067466267
2426.05021128511,999.254287844892,254.872563718141
22.3713646532438,1933.88018891375,269.865067466267
27.3427790206314,1921.45165299528,269.865067466267
134.228187919463,375.341784737758,269.865067466267
181.456624409645,1725.08078548347,269.865067466267
571.712652249565,310.71339796172,284.857571214393
718.369376087497,2296.79343773304,284.857571214393
760.626398210291,658.712403678847,284.857571214393
775.540641312453,651.255282127765,269.865067466267
934.625901068854,621.42679592344,269.865067466267
1056.42555306985,154.113845389013,269.865067466267
1078.79691772309,852.59756400696,269.865067466267
1319.91051454139,1461.59582401193,269.865067466267
1339.79617201094,402.684563758389,269.865067466267
1580.90976882923,688.540889883172,269.865067466267
1585.88118319662,678.598061148397,269.865067466267
1600.79542629878,656.226696495153,269.865067466267
1628.13820531941,1300.02485707184,284.857571214393
1744.96644295302,2207.30797912006,284.857571214393
1861.79468058663,2177.47949291573,284.857571214393
1874.2232165051,1021.62565249814,269.865067466267
1901.56599552573,830.226199353716,269.865067466267
1936.36589609744,768.083519761372,284.857571214393
1943.82301764852,748.197862291822,299.850074962519
1981.10862540393,653.740989311459,284.857571214393
1986.08003977131,2120.30822769078,284.857571214393
1996.02286850609,2105.39398458862,284.857571214393
2008.45140442456,517.027094208302,269.865067466267
2050.70842654735,939.597315436242,284.857571214393
2058.16554809843,897.340293313448,269.865067466267
2065.62266964952,924.683072334079,269.865067466267
2075.56549838429,942.083022619935,269.865067466267
2078.05120556798,937.111608252548,269.865067466267
2087.99403430276,922.197365150385,269.865067466267
2095.45115585384,1093.71116082525,284.857571214393
2100.42257022123,338.056176982351,269.865067466267
2112.8511061397,338.056176982351,284.857571214393
2165.05095699727,256.027839920457,269.865067466267
2177.47949291573,1749.93785732041,299.850074962519
2229.6793437733,1933.88018891375,284.857571214393
2257.02212279394,922.197365150385,284.857571214393
2336.56475267214,1155.8538404176,284.857571214393
2356.45041014169,2003.47999005717,269.865067466267
9.94282873477504,1933.88018891375,284.857571214393
126.771066368382,971.911508824261,299.850074962519
183.942331593338,1742.48073576933,284.857571214393
253.542132736764,1705.19512801392,314.842578710645
293.313447675864,2140.19388516033,314.842578710645
395.227442207308,126.771066368382,284.857571214393
397.713149391002,141.685309470544,284.857571214393
651.255282127765,86.9997514292816,299.850074962519
750.683569475516,576.684066616953,284.857571214393
959.482972905792,792.94059159831,314.842578710645
1034.0541884166,77.0569226945066,299.850074962519
1056.42555306985,591.598309719115,299.850074962519
1053.93984588615,1039.02560278399,284.857571214393
1061.39696743724,1039.02560278399,299.850074962519
1180.71091225454,1354.7104151131,284.857571214393
1225.45364156102,1140.93959731544,299.850074962519
1496.39572458364,1436.73875217499,299.850074962519
1508.82426050211,1451.65299527716,314.842578710645
1558.53840417599,1332.33905045986,284.857571214393
1563.50981854338,303.256276410639,284.857571214393
1573.45264727815,295.799154859558,284.857571214393
1854.33755903555,785.483470047228,314.842578710645
1871.7375093214,589.112602535421,284.857571214393
2058.16554809843,949.540144171017,284.857571214393
2137.70817797663,1414.36738752175,299.850074962519
2165.05095699727,1941.33731046483,284.857571214393
2179.96520009943,1759.88068605518,284.857571214393
2207.30797912006,1938.85160328113,284.857571214393
2222.22222222222,914.740243599304,299.850074962519
2222.22222222222,929.654486701467,284.857571214393
2242.10787969177,778.026348496147,299.850074962519
2478.25006214268,1220.48222719364,314.842578710645
2480.73576932637,1481.48148148148,284.857571214393
313.199105145414,474.770072085508,299.850074962519
755.654983842903,1563.50981854338,314.842578710645
932.14019388516,894.854586129754,314.842578710645
1501.36713895103,86.9997514292816,314.842578710645
1513.7956748695,1434.2530449913,299.850074962519
1610.73825503356,676.112353964703,299.850074962519
1856.82326621924,1923.93736017897,314.842578710645
1854.33755903555,700.969425801641,314.842578710645
1866.76609495401,1916.48023862789,314.842578710645
2281.87919463087,1772.30922197365,329.835082458771
2284.36490181457,1004.22570221228,314.842578710645
487.198608003977,119.313944817301,344.827586206897
705.940840169028,2244.59358687547,329.835082458771
763.112105393985,1971.16579666915,344.827586206897
832.71190653741,2060.65125528213,329.835082458771
882.426050211285,1968.68008948546,314.842578710645
1155.8538404176,996.768580661198,329.835082458771
1175.73949788715,1317.42480735769,344.827586206897
1454.13870246085,1881.68033805618,329.835082458771
1469.05294556301,2212.27939348745,329.835082458771
1608.25254784986,1285.11061396967,329.835082458771
1613.22396221725,929.654486701467,329.835082458771
1657.96669152374,753.16927665921,314.842578710645
1660.45239870743,768.083519761372,329.835082458771
1856.82326621924,688.540889883172,329.835082458771
1916.48023862789,1682.82376336068,344.827586206897
2003.47999005717,561.76982351479,344.827586206897
2008.45140442456,1369.62465821526,329.835082458771
2025.85135471042,1752.4235645041,329.835082458771
2033.3084762615,1737.50932140194,329.835082458771
2232.165050957,1851.85185185185,329.835082458771
39.7713149391002,1777.28063634104,344.827586206897
89.4854586129754,1774.79492915735,344.827586206897
298.284862043251,681.08376833209,329.835082458771
343.027591349739,1742.48073576933,344.827586206897
402.684563758389,2249.56500124285,344.827586206897
556.798409147402,74.5712155108128,329.835082458771
621.42679592344,1399.45314441959,359.820089955023
713.397961720109,2252.05070842655,329.835082458771
760.626398210291,1988.56574695501,344.827586206897
884.911757394979,840.169028088491,329.835082458771
897.340293313448,840.169028088491,329.835082458771
1153.36813323391,981.854337559036,329.835082458771
1188.16803380562,1327.36763609247,344.827586206897
1242.85359184688,1710.16654238131,329.835082458771
1245.33929903057,1697.73800646284,329.835082458771
1262.73924931643,1113.5968182948,329.835082458771
1267.71066368382,1126.02535421327,329.835082458771
1436.73875217499,1140.93959731544,329.835082458771
1464.08153119563,1871.7375093214,329.835082458771
1521.25279642058,1493.91001739995,359.820089955023
1593.3383047477,1610.73825503356,329.835082458771
1603.28113348248,1608.25254784986,344.827586206897
1628.13820531941,338.056176982351,329.835082458771
1685.30947054437,345.513298533433,329.835082458771
1889.13745960726,733.283619189659,329.835082458771
1891.62316679095,743.226447924435,329.835082458771
1946.30872483221,2194.87944320159,329.835082458771
2013.42281879195,1904.05170270942,344.827586206897
2043.25130499627,1737.50932140194,329.835082458771
2202.33656475267,907.283122048223,329.835082458771
2204.82227193637,919.711657966692,329.835082458771
2358.93611732538,1195.6251553567,329.835082458771
308.227690778026,676.112353964703,359.820089955023
338.056176982351,300.770569226945,359.820089955023
370.37037037037,499.627143922446,359.820089955023
380.313199105145,1737.50932140194,374.812593703148
564.255530698484,77.0569226945066,359.820089955023
837.683320904797,2383.79318916232,344.827586206897
887.397464578673,1399.45314441959,359.820089955023
897.340293313448,825.254784986329,344.827586206897
909.768829231916,837.683320904797,344.827586206897
996.768580661198,1802.13770817798,359.820089955023
1138.45389013174,1744.96644295302,374.812593703148
1165.79666915237,981.854337559036,344.827586206897
1170.76808351976,994.282873477504,359.820089955023
1250.31071339796,2438.47874720358,359.820089955023
1255.28212776535,1705.19512801392,344.827586206897
1257.76783494904,1692.76659209545,344.827586206897
1275.1677852349,1111.11111111111,344.827586206897
1280.13919960229,1123.53964702958,344.827586206897
1322.39622172508,1623.16679095203,359.820089955023
1329.85334327616,1625.65249813572,359.820089955023
1426.79592344022,2080.53691275168,359.820089955023
1446.68158090977,1138.45389013174,344.827586206897
1618.19537658464,1285.11061396967,344.827586206897
1620.68108376833,1618.19537658464,344.827586206897
1618.19537658464,1275.1677852349,344.827586206897
1625.65249813572,922.197365150385,344.827586206897
1630.62391250311,932.14019388516,344.827586206897
1648.02386278896,333.084762614964,344.827586206897
1695.25229927915,343.027591349739,344.827586206897
1869.25180213771,686.055182699478,344.827586206897
1901.56599552573,730.797912005966,344.827586206897
1904.05170270942,740.740740740741,344.827586206897
1958.73726075068,2192.3937360179,359.820089955023
2025.85135471042,1911.5088242605,344.827586206897
2045.73701217997,1986.08003977131,359.820089955023
2117.82252050708,385.284613472533,359.820089955023
2140.19388516033,377.827491921452,359.820089955023
2204.82227193637,1441.71016654238,359.820089955023
2214.76510067114,904.797414864529,359.820089955023
2217.25080785483,917.225950782998,344.827586206897
2291.82202336565,631.369624658215,374.812593703148
2371.36465324385,1190.65374098931,344.827586206897
161.570966940094,1324.88192890877,374.812593703148
231.17076808352,1024.11135968183,374.812593703148
646.283867760378,1406.91026597067,359.820089955023
822.769077802635,2179.96520009943,374.812593703148
882.426050211285,1414.36738752175,374.812593703148
897.340293313448,1391.99602286851,374.812593703148
909.768829231916,830.226199353716,359.820089955023
949.540144171017,1185.68232662192,374.812593703148
1128.51106139697,1235.3964702958,374.812593703148
1175.73949788715,2045.73701217997,359.820089955023
1200.59656972409,1546.10986825752,374.812593703148
1332.33905045986,1618.19537658464,359.820089955023
1548.59557544121,2155.10812826249,374.812593703148
1580.90976882923,1406.91026597067,359.820089955023
1610.73825503356,1618.19537658464,359.820089955023
1618.19537658464,2269.4506587124,374.812593703148
1628.13820531941,2261.99353716132,374.812593703148
1936.36589609744,904.797414864529,389.805097451274
1983.59433258762,688.540889883172,389.805097451274
2135.22247079294,397.713149391002,374.812593703148
171.513795674869,1324.88192890877,374.812593703148
459.855828983346,1043.99701715138,389.805097451274
735.769326373353,459.855828983346,389.805097451274
874.968928660204,1399.45314441959,374.812593703148
1009.19711657967,1145.91101168282,389.805097451274
1016.65423813075,1138.45389013174,389.805097451274
1019.13994531444,1153.36813323391,389.805097451274
1138.45389013174,2458.36440467313,374.812593703148
1461.59582401193,1625.65249813572,389.805097451274
1464.08153119563,1610.73825503356,389.805097451274
1568.48123291076,1406.91026597067,374.812593703148
1662.93810589113,1725.08078548347,404.7976011994
1976.13721103654,700.969425801641,389.805097451274
2035.79418344519,1493.91001739995,389.805097451274
2050.70842654735,1506.33855331842,389.805097451274
2058.16554809843,1158.33954760129,374.812593703148
2070.5940840169,1150.88242605021,389.805097451274
2070.5940840169,1163.31096196868,389.805097451274
2092.96544867015,512.055679840915,389.805097451274
2110.365398956,397.713149391002,374.812593703148
2366.39323887646,1419.33880188914,374.812593703148
2366.39323887646,1429.28163062391,389.805097451274
387.770320656227,1396.96743723589,404.7976011994
914.740243599304,1123.53964702958,404.7976011994
942.083022619935,1916.48023862789,419.790104947526
1009.19711657967,1966.19438230176,389.805097451274
1178.22520507084,695.998011434253,389.805097451274
1188.16803380562,683.569475515784,389.805097451274
1275.1677852349,1725.08078548347,389.805097451274
1270.19637086751,743.226447924435,404.7976011994
1593.3383047477,884.911757394979,404.7976011994
1643.05244842158,1722.59507829978,404.7976011994
1757.39497887149,171.513795674869,404.7976011994
1812.08053691275,405.170270942083,419.790104947526
1909.02311707681,1275.1677852349,404.7976011994
1928.90877454636,949.540144171017,404.7976011994
2040.76559781258,1419.33880188914,404.7976011994
9.94282873477504,1327.36763609247,419.790104947526
17.3999502858563,1337.31046482724,419.790104947526
94.4568729803629,730.797912005966,404.7976011994
156.599552572707,927.168779517773,419.790104947526
166.542381307482,932.14019388516,404.7976011994
206.313696246582,608.998260004971,434.782608695652
392.741735023614,1411.88168033806,404.7976011994
723.340790454884,827.740492170022,419.790104947526
780.512055679841,1036.5398956003,404.7976011994
775.540641312453,1026.59706686552,419.790104947526
904.797414864529,1921.45165299528,419.790104947526
917.225950782998,1135.96818294805,419.790104947526
919.711657966692,367.884663186677,419.790104947526
922.197365150385,1918.96594581158,419.790104947526
924.683072334079,1933.88018891375,419.790104947526
927.168779517773,1923.93736017897,404.7976011994
949.540144171017,1913.9945314442,404.7976011994
979.368630375342,1255.28212776535,434.782608695652
989.311459110117,1344.76758637832,419.790104947526
1237.88217747949,715.883668903803,419.790104947526
1322.39622172508,574.198359433259,419.790104947526
1334.82475764355,559.284116331096,434.782608695652
1349.73900074571,2326.62192393736,419.790104947526
1409.39597315436,1546.10986825752,419.790104947526
1416.85309470544,1334.82475764355,419.790104947526
1590.85259756401,1429.28163062391,419.790104947526
1598.30971911509,1260.25354213274,419.790104947526
1804.62341536167,437.484464330102,434.782608695652
2140.19388516033,1610.73825503356,419.790104947526
2142.67959234402,1623.16679095203,419.790104947526
19.8856574695501,1314.939100174,419.790104947526
114.342530449913,785.483470047228,434.782608695652
171.513795674869,942.083022619935,419.790104947526
693.512304250559,1145.91101168282,419.790104947526
718.369376087497,1439.22445935869,434.782608695652
723.340790454884,1424.31021625653,434.782608695652
725.826497638578,753.16927665921,419.790104947526
782.997762863535,2083.02261993537,419.790104947526
820.283370618941,1359.68182948049,434.782608695652
820.283370618941,2266.96495152871,419.790104947526
976.882923191648,1272.68207805121,434.782608695652
1029.08277404922,2336.56475267214,449.775112443778
1193.13944817301,218.742232165051,419.790104947526
1205.56798409147,213.770817797663,419.790104947526
1232.91076311211,812.82624906786,449.775112443778
1252.79642058166,2107.87969177231,419.790104947526
1516.28138205319,1889.13745960726,419.790104947526
1526.22421078797,1876.70892368879,434.782608695652
1531.19562515536,1891.62316679095,419.790104947526
1690.28088491176,2110.365398956,434.782608695652
1804.62341536167,422.570221227939,419.790104947526
1921.45165299528,956.997265722098,419.790104947526
1948.79443201591,2080.53691275168,434.782608695652
2187.42232165051,1710.16654238131,434.782608695652
2222.22222222222,1608.25254784986,434.782608695652
2386.27889634601,1272.68207805121,434.782608695652
7.45712155108128,1317.42480735769,434.782608695652
121.799652000994,1309.96768580661,449.775112443778
159.085259756401,942.083022619935,434.782608695652
686.055182699478,1135.96818294805,434.782608695652
700.969425801641,1145.91101168282,434.782608695652
763.112105393985,2075.56549838429,449.775112443778
773.05493412876,2060.65125528213,434.782608695652
815.311956251554,1232.91076311211,449.775112443778
912.25453641561,1916.48023862789,434.782608695652
929.654486701467,2296.79343773304,449.775112443778
929.654486701467,2314.19338801889,449.775112443778
929.654486701467,2326.62192393736,434.782608695652
959.482972905792,1056.42555306985,464.767616191904
994.282873477504,1347.25329356202,434.782608695652
999.254287844892,1260.25354213274,449.775112443778
1016.65423813075,2336.56475267214,449.775112443778
1091.22545364156,708.426547352722,464.767616191904
1113.5968182948,1707.68083519761,449.775112443778
1126.02535421327,1697.73800646284,434.782608695652
1140.93959731544,1961.22296793438,449.775112443778
1252.79642058166,666.169525229928,449.775112443778
1267.71066368382,2107.87969177231,434.782608695652
1436.73875217499,131.742480735769,464.767616191904
1449.16728809346,116.828237633607,434.782608695652
1471.53865274671,907.283122048223,434.782608695652
1551.08128262491,1389.51031568481,449.775112443778
1702.70942083023,2117.82252050708,434.782608695652
2227.19363658961,681.08376833209,434.782608695652
2296.79343773304,1026.59706686552,449.775112443778
2334.07904548844,927.168779517773,434.782608695652
2344.02187422322,942.083022619935,434.782608695652
149.142431021626,1454.13870246085,464.767616191904
447.427293064877,1548.59557544121,464.767616191904
566.741237882178,1387.02460850112,479.76011994003
571.712652249565,1287.59632115337,449.775112443778
648.769574944072,198.856574695501,449.775112443778
753.16927665921,728.312204822272,464.767616191904
778.026348496147,2075.56549838429,449.775112443778
840.169028088491,787.969177230922,464.767616191904
867.511807109123,869.997514292816,464.767616191904
889.883171762366,126.771066368382,449.775112443778
932.14019388516,879.940343027591,464.767616191904
944.568729803629,1702.70942083023,464.767616191904
954.511558538404,1297.53914988814,464.767616191904
986.825751926423,89.4854586129754,449.775112443778
1009.19711657967,827.740492170022,449.775112443778
1014.16853094705,810.340541884166,464.767616191904
1083.76833209048,678.598061148397,464.767616191904
1106.13969674372,688.540889883172,449.775112443778
1111.11111111111,718.369376087497,464.767616191904
1128.51106139697,703.455132985334,464.767616191904
1262.73924931643,2107.87969177231,449.775112443778
1270.19637086751,1203.08227690778,464.767616191904
1287.59632115337,1230.42505592841,464.767616191904
1287.59632115337,1208.05369127517,464.767616191904
1314.939100174,1240.36788466319,464.767616191904
1454.13870246085,126.771066368382,449.775112443778
1556.05269699229,1382.05319413373,449.775112443778
1563.50981854338,1391.99602286851,449.775112443778
1570.96694009446,1580.90976882923,464.767616191904
1598.30971911509,1496.39572458364,464.767616191904
1687.79517772806,2125.27964205817,449.775112443778
1754.9092716878,347.999005717127,464.767616191904
1886.65175242356,1822.02336564753,464.767616191904
1926.42306736266,947.054436987323,449.775112443778
1943.82301764852,541.88416604524,464.767616191904
1976.13721103654,1140.93959731544,464.767616191904
1986.08003977131,1150.88242605021,464.767616191904
1991.0514541387,1521.25279642058,449.775112443778
1996.02286850609,1133.48247576436,464.767616191904
2005.96569724086,1518.76708923689,464.767616191904
2073.0797912006,1648.02386278896,449.775112443778
2080.53691275168,1638.08103405419,464.767616191904
2085.50832711907,1073.8255033557,449.775112443778
2222.22222222222,676.112353964703,449.775112443778
2232.165050957,695.998011434253,449.775112443778
2264.47924434502,869.997514292816,464.767616191904
231.17076808352,1073.8255033557,494.752623688156
253.542132736764,785.483470047228,479.76011994003
323.141933880189,755.654983842903,479.76011994003
452.398707432264,1553.5669898086,464.767616191904
564.255530698484,1287.59632115337,464.767616191904
658.712403678847,1966.19438230176,494.752623688156
855.083271190654,879.940343027591,479.76011994003
869.997514292816,882.426050211285,479.76011994003
1096.19686800895,681.08376833209,479.76011994003
1118.56823266219,474.770072085508,464.767616191904
1118.56823266219,459.855828983346,464.767616191904
1217.99652000994,1006.71140939597,479.76011994003
1215.51081282625,119.313944817301,464.767616191904
1215.51081282625,1021.62565249814,479.76011994003
1317.42480735769,218.742232165051,479.76011994003
1441.71016654238,111.856823266219,464.767616191904
1523.73850360428,2289.33631618195,464.767616191904
1563.50981854338,1598.30971911509,479.76011994003
1565.99552572707,1593.3383047477,464.767616191904
1570.96694009446,1590.85259756401,464.767616191904
1578.42406164554,1590.85259756401,464.767616191904
1633.1096196868,519.512801391996,479.76011994003
1707.68083519761,1839.42331593338,464.767616191904
1792.1948794432,1735.02361421825,479.76011994003
1988.56574695501,1123.53964702958,464.767616191904
1991.0514541387,1511.30996768581,464.767616191904
2038.27989062888,1414.36738752175,479.76011994003
2120.30822769078,1300.02485707184,479.76011994003
131.742480735769,1222.96793437733,494.752623688156
144.171016654238,1205.56798409147,494.752623688156
221.227939348745,1083.76833209048,494.752623688156
278.399204573701,1250.31071339796,479.76011994003
452.398707432264,1101.16828237634,479.76011994003
526.969922943077,1292.56773552076,509.745127436282
559.284116331096,1958.73726075068,494.752623688156
748.197862291822,601.54113845389,479.76011994003
773.05493412876,1595.82401193139,494.752623688156
775.540641312453,1419.33880188914,494.752623688156
1088.73974645787,1618.19537658464,494.752623688156
1111.11111111111,678.598061148397,479.76011994003
1195.6251553567,671.140939597315,494.752623688156
1396.96743723589,822.769077802635,479.76011994003
1396.96743723589,815.311956251554,479.76011994003
1401.93885160328,820.283370618941,479.76011994003
1436.73875217499,1203.08227690778,509.745127436282
1441.71016654238,2070.5940840169,494.752623688156
1444.19587372608,2145.16529952772,479.76011994003
1451.65299527716,2167.53666418096,479.76011994003
1456.62440964454,2147.65100671141,494.752623688156
2043.25130499627,1307.48197862292,509.745127436282
2073.0797912006,1650.50956997266,494.752623688156
2162.56524981357,952.02585135471,494.752623688156
146.656723837932,1225.45364156102,494.752623688156
213.770817797663,1667.90952025851,509.745127436282
459.855828983346,1108.62540392742,494.752623688156
589.112602535421,372.856077554064,494.752623688156
601.54113845389,382.798906288839,494.752623688156
937.111608252548,651.255282127765,509.745127436282
952.02585135471,1225.45364156102,509.745127436282
952.02585135471,1302.51056425553,494.752623688156
1016.65423813075,313.199105145414,494.752623688156
1116.0825254785,710.912254536416,494.752623688156
1118.56823266219,410.141685309471,509.745127436282
1200.59656972409,1722.59507829978,494.752623688156
1208.05369127517,124.285359184688,494.752623688156
1210.53939845886,1715.13795674869,494.752623688156
1314.939100174,290.82774049217,509.745127436282
1374.59607258265,1993.5371613224,494.752623688156
1387.02460850112,1993.5371613224,494.752623688156
1389.51031568481,1978.62291822023,494.752623688156
1401.93885160328,1978.62291822023,494.752623688156
1441.71016654238,2160.07954262988,494.752623688156
1451.65299527716,2155.10812826249,494.752623688156
1595.82401193139,1068.85408898832,509.745127436282
1767.33780760626,1252.79642058166,509.745127436282
1797.16629381059,631.369624658215,509.745127436282
1826.99478001491,1966.19438230176,509.745127436282
1859.30897340293,1822.02336564753,494.752623688156
238.627889634601,1140.93959731544,539.730134932534
422.570221227939,894.854586129754,524.737631184408
807.854834700472,2030.8227690778,524.737631184408
1021.62565249814,1851.85185185185,539.730134932534
1426.79592344022,1093.71116082525,524.737631184408
1506.33855331842,1165.79666915237,524.737631184408
1600.79542629878,1198.11086254039,509.745127436282
1687.79517772806,437.484464330102,539.730134932534
1749.93785732041,1031.56848123291,524.737631184408
2145.16529952772,1538.65274670644,509.745127436282
2150.1367138951,1317.42480735769,539.730134932534
246.085011185682,1295.05344270445,554.72263868066
258.513547104151,966.940094456873,539.730134932534
410.141685309471,882.426050211285,539.730134932534
539.398458861546,855.083271190654,539.730134932534
705.940840169028,1533.68133233905,539.730134932534
770.569226945066,1573.45264727815,539.730134932534
815.311956251554,2035.79418344519,524.737631184408
1235.3964702958,2035.79418344519,539.730134932534
1282.62490678598,628.883917474521,539.730134932534
1277.65349241859,616.455381556053,524.737631184408
1307.48197862292,477.255779269202,539.730134932534
1486.45289584887,447.427293064877,539.730134932534
1633.1096196868,862.540392741735,554.72263868066
1742.48073576933,1046.48272433507,539.730134932534
648.769574944072,484.712900820283,554.72263868066
708.426547352722,787.969177230922,569.715142428786
817.797663435247,922.197365150385,569.715142428786
842.654735272185,594.084016902809,554.72263868066
956.997265722098,1230.42505592841,539.730134932534
964.454387273179,1215.51081282625,554.72263868066
1108.62540392742,907.283122048223,539.730134932534
1227.93934874472,357.941834451902,554.72263868066
1240.36788466319,355.456127268208,554.72263868066
1297.53914988814,2145.16529952772,554.72263868066
1369.62465821526,1680.33805617698,554.72263868066
1372.11036539896,1645.53815560527,554.72263868066
1456.62440964454,1918.96594581158,554.72263868066
1471.53865274671,1471.53865274671,554.72263868066
1605.76684066617,365.398956002983,554.72263868066
1620.68108376833,862.540392741735,554.72263868066
1638.08103405419,850.111856823266,554.72263868066
1670.39522744221,2035.79418344519,539.730134932534
1675.36664180959,2048.22271936366,554.72263868066
1685.30947054437,2040.76559781258,554.72263868066
1687.79517772806,2028.33706189411,539.730134932534
1891.62316679095,1536.16703952274,569.715142428786
2147.65100671141,1541.13845389013,539.730134932534
283.370618941089,1431.76733780761,569.715142428786
822.769077802635,934.625901068854,554.72263868066
944.568729803629,1856.82326621924,584.707646176912
1019.13994531444,1874.2232165051,569.715142428786
1307.48197862292,2157.59383544618,569.715142428786
1307.48197862292,2142.67959234402,554.72263868066
1317.42480735769,1804.62341536167,584.707646176912
1396.96743723589,1391.99602286851,569.715142428786
1406.91026597067,1469.05294556301,584.707646176912
1695.25229927915,688.540889883172,584.707646176912
1784.73775789212,1553.5669898086,584.707646176912
1866.76609495401,698.483718617947,584.707646176912
295.799154859558,1434.2530449913,569.715142428786
375.341784737758,1078.79691772309,584.707646176912
604.026845637584,621.42679592344,599.700149925038
780.512055679841,656.226696495153,584.707646176912
780.512055679841,631.369624658215,584.707646176912
822.769077802635,1695.25229927915,599.700149925038
1006.71140939597,1881.68033805618,584.707646176912
1091.22545364156,1175.73949788715,599.700149925038
1183.19661943823,820.283370618941,599.700149925038
1190.65374098931,810.340541884166,584.707646176912
1406.91026597067,1409.39597315436,584.707646176912
1426.79592344022,1322.39622172508,584.707646176912
1618.19537658464,666.169525229928,569.715142428786
1981.10862540393,1394.4817300522,584.707646176912
2020.87994034303,1451.65299527716,599.700149925038
2023.36564752672,969.425801640567,584.707646176912
730.797912005966,1096.19686800895,614.692653673163
909.768829231916,815.311956251554,599.700149925038
1093.71116082525,2050.70842654735,599.700149925038
1098.68257519264,2038.27989062888,599.700149925038
1138.45389013174,1926.42306736266,614.692653673163
1267.71066368382,1158.33954760129,584.707646176912
1282.62490678598,1145.91101168282,584.707646176912
1478.99577429779,1051.45413870246,584.707646176912
1725.08078548347,720.855083271191,614.692653673163
546.855580412627,1205.56798409147,644.677661169415
641.31245339299,482.22719363659,599.700149925038
782.997762863535,1685.30947054437,629.685157421289
1217.99652000994,944.568729803629,614.692653673163
1230.42505592841,952.02585135471,599.700149925038
1275.1677852349,1143.42530449913,599.700149925038
1332.33905045986,733.283619189659,614.692653673163
1394.4817300522,1981.10862540393,614.692653673163
1444.19587372608,1879.19463087248,614.692653673163
1474.0243599304,1043.99701715138,599.700149925038
1528.70991797166,952.02585135471,629.685157421289
1613.22396221725,661.19811086254,599.700149925038
1638.08103405419,797.912005965697,614.692653673163
1730.05219985086,1262.73924931643,629.685157421289
1739.99502858563,1744.96644295302,629.685157421289
1744.96644295302,1762.36639323888,614.692653673163
1749.93785732041,862.540392741735,629.685157421289
2000.99428287348,1327.36763609247,614.692653673163
564.255530698484,952.02585135471,629.685157421289
708.426547352722,877.454635843898,629.685157421289
797.912005965697,1675.36664180959,629.685157421289
922.197365150385,1506.33855331842,629.685157421289
927.168779517773,1516.28138205319,629.685157421289
1083.76833209048,1536.16703952274,629.685157421289
1101.16828237634,1195.6251553567,644.677661169415
1101.16828237634,1871.7375093214,629.685157421289
1121.05393984589,1203.08227690778,629.685157421289
1113.5968182948,1183.19661943823,644.677661169415
1121.05393984589,1635.59532687049,644.677661169415
1215.51081282625,1904.05170270942,629.685157421289
1232.91076311211,1918.96594581158,629.685157421289
1237.88217747949,855.083271190654,629.685157421289
1235.3964702958,1899.08028834203,629.685157421289
1391.99602286851,1409.39597315436,629.685157421289
1446.68158090977,1575.93835446184,629.685157421289
1483.96718866518,1001.73999502859,644.677661169415
1705.19512801392,566.741237882178,614.692653673163
1737.50932140194,1245.33929903057,629.685157421289
497.141436738752,1106.13969674372,659.670164917541
554.312701963709,944.568729803629,629.685157421289
556.798409147402,1217.99652000994,644.677661169415
571.712652249565,1200.59656972409,629.685157421289
708.426547352722,937.111608252548,659.670164917541
961.968680089485,1431.76733780761,659.670164917541
1111.11111111111,1866.76609495401,629.685157421289
1374.59607258265,753.16927665921,659.670164917541
1404.42455878698,1421.82450907283,644.677661169415
1670.39522744221,750.683569475516,659.670164917541
1841.90902311708,1158.33954760129,659.670164917541
723.340790454884,907.283122048223,659.670164917541
728.312204822272,934.625901068854,659.670164917541
1113.5968182948,1170.76808351976,644.677661169415
1232.91076311211,1909.02311707681,644.677661169415
1369.62465821526,763.112105393985,659.670164917541
1603.28113348248,822.769077802635,674.662668665667
1652.99527715635,760.626398210291,659.670164917541
1662.93810589113,760.626398210291,644.677661169415
1747.45215013671,1503.85284613473,659.670164917541
554.312701963709,956.997265722098,659.670164917541
564.255530698484,944.568729803629,659.670164917541
688.540889883172,939.597315436242,674.662668665667
715.883668903803,922.197365150385,659.670164917541
1183.19661943823,1787.22346507581,659.670164917541
1476.51006711409,1710.16654238131,689.655172413793
1660.45239870743,755.654983842903,659.670164917541
991.797166293811,979.368630375342,674.662668665667
1185.68232662192,899.826000497141,689.655172413793
1389.51031568481,1048.96843151877,704.647676161919
1399.45314441959,1086.25403927417,719.640179910045
1491.42431021626,1474.0243599304,704.647676161919
1118.56823266219,1041.51130996769,689.655172413793
1205.56798409147,1640.56674123788,704.647676161919
1287.59632115337,1009.19711657967,719.640179910045
1389.51031568481,1073.8255033557,689.655172413793
1605.76684066617,1367.13895103157,704.647676161919
1128.51106139697,1024.11135968183,719.640179910045
1304.99627143922,1503.85284613473,719.640179910045
1317.42480735769,1516.28138205319,719.640179910045
1411.88168033806,1071.33979617201,704.647676161919
1486.45289584887,1083.76833209048,719.640179910045
1605.76684066617,817.797663435247,704.647676161919
991.797166293811,1230.42505592841,734.632683658171
1001.73999502859,1217.99652000994,734.632683658171
1073.8255033557,1205.56798409147,734.632683658171
1426.79592344022,1081.28262490679,734.632683658171
1454.13870246085,1195.6251553567,734.632683658171
1476.51006711409,1093.71116082525,719.640179910045
