119.313944817301,1700.22371364653,14.9925037481259
141.685309470544,1695.25229927915,14.9925037481259
169.028088491176,1844.39473030077,14.9925037481259
238.627889634601,1856.82326621924,14.9925037481259
256.027839920457,2045.73701217997,14.9925037481259
256.027839920457,2060.65125528213,14.9925037481259
263.484961471539,1834.451901566,14.9925037481259
497.141436738752,1208.05369127517,14.9925037481259
539.398458861546,1175.73949788715,14.9925037481259
559.284116331096,1200.59656972409,29.9850074962519
566.741237882178,1153.36813323391,14.9925037481259
564.255530698484,1215.51081282625,29.9850074962519
594.084016902809,497.141436738752,14.9925037481259
616.455381556053,479.741486452896,14.9925037481259
628.883917474521,1354.7104151131,29.9850074962519
768.083519761372,1464.08153119563,29.9850074962519
780.512055679841,449.913000248571,14.9925037481259
795.426298782004,497.141436738752,14.9925037481259
1063.88267462093,1262.73924931643,14.9925037481259
1093.71116082525,1285.11061396967,14.9925037481259
1230.42505592841,2140.19388516033,29.9850074962519
1282.62490678598,94.4568729803629,29.9850074962519
1337.31046482724,211.28511061397,29.9850074962519
1339.79617201094,1304.99627143922,29.9850074962519
1344.76758637832,1257.76783494904,29.9850074962519
1362.16753666418,365.398956002983,14.9925037481259
1399.45314441959,328.113348247576,29.9850074962519
1399.45314441959,298.284862043251,29.9850074962519
1426.79592344022,308.227690778026,14.9925037481259
1454.13870246085,2135.22247079294,29.9850074962519
1471.53865274671,2162.56524981357,14.9925037481259
1488.93860303256,2152.6224210788,14.9925037481259
1506.33855331842,2145.16529952772,14.9925037481259
1518.76708923689,2140.19388516033,14.9925037481259
1518.76708923689,2160.07954262988,14.9925037481259
1561.02411135968,2127.76534924186,14.9925037481259
1563.50981854338,2152.6224210788,14.9925037481259
1565.99552572707,2172.50807854835,14.9925037481259
1573.45264727815,2167.53666418096,14.9925037481259
1575.93835446184,1081.28262490679,29.9850074962519
1578.42406164554,2127.76534924186,14.9925037481259
1590.85259756401,1116.0825254785,14.9925037481259
1593.3383047477,2227.19363658961,14.9925037481259
1595.82401193139,2092.96544867015,14.9925037481259
1600.79542629878,2217.25080785483,14.9925037481259
1603.28113348248,2150.1367138951,14.9925037481259
1603.28113348248,2110.365398956,14.9925037481259
1605.76684066617,2174.99378573204,14.9925037481259
1605.76684066617,2080.53691275168,14.9925037481259
1610.73825503356,2209.79368630375,14.9925037481259
1618.19537658464,2073.0797912006,14.9925037481259
1613.22396221725,2197.36515038528,29.9850074962519
1620.68108376833,1103.65398956003,14.9925037481259
1623.16679095203,2396.22172508079,29.9850074962519
1638.08103405419,2065.62266964952,14.9925037481259
1635.59532687049,2127.76534924186,14.9925037481259
1640.56674123788,2033.3084762615,14.9925037481259
1648.02386278896,2137.70817797663,29.9850074962519
1638.08103405419,2092.96544867015,14.9925037481259
1643.05244842158,2152.6224210788,14.9925037481259
1650.50956997266,2227.19363658961,14.9925037481259
1643.05244842158,2252.05070842655,14.9925037481259
1650.50956997266,2269.4506587124,14.9925037481259
1662.93810589113,2172.50807854835,14.9925037481259
1660.45239870743,2289.33631618195,14.9925037481259
1662.93810589113,2087.99403430276,14.9925037481259
1667.90952025851,2030.8227690778,14.9925037481259
1662.93810589113,2296.79343773304,14.9925037481259
1672.8809346259,2304.25055928412,14.9925037481259
1670.39522744221,2137.70817797663,14.9925037481259
1675.36664180959,2147.65100671141,14.9925037481259
1680.33805617698,2130.25105642555,29.9850074962519
1680.33805617698,2167.53666418096,14.9925037481259
1692.76659209545,2184.93661446682,29.9850074962519
1690.28088491176,1692.76659209545,14.9925037481259
1687.79517772806,2120.30822769078,14.9925037481259
1695.25229927915,2145.16529952772,14.9925037481259
1697.73800646284,2043.25130499627,14.9925037481259
1705.19512801392,2092.96544867015,14.9925037481259
1702.70942083023,1737.50932140194,14.9925037481259
1705.19512801392,2020.87994034303,14.9925037481259
1705.19512801392,2048.22271936366,14.9925037481259
1705.19512801392,1774.79492915735,14.9925037481259
1707.68083519761,2232.165050957,14.9925037481259
1712.652249565,2177.47949291573,14.9925037481259
1710.16654238131,1737.50932140194,14.9925037481259
1712.652249565,2075.56549838429,14.9925037481259
1715.13795674869,2070.5940840169,14.9925037481259
1717.62366393239,2132.73676360925,14.9925037481259
1717.62366393239,1682.82376336068,14.9925037481259
1725.08078548347,2219.73651503853,14.9925037481259
1725.08078548347,2150.1367138951,14.9925037481259
1727.56649266716,1677.85234899329,29.9850074962519
1730.05219985086,2063.13696246582,14.9925037481259
1730.05219985086,2127.76534924186,14.9925037481259
1727.56649266716,1692.76659209545,29.9850074962519
1732.53790703455,2095.45115585384,14.9925037481259
1739.99502858563,2038.27989062888,14.9925037481259
1739.99502858563,2147.65100671141,14.9925037481259
1742.48073576933,1682.82376336068,14.9925037481259
1747.45215013671,2060.65125528213,14.9925037481259
1749.93785732041,2107.87969177231,14.9925037481259
1754.9092716878,2070.5940840169,14.9925037481259
1762.36639323888,2005.96569724086,14.9925037481259
1774.79492915735,2018.39423315933,29.9850074962519
1782.25205070843,1996.02286850609,14.9925037481259
1799.65200099428,1988.56574695501,14.9925037481259
34.7999005717127,1804.62341536167,44.9775112443778
44.7427293064877,1317.42480735769,44.9775112443778
49.7141436738752,1329.85334327616,44.9775112443778
49.7141436738752,1812.08053691275,44.9775112443778
62.142679592344,1822.02336564753,44.9775112443778
64.6283867760378,1304.99627143922,44.9775112443778
121.799652000994,1615.70966940094,59.9700149925037
139.199602286851,1623.16679095203,44.9775112443778
362.913248819289,12.4285359184688,44.9775112443778
474.770072085508,512.055679840915,44.9775112443778
507.084265473527,238.627889634601,59.9700149925037
509.569972657221,253.542132736764,44.9775112443778
546.855580412627,1217.99652000994,44.9775112443778
549.341287596321,270.94208302262,44.9775112443778
606.512552821278,2393.73601789709,44.9775112443778
608.998260004971,2383.79318916232,29.9850074962519
631.369624658215,1767.33780760626,44.9775112443778
643.798160576684,1762.36639323888,44.9775112443778
656.226696495153,318.170519512801,44.9775112443778
708.426547352722,815.311956251554,44.9775112443778
723.340790454884,812.82624906786,44.9775112443778
725.826497638578,1297.53914988814,29.9850074962519
966.940094456873,1628.13820531941,44.9775112443778
1170.76808351976,596.569724086503,29.9850074962519
1414.36738752175,243.599304001989,44.9775112443778
1630.62391250311,2189.9080288342,29.9850074962519
1657.96669152374,2058.16554809843,29.9850074962519
1690.28088491176,1441.71016654238,44.9775112443778
1799.65200099428,912.25453641561,44.9775112443778
2010.93711160825,121.799652000994,29.9850074962519
2050.70842654735,2013.42281879195,44.9775112443778
2170.02237136465,1230.42505592841,59.9700149925037
2194.87944320159,298.284862043251,44.9775112443778
2207.30797912006,298.284862043251,29.9850074962519
2214.76510067114,2174.99378573204,44.9775112443778
2227.19363658961,2165.05095699727,59.9700149925037
2224.70792940592,2182.45090728312,44.9775112443778
2244.59358687547,2174.99378573204,44.9775112443778
2346.50758140691,805.369127516779,44.9775112443778
2361.42182450907,1488.93860303256,44.9775112443778
2393.73601789709,1822.02336564753,44.9775112443778
2403.67884663187,1829.48048719861,29.9850074962519
79.5426298782003,253.542132736764,59.9700149925037
203.827989062888,114.342530449913,59.9700149925037
236.142182450907,1213.02510564256,59.9700149925037
275.913497390007,1943.82301764852,74.9625187406297
323.141933880189,1242.85359184688,44.9775112443778
325.627641063883,1252.79642058166,44.9775112443778
571.712652249565,1364.65324384787,59.9700149925037
574.198359433259,1349.73900074571,44.9775112443778
586.626895351728,82.0283370618941,59.9700149925037
596.569724086503,1342.28187919463,59.9700149925037
666.169525229928,323.141933880189,44.9775112443778
889.883171762366,198.856574695501,44.9775112443778
942.083022619935,1633.1096196868,59.9700149925037
956.997265722098,1638.08103405419,44.9775112443778
1344.76758637832,253.542132736764,59.9700149925037
1354.7104151131,268.456375838926,59.9700149925037
1414.36738752175,0,44.9775112443778
1444.19587372608,447.427293064877,74.9625187406297
1464.08153119563,2147.65100671141,44.9775112443778
1511.30996768581,111.856823266219,59.9700149925037
1516.28138205319,124.285359184688,59.9700149925037
1620.68108376833,2388.7646035297,44.9775112443778
1712.652249565,1715.13795674869,59.9700149925037
84.5140442455879,1262.73924931643,74.9625187406297
121.799652000994,832.71190653741,74.9625187406297
126.771066368382,817.797663435247,74.9625187406297
367.884663186677,104.399701715138,74.9625187406297
377.827491921452,111.856823266219,74.9625187406297
417.598806860552,49.7141436738752,89.9550224887556
502.11285110614,1633.1096196868,89.9550224887556
591.598309719115,91.9711657966692,59.9700149925037
623.912503107134,2473.27864777529,89.9550224887556
678.598061148397,119.313944817301,74.9625187406297
700.969425801641,822.769077802635,59.9700149925037
730.797912005966,1309.96768580661,74.9625187406297
934.625901068854,1347.25329356202,59.9700149925037
1260.25354213274,1966.19438230176,74.9625187406297
1300.02485707184,34.7999005717127,74.9625187406297
1329.85334327616,984.340044742729,74.9625187406297
1357.19612229679,248.570718369376,74.9625187406297
1394.4817300522,996.768580661198,89.9550224887556
1421.82450907283,457.370121799652,74.9625187406297
1434.2530449913,1063.88267462093,74.9625187406297
1429.28163062391,452.398707432264,74.9625187406297
1459.11011682824,454.884414615958,59.9700149925037
1491.42431021626,934.625901068854,59.9700149925037
1496.39572458364,1180.71091225454,74.9625187406297
1501.36713895103,1190.65374098931,74.9625187406297
1561.02411135968,1822.02336564753,74.9625187406297
1648.02386278896,2336.56475267214,74.9625187406297
1742.48073576933,1441.71016654238,74.9625187406297
2120.30822769078,1098.68257519264,74.9625187406297
2165.05095699727,1359.68182948049,74.9625187406297
2204.82227193637,303.256276410639,59.9700149925037
2212.27939348745,1831.9661943823,74.9625187406297
2219.73651503853,1839.42331593338,74.9625187406297
2234.65075814069,149.142431021626,89.9550224887556
2286.85060899826,487.198608003977,74.9625187406297
362.913248819289,2433.50733283619,74.9625187406297
402.684563758389,49.7141436738752,74.9625187406297
410.141685309471,151.628138205319,89.9550224887556
437.484464330102,1444.19587372608,89.9550224887556
437.484464330102,1439.22445935869,74.9625187406297
474.770072085508,74.5712155108128,89.9550224887556
623.912503107134,1150.88242605021,89.9550224887556
623.912503107134,1725.08078548347,89.9550224887556
636.341039025603,1739.99502858563,89.9550224887556
638.826746209297,1150.88242605021,89.9550224887556
949.540144171017,1349.73900074571,74.9625187406297
1001.73999502859,529.455630126771,89.9550224887556
1091.22545364156,1931.39448173005,104.947526236882
1387.02460850112,986.825751926423,89.9550224887556
1411.88168033806,4.97141436738752,74.9625187406297
1424.31021625653,439.970171513796,89.9550224887556
1444.19587372608,464.827243350733,74.9625187406297
1444.19587372608,432.513049962714,74.9625187406297
1456.62440964454,439.970171513796,89.9550224887556
1478.99577429779,932.14019388516,74.9625187406297
1521.25279642058,919.711657966692,89.9550224887556
1565.99552572707,2058.16554809843,89.9550224887556
1752.4235645041,2242.10787969177,74.9625187406297
1749.93785732041,2252.05070842655,74.9625187406297
1789.70917225951,845.140442455879,89.9550224887556
2058.16554809843,544.369873228934,89.9550224887556
2083.02261993537,544.369873228934,104.947526236882
2157.59383544618,805.369127516779,89.9550224887556
2177.47949291573,800.397713149391,89.9550224887556
2222.22222222222,181.456624409645,104.947526236882
2257.02212279394,2167.53666418096,104.947526236882
2284.36490181457,497.141436738752,89.9550224887556
2398.70743226448,1638.08103405419,89.9550224887556
2406.16455381556,1655.48098434004,89.9550224887556
114.342530449913,512.055679840915,104.947526236882
241.113596818295,1083.76833209048,104.947526236882
248.570718369376,1101.16828237634,104.947526236882
420.084514044246,1421.82450907283,89.9550224887556
482.22719363659,84.5140442455879,89.9550224887556
484.712900820283,213.770817797663,104.947526236882
489.684315187671,2095.45115585384,119.940029985007
504.598558289833,1784.73775789212,89.9550224887556
519.512801391996,1190.65374098931,104.947526236882
524.484215759384,999.254287844892,104.947526236882
579.169773800646,907.283122048223,104.947526236882
984.340044742729,1483.96718866518,104.947526236882
1014.16853094705,529.455630126771,89.9550224887556
1163.31096196868,1213.02510564256,104.947526236882
1168.28237633607,2227.19363658961,104.947526236882
1242.85359184688,1655.48098434004,104.947526236882
1551.08128262491,1963.70867511807,104.947526236882
1561.02411135968,1973.65150385285,104.947526236882
1739.99502858563,1006.71140939597,104.947526236882
1774.79492915735,857.568978374347,104.947526236882
1968.68008948546,2214.76510067114,104.947526236882
1973.65150385285,2204.82227193637,104.947526236882
2132.73676360925,49.7141436738752,104.947526236882
2271.9363658961,494.655729555058,104.947526236882
2289.33631618195,1948.79443201591,89.9550224887556
2423.56450410142,1635.59532687049,104.947526236882
169.028088491176,1106.13969674372,119.940029985007
188.913745960726,196.370867511807,119.940029985007
248.570718369376,474.770072085508,119.940029985007
415.113099676858,243.599304001989,119.940029985007
427.541635595327,1431.76733780761,104.947526236882
447.427293064877,1434.2530449913,104.947526236882
564.255530698484,2433.50733283619,119.940029985007
589.112602535421,1205.56798409147,119.940029985007
613.969674372359,1324.88192890877,119.940029985007
807.854834700472,2053.19413373105,119.940029985007
874.968928660204,1886.65175242356,134.932533733133
996.768580661198,1227.93934874472,119.940029985007
1058.91126025354,430.027342779021,119.940029985007
1344.76758637832,1456.62440964454,119.940029985007
1344.76758637832,1481.48148148148,119.940029985007
1401.93885160328,795.426298782004,119.940029985007
1406.91026597067,283.370618941089,119.940029985007
1573.45264727815,1956.25155356699,119.940029985007
1640.56674123788,2480.73576932637,104.947526236882
1645.53815560527,1205.56798409147,134.932533733133
1697.73800646284,387.770320656227,119.940029985007
1705.19512801392,193.885160328113,134.932533733133
1702.70942083023,1053.93984588615,134.932533733133
1861.79468058663,604.026845637584,119.940029985007
2413.62167536664,1638.08103405419,104.947526236882
2460.85011185682,1931.39448173005,134.932533733133
139.199602286851,328.113348247576,134.932533733133
146.656723837932,313.199105145414,134.932533733133
151.628138205319,243.599304001989,134.932533733133
164.056674123788,258.513547104151,134.932533733133
169.028088491176,1123.53964702958,134.932533733133
188.913745960726,213.770817797663,134.932533733133
387.770320656227,106.885408898832,149.925037481259
417.598806860552,641.31245339299,134.932533733133
439.970171513796,86.9997514292816,134.932533733133
482.22719363659,2145.16529952772,119.940029985007
502.11285110614,2150.1367138951,134.932533733133
579.169773800646,1476.51006711409,134.932533733133
589.112602535421,293.313447675864,134.932533733133
604.026845637584,295.799154859558,134.932533733133
892.36887894606,1896.59458115834,134.932533733133
914.740243599304,1804.62341536167,134.932533733133
917.225950782998,1822.02336564753,134.932533733133
984.340044742729,1222.96793437733,119.940029985007
1004.22570221228,671.140939597315,119.940029985007
1034.0541884166,1700.22371364653,134.932533733133
1066.36838180462,420.084514044246,119.940029985007
1093.71116082525,2428.5359184688,134.932533733133
1372.11036539896,1093.71116082525,134.932533733133
1384.53890131742,278.399204573701,119.940029985007
1396.96743723589,283.370618941089,119.940029985007
1583.39547601293,1414.36738752175,134.932533733133
1628.13820531941,2475.76435495899,134.932533733133
1762.36639323888,2045.73701217997,134.932533733133
1871.7375093214,599.055431270196,134.932533733133
1933.88018891375,1702.70942083023,134.932533733133
2025.85135471042,2435.99304001989,134.932533733133
2095.45115585384,1849.36614466816,149.925037481259
2363.90753169277,1998.50857568978,134.932533733133
2418.59308973403,1623.16679095203,119.940029985007
2470.7929405916,2157.59383544618,119.940029985007
161.570966940094,1116.0825254785,134.932533733133
251.05642555307,487.198608003977,134.932533733133
407.655978125777,89.4854586129754,149.925037481259
410.141685309471,116.828237633607,134.932533733133
417.598806860552,99.4282873477504,134.932533733133
504.598558289833,84.5140442455879,149.925037481259
512.055679840915,84.5140442455879,134.932533733133
616.455381556053,323.141933880189,134.932533733133
1359.68182948049,1098.68257519264,149.925037481259
1657.96669152374,1217.99652000994,134.932533733133
1772.30922197365,1324.88192890877,149.925037481259
1819.53765846383,2120.30822769078,149.925037481259
2095.45115585384,193.885160328113,134.932533733133
2105.39398458862,1831.9661943823,149.925037481259
2204.82227193637,390.25602783992,149.925037481259
14.9142431021626,1369.62465821526,164.917541229385
156.599552572707,258.513547104151,149.925037481259
243.599304001989,484.712900820283,149.925037481259
265.970668655232,141.685309470544,149.925037481259
278.399204573701,126.771066368382,149.925037481259
333.084762614964,1936.36589609744,149.925037481259
347.999005717127,1948.79443201591,149.925037481259
407.655978125777,211.28511061397,164.917541229385
405.170270942083,114.342530449913,149.925037481259
410.141685309471,643.798160576684,149.925037481259
415.113099676858,89.4854586129754,149.925037481259
432.513049962714,1633.1096196868,179.910044977511
437.484464330102,1553.5669898086,149.925037481259
474.770072085508,2145.16529952772,149.925037481259
479.741486452896,2095.45115585384,149.925037481259
492.170022371365,82.0283370618941,149.925037481259
509.569972657221,2460.85011185682,149.925037481259
546.855580412627,1986.08003977131,164.917541229385
581.65548098434,295.799154859558,149.925037481259
584.141188168034,2080.53691275168,149.925037481259
594.084016902809,2078.05120556798,164.917541229385
594.084016902809,315.684812329108,149.925037481259
601.54113845389,325.627641063883,149.925037481259
601.54113845389,313.199105145414,164.917541229385
785.483470047228,2229.6793437733,164.917541229385
800.397713149391,2050.70842654735,149.925037481259
904.797414864529,1817.05195128014,149.925037481259
989.311459110117,39.7713149391002,149.925037481259
1009.19711657967,1896.59458115834,149.925037481259
1021.62565249814,1894.10887397465,164.917541229385
1143.42530449913,628.883917474521,164.917541229385
1168.28237633607,1881.68033805618,149.925037481259
1168.28237633607,218.742232165051,149.925037481259
1193.13944817301,193.885160328113,164.917541229385
1200.59656972409,208.799403430276,149.925037481259
1220.48222719364,1029.08277404922,149.925037481259
1409.39597315436,1675.36664180959,179.910044977511
1526.22421078797,2299.27914491673,149.925037481259
1531.19562515536,2309.2219736515,149.925037481259
1585.88118319662,1404.42455878698,149.925037481259
1707.68083519761,99.4282873477504,164.917541229385
1802.13770817798,315.684812329108,164.917541229385
1809.59482972906,2107.87969177231,149.925037481259
1941.33731046483,1682.82376336068,164.917541229385
2060.65125528213,59.6569724086503,164.917541229385
2105.39398458862,2381.30748197862,164.917541229385
2276.90778026349,2261.99353716132,149.925037481259
2304.25055928412,2261.99353716132,179.910044977511
2418.59308973403,1866.76609495401,179.910044977511
9.94282873477504,1357.19612229679,179.910044977511
139.199602286851,462.34153616704,179.910044977511
273.427790206314,141.685309470544,164.917541229385
283.370618941089,124.285359184688,164.917541229385
290.82774049217,126.771066368382,164.917541229385
338.056176982351,1245.33929903057,179.910044977511
343.027591349739,1933.88018891375,164.917541229385
407.655978125777,2092.96544867015,164.917541229385
417.598806860552,223.713646532438,164.917541229385
452.398707432264,99.4282873477504,194.902548725637
531.941337310465,39.7713149391002,179.910044977511
556.798409147402,1966.19438230176,164.917541229385
705.940840169028,2107.87969177231,179.910044977511
782.997762863535,2244.59358687547,164.917541229385
996.768580661198,37.2856077554064,179.910044977511
1048.96843151877,1794.6805866269,179.910044977511
1175.73949788715,218.742232165051,164.917541229385
1175.73949788715,1881.68033805618,164.917541229385
1198.11086254039,218.742232165051,179.910044977511
1227.93934874472,1024.11135968183,164.917541229385
1414.36738752175,1302.51056425553,164.917541229385
1541.13845389013,2306.73626646781,164.917541229385
1824.50907283122,2117.82252050708,164.917541229385
1958.73726075068,1175.73949788715,164.917541229385
2033.3084762615,2435.99304001989,164.917541229385
2050.70842654735,802.883420333085,179.910044977511
2207.30797912006,382.798906288839,164.917541229385
2281.87919463087,2259.50782997763,164.917541229385
2408.65026099925,1809.59482972906,164.917541229385
12.4285359184688,820.283370618941,179.910044977511
89.4854586129754,1996.02286850609,194.902548725637
400.198856574696,1096.19686800895,194.902548725637
444.941585881183,1561.02411135968,179.910044977511
698.483718617947,2100.42257022123,179.910044977511
705.940840169028,2087.99403430276,179.910044977511
792.94059159831,1058.91126025354,194.902548725637
986.825751926423,1163.31096196868,194.902548725637
989.311459110117,29.8284862043251,194.902548725637
996.768580661198,472.284364901815,194.902548725637
1009.19711657967,474.770072085508,194.902548725637
1088.73974645787,2331.59333830475,194.902548725637
1101.16828237634,2334.07904548844,194.902548725637
1190.65374098931,211.28511061397,179.910044977511
1382.05319413373,437.484464330102,179.910044977511
1488.93860303256,2274.42207307979,194.902548725637
1749.93785732041,1938.85160328113,194.902548725637
1963.70867511807,1170.76808351976,194.902548725637
2237.13646532438,1876.70892368879,194.902548725637
2334.07904548844,340.541884166045,179.910044977511
2341.53616703952,330.59905543127,194.902548725637
9.94282873477504,790.454884414616,209.895052473763
146.656723837932,952.02585135471,209.895052473763
410.141685309471,1103.65398956003,194.902548725637
434.998757146408,449.913000248571,209.895052473763
636.341039025603,1563.50981854338,194.902548725637
805.369127516779,1053.93984588615,194.902548725637
855.083271190654,1670.39522744221,209.895052473763
857.568978374347,1685.30947054437,209.895052473763
961.968680089485,1175.73949788715,194.902548725637
964.454387273179,1180.71091225454,194.902548725637
1245.33929903057,2065.62266964952,194.902548725637
1481.48148148148,24.8570718369376,209.895052473763
1493.91001739995,730.797912005966,224.887556221889
1526.22421078797,2281.87919463087,209.895052473763
1538.65274670644,2217.25080785483,224.887556221889
1538.65274670644,1725.08078548347,194.902548725637
1608.25254784986,1071.33979617201,194.902548725637
1623.16679095203,1869.25180213771,209.895052473763
1692.76659209545,2035.79418344519,224.887556221889
1953.7658463833,1170.76808351976,194.902548725637
1953.7658463833,1190.65374098931,194.902548725637
2005.96569724086,2053.19413373105,209.895052473763
2010.93711160825,44.7427293064877,209.895052473763
2078.05120556798,2334.07904548844,209.895052473763
2202.33656475267,2321.65050956997,209.895052473763
2222.22222222222,1822.02336564753,224.887556221889
2279.39348744718,2130.25105642555,209.895052473763
2281.87919463087,2142.67959234402,209.895052473763
2299.27914491673,2261.99353716132,194.902548725637
2406.16455381556,2107.87969177231,194.902548725637
159.085259756401,884.911757394979,209.895052473763
164.056674123788,872.48322147651,209.895052473763
290.82774049217,991.797166293811,224.887556221889
300.770569226945,999.254287844892,209.895052473763
338.056176982351,360.427541635595,224.887556221889
370.37037037037,397.713149391002,224.887556221889
437.484464330102,947.054436987323,224.887556221889
464.827243350733,1998.50857568978,224.887556221889
507.084265473527,1026.59706686552,224.887556221889
561.76982351479,226.199353716132,224.887556221889
569.226945065871,201.342281879195,224.887556221889
576.684066616953,221.227939348745,224.887556221889
755.654983842903,1543.62416107383,209.895052473763
760.626398210291,1551.08128262491,209.895052473763
778.026348496147,417.598806860552,224.887556221889
882.426050211285,785.483470047228,224.887556221889
989.311459110117,1767.33780760626,224.887556221889
994.282873477504,1744.96644295302,224.887556221889
1046.48272433507,743.226447924435,224.887556221889
1071.33979617201,164.056674123788,224.887556221889
1377.08177976634,1108.62540392742,224.887556221889
1446.68158090977,1794.6805866269,224.887556221889
1444.19587372608,773.05493412876,239.880059970015
1523.73850360428,2266.96495152871,224.887556221889
1526.22421078797,1725.08078548347,209.895052473763
1722.59507829978,1280.13919960229,209.895052473763
1777.28063634104,1205.56798409147,209.895052473763
1787.22346507581,536.912751677852,239.880059970015
1931.39448173005,1518.76708923689,224.887556221889
2060.65125528213,1230.42505592841,224.887556221889
2217.25080785483,1834.451901566,224.887556221889
2388.7646035297,472.284364901815,224.887556221889
64.6283867760378,1155.8538404176,254.872563718141
67.1140939597315,1170.76808351976,254.872563718141
265.970668655232,390.25602783992,224.887556221889
534.427044494159,715.883668903803,224.887556221889
641.31245339299,1660.45239870743,254.872563718141
728.312204822272,2311.7076808352,239.880059970015
810.340541884166,395.227442207308,239.880059970015
820.283370618941,405.170270942083,239.880059970015
840.169028088491,1548.59557544121,239.880059970015
877.454635843898,42.2570221227939,239.880059970015
869.997514292816,787.969177230922,239.880059970015
954.511558538404,1459.11011682824,239.880059970015
954.511558538404,82.0283370618941,224.887556221889
1031.56848123291,748.197862291822,224.887556221889
1076.3112105394,176.485210042257,224.887556221889
1185.68232662192,14.9142431021626,224.887556221889
1347.25329356202,2165.05095699727,224.887556221889
1421.82450907283,1034.0541884166,239.880059970015
1531.19562515536,1275.1677852349,239.880059970015
1640.56674123788,939.597315436242,239.880059970015
1784.73775789212,1193.13944817301,224.887556221889
1861.79468058663,39.7713149391002,239.880059970015
1871.7375093214,44.7427293064877,239.880059970015
1909.02311707681,1558.53840417599,239.880059970015
1953.7658463833,984.340044742729,239.880059970015
2192.3937360179,1429.28163062391,239.880059970015
2237.13646532438,1841.90902311708,239.880059970015
2234.65075814069,1812.08053691275,224.887556221889
2249.56500124285,1667.90952025851,239.880059970015
2252.05070842655,999.254287844892,239.880059970015
2259.50782997763,994.282873477504,224.887556221889
2266.96495152871,994.282873477504,239.880059970015
2299.27914491673,1232.91076311211,224.887556221889
2388.7646035297,487.198608003977,224.887556221889
79.5426298782003,1143.42530449913,239.880059970015
82.0283370618941,1155.8538404176,239.880059970015
86.9997514292816,1180.71091225454,239.880059970015
86.9997514292816,1185.68232662192,239.880059970015
91.9711657966692,1163.31096196868,254.872563718141
246.085011185682,1824.50907283122,254.872563718141
253.542132736764,2092.96544867015,254.872563718141
268.456375838926,377.827491921452,239.880059970015
430.027342779021,1911.5088242605,254.872563718141
464.827243350733,2179.96520009943,239.880059970015
546.855580412627,705.940840169028,254.872563718141
549.341287596321,49.7141436738752,239.880059970015
561.76982351479,42.2570221227939,254.872563718141
621.42679592344,1869.25180213771,254.872563718141
718.369376087497,2294.30773054934,254.872563718141
949.540144171017,643.798160576684,269.865067466267
954.511558538404,69.5998011434253,254.872563718141
1081.28262490679,1849.36614466816,254.872563718141
1145.91101168282,1041.51130996769,239.880059970015
1148.39671886652,1056.42555306985,239.880059970015
1195.6251553567,1404.42455878698,254.872563718141
1208.05369127517,1406.91026597067,254.872563718141
1506.33855331842,561.76982351479,254.872563718141
1777.28063634104,524.484215759384,254.872563718141
1789.70917225951,2247.07929405916,269.865067466267
1831.9661943823,2314.19338801889,254.872563718141
1844.39473030077,434.998757146408,254.872563718141
1866.76609495401,437.484464330102,239.880059970015
1906.53740989311,2373.85036042754,254.872563718141
1941.33731046483,971.911508824261,254.872563718141
1946.30872483221,986.825751926423,239.880059970015
1958.73726075068,971.911508824261,254.872563718141
2189.9080288342,2068.10837683321,239.880059970015
2197.36515038528,2070.5940840169,239.880059970015
2239.62217250808,1648.02386278896,254.872563718141
2353.96470295799,651.255282127765,254.872563718141
2363.90753169277,643.798160576684,239.880059970015
2383.79318916232,539.398458861546,254.872563718141
241.113596818295,807.854834700472,269.865067466267
333.084762614964,526.969922943077,269.865067466267
360.427541635595,1165.79666915237,269.865067466267
529.455630126771,1242.85359184688,269.865067466267
728.312204822272,1869.25180213771,269.865067466267
733.283619189659,2207.30797912006,269.865067466267
735.769326373353,1409.39597315436,269.865067466267
750.683569475516,2217.25080785483,254.872563718141
897.340293313448,815.311956251554,254.872563718141
922.197365150385,2013.42281879195,269.865067466267
944.568729803629,2023.36564752672,269.865067466267
956.997265722098,82.0283370618941,254.872563718141
1056.42555306985,1826.99478001491,269.865067466267
1078.79691772309,1859.30897340293,254.872563718141
1262.73924931643,2301.76485210042,254.872563718141
1270.19637086751,2306.73626646781,254.872563718141
1270.19637086751,2286.85060899826,254.872563718141
1280.13919960229,2299.27914491673,269.865067466267
1411.88168033806,375.341784737758,269.865067466267
1429.28163062391,360.427541635595,269.865067466267
1538.65274670644,1749.93785732041,269.865067466267
1551.08128262491,1739.99502858563,254.872563718141
1551.08128262491,1730.05219985086,269.865067466267
1595.82401193139,1476.51006711409,269.865067466267
1772.30922197365,574.198359433259,269.865067466267
1779.76634352473,586.626895351728,269.865067466267
1787.22346507581,2371.36465324385,269.865067466267
1804.62341536167,976.882923191648,284.857571214393
1812.08053691275,519.512801391996,254.872563718141
1812.08053691275,534.427044494159,254.872563718141
1817.05195128014,529.455630126771,254.872563718141
1871.7375093214,1334.82475764355,269.865067466267
1904.05170270942,1337.31046482724,269.865067466267
2194.87944320159,2058.16554809843,254.872563718141
2249.56500124285,1481.48148148148,269.865067466267
2378.82177479493,1111.11111111111,269.865067466267
116.828237633607,1814.56624409645,284.857571214393
173.999502858563,894.854586129754,269.865067466267
218.742232165051,822.769077802635,284.857571214393
253.542132736764,387.770320656227,284.857571214393
345.513298533433,526.969922943077,284.857571214393
648.769574944072,1406.91026597067,284.857571214393
658.712403678847,1394.4817300522,284.857571214393
753.16927665921,1563.50981854338,284.857571214393
765.597812577678,1190.65374098931,284.857571214393
832.71190653741,628.883917474521,269.865067466267
835.197613721104,320.656226696495,284.857571214393
907.283122048223,822.769077802635,269.865067466267
942.083022619935,661.19811086254,269.865067466267
956.997265722098,656.226696495153,269.865067466267
981.854337559036,1682.82376336068,284.857571214393
1088.73974645787,661.19811086254,284.857571214393
1126.02535421327,2306.73626646781,284.857571214393
1262.73924931643,442.455878697489,269.865067466267
1533.68133233905,1732.53790703455,269.865067466267
1623.16679095203,1332.33905045986,284.857571214393
1692.76659209545,884.911757394979,269.865067466267
1700.22371364653,874.968928660204,269.865067466267
1804.62341536167,1001.73999502859,284.857571214393
1859.30897340293,432.513049962714,284.857571214393
1874.2232165051,504.598558289833,284.857571214393
1889.13745960726,1354.7104151131,284.857571214393
2207.30797912006,837.683320904797,269.865067466267
2351.4789957743,1106.13969674372,284.857571214393
2386.27889634601,1130.99676858066,284.857571214393
183.942331593338,899.826000497141,284.857571214393
298.284862043251,775.540641312453,299.850074962519
360.427541635595,1145.91101168282,284.857571214393
512.055679840915,464.827243350733,299.850074962519
529.455630126771,285.856326124783,284.857571214393
554.312701963709,221.227939348745,299.850074962519
608.998260004971,2234.65075814069,284.857571214393
713.397961720109,171.513795674869,299.850074962519
755.654983842903,1188.16803380562,284.857571214393
765.597812577678,2259.50782997763,284.857571214393
1081.28262490679,44.7427293064877,299.850074962519
1116.0825254785,2304.25055928412,284.857571214393
1155.8538404176,2204.82227193637,299.850074962519
1185.68232662192,914.740243599304,299.850074962519
1198.11086254039,882.426050211285,299.850074962519
1203.08227690778,899.826000497141,284.857571214393
1220.48222719364,907.283122048223,299.850074962519
1270.19637086751,2301.76485210042,284.857571214393
1324.88192890877,2431.0216256525,299.850074962519
1414.36738752175,648.769574944072,299.850074962519
1528.70991797166,2336.56475267214,299.850074962519
1551.08128262491,1742.48073576933,284.857571214393
1792.1948794432,984.340044742729,299.850074962519
1824.50907283122,981.854337559036,284.857571214393
1864.28038777032,504.598558289833,284.857571214393
1901.56599552573,1362.16753666418,284.857571214393
1956.25155356699,720.855083271191,299.850074962519
2005.96569724086,502.11285110614,299.850074962519
2356.45041014169,1091.22545364156,284.857571214393
2368.87894606015,1116.0825254785,299.850074962519
2376.33606761124,1086.25403927417,284.857571214393
2413.62167536664,1143.42530449913,314.842578710645
2413.62167536664,1123.53964702958,284.857571214393
2416.10738255034,1113.5968182948,284.857571214393
166.542381307482,1662.93810589113,299.850074962519
183.942331593338,710.912254536416,314.842578710645
198.856574695501,713.397961720109,314.842578710645
298.284862043251,760.626398210291,299.850074962519
382.798906288839,459.855828983346,314.842578710645
437.484464330102,2162.56524981357,299.850074962519
524.484215759384,457.370121799652,314.842578710645
586.626895351728,1909.02311707681,314.842578710645
613.969674372359,919.711657966692,314.842578710645
651.255282127765,1744.96644295302,314.842578710645
703.455132985334,171.513795674869,299.850074962519
770.569226945066,2252.05070842655,314.842578710645
974.397216007954,646.283867760378,299.850074962519
984.340044742729,656.226696495153,299.850074962519
1046.48272433507,1526.22421078797,329.835082458771
1178.22520507084,892.36887894606,329.835082458771
1185.68232662192,899.826000497141,314.842578710645
1195.6251553567,892.36887894606,299.850074962519
1205.56798409147,924.683072334079,314.842578710645
1312.45339299031,1150.88242605021,314.842578710645
1322.39622172508,1160.82525478499,299.850074962519
1329.85334327616,54.6855580412627,314.842578710645
1342.28187919463,67.1140939597315,314.842578710645
1342.28187919463,82.0283370618941,314.842578710645
1419.33880188914,638.826746209297,299.850074962519
1573.45264727815,1844.39473030077,314.842578710645
1625.65249813572,1648.02386278896,299.850074962519
1638.08103405419,1650.50956997266,314.842578710645
1715.13795674869,188.913745960726,314.842578710645
1744.96644295302,1108.62540392742,314.842578710645
1749.93785732041,1093.71116082525,299.850074962519
1759.88068605518,1106.13969674372,299.850074962519
1809.59482972906,986.825751926423,299.850074962519
2050.70842654735,1638.08103405419,314.842578710645
2058.16554809843,1302.51056425553,314.842578710645
2065.62266964952,1312.45339299031,314.842578710645
2100.42257022123,2147.65100671141,299.850074962519
2137.70817797663,1551.08128262491,314.842578710645
2174.99378573204,2157.59383544618,314.842578710645
2396.22172508079,1148.39671886652,299.850074962519
2398.70743226448,1111.11111111111,299.850074962519
2401.19313944817,1121.05393984589,299.850074962519
32.3141933880189,1536.16703952274,314.842578710645
77.0569226945066,877.454635843898,329.835082458771
89.4854586129754,897.340293313448,329.835082458771
89.4854586129754,877.454635843898,314.842578710645
99.4282873477504,879.940343027591,314.842578710645
101.913994531444,894.854586129754,314.842578710645
211.28511061397,810.340541884166,344.827586206897
218.742232165051,825.254784986329,329.835082458771
305.741983594333,765.597812577678,314.842578710645
375.341784737758,472.284364901815,314.842578710645
392.741735023614,477.255779269202,314.842578710645
526.969922943077,288.342033308476,314.842578710645
529.455630126771,1309.96768580661,314.842578710645
531.941337310465,671.140939597315,329.835082458771
526.969922943077,1322.39622172508,314.842578710645
536.912751677852,658.712403678847,329.835082458771
643.798160576684,1737.50932140194,314.842578710645
832.71190653741,221.227939348745,314.842578710645
966.940094456873,47.2284364901815,314.842578710645
974.397216007954,47.2284364901815,329.835082458771
1043.99701715138,1511.30996768581,314.842578710645
1210.53939845886,899.826000497141,314.842578710645
1220.48222719364,894.854586129754,314.842578710645
1252.79642058166,2279.39348744718,329.835082458771
1491.42431021626,2304.25055928412,329.835082458771
1538.65274670644,380.313199105145,329.835082458771
1610.73825503356,1546.10986825752,329.835082458771
1675.36664180959,2445.93586875466,329.835082458771
1692.76659209545,1777.28063634104,329.835082458771
1727.56649266716,208.799403430276,329.835082458771
1762.36639323888,1098.68257519264,314.842578710645
1797.16629381059,949.540144171017,314.842578710645
1822.02336564753,775.540641312453,329.835082458771
1819.53765846383,2224.70792940592,329.835082458771
1834.451901566,768.083519761372,329.835082458771
1956.25155356699,730.797912005966,314.842578710645
1971.16579666915,718.369376087497,314.842578710645
1981.10862540393,1988.56574695501,314.842578710645
2105.39398458862,345.513298533433,329.835082458771
2167.53666418096,2145.16529952772,314.842578710645
2301.76485210042,611.483967188665,314.842578710645
2304.25055928412,606.512552821278,314.842578710645
2341.53616703952,750.683569475516,314.842578710645
2381.30748197862,1138.45389013174,314.842578710645
2391.2503107134,1123.53964702958,314.842578710645
2403.67884663187,1108.62540392742,314.842578710645
2435.99304001989,790.454884414616,314.842578710645
32.3141933880189,1526.22421078797,329.835082458771
94.4568729803629,869.997514292816,329.835082458771
166.542381307482,1662.93810589113,329.835082458771
193.885160328113,1444.19587372608,344.827586206897
231.17076808352,837.683320904797,329.835082458771
387.770320656227,449.913000248571,329.835082458771
412.627392493164,1570.96694009446,344.827586206897
477.255779269202,1446.68158090977,344.827586206897
484.712900820283,1464.08153119563,344.827586206897
494.655729555058,1444.19587372608,329.835082458771
504.598558289833,1424.31021625653,344.827586206897
512.055679840915,1444.19587372608,344.827586206897
591.598309719115,161.570966940094,344.827586206897
604.026845637584,884.911757394979,329.835082458771
740.740740740741,320.656226696495,344.827586206897
837.683320904797,32.3141933880189,344.827586206897
1043.99701715138,1812.08053691275,344.827586206897
1193.13944817301,884.911757394979,329.835082458771
1205.56798409147,347.999005717127,329.835082458771
1210.53939845886,196.370867511807,344.827586206897
1215.51081282625,899.826000497141,344.827586206897
1217.99652000994,350.48471290082,329.835082458771
1265.22495650012,2284.36490181457,329.835082458771
1342.28187919463,1334.82475764355,344.827586206897
1367.13895103157,922.197365150385,329.835082458771
1382.05319413373,1506.33855331842,344.827586206897
1491.42431021626,2286.85060899826,344.827586206897
1503.85284613473,2294.30773054934,329.835082458771
1578.42406164554,196.370867511807,344.827586206897
1595.82401193139,198.856574695501,329.835082458771
1615.70966940094,392.741735023614,329.835082458771
1625.65249813572,390.25602783992,329.835082458771
1625.65249813572,618.941088739746,344.827586206897
1662.93810589113,2214.76510067114,344.827586206897
1695.25229927915,927.168779517773,359.820089955023
1697.73800646284,909.768829231916,344.827586206897
1822.02336564753,1185.68232662192,344.827586206897
1829.48048719861,1175.73949788715,344.827586206897
1966.19438230176,2192.3937360179,329.835082458771
1973.65150385285,2174.99378573204,344.827586206897
2229.6793437733,1496.39572458364,329.835082458771
2239.62217250808,1503.85284613473,344.827586206897
2249.56500124285,1496.39572458364,329.835082458771
2388.7646035297,1135.96818294805,329.835082458771
89.4854586129754,872.48322147651,344.827586206897
104.399701715138,884.911757394979,359.820089955023
397.713149391002,392.741735023614,359.820089955023
407.655978125777,390.25602783992,359.820089955023
482.22719363659,1416.85309470544,359.820089955023
524.484215759384,1789.70917225951,359.820089955023
564.255530698484,561.76982351479,344.827586206897
566.741237882178,551.826994780015,344.827586206897
621.42679592344,176.485210042257,359.820089955023
656.226696495153,922.197365150385,359.820089955023
830.226199353716,623.912503107134,374.812593703148
835.197613721104,216.256524981357,344.827586206897
1118.56823266219,1471.53865274671,344.827586206897
1121.05393984589,1436.73875217499,374.812593703148
1133.48247576436,1451.65299527716,344.827586206897
1135.96818294805,1439.22445935869,374.812593703148
1342.28187919463,2234.65075814069,359.820089955023
1354.7104151131,924.683072334079,344.827586206897
1367.13895103157,932.14019388516,359.820089955023
1483.96718866518,1317.42480735769,359.820089955023
1573.45264727815,1610.73825503356,374.812593703148
1585.88118319662,208.799403430276,344.827586206897
1593.3383047477,1603.28113348248,374.812593703148
1648.02386278896,521.99850857569,359.820089955023
1710.16654238131,924.683072334079,359.820089955023
1988.56574695501,1275.1677852349,374.812593703148
2010.93711160825,260.999254287845,359.820089955023
2112.8511061397,352.970420084514,344.827586206897
156.599552572707,830.226199353716,389.805097451274
228.685060899826,812.82624906786,359.820089955023
335.570469798658,1645.53815560527,389.805097451274
529.455630126771,1774.79492915735,359.820089955023
599.055431270196,1739.99502858563,374.812593703148
820.283370618941,2294.30773054934,374.812593703148
860.054685558041,1113.5968182948,374.812593703148
872.48322147651,2182.45090728312,374.812593703148
887.397464578673,370.37037037037,374.812593703148
974.397216007954,47.2284364901815,359.820089955023
994.282873477504,2396.22172508079,359.820089955023
1016.65423813075,472.284364901815,374.812593703148
1031.56848123291,482.22719363659,374.812593703148
1165.79666915237,77.0569226945066,374.812593703148
1185.68232662192,82.0283370618941,374.812593703148
1240.36788466319,173.999502858563,389.805097451274
1362.16753666418,283.370618941089,359.820089955023
1362.16753666418,300.770569226945,359.820089955023
1369.62465821526,290.82774049217,359.820089955023
1367.13895103157,298.284862043251,359.820089955023
1523.73850360428,2192.3937360179,374.812593703148
1521.25279642058,2177.47949291573,359.820089955023
1598.30971911509,375.341784737758,389.805097451274
1879.19463087248,191.39945314442,374.812593703148
1894.10887397465,191.39945314442,374.812593703148
1981.10862540393,308.227690778026,374.812593703148
1981.10862540393,1988.56574695501,359.820089955023
2087.99403430276,534.427044494159,359.820089955023
2120.30822769078,2065.62266964952,374.812593703148
2122.79393487447,1130.99676858066,389.805097451274
2408.65026099925,1588.36689038031,359.820089955023
166.542381307482,1424.31021625653,404.7976011994
181.456624409645,1416.85309470544,389.805097451274
305.741983594333,611.483967188665,389.805097451274
529.455630126771,979.368630375342,374.812593703148
641.31245339299,2058.16554809843,389.805097451274
656.226696495153,907.283122048223,374.812593703148
773.05493412876,713.397961720109,404.7976011994
902.311707680835,101.913994531444,404.7976011994
1016.65423813075,648.769574944072,389.805097451274
1029.08277404922,651.255282127765,389.805097451274
1121.05393984589,1451.65299527716,374.812593703148
1165.79666915237,584.141188168034,389.805097451274
1170.76808351976,569.226945065871,374.812593703148
1178.22520507084,576.684066616953,374.812593703148
1245.33929903057,1282.62490678598,389.805097451274
1327.36763609247,1220.48222719364,389.805097451274
1337.31046482724,1215.51081282625,374.812593703148
1344.76758637832,1053.93984588615,374.812593703148
1342.28187919463,1043.99701715138,389.805097451274
1565.99552572707,1834.451901566,389.805097451274
1575.93835446184,643.798160576684,389.805097451274
1657.96669152374,1526.22421078797,389.805097451274
2087.99403430276,544.369873228934,374.812593703148
2234.65075814069,1486.45289584887,374.812593703148
2252.05070842655,1496.39572458364,374.812593703148
2257.02212279394,1265.22495650012,389.805097451274
2281.87919463087,1705.19512801392,404.7976011994
159.085259756401,1349.73900074571,404.7976011994
243.599304001989,745.712155108128,419.790104947526
584.141188168034,887.397464578673,404.7976011994
718.369376087497,1876.70892368879,389.805097451274
730.797912005966,1864.28038777032,404.7976011994
792.94059159831,1966.19438230176,404.7976011994
802.883420333085,216.256524981357,404.7976011994
810.340541884166,1749.93785732041,389.805097451274
882.426050211285,377.827491921452,389.805097451274
956.997265722098,1899.08028834203,419.790104947526
1130.99676858066,1834.451901566,404.7976011994
1150.88242605021,1824.50907283122,404.7976011994
1312.45339299031,1739.99502858563,404.7976011994
1324.88192890877,1812.08053691275,404.7976011994
1327.36763609247,2326.62192393736,404.7976011994
1339.79617201094,1802.13770817798,404.7976011994
1342.28187919463,1208.05369127517,404.7976011994
1352.22470792941,1200.59656972409,389.805097451274
1352.22470792941,1854.33755903555,419.790104947526
1439.22445935869,1928.90877454636,404.7976011994
1551.08128262491,1834.451901566,404.7976011994
1595.82401193139,519.512801391996,404.7976011994
1652.99527715635,1508.82426050211,404.7976011994
1754.9092716878,2266.96495152871,389.805097451274
1762.36639323888,2274.42207307979,404.7976011994
2013.42281879195,1382.05319413373,404.7976011994
2140.19388516033,1916.48023862789,419.790104947526
2172.50807854835,1526.22421078797,419.790104947526
2252.05070842655,1240.36788466319,404.7976011994
278.399204573701,638.826746209297,419.790104947526
800.397713149391,1976.13721103654,404.7976011994
807.854834700472,1749.93785732041,419.790104947526
1029.08277404922,2120.30822769078,419.790104947526
1143.42530449913,1841.90902311708,419.790104947526
1198.11086254039,246.085011185682,419.790104947526
1190.65374098931,790.454884414616,419.790104947526
1324.88192890877,1749.93785732041,404.7976011994
1324.88192890877,1739.99502858563,404.7976011994
1354.7104151131,884.911757394979,434.782608695652
1648.02386278896,1523.73850360428,404.7976011994
1861.79468058663,1655.48098434004,419.790104947526
1876.70892368879,1645.53815560527,419.790104947526
1958.73726075068,825.254784986329,419.790104947526
1988.56574695501,1384.53890131742,404.7976011994
1991.0514541387,1396.96743723589,404.7976011994
2157.59383544618,1909.02311707681,419.790104947526
151.628138205319,1342.28187919463,434.782608695652
203.827989062888,1247.82500621427,434.782608695652
529.455630126771,1896.59458115834,449.775112443778
815.311956251554,1749.93785732041,419.790104947526
820.283370618941,1747.45215013671,434.782608695652
1160.82525478499,1478.99577429779,434.782608695652
1193.13944817301,775.540641312453,434.782608695652
1270.19637086751,1409.39597315436,434.782608695652
1324.88192890877,2319.16480238628,419.790104947526
1332.33905045986,673.626646781009,434.782608695652
1337.31046482724,1071.33979617201,449.775112443778
1352.22470792941,1061.39696743724,434.782608695652
1382.05319413373,1712.652249565,434.782608695652
1396.96743723589,1717.62366393239,434.782608695652
1431.76733780761,922.197365150385,434.782608695652
1454.13870246085,917.225950782998,434.782608695652
1478.99577429779,350.48471290082,434.782608695652
1493.91001739995,362.913248819289,449.775112443778
1501.36713895103,380.313199105145,434.782608695652
1508.82426050211,362.913248819289,434.782608695652
1561.02411135968,2304.25055928412,434.782608695652
1958.73726075068,1145.91101168282,434.782608695652
2107.87969177231,1836.93760874969,434.782608695652
2120.30822769078,1533.68133233905,434.782608695652
2249.56500124285,1309.96768580661,449.775112443778
2261.99353716132,1292.56773552076,449.775112443778
338.056176982351,1710.16654238131,449.775112443778
430.027342779021,666.169525229928,464.767616191904
437.484464330102,651.255282127765,449.775112443778
467.312950534427,787.969177230922,464.767616191904
596.569724086503,1869.25180213771,449.775112443778
688.540889883172,1496.39572458364,464.767616191904
907.283122048223,688.540889883172,464.767616191904
914.740243599304,994.282873477504,449.775112443778
922.197365150385,1004.22570221228,449.775112443778
1006.71140939597,2117.82252050708,449.775112443778
1123.53964702958,1116.0825254785,449.775112443778
1128.51106139697,1106.13969674372,449.775112443778
1198.11086254039,643.798160576684,464.767616191904
1352.22470792941,1076.3112105394,449.775112443778
1474.0243599304,367.884663186677,434.782608695652
1508.82426050211,1633.1096196868,449.775112443778
1628.13820531941,1165.79666915237,434.782608695652
1635.59532687049,1155.8538404176,449.775112443778
1655.48098434004,2162.56524981357,434.782608695652
1784.73775789212,2184.93661446682,434.782608695652
1807.10912254536,673.626646781009,449.775112443778
1822.02336564753,452.398707432264,434.782608695652
1824.50907283122,457.370121799652,434.782608695652
2015.90852597564,1387.02460850112,434.782608695652
2040.76559781258,1839.42331593338,464.767616191904
2060.65125528213,1528.70991797166,449.775112443778
2090.47974148645,1426.79592344022,464.767616191904
2152.6224210788,1702.70942083023,464.767616191904
241.113596818295,976.882923191648,449.775112443778
343.027591349739,1722.59507829978,449.775112443778
482.22719363659,780.512055679841,464.767616191904
599.055431270196,1886.65175242356,464.767616191904
611.483967188665,1876.70892368879,464.767616191904
621.42679592344,1866.76609495401,464.767616191904
730.797912005966,439.970171513796,464.767616191904
790.454884414616,1730.05219985086,464.767616191904
785.483470047228,1208.05369127517,479.76011994003
1322.39622172508,892.36887894606,464.767616191904
1334.82475764355,902.311707680835,464.767616191904
1349.73900074571,201.342281879195,449.775112443778
1568.48123291076,1570.96694009446,464.767616191904
1575.93835446184,1593.3383047477,464.767616191904
2130.25105642555,1712.652249565,464.767616191904
2135.22247079294,671.140939597315,479.76011994003
2145.16529952772,1730.05219985086,464.767616191904
253.542132736764,979.368630375342,464.767616191904
392.741735023614,1491.42431021626,494.752623688156
400.198856574696,1618.19537658464,479.76011994003
449.913000248571,646.283867760378,464.767616191904
748.197862291822,425.055928411633,494.752623688156
802.883420333085,1735.02361421825,464.767616191904
1019.13994531444,924.683072334079,479.76011994003
1029.08277404922,909.768829231916,479.76011994003
1061.39696743724,1324.88192890877,494.752623688156
1130.99676858066,1111.11111111111,464.767616191904
1213.02510564256,971.911508824261,494.752623688156
1262.73924931643,484.712900820283,494.752623688156
1342.28187919463,203.827989062888,479.76011994003
1451.65299527716,919.711657966692,464.767616191904
1466.56723837932,362.913248819289,464.767616191904
1508.82426050211,1220.48222719364,479.76011994003
1583.39547601293,345.513298533433,464.767616191904
1590.85259756401,340.541884166045,479.76011994003
1752.4235645041,897.340293313448,479.76011994003
1782.25205070843,2194.87944320159,464.767616191904
1993.5371613224,1941.33731046483,494.752623688156
243.599304001989,979.368630375342,479.76011994003
415.113099676858,1633.1096196868,509.745127436282
444.941585881183,661.19811086254,479.76011994003
631.369624658215,1188.16803380562,479.76011994003
909.768829231916,420.084514044246,494.752623688156
919.711657966692,427.541635595327,494.752623688156
974.397216007954,1493.91001739995,494.752623688156
981.854337559036,1506.33855331842,494.752623688156
1053.93984588615,1329.85334327616,494.752623688156
1377.08177976634,2117.82252050708,494.752623688156
1725.08078548347,1817.05195128014,509.745127436282
1884.16604523987,651.255282127765,494.752623688156
1973.65150385285,1933.88018891375,494.752623688156
2212.27939348745,1411.88168033806,494.752623688156
390.25602783992,845.140442455879,494.752623688156
400.198856574696,847.626149639573,494.752623688156
437.484464330102,648.769574944072,494.752623688156
449.913000248571,1426.79592344022,509.745127436282
459.855828983346,1436.73875217499,494.752623688156
469.798657718121,1426.79592344022,509.745127436282
594.084016902809,544.369873228934,509.745127436282
604.026845637584,539.398458861546,509.745127436282
631.369624658215,1183.19661943823,509.745127436282
730.797912005966,1026.59706686552,509.745127436282
768.083519761372,902.311707680835,524.737631184408
780.512055679841,892.36887894606,524.737631184408
1210.53939845886,1302.51056425553,494.752623688156
1394.4817300522,805.369127516779,509.745127436282
1834.451901566,1904.05170270942,509.745127436282
1933.88018891375,678.598061148397,509.745127436282
1988.56574695501,1416.85309470544,524.737631184408
2075.56549838429,1615.70966940094,524.737631184408
2140.19388516033,867.511807109123,494.752623688156
2152.6224210788,862.540392741735,509.745127436282
2165.05095699727,872.48322147651,509.745127436282
494.655729555058,1106.13969674372,509.745127436282
613.969674372359,1319.91051454139,509.745127436282
646.283867760378,902.311707680835,524.737631184408
914.740243599304,792.94059159831,524.737631184408
922.197365150385,802.883420333085,509.745127436282
1083.76833209048,1411.88168033806,509.745127436282
1103.65398956003,479.741486452896,524.737631184408
1237.88217747949,449.913000248571,524.737631184408
1379.56748695004,1456.62440964454,509.745127436282
1394.4817300522,812.82624906786,509.745127436282
1819.53765846383,1918.96594581158,524.737631184408
1839.42331593338,1918.96594581158,509.745127436282
1941.33731046483,1824.50907283122,509.745127436282
1943.82301764852,671.140939597315,524.737631184408
1946.30872483221,1809.59482972906,524.737631184408
1973.65150385285,1623.16679095203,509.745127436282
1993.5371613224,787.969177230922,524.737631184408
2005.96569724086,780.512055679841,509.745127436282
2050.70842654735,1245.33929903057,524.737631184408
2058.16554809843,1252.79642058166,509.745127436282
2068.10837683321,1250.31071339796,509.745127436282
2087.99403430276,1615.70966940094,509.745127436282
437.484464330102,1421.82450907283,524.737631184408
459.855828983346,1421.82450907283,524.737631184408
464.827243350733,815.311956251554,539.730134932534
487.198608003977,1096.19686800895,539.730134932534
571.712652249565,1754.9092716878,539.730134932534
606.512552821278,1304.99627143922,539.730134932534
604.026845637584,1317.42480735769,539.730134932534
626.398210290828,1173.25379070346,524.737631184408
638.826746209297,882.426050211285,524.737631184408
643.798160576684,877.454635843898,524.737631184408
653.740989311459,872.48322147651,539.730134932534
658.712403678847,884.911757394979,539.730134932534
904.797414864529,785.483470047228,524.737631184408
1039.02560278399,1628.13820531941,554.72263868066
1076.3112105394,1406.91026597067,539.730134932534
1111.11111111111,1958.73726075068,554.72263868066
1213.02510564256,1295.05344270445,524.737631184408
1262.73924931643,427.541635595327,524.737631184408
1300.02485707184,1235.3964702958,539.730134932534
1367.13895103157,2115.33681332339,539.730134932534
1379.56748695004,2050.70842654735,539.730134932534
1389.51031568481,797.912005965697,524.737631184408
1421.82450907283,1687.79517772806,554.72263868066
1436.73875217499,1675.36664180959,569.715142428786
1503.85284613473,658.712403678847,539.730134932534
1511.30996768581,673.626646781009,554.72263868066
1526.22421078797,937.111608252548,539.730134932534
1826.99478001491,1899.08028834203,524.737631184408
1834.451901566,1913.9945314442,524.737631184408
1874.2232165051,638.826746209297,524.737631184408
1926.42306736266,668.655232413622,539.730134932534
1968.68008948546,1608.25254784986,539.730134932534
1973.65150385285,1682.82376336068,539.730134932534
1976.13721103654,1695.25229927915,539.730134932534
1988.56574695501,1943.82301764852,524.737631184408
2000.99428287348,773.05493412876,524.737631184408
2048.22271936366,1237.88217747949,539.730134932534
2063.13696246582,1242.85359184688,524.737631184408
2137.70817797663,862.540392741735,524.737631184408
477.255779269202,822.769077802635,539.730134932534
591.598309719115,1752.4235645041,539.730134932534
596.569724086503,1163.31096196868,554.72263868066
1208.05369127517,1300.02485707184,539.730134932534
1235.3964702958,1093.71116082525,554.72263868066
1240.36788466319,1108.62540392742,569.715142428786
1252.79642058166,427.541635595327,539.730134932534
1416.85309470544,1670.39522744221,554.72263868066
1436.73875217499,961.968680089485,554.72263868066
1474.0243599304,1531.19562515536,554.72263868066
1546.10986825752,929.654486701467,539.730134932534
1548.59557544121,1493.91001739995,554.72263868066
1739.99502858563,1754.9092716878,554.72263868066
576.684066616953,1272.68207805121,584.707646176912
641.31245339299,902.311707680835,554.72263868066
785.483470047228,1337.31046482724,584.707646176912
790.454884414616,1014.16853094705,569.715142428786
939.597315436242,899.826000497141,569.715142428786
1034.0541884166,1677.85234899329,584.707646176912
1205.56798409147,1754.9092716878,554.72263868066
1208.05369127517,1752.4235645041,554.72263868066
1290.08202833706,807.854834700472,554.72263868066
1300.02485707184,810.340541884166,584.707646176912
1431.76733780761,1660.45239870743,554.72263868066
1454.13870246085,1548.59557544121,554.72263868066
1466.56723837932,1551.08128262491,569.715142428786
1466.56723837932,1558.53840417599,554.72263868066
1481.48148148148,1332.33905045986,554.72263868066
1593.3383047477,1352.22470792941,554.72263868066
1603.28113348248,1344.76758637832,554.72263868066
1759.88068605518,631.369624658215,554.72263868066
469.798657718121,815.311956251554,569.715142428786
479.741486452896,832.71190653741,569.715142428786
484.712900820283,827.740492170022,569.715142428786
512.055679840915,1237.88217747949,584.707646176912
556.798409147402,1183.19661943823,584.707646176912
579.169773800646,1754.9092716878,569.715142428786
589.112602535421,1272.68207805121,584.707646176912
780.512055679841,1660.45239870743,599.700149925038
785.483470047228,1675.36664180959,584.707646176912
785.483470047228,1389.51031568481,599.700149925038
825.254784986329,934.625901068854,599.700149925038
842.654735272185,939.597315436242,584.707646176912
937.111608252548,912.25453641561,569.715142428786
1036.5398956003,1188.16803380562,584.707646176912
1048.96843151877,1183.19661943823,584.707646176912
1048.96843151877,1685.30947054437,584.707646176912
1058.91126025354,646.283867760378,599.700149925038
1210.53939845886,1613.22396221725,599.700149925038
1213.02510564256,1759.88068605518,584.707646176912
1262.73924931643,432.513049962714,569.715142428786
1312.45339299031,812.82624906786,584.707646176912
1309.96768580661,1237.88217747949,569.715142428786
1446.68158090977,964.454387273179,569.715142428786
1493.91001739995,1332.33905045986,584.707646176912
1513.7956748695,663.683818046234,569.715142428786
1533.68133233905,939.597315436242,569.715142428786
1558.53840417599,1496.39572458364,569.715142428786
1585.88118319662,1536.16703952274,599.700149925038
1603.28113348248,1354.7104151131,569.715142428786
1754.9092716878,1759.88068605518,569.715142428786
1774.79492915735,633.855331841909,584.707646176912
837.683320904797,1727.56649266716,599.700149925038
1357.19612229679,1824.50907283122,614.692653673163
1357.19612229679,1807.10912254536,614.692653673163
1419.33880188914,1648.02386278896,584.707646176912
1478.99577429779,1332.33905045986,599.700149925038
1478.99577429779,1314.939100174,584.707646176912
1481.48148148148,1123.53964702958,599.700149925038
1493.91001739995,1116.0825254785,599.700149925038
1498.88143176734,1396.96743723589,614.692653673163
1538.65274670644,611.483967188665,599.700149925038
1558.53840417599,840.169028088491,599.700149925038
1570.96694009446,835.197613721104,599.700149925038
1623.16679095203,648.769574944072,614.692653673163
1836.93760874969,1501.36713895103,614.692653673163
1991.0514541387,1213.02510564256,599.700149925038
730.797912005966,914.740243599304,614.692653673163
745.712155108128,832.71190653741,614.692653673163
758.140691026597,832.71190653741,599.700149925038
989.311459110117,1322.39622172508,614.692653673163
1220.48222719364,1367.13895103157,614.692653673163
1257.76783494904,1461.59582401193,629.685157421289
1270.19637086751,1451.65299527716,599.700149925038
1312.45339299031,1436.73875217499,614.692653673163
1337.31046482724,1819.53765846383,614.692653673163
1481.48148148148,1081.28262490679,614.692653673163
1498.88143176734,1414.36738752175,614.692653673163
1595.82401193139,860.054685558041,614.692653673163
551.826994780015,1178.22520507084,614.692653673163
815.311956251554,934.625901068854,614.692653673163
996.768580661198,1650.50956997266,629.685157421289
1011.68282376336,1648.02386278896,629.685157421289
1170.76808351976,1613.22396221725,659.670164917541
1205.56798409147,1809.59482972906,644.677661169415
1205.56798409147,1759.88068605518,614.692653673163
1215.51081282625,681.08376833209,629.685157421289
1213.02510564256,1804.62341536167,614.692653673163
1262.73924931643,1449.16728809346,614.692653673163
1406.91026597067,1645.53815560527,614.692653673163
1416.85309470544,1645.53815560527,629.685157421289
1471.53865274671,1126.02535421327,614.692653673163
1469.05294556301,1076.3112105394,614.692653673163
1523.73850360428,616.455381556053,614.692653673163
1546.10986825752,837.683320904797,614.692653673163
1585.88118319662,852.59756400696,614.692653673163
1700.22371364653,1394.4817300522,644.677661169415
1889.13745960726,1449.16728809346,629.685157421289
559.284116331096,1180.71091225454,629.685157421289
807.854834700472,1538.65274670644,644.677661169415
820.283370618941,1548.59557544121,644.677661169415
835.197613721104,1725.08078548347,629.685157421289
842.654735272185,1011.68282376336,629.685157421289
860.054685558041,999.254287844892,659.670164917541
877.454635843898,1029.08277404922,659.670164917541
1043.99701715138,939.597315436242,629.685157421289
1061.39696743724,646.283867760378,629.685157421289
1096.19686800895,686.055182699478,629.685157421289
1153.36813323391,750.683569475516,629.685157421289
1178.22520507084,1613.22396221725,629.685157421289
1744.96644295302,1093.71116082525,659.670164917541
842.654735272185,1009.19711657967,659.670164917541
1039.02560278399,934.625901068854,659.670164917541
1086.25403927417,1058.91126025354,674.662668665667
1091.22545364156,683.569475515784,659.670164917541
1150.88242605021,750.683569475516,659.670164917541
1163.31096196868,1580.90976882923,659.670164917541
1168.28237633607,758.140691026597,659.670164917541
1217.99652000994,666.169525229928,659.670164917541
1272.68207805121,765.597812577678,674.662668665667
1531.19562515536,981.854337559036,674.662668665667
1561.02411135968,1235.3964702958,674.662668665667
1583.39547601293,847.626149639573,644.677661169415
1667.90952025851,1483.96718866518,659.670164917541
1695.25229927915,1287.59632115337,659.670164917541
944.568729803629,1235.3964702958,674.662668665667
1098.68257519264,1513.7956748695,674.662668665667
1178.22520507084,790.454884414616,674.662668665667
1292.56773552076,1516.28138205319,674.662668665667
1297.53914988814,1526.22421078797,674.662668665667
1389.51031568481,847.626149639573,674.662668665667
1401.93885160328,1605.76684066617,674.662668665667
1486.45289584887,1130.99676858066,674.662668665667
1488.93860303256,1116.0825254785,659.670164917541
1185.68232662192,1511.30996768581,689.655172413793
1188.16803380562,1526.22421078797,689.655172413793
1280.13919960229,768.083519761372,674.662668665667
1339.79617201094,1143.42530449913,689.655172413793
1563.50981854338,1225.45364156102,674.662668665667
937.111608252548,1247.82500621427,689.655172413793
937.111608252548,1225.45364156102,689.655172413793
1337.31046482724,1130.99676858066,689.655172413793
