273.427790206314,2406.16455381556,14.9925037481259
278.399204573701,2411.13596818295,14.9925037481259
275.913497390007,2445.93586875466,14.9925037481259
300.770569226945,462.34153616704,14.9925037481259
320.656226696495,442.455878697489,14.9925037481259
415.113099676858,14.9142431021626,29.9850074962519
494.655729555058,698.483718617947,14.9925037481259
507.084265473527,2070.5940840169,14.9925037481259
504.598558289833,2095.45115585384,14.9925037481259
509.569972657221,2097.93686303753,14.9925037481259
514.541387024609,2115.33681332339,14.9925037481259
519.512801391996,2115.33681332339,14.9925037481259
549.341287596321,1971.16579666915,14.9925037481259
556.798409147402,541.88416604524,14.9925037481259
715.883668903803,929.654486701467,14.9925037481259
723.340790454884,964.454387273179,14.9925037481259
758.140691026597,894.854586129754,14.9925037481259
768.083519761372,934.625901068854,14.9925037481259
775.540641312453,971.911508824261,14.9925037481259
782.997762863535,976.882923191648,14.9925037481259
800.397713149391,1394.4817300522,14.9925037481259
802.883420333085,1290.08202833706,14.9925037481259
810.340541884166,889.883171762366,14.9925037481259
812.82624906786,904.797414864529,14.9925037481259
845.140442455879,713.397961720109,29.9850074962519
855.083271190654,519.512801391996,29.9850074962519
991.797166293811,681.08376833209,29.9850074962519
1004.22570221228,2167.53666418096,14.9925037481259
1004.22570221228,678.598061148397,29.9850074962519
1043.99701715138,2160.07954262988,14.9925037481259
1046.48272433507,2137.70817797663,14.9925037481259
1377.08177976634,268.456375838926,14.9925037481259
1406.91026597067,268.456375838926,14.9925037481259
1456.62440964454,2092.96544867015,29.9850074962519
1471.53865274671,2440.96445438727,14.9925037481259
1503.85284613473,1215.51081282625,14.9925037481259
1513.7956748695,1203.08227690778,14.9925037481259
1516.28138205319,1188.16803380562,14.9925037481259
1578.42406164554,1797.16629381059,14.9925037481259
1648.02386278896,2030.8227690778,14.9925037481259
1670.39522744221,1936.36589609744,14.9925037481259
1677.85234899329,2055.67984091474,14.9925037481259
1680.33805617698,2040.76559781258,14.9925037481259
1695.25229927915,2035.79418344519,14.9925037481259
1707.68083519761,1918.96594581158,14.9925037481259
1705.19512801392,1936.36589609744,14.9925037481259
1720.10937111608,2475.76435495899,14.9925037481259
1754.9092716878,1742.48073576933,44.9775112443778
1792.1948794432,2433.50733283619,14.9925037481259
1822.02336564753,2413.62167536664,14.9925037481259
1851.85185185185,835.197613721104,14.9925037481259
1849.36614466816,932.14019388516,14.9925037481259
1866.76609495401,1735.02361421825,14.9925037481259
1879.19463087248,1727.56649266716,14.9925037481259
1904.05170270942,1257.76783494904,14.9925037481259
1901.56599552573,1240.36788466319,14.9925037481259
1906.53740989311,874.968928660204,14.9925037481259
1928.90877454636,1767.33780760626,14.9925037481259
1988.56574695501,1344.76758637832,14.9925037481259
2008.45140442456,203.827989062888,29.9850074962519
2020.87994034303,778.026348496147,14.9925037481259
2033.3084762615,691.026597066866,14.9925037481259
2053.19413373105,753.16927665921,14.9925037481259
2107.87969177231,546.855580412627,14.9925037481259
2140.19388516033,561.76982351479,14.9925037481259
2165.05095699727,710.912254536416,14.9925037481259
2202.33656475267,984.340044742729,14.9925037481259
2202.33656475267,584.141188168034,14.9925037481259
2204.82227193637,574.198359433259,14.9925037481259
2204.82227193637,320.656226696495,14.9925037481259
2207.30797912006,382.798906288839,14.9925037481259
2209.79368630375,554.312701963709,14.9925037481259
2207.30797912006,608.998260004971,14.9925037481259
2219.73651503853,991.797166293811,14.9925037481259
2222.22222222222,623.912503107134,14.9925037481259
2229.6793437733,668.655232413622,14.9925037481259
2227.19363658961,1011.68282376336,14.9925037481259
2224.70792940592,720.855083271191,14.9925037481259
2234.65075814069,688.540889883172,14.9925037481259
2239.62217250808,343.027591349739,14.9925037481259
2281.87919463087,2214.76510067114,14.9925037481259
2296.79343773304,2219.73651503853,14.9925037481259
2304.25055928412,2000.99428287348,14.9925037481259
2339.05045985583,576.684066616953,14.9925037481259
2358.93611732538,569.226945065871,14.9925037481259
34.7999005717127,631.369624658215,29.9850074962519
89.4854586129754,922.197365150385,44.9775112443778
89.4854586129754,1019.13994531444,29.9850074962519
101.913994531444,914.740243599304,29.9850074962519
464.827243350733,1342.28187919463,29.9850074962519
484.712900820283,2095.45115585384,29.9850074962519
489.684315187671,2120.30822769078,29.9850074962519
499.627143922446,2140.19388516033,29.9850074962519
509.569972657221,2092.96544867015,44.9775112443778
502.11285110614,2120.30822769078,29.9850074962519
529.455630126771,1996.02286850609,29.9850074962519
720.855083271191,2341.53616703952,29.9850074962519
740.740740740741,1327.36763609247,29.9850074962519
785.483470047228,1424.31021625653,29.9850074962519
782.997762863535,1319.91051454139,29.9850074962519
817.797663435247,2426.05021128511,29.9850074962519
986.825751926423,2192.3937360179,29.9850074962519
1006.71140939597,1787.22346507581,29.9850074962519
1019.13994531444,678.598061148397,44.9775112443778
1046.48272433507,1061.39696743724,29.9850074962519
1061.39696743724,1063.88267462093,44.9775112443778
1073.8255033557,12.4285359184688,29.9850074962519
1078.79691772309,27.3427790206314,29.9850074962519
1200.59656972409,91.9711657966692,29.9850074962519
1548.59557544121,1705.19512801392,44.9775112443778
1541.13845389013,1024.11135968183,29.9850074962519
1570.96694009446,1759.88068605518,59.9700149925037
1700.22371364653,1911.5088242605,29.9850074962519
1727.56649266716,2229.6793437733,44.9775112443778
1747.45215013671,1759.88068605518,44.9775112443778
1884.16604523987,1884.16604523987,29.9850074962519
1894.10887397465,1886.65175242356,59.9700149925037
1906.53740989311,1635.59532687049,44.9775112443778
1968.68008948546,1034.0541884166,59.9700149925037
2112.8511061397,275.913497390007,29.9850074962519
2170.02237136465,246.085011185682,44.9775112443778
2244.59358687547,1876.70892368879,29.9850074962519
2244.59358687547,924.683072334079,29.9850074962519
2261.99353716132,1879.19463087248,44.9775112443778
2391.2503107134,1899.08028834203,29.9850074962519
34.7999005717127,618.941088739746,44.9775112443778
99.4282873477504,1026.59706686552,44.9775112443778
106.885408898832,305.741983594333,44.9775112443778
333.084762614964,1439.22445935869,74.9625187406297
425.055928411633,19.8856574695501,44.9775112443778
482.22719363659,1314.939100174,59.9700149925037
502.11285110614,2068.10837683321,59.9700149925037
517.027094208302,2112.8511061397,59.9700149925037
517.027094208302,2060.65125528213,44.9775112443778
546.855580412627,1968.68008948546,44.9775112443778
564.255530698484,546.855580412627,44.9775112443778
626.398210290828,2276.90778026349,74.9625187406297
631.369624658215,2296.79343773304,74.9625187406297
743.226447924435,2304.25055928412,44.9775112443778
738.255033557047,2311.7076808352,59.9700149925037
758.140691026597,1300.02485707184,44.9775112443778
835.197613721104,2398.70743226448,59.9700149925037
872.48322147651,521.99850857569,44.9775112443778
1001.73999502859,2326.62192393736,59.9700149925037
1024.11135968183,1759.88068605518,44.9775112443778
1083.76833209048,17.3999502858563,44.9775112443778
1091.22545364156,32.3141933880189,44.9775112443778
1210.53939845886,99.4282873477504,44.9775112443778
1295.05344270445,1292.56773552076,44.9775112443778
1297.53914988814,1285.11061396967,44.9775112443778
1324.88192890877,847.626149639573,59.9700149925037
1332.33905045986,2150.1367138951,59.9700149925037
1334.82475764355,837.683320904797,74.9625187406297
1546.10986825752,1019.13994531444,59.9700149925037
1570.96694009446,2416.10738255034,44.9775112443778
1580.90976882923,2301.76485210042,59.9700149925037
1628.13820531941,618.941088739746,59.9700149925037
1635.59532687049,1650.50956997266,59.9700149925037
1648.02386278896,1578.42406164554,59.9700149925037
1692.76659209545,2433.50733283619,59.9700149925037
1739.99502858563,2232.165050957,59.9700149925037
1911.5088242605,2348.9932885906,59.9700149925037
2252.05070842655,922.197365150385,59.9700149925037
2304.25055928412,2219.73651503853,44.9775112443778
17.3999502858563,584.141188168034,59.9700149925037
24.8570718369376,832.71190653741,59.9700149925037
74.5712155108128,278.399204573701,59.9700149925037
82.0283370618941,991.797166293811,59.9700149925037
82.0283370618941,887.397464578673,59.9700149925037
94.4568729803629,278.399204573701,59.9700149925037
89.4854586129754,882.426050211285,59.9700149925037
96.9425801640567,149.142431021626,59.9700149925037
251.05642555307,502.11285110614,59.9700149925037
407.655978125777,263.484961471539,59.9700149925037
410.141685309471,268.456375838926,59.9700149925037
504.598558289833,2025.85135471042,74.9625187406297
574.198359433259,1150.88242605021,59.9700149925037
579.169773800646,380.313199105145,59.9700149925037
581.65548098434,375.341784737758,59.9700149925037
581.65548098434,1163.31096196868,74.9625187406297
643.798160576684,678.598061148397,59.9700149925037
666.169525229928,688.540889883172,74.9625187406297
835.197613721104,683.569475515784,59.9700149925037
842.654735272185,487.198608003977,59.9700149925037
847.626149639573,805.369127516779,59.9700149925037
857.568978374347,487.198608003977,59.9700149925037
862.540392741735,807.854834700472,59.9700149925037
917.225950782998,216.256524981357,59.9700149925037
1009.19711657967,2336.56475267214,59.9700149925037
1009.19711657967,643.798160576684,59.9700149925037
1046.48272433507,1029.08277404922,59.9700149925037
1076.3112105394,2.48570718369376,59.9700149925037
1193.13944817301,64.6283867760378,59.9700149925037
1339.79617201094,2157.59383544618,59.9700149925037
1344.76758637832,2142.67959234402,59.9700149925037
1431.76733780761,1620.68108376833,74.9625187406297
1570.96694009446,2291.82202336565,74.9625187406297
1590.85259756401,792.94059159831,89.9550224887556
1648.02386278896,554.312701963709,89.9550224887556
1650.50956997266,1650.50956997266,74.9625187406297
1973.65150385285,591.598309719115,89.9550224887556
2015.90852597564,99.4282873477504,74.9625187406297
2140.19388516033,2373.85036042754,89.9550224887556
2284.36490181457,740.740740740741,74.9625187406297
2460.85011185682,355.456127268208,89.9550224887556
24.8570718369376,596.569724086503,74.9625187406297
29.8284862043251,850.111856823266,89.9550224887556
84.5140442455879,293.313447675864,74.9625187406297
96.9425801640567,159.085259756401,74.9625187406297
104.399701715138,161.570966940094,74.9625187406297
258.513547104151,514.541387024609,74.9625187406297
417.598806860552,283.370618941089,74.9625187406297
499.627143922446,1098.68257519264,89.9550224887556
502.11285110614,1088.73974645787,74.9625187406297
534.427044494159,1777.28063634104,104.947526236882
536.912751677852,2194.87944320159,89.9550224887556
581.65548098434,395.227442207308,74.9625187406297
591.598309719115,385.284613472533,74.9625187406297
589.112602535421,395.227442207308,74.9625187406297
594.084016902809,1175.73949788715,89.9550224887556
599.055431270196,1155.8538404176,74.9625187406297
651.255282127765,688.540889883172,74.9625187406297
666.169525229928,104.399701715138,89.9550224887556
673.626646781009,91.9711657966692,74.9625187406297
855.083271190654,827.740492170022,89.9550224887556
869.997514292816,817.797663435247,74.9625187406297
892.36887894606,1879.19463087248,104.947526236882
924.683072334079,228.685060899826,74.9625187406297
1053.93984588615,1039.02560278399,74.9625187406297
1217.99652000994,2224.70792940592,89.9550224887556
1300.02485707184,1290.08202833706,74.9625187406297
1357.19612229679,1715.13795674869,89.9550224887556
1424.31021625653,536.912751677852,89.9550224887556
1807.10912254536,2388.7646035297,104.947526236882
1896.59458115834,2232.165050957,89.9550224887556
1971.16579666915,604.026845637584,89.9550224887556
2023.36564752672,96.9425801640567,89.9550224887556
2122.79393487447,2383.79318916232,89.9550224887556
2299.27914491673,1255.28212776535,104.947526236882
2373.85036042754,278.399204573701,89.9550224887556
91.9711657966692,171.513795674869,89.9550224887556
94.4568729803629,298.284862043251,89.9550224887556
251.05642555307,529.455630126771,89.9550224887556
412.627392493164,295.799154859558,89.9550224887556
492.170022371365,1111.11111111111,89.9550224887556
576.684066616953,405.170270942083,89.9550224887556
579.169773800646,1175.73949788715,89.9550224887556
584.141188168034,407.655978125777,89.9550224887556
586.626895351728,1188.16803380562,89.9550224887556
646.283867760378,700.969425801641,89.9550224887556
658.712403678847,116.828237633607,89.9550224887556
663.683818046234,705.940840169028,89.9550224887556
917.225950782998,1501.36713895103,119.940029985007
919.711657966692,243.599304001989,89.9550224887556
1188.16803380562,877.454635843898,89.9550224887556
1240.36788466319,2073.0797912006,119.940029985007
1280.13919960229,534.427044494159,119.940029985007
1431.76733780761,529.455630126771,89.9550224887556
1434.2530449913,1441.71016654238,104.947526236882
2085.50832711907,24.8570718369376,104.947526236882
2334.07904548844,1928.90877454636,104.947526236882
2351.4789957743,2008.45140442456,104.947526236882
2455.87869748944,1011.68282376336,89.9550224887556
2465.82152622421,1014.16853094705,89.9550224887556
99.4282873477504,161.570966940094,104.947526236882
256.027839920457,29.8284862043251,119.940029985007
258.513547104151,519.512801391996,104.947526236882
586.626895351728,1039.02560278399,104.947526236882
586.626895351728,1163.31096196868,104.947526236882
601.54113845389,1163.31096196868,104.947526236882
671.140939597315,688.540889883172,104.947526236882
676.112353964703,94.4568729803629,104.947526236882
872.48322147651,817.797663435247,104.947526236882
927.168779517773,231.17076808352,104.947526236882
934.625901068854,365.398956002983,104.947526236882
1019.13994531444,2296.79343773304,119.940029985007
1026.59706686552,897.340293313448,119.940029985007
1031.56848123291,887.397464578673,104.947526236882
1111.11111111111,1063.88267462093,104.947526236882
1198.11086254039,865.026099925429,104.947526236882
1421.82450907283,1401.93885160328,104.947526236882
1565.99552572707,1834.451901566,134.932533733133
1690.28088491176,14.9142431021626,119.940029985007
2005.96569724086,524.484215759384,134.932533733133
2150.1367138951,1643.05244842158,119.940029985007
2383.79318916232,1222.96793437733,104.947526236882
2393.73601789709,1220.48222719364,104.947526236882
2480.73576932637,422.570221227939,104.947526236882
14.9142431021626,285.856326124783,134.932533733133
173.999502858563,2319.16480238628,119.940029985007
226.199353716132,1290.08202833706,134.932533733133
246.085011185682,37.2856077554064,134.932533733133
323.141933880189,1623.16679095203,149.925037481259
400.198856574696,415.113099676858,149.925037481259
422.570221227939,4.97141436738752,119.940029985007
494.655729555058,1113.5968182948,119.940029985007
524.484215759384,1682.82376336068,134.932533733133
526.969922943077,1700.22371364653,134.932533733133
579.169773800646,1051.45413870246,119.940029985007
631.369624658215,2396.22172508079,149.925037481259
720.855083271191,415.113099676858,134.932533733133
763.112105393985,1327.36763609247,134.932533733133
773.05493412876,1881.68033805618,134.932533733133
855.083271190654,835.197613721104,119.940029985007
929.654486701467,377.827491921452,119.940029985007
942.083022619935,2189.9080288342,134.932533733133
989.311459110117,668.655232413622,149.925037481259
1016.65423813075,904.797414864529,119.940029985007
1048.96843151877,1558.53840417599,149.925037481259
1106.13969674372,1076.3112105394,134.932533733133
1130.99676858066,136.713895103157,149.925037481259
1193.13944817301,877.454635843898,119.940029985007
1292.56773552076,531.941337310465,119.940029985007
1374.59607258265,1066.36838180462,134.932533733133
1389.51031568481,1111.11111111111,134.932533733133
1394.4817300522,1098.68257519264,134.932533733133
1429.28163062391,1434.2530449913,119.940029985007
1439.22445935869,1933.88018891375,149.925037481259
1454.13870246085,1809.59482972906,134.932533733133
2018.39423315933,529.455630126771,134.932533733133
2030.8227690778,9.94282873477504,149.925037481259
2045.73701217997,7.45712155108128,134.932533733133
2060.65125528213,2165.05095699727,149.925037481259
2170.02237136465,1648.02386278896,119.940029985007
2249.56500124285,1685.30947054437,134.932533733133
2344.02187422322,1667.90952025851,134.932533733133
2398.70743226448,1215.51081282625,119.940029985007
285.856326124783,2334.07904548844,149.925037481259
295.799154859558,313.199105145414,149.925037481259
410.141685309471,2478.25006214268,149.925037481259
417.598806860552,439.970171513796,164.917541229385
631.369624658215,2416.10738255034,149.925037481259
648.769574944072,2393.73601789709,164.917541229385
728.312204822272,430.027342779021,149.925037481259
735.769326373353,415.113099676858,134.932533733133
778.026348496147,1876.70892368879,134.932533733133
785.483470047228,1881.68033805618,149.925037481259
874.968928660204,430.027342779021,149.925037481259
954.511558538404,2177.47949291573,149.925037481259
1185.68232662192,1456.62440964454,164.917541229385
1692.76659209545,4.97141436738752,134.932533733133
1802.13770817798,17.3999502858563,164.917541229385
2276.90778026349,564.255530698484,134.932533733133
2286.85060899826,571.712652249565,134.932533733133
17.3999502858563,1083.76833209048,149.925037481259
52.199850857569,1536.16703952274,164.917541229385
62.142679592344,805.369127516779,164.917541229385
64.6283867760378,1551.08128262491,164.917541229385
77.0569226945066,800.397713149391,149.925037481259
169.028088491176,183.942331593338,179.910044977511
246.085011185682,539.398458861546,179.910044977511
283.370618941089,136.713895103157,164.917541229385
395.227442207308,1633.1096196868,179.910044977511
432.513049962714,2361.42182450907,164.917541229385
589.112602535421,1041.51130996769,149.925037481259
638.826746209297,2122.79393487447,164.917541229385
661.19811086254,2403.67884663187,164.917541229385
869.997514292816,442.455878697489,149.925037481259
939.597315436242,233.656475267214,164.917541229385
1163.31096196868,1901.56599552573,164.917541229385
1304.99627143922,1702.70942083023,164.917541229385
1421.82450907283,1563.50981854338,179.910044977511
1426.79592344022,1548.59557544121,164.917541229385
1779.76634352473,22.3713646532438,164.917541229385
1792.1948794432,32.3141933880189,149.925037481259
1859.30897340293,1657.96669152374,164.917541229385
2092.96544867015,728.312204822272,164.917541229385
2107.87969177231,564.255530698484,164.917541229385
2162.56524981357,1041.51130996769,164.917541229385
2165.05095699727,420.084514044246,164.917541229385
2184.93661446682,2237.13646532438,164.917541229385
2242.10787969177,2239.62217250808,164.917541229385
2249.56500124285,355.456127268208,179.910044977511
2460.85011185682,1824.50907283122,164.917541229385
233.656475267214,514.541387024609,164.917541229385
231.17076808352,536.912751677852,179.910044977511
246.085011185682,514.541387024609,164.917541229385
263.484961471539,521.99850857569,194.902548725637
392.741735023614,1623.16679095203,164.917541229385
405.170270942083,1640.56674123788,164.917541229385
430.027342779021,521.99850857569,194.902548725637
571.712652249565,1043.99701715138,164.917541229385
574.198359433259,1292.56773552076,179.910044977511
845.140442455879,2326.62192393736,194.902548725637
869.997514292816,2326.62192393736,194.902548725637
1138.45389013174,258.513547104151,179.910044977511
1297.53914988814,372.856077554064,179.910044977511
1307.48197862292,387.770320656227,194.902548725637
1503.85284613473,1324.88192890877,179.910044977511
1516.28138205319,1334.82475764355,164.917541229385
1528.70991797166,1332.33905045986,179.910044977511
1531.19562515536,2455.87869748944,194.902548725637
1876.70892368879,1130.99676858066,179.910044977511
1889.13745960726,1175.73949788715,194.902548725637
1894.10887397465,34.7999005717127,179.910044977511
1904.05170270942,39.7713149391002,179.910044977511
2242.10787969177,439.970171513796,179.910044977511
2242.10787969177,1792.1948794432,179.910044977511
2438.47874720358,524.484215759384,179.910044977511
2473.27864777529,1869.25180213771,164.917541229385
2475.76435495899,1856.82326621924,179.910044977511
270.94208302262,1265.22495650012,194.902548725637
382.798906288839,1630.62391250311,179.910044977511
430.027342779021,1474.0243599304,194.902548725637
425.055928411633,2353.96470295799,179.910044977511
521.99850857569,817.797663435247,194.902548725637
693.512304250559,571.712652249565,209.895052473763
855.083271190654,2391.2503107134,194.902548725637
860.054685558041,2336.56475267214,194.902548725637
865.026099925429,1640.56674123788,179.910044977511
869.997514292816,2396.22172508079,194.902548725637
1011.68282376336,912.25453641561,209.895052473763
1128.51106139697,265.970668655232,179.910044977511
1193.13944817301,907.283122048223,209.895052473763
1347.25329356202,1772.30922197365,194.902548725637
1349.73900074571,1787.22346507581,209.895052473763
1411.88168033806,2209.79368630375,209.895052473763
1561.02411135968,298.284862043251,194.902548725637
1739.99502858563,1973.65150385285,209.895052473763
1772.30922197365,263.484961471539,194.902548725637
1836.93760874969,874.968928660204,194.902548725637
1859.30897340293,1128.51106139697,194.902548725637
1866.76609495401,1140.93959731544,194.902548725637
1876.70892368879,233.656475267214,209.895052473763
1951.2801391996,2162.56524981357,194.902548725637
14.9142431021626,2043.25130499627,224.887556221889
32.3141933880189,1205.56798409147,209.895052473763
333.084762614964,101.913994531444,209.895052473763
338.056176982351,116.828237633607,209.895052473763
494.655729555058,611.483967188665,194.902548725637
497.141436738752,591.598309719115,209.895052473763
509.569972657221,596.569724086503,209.895052473763
648.769574944072,1031.56848123291,209.895052473763
850.111856823266,2314.19338801889,194.902548725637
869.997514292816,1655.48098434004,194.902548725637
952.02585135471,1170.76808351976,209.895052473763
1024.11135968183,912.25453641561,194.902548725637
1026.59706686552,927.168779517773,209.895052473763
1036.5398956003,914.740243599304,224.887556221889
1128.51106139697,641.31245339299,224.887556221889
1496.39572458364,1327.36763609247,194.902548725637
1655.48098434004,454.884414615958,224.887556221889
1861.79468058663,243.599304001989,209.895052473763
1874.2232165051,251.05642555307,209.895052473763
1896.59458115834,2465.82152622421,209.895052473763
2003.47999005717,241.113596818295,224.887556221889
2063.13696246582,258.513547104151,224.887556221889
2065.62266964952,303.256276410639,209.895052473763
2132.73676360925,169.028088491176,209.895052473763
2140.19388516033,181.456624409645,209.895052473763
2232.165050957,1797.16629381059,194.902548725637
2440.96445438727,556.798409147402,224.887556221889
0,1277.65349241859,209.895052473763
9.94282873477504,1272.68207805121,224.887556221889
54.6855580412627,1511.30996768581,239.880059970015
385.284613472533,648.769574944072,224.887556221889
422.570221227939,2416.10738255034,224.887556221889
444.941585881183,59.6569724086503,239.880059970015
482.22719363659,611.483967188665,209.895052473763
979.368630375342,2132.73676360925,224.887556221889
1024.11135968183,892.36887894606,209.895052473763
1155.8538404176,2055.67984091474,224.887556221889
1195.6251553567,897.340293313448,209.895052473763
1208.05369127517,643.798160576684,224.887556221889
1210.53939845886,631.369624658215,239.880059970015
1424.31021625653,2388.7646035297,224.887556221889
1595.82401193139,2416.10738255034,224.887556221889
1613.22396221725,1633.1096196868,224.887556221889
1677.85234899329,1767.33780760626,224.887556221889
1722.59507829978,2289.33631618195,224.887556221889
1735.02361421825,2281.87919463087,224.887556221889
1767.33780760626,362.913248819289,239.880059970015
1784.73775789212,367.884663186677,239.880059970015
1819.53765846383,2095.45115585384,209.895052473763
1881.68033805618,1232.91076311211,224.887556221889
1891.62316679095,1242.85359184688,224.887556221889
173.999502858563,601.54113845389,239.880059970015
653.740989311459,812.82624906786,239.880059970015
658.712403678847,832.71190653741,239.880059970015
663.683818046234,800.397713149391,239.880059970015
785.483470047228,1205.56798409147,239.880059970015
802.883420333085,1200.59656972409,239.880059970015
966.940094456873,2130.25105642555,239.880059970015
996.768580661198,656.226696495153,224.887556221889
1203.08227690778,628.883917474521,224.887556221889
1329.85334327616,1481.48148148148,239.880059970015
1600.79542629878,1645.53815560527,239.880059970015
1650.50956997266,442.455878697489,239.880059970015
1675.36664180959,1754.9092716878,239.880059970015
1802.13770817798,417.598806860552,224.887556221889
1809.59482972906,420.084514044246,224.887556221889
2202.33656475267,1068.85408898832,224.887556221889
2209.79368630375,1061.39696743724,224.887556221889
2214.76510067114,1068.85408898832,224.887556221889
188.913745960726,1272.68207805121,254.872563718141
370.37037037037,1573.45264727815,254.872563718141
434.998757146408,797.912005965697,254.872563718141
447.427293064877,807.854834700472,239.880059970015
462.34153616704,1953.7658463833,269.865067466267
497.141436738752,613.969674372359,239.880059970015
504.598558289833,1531.19562515536,254.872563718141
613.969674372359,1526.22421078797,254.872563718141
613.969674372359,1513.7956748695,254.872563718141
628.883917474521,1518.76708923689,239.880059970015
924.683072334079,323.141933880189,254.872563718141
949.540144171017,293.313447675864,254.872563718141
954.511558538404,1168.28237633607,239.880059970015
956.997265722098,278.399204573701,254.872563718141
1043.99701715138,1317.42480735769,254.872563718141
1073.8255033557,691.026597066866,239.880059970015
1096.19686800895,693.512304250559,269.865067466267
1123.53964702958,2274.42207307979,254.872563718141
1242.85359184688,700.969425801641,239.880059970015
1272.68207805121,2003.47999005717,254.872563718141
1314.939100174,1483.96718866518,254.872563718141
1337.31046482724,1493.91001739995,239.880059970015
1424.31021625653,2015.90852597564,254.872563718141
1541.13845389013,231.17076808352,254.872563718141
1672.8809346259,2376.33606761124,269.865067466267
1769.82351478996,1342.28187919463,269.865067466267
1804.62341536167,1672.8809346259,269.865067466267
1891.62316679095,621.42679592344,254.872563718141
1899.08028834203,608.998260004971,254.872563718141
2048.22271936366,171.513795674869,254.872563718141
2252.05070842655,1575.93835446184,254.872563718141
2259.50782997763,1548.59557544121,254.872563718141
2296.79343773304,1459.11011682824,254.872563718141
2406.16455381556,574.198359433259,254.872563718141
126.771066368382,447.427293064877,269.865067466267
146.656723837932,835.197613721104,284.857571214393
377.827491921452,1583.39547601293,254.872563718141
387.770320656227,1568.48123291076,269.865067466267
410.141685309471,1993.5371613224,284.857571214393
447.427293064877,1946.30872483221,254.872563718141
529.455630126771,2309.2219736515,284.857571214393
825.254784986329,2122.79393487447,269.865067466267
984.340044742729,323.141933880189,269.865067466267
1071.33979617201,683.569475515784,254.872563718141
1469.05294556301,2393.73601789709,269.865067466267
1531.19562515536,208.799403430276,269.865067466267
1593.3383047477,42.2570221227939,284.857571214393
1598.30971911509,59.6569724086503,269.865067466267
1817.05195128014,1767.33780760626,269.865067466267
1871.7375093214,735.769326373353,254.872563718141
2244.59358687547,1220.48222719364,269.865067466267
2296.79343773304,449.913000248571,269.865067466267
2408.65026099925,589.112602535421,254.872563718141
22.3713646532438,1001.73999502859,299.850074962519
54.6855580412627,1747.45215013671,284.857571214393
119.313944817301,1481.48148148148,299.850074962519
372.856077554064,1575.93835446184,269.865067466267
427.541635595327,1993.5371613224,284.857571214393
549.341287596321,303.256276410639,269.865067466267
564.255530698484,303.256276410639,284.857571214393
1001.73999502859,310.71339796172,269.865067466267
1078.79691772309,693.512304250559,269.865067466267
1101.16828237634,2386.27889634601,284.857571214393
1101.16828237634,2371.36465324385,284.857571214393
1123.53964702958,2373.85036042754,299.850074962519
1215.51081282625,2401.19313944817,284.857571214393
1237.88217747949,2316.67909520259,299.850074962519
1449.16728809346,1737.50932140194,269.865067466267
1464.08153119563,2386.27889634601,269.865067466267
1543.62416107383,228.685060899826,284.857571214393
1580.90976882923,37.2856077554064,269.865067466267
2296.79343773304,462.34153616704,284.857571214393
72.0855083271191,1889.13745960726,299.850074962519
223.713646532438,2075.56549838429,299.850074962519
290.82774049217,1043.99701715138,299.850074962519
305.741983594333,1058.91126025354,314.842578710645
313.199105145414,937.111608252548,299.850074962519
417.598806860552,1963.70867511807,299.850074962519
430.027342779021,1958.73726075068,284.857571214393
477.255779269202,2344.02187422322,284.857571214393
1081.28262490679,681.08376833209,284.857571214393
1108.62540392742,2157.59383544618,299.850074962519
1111.11111111111,2361.42182450907,299.850074962519
1217.99652000994,2331.59333830475,299.850074962519
1230.42505592841,2398.70743226448,284.857571214393
1252.79642058166,695.998011434253,284.857571214393
1287.59632115337,2003.47999005717,284.857571214393
1302.51056425553,1672.8809346259,299.850074962519
1456.62440964454,1735.02361421825,299.850074962519
1476.51006711409,2386.27889634601,284.857571214393
1481.48148148148,2396.22172508079,284.857571214393
1518.76708923689,524.484215759384,299.850074962519
1640.56674123788,1697.73800646284,299.850074962519
1739.99502858563,1396.96743723589,299.850074962519
1779.76634352473,360.427541635595,284.857571214393
1901.56599552573,618.941088739746,284.857571214393
1911.5088242605,606.512552821278,284.857571214393
1961.22296793438,700.969425801641,299.850074962519
1966.19438230176,686.055182699478,299.850074962519
1968.68008948546,740.740740740741,284.857571214393
1973.65150385285,487.198608003977,299.850074962519
1981.10862540393,499.627143922446,299.850074962519
2058.16554809843,171.513795674869,284.857571214393
2378.82177479493,1807.10912254536,299.850074962519
42.2570221227939,1004.22570221228,299.850074962519
265.970668655232,1777.28063634104,329.835082458771
310.71339796172,1700.22371364653,329.835082458771
504.598558289833,1531.19562515536,299.850074962519
628.883917474521,1638.08103405419,314.842578710645
633.855331841909,2247.07929405916,314.842578710645
1126.02535421327,2386.27889634601,299.850074962519
1295.05344270445,2117.82252050708,314.842578710645
1546.10986825752,1570.96694009446,329.835082458771
1618.19537658464,683.569475515784,314.842578710645
1638.08103405419,671.140939597315,314.842578710645
1650.50956997266,683.569475515784,329.835082458771
1665.42381307482,671.140939597315,329.835082458771
1732.53790703455,1409.39597315436,314.842578710645
2083.02261993537,1300.02485707184,314.842578710645
2097.93686303753,1029.08277404922,314.842578710645
2386.27889634601,1819.53765846383,299.850074962519
2391.2503107134,1804.62341536167,299.850074962519
32.3141933880189,991.797166293811,314.842578710645
467.312950534427,1817.05195128014,344.827586206897
703.455132985334,698.483718617947,329.835082458771
708.426547352722,2458.36440467313,344.827586206897
835.197613721104,1337.31046482724,344.827586206897
892.36887894606,755.654983842903,344.827586206897
976.882923191648,2261.99353716132,344.827586206897
1101.16828237634,2363.90753169277,314.842578710645
1111.11111111111,2371.36465324385,314.842578710645
1712.652249565,1295.05344270445,344.827586206897
1834.451901566,1546.10986825752,329.835082458771
1844.39473030077,1478.99577429779,344.827586206897
1846.88043748446,1546.10986825752,329.835082458771
1849.36614466816,1464.08153119563,344.827586206897
1896.59458115834,2209.79368630375,344.827586206897
1896.59458115834,1802.13770817798,329.835082458771
1909.02311707681,1792.1948794432,329.835082458771
2105.39398458862,1290.08202833706,329.835082458771
2112.8511061397,1026.59706686552,329.835082458771
2162.56524981357,1772.30922197365,329.835082458771
2311.7076808352,1819.53765846383,344.827586206897
2388.7646035297,760.626398210291,344.827586206897
17.3999502858563,1126.02535421327,344.827586206897
89.4854586129754,1464.08153119563,344.827586206897
288.342033308476,2157.59383544618,344.827586206897
300.770569226945,1702.70942083023,329.835082458771
405.170270942083,1948.79443201591,344.827586206897
623.912503107134,1645.53815560527,329.835082458771
628.883917474521,531.941337310465,359.820089955023
745.712155108128,1255.28212776535,344.827586206897
750.683569475516,1267.71066368382,344.827586206897
775.540641312453,1113.5968182948,344.827586206897
1230.42505592841,2279.39348744718,359.820089955023
1290.08202833706,1006.71140939597,344.827586206897
1556.05269699229,671.140939597315,344.827586206897
1565.99552572707,671.140939597315,344.827586206897
1613.22396221725,1469.05294556301,359.820089955023
1625.65249813572,1476.51006711409,359.820089955023
1675.36664180959,303.256276410639,344.827586206897
1675.36664180959,832.71190653741,344.827586206897
2281.87919463087,688.540889883172,359.820089955023
2361.42182450907,817.797663435247,359.820089955023
2371.36465324385,800.397713149391,344.827586206897
24.8570718369376,1113.5968182948,359.820089955023
29.8284862043251,1130.99676858066,359.820089955023
208.799403430276,2043.25130499627,374.812593703148
469.798657718121,884.911757394979,374.812593703148
616.455381556053,1648.02386278896,359.820089955023
611.483967188665,1652.99527715635,344.827586206897
770.569226945066,1339.79617201094,359.820089955023
1322.39622172508,2284.36490181457,359.820089955023
1508.82426050211,1245.33929903057,359.820089955023
1546.10986825752,59.6569724086503,359.820089955023
1561.02411135968,1563.50981854338,344.827586206897
1608.25254784986,1451.65299527716,359.820089955023
1628.13820531941,1454.13870246085,344.827586206897
1657.96669152374,1339.79617201094,374.812593703148
1677.85234899329,1349.73900074571,359.820089955023
1730.05219985086,2237.13646532438,359.820089955023
1894.10887397465,2197.36515038528,344.827586206897
1936.36589609744,1717.62366393239,374.812593703148
2192.3937360179,1615.70966940094,359.820089955023
2194.87944320159,1387.02460850112,359.820089955023
2199.85085756898,1623.16679095203,374.812593703148
2294.30773054934,693.512304250559,359.820089955023
2309.2219736515,641.31245339299,359.820089955023
410.141685309471,1222.96793437733,374.812593703148
482.22719363659,1717.62366393239,389.805097451274
569.226945065871,1854.33755903555,389.805097451274
613.969674372359,521.99850857569,359.820089955023
618.941088739746,1640.56674123788,359.820089955023
626.398210290828,517.027094208302,359.820089955023
636.341039025603,1822.02336564753,374.812593703148
872.48322147651,328.113348247576,389.805097451274
1056.42555306985,24.8570718369376,374.812593703148
1073.8255033557,1220.48222719364,374.812593703148
1190.65374098931,2453.39299030574,389.805097451274
1503.85284613473,1794.6805866269,389.805097451274
1511.30996768581,1255.28212776535,374.812593703148
1516.28138205319,1901.56599552573,389.805097451274
1516.28138205319,1523.73850360428,389.805097451274
1595.82401193139,1382.05319413373,374.812593703148
1593.3383047477,2388.7646035297,374.812593703148
1603.28113348248,2396.22172508079,374.812593703148
1603.28113348248,1367.13895103157,374.812593703148
1618.19537658464,1372.11036539896,374.812593703148
1618.19537658464,1454.13870246085,374.812593703148
1720.10937111608,710.912254536416,389.805097451274
1899.08028834203,397.713149391002,374.812593703148
1916.48023862789,1727.56649266716,374.812593703148
2112.8511061397,1523.73850360428,374.812593703148
2125.27964205817,1511.30996768581,374.812593703148
2150.1367138951,964.454387273179,404.7976011994
2227.19363658961,1836.93760874969,374.812593703148
2353.96470295799,1133.48247576436,389.805097451274
2378.82177479493,810.340541884166,374.812593703148
2465.82152622421,1277.65349241859,374.812593703148
79.5426298782003,822.769077802635,389.805097451274
241.113596818295,1004.22570221228,389.805097451274
454.884414615958,1732.53790703455,389.805097451274
472.284364901815,1730.05219985086,389.805097451274
626.398210290828,1645.53815560527,374.812593703148
730.797912005966,141.685309470544,389.805097451274
887.397464578673,116.828237633607,404.7976011994
902.311707680835,106.885408898832,404.7976011994
904.797414864529,1230.42505592841,389.805097451274
1058.91126025354,1220.48222719364,374.812593703148
1538.65274670644,517.027094208302,389.805097451274
1846.88043748446,1652.99527715635,389.805097451274
1909.02311707681,616.455381556053,374.812593703148
2040.76559781258,1103.65398956003,389.805097451274
2234.65075814069,1826.99478001491,374.812593703148
2361.42182450907,1493.91001739995,389.805097451274
39.7713149391002,1396.96743723589,419.790104947526
459.855828983346,1710.16654238131,389.805097451274
464.827243350733,529.455630126771,419.790104947526
492.170022371365,497.141436738752,419.790104947526
514.541387024609,872.48322147651,404.7976011994
611.483967188665,2090.47974148645,434.782608695652
745.712155108128,2219.73651503853,404.7976011994
755.654983842903,2224.70792940592,404.7976011994
845.140442455879,405.170270942083,419.790104947526
1021.62565249814,1225.45364156102,404.7976011994
1190.65374098931,1046.48272433507,404.7976011994
1476.51006711409,1759.88068605518,419.790104947526
1516.28138205319,1787.22346507581,389.805097451274
1662.93810589113,2321.65050956997,419.790104947526
1660.45239870743,720.855083271191,419.790104947526
1672.8809346259,2321.65050956997,389.805097451274
1916.48023862789,643.798160576684,404.7976011994
2003.47999005717,1859.30897340293,404.7976011994
2035.79418344519,1093.71116082525,389.805097451274
2304.25055928412,991.797166293811,419.790104947526
2306.73626646781,1091.22545364156,404.7976011994
2339.05045985583,1493.91001739995,404.7976011994
2353.96470295799,1513.7956748695,404.7976011994
82.0283370618941,904.797414864529,434.782608695652
283.370618941089,1772.30922197365,434.782608695652
599.055431270196,2097.93686303753,419.790104947526
1029.08277404922,1578.42406164554,419.790104947526
1039.02560278399,1598.30971911509,419.790104947526
1078.79691772309,72.0855083271191,419.790104947526
1312.45339299031,1640.56674123788,419.790104947526
1436.73875217499,248.570718369376,419.790104947526
1459.11011682824,263.484961471539,419.790104947526
1513.7956748695,1891.62316679095,404.7976011994
1526.22421078797,2319.16480238628,434.782608695652
1528.70991797166,517.027094208302,419.790104947526
1585.88118319662,1384.53890131742,404.7976011994
1593.3383047477,1367.13895103157,404.7976011994
1650.50956997266,2329.10763112105,404.7976011994
1702.70942083023,708.426547352722,404.7976011994
1839.42331593338,1657.96669152374,404.7976011994
1871.7375093214,991.797166293811,419.790104947526
1886.65175242356,397.713149391002,404.7976011994
1889.13745960726,1043.99701715138,434.782608695652
1899.08028834203,616.455381556053,404.7976011994
1978.62291822023,802.883420333085,434.782608695652
2013.42281879195,2070.5940840169,419.790104947526
2025.85135471042,1093.71116082525,404.7976011994
2110.365398956,1508.82426050211,404.7976011994
2125.27964205817,1222.96793437733,419.790104947526
2212.27939348745,1466.56723837932,419.790104947526
2219.73651503853,1478.99577429779,434.782608695652
2227.19363658961,1829.48048719861,404.7976011994
2334.07904548844,1511.30996768581,404.7976011994
278.399204573701,947.054436987323,449.775112443778
464.827243350733,1630.62391250311,434.782608695652
606.512552821278,1292.56773552076,434.782608695652
663.683818046234,2177.47949291573,434.782608695652
673.626646781009,2182.45090728312,434.782608695652
740.740740740741,141.685309470544,449.775112443778
1267.71066368382,807.854834700472,449.775112443778
1416.85309470544,599.055431270196,434.782608695652
1451.65299527716,2344.02187422322,434.782608695652
1454.13870246085,909.768829231916,434.782608695652
1469.05294556301,1767.33780760626,419.790104947526
1491.42431021626,1193.13944817301,449.775112443778
1633.1096196868,730.797912005966,434.782608695652
1670.39522744221,1779.76634352473,434.782608695652
1861.79468058663,989.311459110117,434.782608695652
1971.16579666915,2068.10837683321,449.775112443778
2033.3084762615,1270.19637086751,434.782608695652
2147.65100671141,984.340044742729,434.782608695652
89.4854586129754,1287.59632115337,464.767616191904
94.4568729803629,1275.1677852349,464.767616191904
551.826994780015,1237.88217747949,464.767616191904
604.026845637584,2120.30822769078,464.767616191904
608.998260004971,2132.73676360925,449.775112443778
815.311956251554,1968.68008948546,464.767616191904
1029.08277404922,1588.36689038031,449.775112443778
1135.96818294805,154.113845389013,464.767616191904
1339.79617201094,1362.16753666418,464.767616191904
1406.91026597067,606.512552821278,434.782608695652
1406.91026597067,974.397216007954,479.76011994003
1444.19587372608,904.797414864529,449.775112443778
1451.65299527716,897.340293313448,449.775112443778
1660.45239870743,1762.36639323888,449.775112443778
1754.9092716878,2065.62266964952,464.767616191904
1869.25180213771,1063.88267462093,449.775112443778
1869.25180213771,1043.99701715138,449.775112443778
1889.13745960726,1998.50857568978,449.775112443778
1971.16579666915,1948.79443201591,449.775112443778
2157.59383544618,686.055182699478,449.775112443778
206.313696246582,1590.85259756401,479.76011994003
280.884911757395,1034.0541884166,464.767616191904
551.826994780015,1220.48222719364,449.775112443778
566.741237882178,1235.3964702958,464.767616191904
932.14019388516,479.741486452896,464.767616191904
942.083022619935,489.684315187671,449.775112443778
964.454387273179,1794.6805866269,464.767616191904
1275.1677852349,815.311956251554,449.775112443778
1300.02485707184,579.169773800646,479.76011994003
1304.99627143922,559.284116331096,479.76011994003
1319.91051454139,579.169773800646,479.76011994003
1344.76758637832,1553.5669898086,479.76011994003
1344.76758637832,514.541387024609,494.752623688156
1352.22470792941,1593.3383047477,479.76011994003
1767.33780760626,1869.25180213771,479.76011994003
1769.82351478996,2063.13696246582,464.767616191904
1953.7658463833,1936.36589609744,449.775112443778
2135.22247079294,695.998011434253,479.76011994003
198.856574695501,1568.48123291076,479.76011994003
243.599304001989,850.111856823266,494.752623688156
246.085011185682,874.968928660204,479.76011994003
253.542132736764,865.026099925429,494.752623688156
790.454884414616,2130.25105642555,464.767616191904
1372.11036539896,1590.85259756401,479.76011994003
1508.82426050211,1730.05219985086,479.76011994003
1610.73825503356,1506.33855331842,494.752623688156
1665.42381307482,487.198608003977,494.752623688156
1677.85234899329,499.627143922446,494.752623688156
1744.96644295302,646.283867760378,494.752623688156
1774.79492915735,1506.33855331842,494.752623688156
1938.85160328113,966.940094456873,479.76011994003
2040.76559781258,1270.19637086751,464.767616191904
2155.10812826249,1401.93885160328,494.752623688156
589.112602535421,1625.65249813572,509.745127436282
1029.08277404922,2259.50782997763,494.752623688156
1041.51130996769,2261.99353716132,494.752623688156
1287.59632115337,561.76982351479,479.76011994003
1319.91051454139,559.284116331096,479.76011994003
1324.88192890877,226.199353716132,509.745127436282
1459.11011682824,1742.48073576933,494.752623688156
1722.59507829978,539.398458861546,494.752623688156
1752.4235645041,631.369624658215,494.752623688156
1764.85210042257,1488.93860303256,494.752623688156
1807.10912254536,927.168779517773,509.745127436282
1931.39448173005,954.511558538404,494.752623688156
2003.47999005717,1546.10986825752,509.745127436282
246.085011185682,937.111608252548,509.745127436282
420.084514044246,785.483470047228,524.737631184408
574.198359433259,519.512801391996,524.737631184408
1213.02510564256,2160.07954262988,509.745127436282
1354.7104151131,1058.91126025354,509.745127436282
1665.42381307482,474.770072085508,494.752623688156
1886.65175242356,1687.79517772806,509.745127436282
2070.5940840169,1792.1948794432,509.745127436282
2117.82252050708,1168.28237633607,524.737631184408
2194.87944320159,1188.16803380562,509.745127436282
792.94059159831,2130.25105642555,509.745127436282
897.340293313448,1521.25279642058,524.737631184408
969.425801640567,718.369376087497,539.730134932534
1068.85408898832,2078.05120556798,524.737631184408
1081.28262490679,2070.5940840169,509.745127436282
1230.42505592841,1426.79592344022,524.737631184408
1275.1677852349,1904.05170270942,539.730134932534
1295.05344270445,1836.93760874969,539.730134932534
1347.25329356202,243.599304001989,524.737631184408
1352.22470792941,1068.85408898832,524.737631184408
1372.11036539896,231.17076808352,524.737631184408
1501.36713895103,410.141685309471,539.730134932534
1665.42381307482,479.741486452896,509.745127436282
1874.2232165051,1690.28088491176,524.737631184408
1913.9945314442,937.111608252548,539.730134932534
1936.36589609744,1185.68232662192,524.737631184408
285.856326124783,939.597315436242,539.730134932534
300.770569226945,942.083022619935,524.737631184408
300.770569226945,1036.5398956003,554.72263868066
355.456127268208,1143.42530449913,539.730134932534
499.627143922446,641.31245339299,554.72263868066
743.226447924435,1481.48148148148,554.72263868066
949.540144171017,710.912254536416,539.730134932534
1235.3964702958,1419.33880188914,539.730134932534
1449.16728809346,1762.36639323888,524.737631184408
1652.99527715635,2028.33706189411,524.737631184408
1918.96594581158,743.226447924435,554.72263868066
1936.36589609744,1163.31096196868,539.730134932534
2058.16554809843,899.826000497141,554.72263868066
318.170519512801,1561.02411135968,554.72263868066
641.31245339299,1180.71091225454,569.715142428786
800.397713149391,623.912503107134,569.715142428786
879.940343027591,1593.3383047477,569.715142428786
1034.0541884166,2015.90852597564,554.72263868066
1083.76833209048,328.113348247576,554.72263868066
1290.08202833706,1911.5088242605,539.730134932534
1307.48197862292,2097.93686303753,569.715142428786
1439.22445935869,606.512552821278,569.715142428786
1461.59582401193,1764.85210042257,539.730134932534
1568.48123291076,1332.33905045986,554.72263868066
1652.99527715635,2020.87994034303,569.715142428786
2202.33656475267,1185.68232662192,539.730134932534
335.570469798658,1260.25354213274,584.707646176912
425.055928411633,981.854337559036,569.715142428786
718.369376087497,1605.76684066617,569.715142428786
730.797912005966,1610.73825503356,569.715142428786
785.483470047228,449.913000248571,584.707646176912
917.225950782998,1854.33755903555,569.715142428786
1041.51130996769,1836.93760874969,584.707646176912
1175.73949788715,2040.76559781258,584.707646176912
1267.71066368382,402.684563758389,584.707646176912
1265.22495650012,2080.53691275168,569.715142428786
1454.13870246085,608.998260004971,554.72263868066
1493.91001739995,1928.90877454636,584.707646176912
2020.87994034303,1496.39572458364,584.707646176912
2028.33706189411,1188.16803380562,569.715142428786
335.570469798658,1046.48272433507,599.700149925038
606.512552821278,589.112602535421,584.707646176912
633.855331841909,1439.22445935869,584.707646176912
648.769574944072,1441.71016654238,584.707646176912
927.168779517773,1866.76609495401,584.707646176912
959.482972905792,1956.25155356699,599.700149925038
1265.22495650012,1978.62291822023,599.700149925038
1327.36763609247,1613.22396221725,599.700149925038
1434.2530449913,1826.99478001491,599.700149925038
1496.39572458364,621.42679592344,584.707646176912
1769.82351478996,1051.45413870246,614.692653673163
392.741735023614,1024.11135968183,614.692653673163
402.684563758389,1367.13895103157,614.692653673163
410.141685309471,1382.05319413373,599.700149925038
464.827243350733,1551.08128262491,614.692653673163
479.741486452896,1536.16703952274,614.692653673163
589.112602535421,678.598061148397,614.692653673163
899.826000497141,700.969425801641,599.700149925038
917.225950782998,1866.76609495401,584.707646176912
984.340044742729,1568.48123291076,614.692653673163
1126.02535421327,385.284613472533,614.692653673163
1168.28237633607,2050.70842654735,584.707646176912
1183.19661943823,2050.70842654735,584.707646176912
1270.19637086751,1429.28163062391,614.692653673163
1593.3383047477,1387.02460850112,599.700149925038
1854.33755903555,852.59756400696,599.700149925038
1864.28038777032,857.568978374347,614.692653673163
1918.96594581158,1170.76808351976,584.707646176912
489.684315187671,1414.36738752175,629.685157421289
502.11285110614,1481.48148148148,629.685157421289
544.369873228934,1411.88168033806,629.685157421289
544.369873228934,1024.11135968183,614.692653673163
579.169773800646,1687.79517772806,629.685157421289
800.397713149391,1779.76634352473,629.685157421289
909.768829231916,1160.82525478499,629.685157421289
1006.71140939597,1133.48247576436,629.685157421289
1145.91101168282,981.854337559036,629.685157421289
1349.73900074571,1461.59582401193,629.685157421289
1702.70942083023,1232.91076311211,629.685157421289
1737.50932140194,691.026597066866,629.685157421289
1759.88068605518,1454.13870246085,614.692653673163
1894.10887397465,1347.25329356202,629.685157421289
1928.90877454636,1173.25379070346,614.692653673163
531.941337310465,1444.19587372608,629.685157421289
554.312701963709,1429.28163062391,644.677661169415
566.741237882178,1682.82376336068,629.685157421289
857.568978374347,1595.82401193139,644.677661169415
1387.02460850112,1720.10937111608,629.685157421289
1436.73875217499,507.084265473527,629.685157421289
1538.65274670644,1297.53914988814,629.685157421289
1533.68133233905,1001.73999502859,644.677661169415
1680.33805617698,1814.56624409645,629.685157421289
564.255530698484,1419.33880188914,644.677661169415
720.855083271191,1680.33805617698,644.677661169415
725.826497638578,1799.65200099428,644.677661169415
832.71190653741,1652.99527715635,644.677661169415
979.368630375342,1834.451901566,644.677661169415
1143.42530449913,1265.22495650012,659.670164917541
1541.13845389013,1605.76684066617,674.662668665667
1006.71140939597,1849.36614466816,659.670164917541
1126.02535421327,994.282873477504,644.677661169415
1518.76708923689,996.768580661198,644.677661169415
1553.5669898086,1543.62416107383,659.670164917541
1715.13795674869,1034.0541884166,674.662668665667
802.883420333085,937.111608252548,689.655172413793
1121.05393984589,869.997514292816,689.655172413793
785.483470047228,924.683072334079,704.647676161919
797.912005965697,917.225950782998,689.655172413793
914.740243599304,1665.42381307482,704.647676161919
1130.99676858066,991.797166293811,689.655172413793
1173.25379070346,1757.39497887149,704.647676161919
1215.51081282625,1677.85234899329,689.655172413793
1516.28138205319,1570.96694009446,704.647676161919
1600.79542629878,1180.71091225454,719.640179910045
720.855083271191,1685.30947054437,689.655172413793
1066.36838180462,1563.50981854338,719.640179910045
1150.88242605021,1513.7956748695,719.640179910045
1501.36713895103,1553.5669898086,704.647676161919
1498.88143176734,1372.11036539896,719.640179910045
1503.85284613473,1583.39547601293,704.647676161919
1526.22421078797,1556.05269699229,704.647676161919
1590.85259756401,1471.53865274671,704.647676161919
792.94059159831,942.083022619935,704.647676161919
797.912005965697,924.683072334079,704.647676161919
1113.5968182948,879.940343027591,704.647676161919
1252.79642058166,937.111608252548,734.632683658171
1377.08177976634,1401.93885160328,719.640179910045
810.340541884166,932.14019388516,734.632683658171
1121.05393984589,872.48322147651,734.632683658171
1195.6251553567,1352.22470792941,749.625187406297
1526.22421078797,1563.50981854338,734.632683658171
1546.10986825752,1595.82401193139,734.632683658171
1600.79542629878,1464.08153119563,734.632683658171
1377.08177976634,1419.33880188914,749.625187406297
1498.88143176734,1573.45264727815,749.625187406297
1501.36713895103,1389.51031568481,749.625187406297
1603.28113348248,1195.6251553567,749.625187406297
