9.94282873477504,1630.62391250311,14.9925037481259
54.6855580412627,1692.76659209545,14.9925037481259
64.6283867760378,1705.19512801392,14.9925037481259
82.0283370618941,208.799403430276,29.9850074962519
91.9711657966692,1133.48247576436,14.9925037481259
124.285359184688,1118.56823266219,14.9925037481259
256.027839920457,2117.82252050708,14.9925037481259
260.999254287845,2137.70817797663,14.9925037481259
275.913497390007,611.483967188665,14.9925037481259
283.370618941089,678.598061148397,14.9925037481259
318.170519512801,2018.39423315933,14.9925037481259
355.456127268208,835.197613721104,14.9925037481259
352.970420084514,1787.22346507581,29.9850074962519
362.913248819289,845.140442455879,14.9925037481259
362.913248819289,1344.76758637832,14.9925037481259
367.884663186677,1802.13770817798,44.9775112443778
367.884663186677,1829.48048719861,29.9850074962519
380.313199105145,787.969177230922,14.9925037481259
380.313199105145,1966.19438230176,14.9925037481259
402.684563758389,857.568978374347,14.9925037481259
402.684563758389,2426.05021128511,14.9925037481259
407.655978125777,1464.08153119563,14.9925037481259
412.627392493164,855.083271190654,14.9925037481259
415.113099676858,1735.02361421825,29.9850074962519
425.055928411633,1464.08153119563,14.9925037481259
425.055928411633,2371.36465324385,14.9925037481259
439.970171513796,1265.22495650012,14.9925037481259
444.941585881183,2294.30773054934,14.9925037481259
507.084265473527,2286.85060899826,14.9925037481259
519.512801391996,2366.39323887646,14.9925037481259
521.99850857569,2232.165050957,14.9925037481259
541.88416604524,2433.50733283619,14.9925037481259
544.369873228934,2299.27914491673,14.9925037481259
544.369873228934,2309.2219736515,14.9925037481259
551.826994780015,218.742232165051,29.9850074962519
551.826994780015,2259.50782997763,14.9925037481259
554.312701963709,233.656475267214,14.9925037481259
554.312701963709,2358.93611732538,14.9925037481259
561.76982351479,201.342281879195,14.9925037481259
574.198359433259,2264.47924434502,14.9925037481259
581.65548098434,2257.02212279394,14.9925037481259
584.141188168034,2421.07879691772,14.9925037481259
586.626895351728,2296.79343773304,14.9925037481259
591.598309719115,2229.6793437733,14.9925037481259
599.055431270196,2341.53616703952,14.9925037481259
608.998260004971,1334.82475764355,14.9925037481259
606.512552821278,2269.4506587124,14.9925037481259
613.969674372359,1349.73900074571,14.9925037481259
623.912503107134,1128.51106139697,14.9925037481259
623.912503107134,1121.05393984589,14.9925037481259
636.341039025603,1123.53964702958,14.9925037481259
641.31245339299,2306.73626646781,14.9925037481259
643.798160576684,2249.56500124285,14.9925037481259
658.712403678847,2269.4506587124,14.9925037481259
668.655232413622,2306.73626646781,14.9925037481259
668.655232413622,2281.87919463087,14.9925037481259
676.112353964703,2296.79343773304,14.9925037481259
688.540889883172,2271.9363658961,14.9925037481259
695.998011434253,2276.90778026349,14.9925037481259
698.483718617947,2304.25055928412,14.9925037481259
792.94059159831,216.256524981357,14.9925037481259
795.426298782004,2232.165050957,14.9925037481259
825.254784986329,193.885160328113,29.9850074962519
855.083271190654,2224.70792940592,14.9925037481259
949.540144171017,330.59905543127,29.9850074962519
961.968680089485,2152.6224210788,14.9925037481259
966.940094456873,2212.27939348745,14.9925037481259
971.911508824261,2063.13696246582,14.9925037481259
976.882923191648,2115.33681332339,14.9925037481259
1004.22570221228,608.998260004971,44.9775112443778
1014.16853094705,2406.16455381556,14.9925037481259
1056.42555306985,2475.76435495899,14.9925037481259
1083.76833209048,2473.27864777529,14.9925037481259
1111.11111111111,1272.68207805121,14.9925037481259
1121.05393984589,1285.11061396967,14.9925037481259
1121.05393984589,1277.65349241859,14.9925037481259
1140.93959731544,2478.25006214268,14.9925037481259
1163.31096196868,596.569724086503,14.9925037481259
1173.25379070346,658.712403678847,14.9925037481259
1215.51081282625,1677.85234899329,14.9925037481259
1215.51081282625,1757.39497887149,14.9925037481259
1217.99652000994,1660.45239870743,14.9925037481259
1217.99652000994,1735.02361421825,14.9925037481259
1225.45364156102,1697.73800646284,29.9850074962519
1235.3964702958,1720.10937111608,14.9925037481259
1242.85359184688,1715.13795674869,14.9925037481259
1456.62440964454,2063.13696246582,14.9925037481259
1486.45289584887,2058.16554809843,14.9925037481259
1595.82401193139,1936.36589609744,29.9850074962519
1608.25254784986,402.684563758389,14.9925037481259
1640.56674123788,397.713149391002,14.9925037481259
1739.99502858563,541.88416604524,14.9925037481259
2010.93711160825,571.712652249565,29.9850074962519
2055.67984091474,2045.73701217997,29.9850074962519
2207.30797912006,1446.68158090977,29.9850074962519
2465.82152622421,1911.5088242605,14.9925037481259
370.37037037037,1322.39622172508,29.9850074962519
459.855828983346,2321.65050956997,59.9700149925037
492.170022371365,355.456127268208,59.9700149925037
499.627143922446,621.42679592344,44.9775112443778
601.54113845389,1401.93885160328,44.9775112443778
606.512552821278,1387.02460850112,29.9850074962519
608.998260004971,1411.88168033806,44.9775112443778
770.569226945066,206.313696246582,44.9775112443778
802.883420333085,673.626646781009,44.9775112443778
815.311956251554,658.712403678847,29.9850074962519
865.026099925429,2254.53641561024,29.9850074962519
867.511807109123,2261.99353716132,44.9775112443778
909.768829231916,874.968928660204,29.9850074962519
979.368630375342,377.827491921452,44.9775112443778
1518.76708923689,1802.13770817798,59.9700149925037
1717.62366393239,124.285359184688,44.9775112443778
1730.05219985086,1991.0514541387,44.9775112443778
1735.02361421825,2028.33706189411,44.9775112443778
1739.99502858563,2015.90852597564,44.9775112443778
1777.28063634104,2147.65100671141,29.9850074962519
1809.59482972906,2433.50733283619,44.9775112443778
1829.48048719861,2428.5359184688,44.9775112443778
2127.76534924186,1501.36713895103,29.9850074962519
2125.27964205817,1511.30996768581,29.9850074962519
2291.82202336565,1019.13994531444,44.9775112443778
2309.2219736515,1006.71140939597,44.9775112443778
27.3427790206314,986.825751926423,44.9775112443778
37.2856077554064,986.825751926423,59.9700149925037
228.685060899826,1516.28138205319,74.9625187406297
280.884911757395,459.855828983346,44.9775112443778
293.313447675864,462.34153616704,44.9775112443778
372.856077554064,2336.56475267214,59.9700149925037
387.770320656227,2339.05045985583,59.9700149925037
469.798657718121,2174.99378573204,44.9775112443778
484.712900820283,340.541884166045,59.9700149925037
504.598558289833,352.970420084514,59.9700149925037
805.369127516779,656.226696495153,44.9775112443778
810.340541884166,688.540889883172,44.9775112443778
815.311956251554,569.226945065871,44.9775112443778
820.283370618941,683.569475515784,44.9775112443778
907.283122048223,735.769326373353,59.9700149925037
919.711657966692,869.997514292816,44.9775112443778
934.625901068854,402.684563758389,59.9700149925037
979.368630375342,715.883668903803,74.9625187406297
1155.8538404176,1180.71091225454,59.9700149925037
1252.79642058166,830.226199353716,59.9700149925037
1372.11036539896,1034.0541884166,44.9775112443778
1374.59607258265,1508.82426050211,44.9775112443778
1655.48098434004,449.913000248571,44.9775112443778
1772.30922197365,2142.67959234402,44.9775112443778
2045.73701217997,2073.0797912006,44.9775112443778
2085.50832711907,1379.56748695004,74.9625187406297
2107.87969177231,1367.13895103157,74.9625187406297
2115.33681332339,1389.51031568481,74.9625187406297
2204.82227193637,382.798906288839,59.9700149925037
2234.65075814069,1364.65324384787,74.9625187406297
2296.79343773304,999.254287844892,44.9775112443778
2316.67909520259,169.028088491176,59.9700149925037
2388.7646035297,1026.59706686552,59.9700149925037
2443.45016157097,270.94208302262,44.9775112443778
2443.45016157097,1404.42455878698,59.9700149925037
2453.39299030574,822.769077802635,74.9625187406297
114.342530449913,2117.82252050708,59.9700149925037
223.713646532438,1660.45239870743,74.9625187406297
231.17076808352,2264.47924434502,89.9550224887556
236.142182450907,1665.42381307482,74.9625187406297
243.599304001989,1650.50956997266,59.9700149925037
362.913248819289,1103.65398956003,74.9625187406297
390.25602783992,2329.10763112105,59.9700149925037
439.970171513796,830.226199353716,74.9625187406297
439.970171513796,2319.16480238628,59.9700149925037
718.369376087497,850.111856823266,74.9625187406297
725.826497638578,1553.5669898086,74.9625187406297
800.397713149391,571.712652249565,59.9700149925037
807.854834700472,663.683818046234,59.9700149925037
815.311956251554,663.683818046234,59.9700149925037
822.769077802635,668.655232413622,59.9700149925037
1024.11135968183,2450.90728312205,74.9625187406297
1063.88267462093,1083.76833209048,74.9625187406297
1076.3112105394,1081.28262490679,74.9625187406297
1108.62540392742,203.827989062888,74.9625187406297
1145.91101168282,1998.50857568978,74.9625187406297
1247.82500621427,817.797663435247,74.9625187406297
1322.39622172508,1913.9945314442,74.9625187406297
1541.13845389013,1098.68257519264,59.9700149925037
1670.39522744221,2413.62167536664,74.9625187406297
1772.30922197365,2135.22247079294,59.9700149925037
1839.42331593338,1377.08177976634,89.9550224887556
1918.96594581158,1941.33731046483,74.9625187406297
2050.70842654735,715.883668903803,74.9625187406297
2083.02261993537,1384.53890131742,59.9700149925037
2102.90827740492,1513.7956748695,74.9625187406297
2102.90827740492,1409.39597315436,74.9625187406297
2132.73676360925,1374.59607258265,74.9625187406297
2428.5359184688,1968.68008948546,74.9625187406297
2433.50733283619,1396.96743723589,59.9700149925037
22.3713646532438,693.512304250559,74.9625187406297
27.3427790206314,708.426547352722,74.9625187406297
77.0569226945066,1230.42505592841,89.9550224887556
89.4854586129754,1217.99652000994,74.9625187406297
94.4568729803629,1240.36788466319,74.9625187406297
223.713646532438,2271.9363658961,89.9550224887556
362.913248819289,1083.76833209048,89.9550224887556
740.740740740741,1551.08128262491,74.9625187406297
917.225950782998,1881.68033805618,74.9625187406297
1116.0825254785,211.28511061397,74.9625187406297
1237.88217747949,879.940343027591,89.9550224887556
1257.76783494904,934.625901068854,89.9550224887556
1272.68207805121,944.568729803629,74.9625187406297
1327.36763609247,1568.48123291076,89.9550224887556
1359.68182948049,2110.365398956,89.9550224887556
1414.36738752175,459.855828983346,74.9625187406297
1523.73850360428,236.142182450907,89.9550224887556
1528.70991797166,1779.76634352473,89.9550224887556
1779.76634352473,2152.6224210788,74.9625187406297
1933.88018891375,1941.33731046483,74.9625187406297
1941.33731046483,1951.2801391996,89.9550224887556
2087.99403430276,1409.39597315436,89.9550224887556
2087.99403430276,1389.51031568481,74.9625187406297
2095.45115585384,1369.62465821526,89.9550224887556
2112.8511061397,1501.36713895103,74.9625187406297
2122.79393487447,1364.65324384787,89.9550224887556
2194.87944320159,231.17076808352,89.9550224887556
2192.3937360179,243.599304001989,89.9550224887556
2264.47924434502,2237.13646532438,104.947526236882
2316.67909520259,161.570966940094,74.9625187406297
2423.56450410142,1742.48073576933,89.9550224887556
2475.76435495899,944.568729803629,89.9550224887556
86.9997514292816,1247.82500621427,89.9550224887556
111.856823266219,2117.82252050708,89.9550224887556
328.113348247576,1242.85359184688,89.9550224887556
574.198359433259,1153.36813323391,104.947526236882
636.341039025603,2361.42182450907,104.947526236882
745.712155108128,375.341784737758,104.947526236882
745.712155108128,412.627392493164,104.947526236882
877.454635843898,2433.50733283619,104.947526236882
914.740243599304,1884.16604523987,104.947526236882
924.683072334079,1874.2232165051,89.9550224887556
1006.71140939597,323.141933880189,104.947526236882
1247.82500621427,882.426050211285,89.9550224887556
1250.31071339796,830.226199353716,89.9550224887556
1267.71066368382,922.197365150385,89.9550224887556
1285.11061396967,1474.0243599304,104.947526236882
1314.939100174,1913.9945314442,89.9550224887556
1496.39572458364,1053.93984588615,104.947526236882
1826.99478001491,2381.30748197862,104.947526236882
2073.0797912006,1396.96743723589,104.947526236882
2117.82252050708,1409.39597315436,89.9550224887556
2184.93661446682,226.199353716132,89.9550224887556
2184.93661446682,1230.42505592841,104.947526236882
2299.27914491673,1419.33880188914,89.9550224887556
2311.7076808352,173.999502858563,89.9550224887556
2408.65026099925,1864.28038777032,104.947526236882
2445.93586875466,2033.3084762615,104.947526236882
2450.90728312205,2005.96569724086,89.9550224887556
2450.90728312205,2023.36564752672,104.947526236882
2455.87869748944,2000.99428287348,89.9550224887556
2458.36440467313,2040.76559781258,89.9550224887556
2463.33581904052,2015.90852597564,104.947526236882
2480.73576932637,929.654486701467,89.9550224887556
156.599552572707,226.199353716132,119.940029985007
159.085259756401,246.085011185682,119.940029985007
161.570966940094,1784.73775789212,119.940029985007
183.942331593338,924.683072334079,104.947526236882
191.39945314442,919.711657966692,104.947526236882
228.685060899826,531.941337310465,119.940029985007
238.627889634601,541.88416604524,119.940029985007
330.59905543127,1255.28212776535,104.947526236882
357.941834451902,1938.85160328113,119.940029985007
492.170022371365,922.197365150385,119.940029985007
524.484215759384,1660.45239870743,119.940029985007
678.598061148397,1300.02485707184,134.932533733133
725.826497638578,402.684563758389,104.947526236882
730.797912005966,420.084514044246,104.947526236882
745.712155108128,397.713149391002,134.932533733133
760.626398210291,412.627392493164,104.947526236882
760.626398210291,395.227442207308,104.947526236882
775.540641312453,387.770320656227,119.940029985007
1039.02560278399,357.941834451902,134.932533733133
1051.45413870246,367.884663186677,119.940029985007
1290.08202833706,1483.96718866518,104.947526236882
1399.45314441959,430.027342779021,134.932533733133
1414.36738752175,1364.65324384787,119.940029985007
1533.68133233905,874.968928660204,119.940029985007
1568.48123291076,899.826000497141,119.940029985007
1578.42406164554,2376.33606761124,119.940029985007
1856.82326621924,188.913745960726,119.940029985007
2274.42207307979,288.342033308476,119.940029985007
2294.30773054934,283.370618941089,119.940029985007
2468.3072334079,2005.96569724086,104.947526236882
79.5426298782003,1237.88217747949,119.940029985007
415.113099676858,1431.76733780761,149.925037481259
536.912751677852,1675.36664180959,119.940029985007
638.826746209297,293.313447675864,134.932533733133
653.740989311459,300.770569226945,149.925037481259
648.769574944072,2363.90753169277,119.940029985007
740.740740740741,385.284613472533,119.940029985007
748.197862291822,385.284613472533,119.940029985007
750.683569475516,2448.42157593835,134.932533733133
835.197613721104,725.826497638578,149.925037481259
1123.53964702958,2356.45041014169,149.925037481259
1195.6251553567,1695.25229927915,134.932533733133
1481.48148148148,961.968680089485,149.925037481259
1844.39473030077,1439.22445935869,134.932533733133
1859.30897340293,1449.16728809346,149.925037481259
1871.7375093214,999.254287844892,134.932533733133
2040.76559781258,2418.59308973403,134.932533733133
79.5426298782003,1459.11011682824,149.925037481259
79.5426298782003,2179.96520009943,149.925037481259
171.513795674869,1730.05219985086,149.925037481259
350.48471290082,1339.79617201094,149.925037481259
410.141685309471,340.541884166045,164.917541229385
437.484464330102,2252.05070842655,149.925037481259
447.427293064877,2254.53641561024,134.932533733133
626.398210290828,1891.62316679095,149.925037481259
656.226696495153,315.684812329108,149.925037481259
730.797912005966,1267.71066368382,134.932533733133
984.340044742729,2028.33706189411,149.925037481259
1016.65423813075,574.198359433259,149.925037481259
1086.25403927417,253.542132736764,149.925037481259
1096.19686800895,238.627889634601,134.932533733133
1240.36788466319,949.540144171017,164.917541229385
1347.25329356202,693.512304250559,149.925037481259
1362.16753666418,683.569475515784,149.925037481259
1367.13895103157,671.140939597315,149.925037481259
1382.05319413373,661.19811086254,149.925037481259
1814.56624409645,248.570718369376,149.925037481259
1861.79468058663,986.825751926423,134.932533733133
1953.7658463833,2013.42281879195,149.925037481259
2025.85135471042,1178.22520507084,149.925037481259
2030.8227690778,1193.13944817301,149.925037481259
2204.82227193637,1496.39572458364,149.925037481259
2224.70792940592,1491.42431021626,149.925037481259
52.199850857569,1205.56798409147,149.925037481259
72.0855083271191,758.140691026597,164.917541229385
288.342033308476,1426.79592344022,164.917541229385
303.256276410639,2346.50758140691,164.917541229385
444.941585881183,2242.10787969177,149.925037481259
454.884414615958,2244.59358687547,149.925037481259
755.654983842903,499.627143922446,164.917541229385
792.94059159831,126.771066368382,149.925037481259
805.369127516779,121.799652000994,164.917541229385
939.597315436242,283.370618941089,164.917541229385
956.997265722098,300.770569226945,164.917541229385
976.882923191648,2038.27989062888,149.925037481259
1188.16803380562,7.45712155108128,164.917541229385
1195.6251553567,800.397713149391,164.917541229385
1304.99627143922,248.570718369376,164.917541229385
1411.88168033806,2214.76510067114,164.917541229385
1419.33880188914,1742.48073576933,164.917541229385
1466.56723837932,1635.59532687049,149.925037481259
1481.48148148148,1096.19686800895,164.917541229385
1667.90952025851,1108.62540392742,164.917541229385
1747.45215013671,198.856574695501,149.925037481259
1784.73775789212,1600.79542629878,164.917541229385
1822.02336564753,1705.19512801392,179.910044977511
2033.3084762615,106.885408898832,179.910044977511
7.45712155108128,1357.19612229679,179.910044977511
17.3999502858563,2023.36564752672,179.910044977511
285.856326124783,1436.73875217499,164.917541229385
308.227690778026,2358.93611732538,164.917541229385
782.997762863535,437.484464330102,179.910044977511
929.654486701467,479.741486452896,179.910044977511
934.625901068854,1230.42505592841,179.910044977511
1004.22570221228,1777.28063634104,179.910044977511
1006.71140939597,191.39945314442,179.910044977511
1019.13994531444,203.827989062888,179.910044977511
1019.13994531444,1797.16629381059,194.902548725637
1034.0541884166,188.913745960726,179.910044977511
1091.22545364156,581.65548098434,179.910044977511
1300.02485707184,874.968928660204,194.902548725637
1322.39622172508,260.999254287845,179.910044977511
1474.0243599304,1640.56674123788,164.917541229385
2060.65125528213,1563.50981854338,179.910044977511
2177.47949291573,1123.53964702958,179.910044977511
2187.42232165051,1108.62540392742,179.910044977511
2257.02212279394,1053.93984588615,209.895052473763
2334.07904548844,1961.22296793438,179.910044977511
2435.99304001989,584.141188168034,194.902548725637
402.684563758389,678.598061148397,194.902548725637
437.484464330102,2306.73626646781,194.902548725637
561.76982351479,2167.53666418096,194.902548725637
676.112353964703,2319.16480238628,194.902548725637
688.540889883172,1583.39547601293,194.902548725637
723.340790454884,1451.65299527716,194.902548725637
735.769326373353,1459.11011682824,194.902548725637
768.083519761372,439.970171513796,194.902548725637
807.854834700472,1966.19438230176,209.895052473763
934.625901068854,1476.51006711409,194.902548725637
1078.79691772309,2296.79343773304,194.902548725637
1153.36813323391,1434.2530449913,194.902548725637
1163.31096196868,1508.82426050211,194.902548725637
1270.19637086751,1285.11061396967,194.902548725637
1469.05294556301,882.426050211285,194.902548725637
1789.70917225951,196.370867511807,194.902548725637
1933.88018891375,584.141188168034,194.902548725637
2068.10837683321,1578.42406164554,179.910044977511
2137.70817797663,305.741983594333,194.902548725637
2147.65100671141,969.425801640567,194.902548725637
2271.9363658961,1046.48272433507,179.910044977511
2341.53616703952,1968.68008948546,194.902548725637
129.256773552076,2055.67984091474,209.895052473763
392.741735023614,1953.7658463833,209.895052473763
397.713149391002,2276.90778026349,209.895052473763
469.798657718121,1551.08128262491,209.895052473763
467.312950534427,1565.99552572707,209.895052473763
477.255779269202,1071.33979617201,209.895052473763
502.11285110614,902.311707680835,224.887556221889
531.941337310465,425.055928411633,224.887556221889
574.198359433259,2174.99378573204,209.895052473763
636.341039025603,308.227690778026,194.902548725637
668.655232413622,1590.85259756401,194.902548725637
678.598061148397,1578.42406164554,194.902548725637
681.08376833209,1600.79542629878,194.902548725637
688.540889883172,765.597812577678,209.895052473763
765.597812577678,539.398458861546,209.895052473763
773.05493412876,549.341287596321,209.895052473763
837.683320904797,1976.13721103654,209.895052473763
837.683320904797,454.884414615958,209.895052473763
959.482972905792,318.170519512801,209.895052473763
1026.59706686552,1772.30922197365,194.902548725637
1076.3112105394,2281.87919463087,194.902548725637
1165.79666915237,1429.28163062391,209.895052473763
1168.28237633607,832.71190653741,209.895052473763
1247.82500621427,1401.93885160328,209.895052473763
1319.91051454139,2092.96544867015,209.895052473763
1491.42431021626,241.113596818295,209.895052473763
1608.25254784986,1327.36763609247,209.895052473763
1630.62391250311,32.3141933880189,224.887556221889
1650.50956997266,29.8284862043251,209.895052473763
1657.96669152374,390.25602783992,209.895052473763
1672.8809346259,400.198856574696,209.895052473763
1787.22346507581,688.540889883172,209.895052473763
1918.96594581158,2147.65100671141,209.895052473763
1928.90877454636,141.685309470544,209.895052473763
1938.85160328113,2160.07954262988,209.895052473763
2038.27989062888,410.141685309471,209.895052473763
2050.70842654735,251.05642555307,209.895052473763
2095.45115585384,437.484464330102,209.895052473763
2249.56500124285,1779.76634352473,224.887556221889
2252.05070842655,1754.9092716878,209.895052473763
2276.90778026349,1063.88267462093,194.902548725637
2435.99304001989,1026.59706686552,224.887556221889
2470.7929405916,1814.56624409645,209.895052473763
169.028088491176,974.397216007954,224.887556221889
176.485210042257,984.340044742729,224.887556221889
474.770072085508,1083.76833209048,209.895052473763
817.797663435247,1968.68008948546,209.895052473763
1076.3112105394,1282.62490678598,224.887556221889
1113.5968182948,1573.45264727815,209.895052473763
1123.53964702958,1578.42406164554,209.895052473763
1123.53964702958,1379.56748695004,209.895052473763
1170.76808351976,1516.28138205319,209.895052473763
1493.91001739995,226.199353716132,209.895052473763
1496.39572458364,1916.48023862789,239.880059970015
1551.08128262491,1434.2530449913,209.895052473763
1615.70966940094,345.513298533433,224.887556221889
1916.48023862789,154.113845389013,224.887556221889
2015.90852597564,1956.25155356699,224.887556221889
2107.87969177231,623.912503107134,224.887556221889
2122.79393487447,725.826497638578,239.880059970015
2145.16529952772,720.855083271191,224.887556221889
2177.47949291573,1116.0825254785,209.895052473763
2274.42207307979,1056.42555306985,209.895052473763
2279.39348744718,1043.99701715138,209.895052473763
2294.30773054934,1121.05393984589,239.880059970015
2366.39323887646,1265.22495650012,239.880059970015
2463.33581904052,1826.99478001491,209.895052473763
12.4285359184688,1844.39473030077,239.880059970015
52.199850857569,521.99850857569,239.880059970015
54.6855580412627,509.569972657221,239.880059970015
556.798409147402,673.626646781009,224.887556221889
663.683818046234,1943.82301764852,239.880059970015
673.626646781009,894.854586129754,224.887556221889
954.511558538404,1359.68182948049,239.880059970015
1118.56823266219,1558.53840417599,239.880059970015
1240.36788466319,1849.36614466816,239.880059970015
1247.82500621427,1961.22296793438,224.887556221889
1257.76783494904,1951.2801391996,239.880059970015
1317.42480735769,1039.02560278399,239.880059970015
1625.65249813572,934.625901068854,239.880059970015
1650.50956997266,1163.31096196868,254.872563718141
1680.33805617698,1630.62391250311,254.872563718141
1757.39497887149,2045.73701217997,254.872563718141
1899.08028834203,700.969425801641,239.880059970015
1943.82301764852,1943.82301764852,254.872563718141
2010.93711160825,1971.16579666915,239.880059970015
2242.10787969177,1787.22346507581,224.887556221889
2281.87919463087,1118.56823266219,239.880059970015
2363.90753169277,1275.1677852349,224.887556221889
2373.85036042754,1277.65349241859,224.887556221889
29.8284862043251,1275.1677852349,254.872563718141
34.7999005717127,1285.11061396967,254.872563718141
159.085259756401,1742.48073576933,254.872563718141
169.028088491176,1730.05219985086,254.872563718141
171.513795674869,1747.45215013671,254.872563718141
193.885160328113,1364.65324384787,269.865067466267
581.65548098434,265.970668655232,239.880059970015
591.598309719115,253.542132736764,254.872563718141
636.341039025603,39.7713149391002,254.872563718141
661.19811086254,897.340293313448,239.880059970015
671.140939597315,887.397464578673,254.872563718141
671.140939597315,1193.13944817301,254.872563718141
678.598061148397,899.826000497141,239.880059970015
691.026597066866,763.112105393985,239.880059970015
740.740740740741,17.3999502858563,254.872563718141
947.054436987323,2157.59383544618,254.872563718141
956.997265722098,1546.10986825752,239.880059970015
974.397216007954,1551.08128262491,239.880059970015
984.340044742729,2192.3937360179,254.872563718141
1101.16828237634,375.341784737758,254.872563718141
1158.33954760129,2160.07954262988,254.872563718141
1170.76808351976,1516.28138205319,239.880059970015
1173.25379070346,2160.07954262988,239.880059970015
1230.42505592841,2112.8511061397,254.872563718141
1352.22470792941,402.684563758389,254.872563718141
1424.31021625653,2219.73651503853,254.872563718141
1449.16728809346,2460.85011185682,254.872563718141
1474.0243599304,1213.02510564256,254.872563718141
1474.0243599304,1195.6251553567,254.872563718141
1570.96694009446,2157.59383544618,254.872563718141
1640.56674123788,1180.71091225454,254.872563718141
1700.22371364653,467.312950534427,269.865067466267
1812.08053691275,1928.90877454636,269.865067466267
1836.93760874969,1854.33755903555,254.872563718141
1901.56599552573,683.569475515784,239.880059970015
1916.48023862789,686.055182699478,254.872563718141
1916.48023862789,700.969425801641,254.872563718141
1926.42306736266,1941.33731046483,254.872563718141
1936.36589609744,1926.42306736266,239.880059970015
2078.05120556798,1978.62291822023,239.880059970015
2087.99403430276,1991.0514541387,254.872563718141
2155.10812826249,728.312204822272,254.872563718141
2344.02187422322,1399.45314441959,254.872563718141
22.3713646532438,1680.33805617698,269.865067466267
32.3141933880189,1675.36664180959,269.865067466267
188.913745960726,1859.30897340293,269.865067466267
196.370867511807,1869.25180213771,269.865067466267
238.627889634601,315.684812329108,269.865067466267
335.570469798658,2090.47974148645,254.872563718141
360.427541635595,2085.50832711907,269.865067466267
509.569972657221,134.228187919463,284.857571214393
564.255530698484,1138.45389013174,269.865067466267
604.026845637584,268.456375838926,254.872563718141
656.226696495153,1111.11111111111,254.872563718141
678.598061148397,1200.59656972409,254.872563718141
822.769077802635,1906.53740989311,269.865067466267
989.311459110117,2199.85085756898,254.872563718141
1116.0825254785,1573.45264727815,254.872563718141
1178.22520507084,151.628138205319,254.872563718141
1190.65374098931,136.713895103157,269.865067466267
1200.59656972409,161.570966940094,269.865067466267
1205.56798409147,144.171016654238,269.865067466267
1319.91051454139,1051.45413870246,254.872563718141
1558.53840417599,2160.07954262988,254.872563718141
1608.25254784986,855.083271190654,269.865067466267
1660.45239870743,69.5998011434253,284.857571214393
1687.79517772806,1108.62540392742,284.857571214393
1687.79517772806,457.370121799652,269.865067466267
1993.5371613224,2294.30773054934,269.865067466267
2239.62217250808,1454.13870246085,269.865067466267
2254.53641561024,1464.08153119563,269.865067466267
2371.36465324385,559.284116331096,269.865067466267
213.770817797663,1884.16604523987,284.857571214393
218.742232165051,1869.25180213771,284.857571214393
268.456375838926,872.48322147651,269.865067466267
280.884911757395,872.48322147651,269.865067466267
355.456127268208,872.48322147651,269.865067466267
355.456127268208,887.397464578673,284.857571214393
569.226945065871,1702.70942083023,284.857571214393
691.026597066866,1503.85284613473,299.850074962519
952.02585135471,144.171016654238,299.850074962519
1029.08277404922,2182.45090728312,284.857571214393
1309.96768580661,2418.59308973403,284.857571214393
1506.33855331842,84.5140442455879,284.857571214393
1675.36664180959,464.827243350733,284.857571214393
1727.56649266716,643.798160576684,284.857571214393
1841.90902311708,1911.5088242605,299.850074962519
2000.99428287348,1165.79666915237,284.857571214393
2080.53691275168,1978.62291822023,269.865067466267
2120.30822769078,1553.5669898086,284.857571214393
2244.59358687547,1439.22445935869,269.865067466267
2257.02212279394,1451.65299527716,284.857571214393
2271.9363658961,1446.68158090977,284.857571214393
86.9997514292816,653.740989311459,299.850074962519
280.884911757395,760.626398210291,314.842578710645
556.798409147402,101.913994531444,284.857571214393
621.42679592344,2045.73701217997,299.850074962519
671.140939597315,1501.36713895103,299.850074962519
671.140939597315,1521.25279642058,299.850074962519
700.969425801641,999.254287844892,314.842578710645
922.197365150385,579.169773800646,299.850074962519
942.083022619935,837.683320904797,299.850074962519
974.397216007954,586.626895351728,284.857571214393
1051.45413870246,1009.19711657967,299.850074962519
1193.13944817301,151.628138205319,284.857571214393
1409.39597315436,1822.02336564753,314.842578710645
1451.65299527716,1126.02535421327,284.857571214393
1710.16654238131,313.199105145414,299.850074962519
1782.25205070843,7.45712155108128,284.857571214393
1986.08003977131,392.741735023614,314.842578710645
2179.96520009943,1717.62366393239,299.850074962519
258.513547104151,2020.87994034303,314.842578710645
303.256276410639,1951.2801391996,314.842578710645
328.113348247576,1210.53939845886,314.842578710645
514.541387024609,636.341039025603,314.842578710645
559.284116331096,91.9711657966692,299.850074962519
651.255282127765,1471.53865274671,314.842578710645
656.226696495153,1121.05393984589,329.835082458771
663.683818046234,1466.56723837932,314.842578710645
673.626646781009,1533.68133233905,299.850074962519
693.512304250559,1628.13820531941,314.842578710645
720.855083271191,144.171016654238,329.835082458771
738.255033557047,929.654486701467,329.835082458771
922.197365150385,865.026099925429,314.842578710645
924.683072334079,835.197613721104,314.842578710645
1056.42555306985,994.282873477504,314.842578710645
1488.93860303256,1707.68083519761,329.835082458771
1521.25279642058,2478.25006214268,314.842578710645
1672.8809346259,29.8284862043251,299.850074962519
1712.652249565,2371.36465324385,329.835082458771
1851.85185185185,2080.53691275168,314.842578710645
1851.85185185185,2105.39398458862,329.835082458771
2227.19363658961,1909.02311707681,329.835082458771
2299.27914491673,1889.13745960726,314.842578710645
2314.19338801889,1894.10887397465,314.842578710645
2356.45041014169,914.740243599304,314.842578710645
2428.5359184688,850.111856823266,329.835082458771
19.8856574695501,1143.42530449913,329.835082458771
104.399701715138,1685.30947054437,329.835082458771
263.484961471539,1474.0243599304,329.835082458771
278.399204573701,1471.53865274671,329.835082458771
290.82774049217,2040.76559781258,314.842578710645
315.684812329108,1948.79443201591,329.835082458771
502.11285110614,1488.93860303256,329.835082458771
504.598558289833,633.855331841909,329.835082458771
509.569972657221,658.712403678847,329.835082458771
519.512801391996,1501.36713895103,329.835082458771
561.76982351479,2316.67909520259,329.835082458771
571.712652249565,2299.27914491673,329.835082458771
678.598061148397,2329.10763112105,329.835082458771
698.483718617947,2316.67909520259,329.835082458771
894.854586129754,1081.28262490679,329.835082458771
1118.56823266219,1175.73949788715,344.827586206897
1446.68158090977,1118.56823266219,314.842578710645
1501.36713895103,1715.13795674869,314.842578710645
1508.82426050211,1722.59507829978,314.842578710645
1516.28138205319,1710.16654238131,314.842578710645
1561.02411135968,1764.85210042257,329.835082458771
1657.96669152374,151.628138205319,344.827586206897
1670.39522744221,156.599552572707,329.835082458771
1904.05170270942,867.511807109123,329.835082458771
2299.27914491673,676.112353964703,329.835082458771
42.2570221227939,1526.22421078797,359.820089955023
47.2284364901815,1217.99652000994,344.827586206897
67.1140939597315,1195.6251553567,344.827586206897
146.656723837932,1277.65349241859,344.827586206897
161.570966940094,1275.1677852349,329.835082458771
221.227939348745,1971.16579666915,344.827586206897
248.570718369376,2025.85135471042,329.835082458771
345.513298533433,852.59756400696,359.820089955023
367.884663186677,2107.87969177231,329.835082458771
410.141685309471,1493.91001739995,344.827586206897
439.970171513796,1011.68282376336,359.820089955023
507.084265473527,1518.76708923689,344.827586206897
559.284116331096,2296.79343773304,329.835082458771
618.941088739746,1277.65349241859,344.827586206897
621.42679592344,1260.25354213274,344.827586206897
631.369624658215,400.198856574696,344.827586206897
668.655232413622,2336.56475267214,344.827586206897
705.940840169028,668.655232413622,359.820089955023
708.426547352722,1357.19612229679,359.820089955023
713.397961720109,2127.76534924186,344.827586206897
760.626398210291,1006.71140939597,359.820089955023
768.083519761372,1896.59458115834,344.827586206897
835.197613721104,2269.4506587124,329.835082458771
837.683320904797,2276.90778026349,329.835082458771
907.283122048223,1096.19686800895,329.835082458771
959.482972905792,2289.33631618195,344.827586206897
1332.33905045986,1884.16604523987,344.827586206897
1342.28187919463,1896.59458115834,344.827586206897
1364.65324384787,156.599552572707,344.827586206897
1401.93885160328,39.7713149391002,329.835082458771
1406.91026597067,14.9142431021626,329.835082458771
1411.88168033806,32.3141933880189,344.827586206897
1561.02411135968,1752.4235645041,329.835082458771
1588.36689038031,1041.51130996769,344.827586206897
1593.3383047477,1056.42555306985,344.827586206897
1650.50956997266,1583.39547601293,359.820089955023
1662.93810589113,24.8570718369376,329.835082458771
1754.9092716878,427.541635595327,344.827586206897
1767.33780760626,430.027342779021,344.827586206897
1841.90902311708,1551.08128262491,344.827586206897
1854.33755903555,1538.65274670644,344.827586206897
1886.65175242356,1904.05170270942,344.827586206897
2150.1367138951,2018.39423315933,344.827586206897
2242.10787969177,1779.76634352473,344.827586206897
2311.7076808352,683.569475515784,329.835082458771
84.5140442455879,1280.13919960229,344.827586206897
151.628138205319,1267.71066368382,344.827586206897
208.799403430276,1958.73726075068,344.827586206897
211.28511061397,1966.19438230176,344.827586206897
223.713646532438,1956.25155356699,344.827586206897
410.141685309471,1481.48148148148,359.820089955023
425.055928411633,1006.71140939597,359.820089955023
437.484464330102,986.825751926423,344.827586206897
623.912503107134,410.141685309471,359.820089955023
710.912254536416,156.599552572707,344.827586206897
728.312204822272,1352.22470792941,359.820089955023
748.197862291822,1906.53740989311,359.820089955023
775.540641312453,1004.22570221228,344.827586206897
795.426298782004,1879.19463087248,359.820089955023
879.940343027591,628.883917474521,374.812593703148
1185.68232662192,2440.96445438727,359.820089955023
1237.88217747949,1682.82376336068,359.820089955023
1660.45239870743,1600.79542629878,359.820089955023
1712.652249565,725.826497638578,359.820089955023
1732.53790703455,730.797912005966,359.820089955023
1772.30922197365,1058.91126025354,344.827586206897
1834.451901566,1548.59557544121,344.827586206897
1854.33755903555,1558.53840417599,359.820089955023
1996.02286850609,1394.4817300522,374.812593703148
2192.3937360179,442.455878697489,344.827586206897
57.1712652249565,1205.56798409147,359.820089955023
340.541884166045,400.198856574696,374.812593703148
479.741486452896,2028.33706189411,389.805097451274
705.940840169028,656.226696495153,374.812593703148
715.883668903803,1158.33954760129,389.805097451274
725.826497638578,1173.25379070346,374.812593703148
755.654983842903,1891.62316679095,359.820089955023
817.797663435247,1851.85185185185,389.805097451274
922.197365150385,589.112602535421,359.820089955023
939.597315436242,569.226945065871,359.820089955023
989.311459110117,2157.59383544618,374.812593703148
991.797166293811,2194.87944320159,374.812593703148
996.768580661198,2179.96520009943,374.812593703148
1043.99701715138,1772.30922197365,359.820089955023
1068.85408898832,1774.79492915735,359.820089955023
1200.59656972409,2440.96445438727,359.820089955023
1270.19637086751,2005.96569724086,359.820089955023
1282.62490678598,1991.0514541387,374.812593703148
1297.53914988814,2003.47999005717,359.820089955023
1603.28113348248,283.370618941089,389.805097451274
1613.22396221725,298.284862043251,374.812593703148
1620.68108376833,290.82774049217,359.820089955023
1635.59532687049,850.111856823266,374.812593703148
2068.10837683321,2080.53691275168,374.812593703148
2117.82252050708,2010.93711160825,374.812593703148
2189.9080288342,1091.22545364156,374.812593703148
64.6283867760378,1160.82525478499,389.805097451274
139.199602286851,678.598061148397,389.805097451274
216.256524981357,981.854337559036,404.7976011994
256.027839920457,1578.42406164554,389.805097451274
333.084762614964,1769.82351478996,389.805097451274
631.369624658215,400.198856574696,374.812593703148
778.026348496147,1001.73999502859,374.812593703148
805.369127516779,810.340541884166,389.805097451274
807.854834700472,579.169773800646,389.805097451274
820.283370618941,802.883420333085,389.805097451274
855.083271190654,484.712900820283,389.805097451274
857.568978374347,472.284364901815,389.805097451274
865.026099925429,1546.10986825752,389.805097451274
877.454635843898,1533.68133233905,389.805097451274
971.911508824261,2184.93661446682,389.805097451274
976.882923191648,2167.53666418096,374.812593703148
1081.28262490679,1021.62565249814,389.805097451274
1118.56823266219,1526.22421078797,389.805097451274
1364.65324384787,1150.88242605021,389.805097451274
1712.652249565,2294.30773054934,389.805097451274
1836.93760874969,1098.68257519264,389.805097451274
1941.33731046483,270.94208302262,389.805097451274
1946.30872483221,1737.50932140194,404.7976011994
1956.25155356699,270.94208302262,389.805097451274
1961.22296793438,1230.42505592841,374.812593703148
2073.0797912006,1824.50907283122,389.805097451274
2224.70792940592,862.540392741735,404.7976011994
218.742232165051,969.425801640567,404.7976011994
444.941585881183,1889.13745960726,419.790104947526
581.65548098434,2167.53666418096,419.790104947526
710.912254536416,1240.36788466319,419.790104947526
830.226199353716,1163.31096196868,404.7976011994
855.083271190654,402.684563758389,404.7976011994
971.911508824261,2100.42257022123,404.7976011994
1073.8255033557,554.312701963709,404.7976011994
1257.76783494904,2038.27989062888,404.7976011994
1309.96768580661,2311.7076808352,404.7976011994
1431.76733780761,1344.76758637832,404.7976011994
1444.19587372608,1357.19612229679,419.790104947526
1546.10986825752,171.513795674869,404.7976011994
1707.68083519761,2281.87919463087,404.7976011994
1749.93785732041,1590.85259756401,404.7976011994
1787.22346507581,193.885160328113,389.805097451274
1804.62341536167,2232.165050957,404.7976011994
1814.56624409645,1787.22346507581,404.7976011994
1844.39473030077,1111.11111111111,389.805097451274
2105.39398458862,1439.22445935869,419.790104947526
2192.3937360179,447.427293064877,389.805097451274
2304.25055928412,949.540144171017,419.790104947526
119.313944817301,1168.28237633607,419.790104947526
129.256773552076,1575.93835446184,419.790104947526
201.342281879195,909.768829231916,434.782608695652
380.313199105145,1464.08153119563,419.790104947526
439.970171513796,1881.68033805618,404.7976011994
594.084016902809,2157.59383544618,434.782608695652
668.655232413622,397.713149391002,404.7976011994
904.797414864529,601.54113845389,419.790104947526
1332.33905045986,2073.0797912006,419.790104947526
1342.28187919463,2068.10837683321,419.790104947526
1401.93885160328,1568.48123291076,434.782608695652
1419.33880188914,1565.99552572707,419.790104947526
1431.76733780761,1367.13895103157,404.7976011994
1461.59582401193,176.485210042257,434.782608695652
1474.0243599304,778.026348496147,419.790104947526
1516.28138205319,360.427541635595,419.790104947526
1536.16703952274,181.456624409645,419.790104947526
1551.08128262491,735.769326373353,419.790104947526
1553.5669898086,758.140691026597,419.790104947526
1558.53840417599,129.256773552076,434.782608695652
1901.56599552573,922.197365150385,419.790104947526
1916.48023862789,1101.16828237634,419.790104947526
1931.39448173005,1106.13969674372,419.790104947526
2107.87969177231,1419.33880188914,419.790104947526
2239.62217250808,857.568978374347,404.7976011994
208.799403430276,924.683072334079,434.782608695652
648.769574944072,2125.27964205817,449.775112443778
666.169525229928,2199.85085756898,449.775112443778
768.083519761372,437.484464330102,434.782608695652
760.626398210291,454.884414615958,419.790104947526
760.626398210291,2222.22222222222,434.782608695652
765.597812577678,2249.56500124285,434.782608695652
805.369127516779,1143.42530449913,419.790104947526
865.026099925429,1747.45215013671,434.782608695652
974.397216007954,1784.73775789212,434.782608695652
984.340044742729,2209.79368630375,419.790104947526
1352.22470792941,2271.9363658961,434.782608695652
1416.85309470544,1580.90976882923,419.790104947526
1523.73850360428,372.856077554064,434.782608695652
1551.08128262491,188.913745960726,419.790104947526
1782.25205070843,1098.68257519264,419.790104947526
1794.6805866269,1086.25403927417,434.782608695652
2194.87944320159,1782.25205070843,434.782608695652
206.313696246582,1630.62391250311,464.767616191904
492.170022371365,668.655232413622,449.775112443778
745.712155108128,2227.19363658961,449.775112443778
753.16927665921,2242.10787969177,449.775112443778
800.397713149391,2023.36564752672,449.775112443778
807.854834700472,1615.70966940094,449.775112443778
956.997265722098,2102.90827740492,449.775112443778
966.940094456873,1792.1948794432,434.782608695652
1178.22520507084,2130.25105642555,464.767616191904
1280.13919960229,897.340293313448,449.775112443778
1300.02485707184,909.768829231916,449.775112443778
1357.19612229679,996.768580661198,449.775112443778
1399.45314441959,1700.22371364653,449.775112443778
1441.71016654238,288.342033308476,464.767616191904
1551.08128262491,1449.16728809346,464.767616191904
1762.36639323888,1292.56773552076,449.775112443778
2063.13696246582,1667.90952025851,449.775112443778
310.71339796172,1667.90952025851,479.76011994003
559.284116331096,705.940840169028,479.76011994003
787.969177230922,1240.36788466319,464.767616191904
805.369127516779,1143.42530449913,449.775112443778
847.626149639573,1859.30897340293,464.767616191904
927.168779517773,2259.50782997763,449.775112443778
1295.05344270445,2145.16529952772,479.76011994003
1314.939100174,1319.91051454139,464.767616191904
1337.31046482724,1014.16853094705,449.775112443778
1493.91001739995,2015.90852597564,479.76011994003
1891.62316679095,469.798657718121,464.767616191904
1896.59458115834,452.398707432264,464.767616191904
2020.87994034303,666.169525229928,479.76011994003
2040.76559781258,832.71190653741,464.767616191904
2189.9080288342,802.883420333085,479.76011994003
290.82774049217,1650.50956997266,479.76011994003
308.227690778026,1650.50956997266,479.76011994003
365.398956002983,1173.25379070346,494.752623688156
375.341784737758,1155.8538404176,494.752623688156
387.770320656227,1215.51081282625,479.76011994003
395.227442207308,1208.05369127517,494.752623688156
472.284364901815,1150.88242605021,479.76011994003
477.255779269202,2005.96569724086,464.767616191904
551.826994780015,725.826497638578,479.76011994003
554.312701963709,1471.53865274671,494.752623688156
795.426298782004,1230.42505592841,479.76011994003
802.883420333085,2010.93711160825,464.767616191904
882.426050211285,780.512055679841,494.752623688156
959.482972905792,1613.22396221725,479.76011994003
1265.22495650012,318.170519512801,494.752623688156
1309.96768580661,2157.59383544618,479.76011994003
1339.79617201094,1039.02560278399,479.76011994003
1481.48148148148,178.970917225951,464.767616191904
1481.48148148148,2137.70817797663,479.76011994003
1483.96718866518,1998.50857568978,464.767616191904
1578.42406164554,283.370618941089,479.76011994003
1779.76634352473,1389.51031568481,479.76011994003
1779.76634352473,1575.93835446184,479.76011994003
477.255779269202,1996.02286850609,479.76011994003
556.798409147402,1456.62440964454,494.752623688156
601.54113845389,2000.99428287348,494.752623688156
942.083022619935,1961.22296793438,494.752623688156
949.540144171017,1973.65150385285,494.752623688156
956.997265722098,2100.42257022123,479.76011994003
1478.99577429779,1240.36788466319,479.76011994003
1667.90952025851,1270.19637086751,509.745127436282
1749.93785732041,1861.79468058663,479.76011994003
1754.9092716878,1871.7375093214,494.752623688156
1802.13770817798,1844.39473030077,494.752623688156
357.941834451902,820.283370618941,509.745127436282
360.427541635595,797.912005965697,509.745127436282
370.37037037037,1220.48222719364,494.752623688156
546.855580412627,907.283122048223,494.752623688156
805.369127516779,1066.36838180462,509.745127436282
817.797663435247,1048.96843151877,524.737631184408
939.597315436242,1687.79517772806,524.737631184408
944.568729803629,2087.99403430276,494.752623688156
954.511558538404,753.16927665921,494.752623688156
959.482972905792,2085.50832711907,509.745127436282
1051.45413870246,1270.19637086751,494.752623688156
1210.53939845886,1722.59507829978,494.752623688156
1290.08202833706,1650.50956997266,524.737631184408
1300.02485707184,1337.31046482724,509.745127436282
1300.02485707184,1312.45339299031,509.745127436282
1314.939100174,1677.85234899329,509.745127436282
1329.85334327616,1034.0541884166,494.752623688156
1409.39597315436,1876.70892368879,509.745127436282
1474.0243599304,745.712155108128,509.745127436282
1506.33855331842,1091.22545364156,509.745127436282
1513.7956748695,1071.33979617201,509.745127436282
1546.10986825752,1344.76758637832,509.745127436282
1546.10986825752,1322.39622172508,509.745127436282
1585.88118319662,1068.85408898832,524.737631184408
1667.90952025851,1252.79642058166,509.745127436282
1660.45239870743,1247.82500621427,524.737631184408
1695.25229927915,760.626398210291,524.737631184408
1789.70917225951,1836.93760874969,509.745127436282
1854.33755903555,1906.53740989311,494.752623688156
2020.87994034303,681.08376833209,494.752623688156
2025.85135471042,683.569475515784,494.752623688156
2112.8511061397,1575.93835446184,524.737631184408
343.027591349739,812.82624906786,509.745127436282
372.856077554064,815.311956251554,524.737631184408
387.770320656227,1225.45364156102,524.737631184408
464.827243350733,1148.39671886652,509.745127436282
536.912751677852,899.826000497141,509.745127436282
708.426547352722,410.141685309471,509.745127436282
785.483470047228,397.713149391002,524.737631184408
792.94059159831,1039.02560278399,509.745127436282
795.426298782004,1034.0541884166,509.745127436282
929.654486701467,1675.36664180959,509.745127436282
939.597315436242,2087.99403430276,509.745127436282
952.02585135471,758.140691026597,524.737631184408
1046.48272433507,1270.19637086751,509.745127436282
1108.62540392742,2157.59383544618,524.737631184408
1205.56798409147,1732.53790703455,509.745127436282
1277.65349241859,1623.16679095203,524.737631184408
1327.36763609247,1029.08277404922,509.745127436282
1469.05294556301,730.797912005966,524.737631184408
1474.0243599304,2132.73676360925,509.745127436282
1573.45264727815,1081.28262490679,524.737631184408
1657.96669152374,899.826000497141,524.737631184408
1739.99502858563,1859.30897340293,509.745127436282
1933.88018891375,606.512552821278,539.730134932534
372.856077554064,1175.73949788715,524.737631184408
377.827491921452,822.769077802635,524.737631184408
395.227442207308,1227.93934874472,524.737631184408
449.913000248571,1516.28138205319,539.730134932534
521.99850857569,989.311459110117,539.730134932534
541.88416604524,902.311707680835,539.730134932534
546.855580412627,1394.4817300522,554.72263868066
574.198359433259,566.741237882178,539.730134932534
613.969674372359,656.226696495153,539.730134932534
728.312204822272,410.141685309471,524.737631184408
882.426050211285,1732.53790703455,539.730134932534
894.854586129754,1747.45215013671,539.730134932534
937.111608252548,1675.36664180959,524.737631184408
937.111608252548,748.197862291822,539.730134932534
947.054436987323,2087.99403430276,524.737631184408
952.02585135471,740.740740740741,524.737631184408
952.02585135471,1973.65150385285,524.737631184408
964.454387273179,2085.50832711907,524.737631184408
964.454387273179,758.140691026597,524.737631184408
969.425801640567,765.597812577678,524.737631184408
1210.53939845886,1720.10937111608,524.737631184408
1466.56723837932,1774.79492915735,539.730134932534
1483.96718866518,1886.65175242356,539.730134932534
1593.3383047477,2065.62266964952,539.730134932534
1752.4235645041,561.76982351479,554.72263868066
517.027094208302,1712.652249565,539.730134932534
919.711657966692,1996.02286850609,539.730134932534
939.597315436242,1660.45239870743,539.730134932534
1148.39671886652,2130.25105642555,539.730134932534
1155.8538404176,504.598558289833,539.730134932534
1163.31096196868,2130.25105642555,539.730134932534
1178.22520507084,1657.96669152374,554.72263868066
1200.59656972409,2063.13696246582,554.72263868066
1232.91076311211,1180.71091225454,539.730134932534
1235.3964702958,2122.79393487447,554.72263868066
1257.76783494904,2120.30822769078,539.730134932534
1317.42480735769,586.626895351728,584.707646176912
1337.31046482724,596.569724086503,569.715142428786
1374.59607258265,1103.65398956003,539.730134932534
1394.4817300522,514.541387024609,554.72263868066
1742.48073576933,1491.42431021626,569.715142428786
1772.30922197365,556.798409147402,569.715142428786
1953.7658463833,1287.59632115337,539.730134932534
2087.99403430276,1451.65299527716,539.730134932534
504.598558289833,1707.68083519761,569.715142428786
509.569972657221,989.311459110117,554.72263868066
517.027094208302,1680.33805617698,554.72263868066
561.76982351479,566.741237882178,554.72263868066
663.683818046234,1710.16654238131,569.715142428786
773.05493412876,1389.51031568481,584.707646176912
894.854586129754,892.36887894606,584.707646176912
927.168779517773,748.197862291822,554.72263868066
937.111608252548,758.140691026597,554.72263868066
1101.16828237634,2155.10812826249,554.72263868066
1133.48247576436,1923.93736017897,569.715142428786
1150.88242605021,499.627143922446,554.72263868066
1160.82525478499,509.569972657221,554.72263868066
1163.31096196868,502.11285110614,554.72263868066
1180.71091225454,1645.53815560527,554.72263868066
1225.45364156102,1175.73949788715,569.715142428786
1242.85359184688,2132.73676360925,554.72263868066
1247.82500621427,2117.82252050708,554.72263868066
1250.31071339796,2122.79393487447,554.72263868066
1367.13895103157,1106.13969674372,554.72263868066
1379.56748695004,1111.11111111111,554.72263868066
1583.39547601293,1068.85408898832,554.72263868066
1657.96669152374,1476.51006711409,584.707646176912
1710.16654238131,1506.33855331842,569.715142428786
1725.08078548347,1501.36713895103,554.72263868066
1735.02361421825,1478.99577429779,569.715142428786
2003.47999005717,1183.19661943823,584.707646176912
526.969922943077,1695.25229927915,569.715142428786
718.369376087497,952.02585135471,584.707646176912
815.311956251554,899.826000497141,599.700149925038
810.340541884166,882.426050211285,584.707646176912
830.226199353716,484.712900820283,584.707646176912
1135.96818294805,1933.88018891375,584.707646176912
1476.51006711409,1056.42555306985,599.700149925038
1643.05244842158,1461.59582401193,599.700149925038
1725.08078548347,1275.1677852349,584.707646176912
1730.05219985086,1262.73924931643,584.707646176912
1742.48073576933,1511.30996768581,569.715142428786
1866.76609495401,800.397713149391,599.700149925038
1948.79443201591,1287.59632115337,584.707646176912
507.084265473527,1382.05319413373,599.700149925038
790.454884414616,579.169773800646,599.700149925038
835.197613721104,499.627143922446,584.707646176912
832.71190653741,544.369873228934,599.700149925038
882.426050211285,1707.68083519761,584.707646176912
1160.82525478499,1953.7658463833,614.692653673163
1155.8538404176,1968.68008948546,599.700149925038
1292.56773552076,1725.08078548347,614.692653673163
1342.28187919463,576.684066616953,584.707646176912
1377.08177976634,1078.79691772309,599.700149925038
1387.02460850112,1081.28262490679,599.700149925038
1516.28138205319,549.341287596321,614.692653673163
1831.9661943823,753.16927665921,599.700149925038
1926.42306736266,1247.82500621427,599.700149925038
601.54113845389,1483.96718866518,599.700149925038
750.683569475516,760.626398210291,599.700149925038
1304.99627143922,1695.25229927915,614.692653673163
1322.39622172508,778.026348496147,629.685157421289
1536.16703952274,897.340293313448,614.692653673163
1610.73825503356,1839.42331593338,614.692653673163
1720.10937111608,1506.33855331842,599.700149925038
1834.451901566,1111.11111111111,599.700149925038
1846.88043748446,1098.68257519264,629.685157421289
1913.9945314442,1312.45339299031,614.692653673163
519.512801391996,1382.05319413373,614.692653673163
536.912751677852,1076.3112105394,614.692653673163
536.912751677852,1088.73974645787,629.685157421289
611.483967188665,1483.96718866518,629.685157421289
713.397961720109,1150.88242605021,644.677661169415
763.112105393985,760.626398210291,629.685157421289
785.483470047228,1389.51031568481,614.692653673163
805.369127516779,576.684066616953,614.692653673163
827.740492170022,879.940343027591,614.692653673163
847.626149639573,544.369873228934,614.692653673163
897.340293313448,1707.68083519761,614.692653673163
907.283122048223,889.883171762366,614.692653673163
1173.25379070346,1966.19438230176,629.685157421289
1297.53914988814,1710.16654238131,629.685157421289
1327.36763609247,758.140691026597,629.685157421289
1327.36763609247,1655.48098434004,644.677661169415
1337.31046482724,1638.08103405419,629.685157421289
1391.99602286851,1078.79691772309,614.692653673163
1774.79492915735,1439.22445935869,644.677661169415
1794.6805866269,1434.2530449913,644.677661169415
1799.65200099428,1267.71066368382,644.677661169415
1802.13770817798,1501.36713895103,644.677661169415
1802.13770817798,1513.7956748695,629.685157421289
1809.59482972906,1469.05294556301,629.685157421289
1807.10912254536,1486.45289584887,644.677661169415
1829.48048719861,1046.48272433507,644.677661169415
1844.39473030077,1043.99701715138,629.685157421289
1856.82326621924,1098.68257519264,614.692653673163
584.141188168034,1232.91076311211,644.677661169415
862.540392741735,1434.2530449913,644.677661169415
932.14019388516,661.19811086254,644.677661169415
961.968680089485,1697.73800646284,644.677661169415
1098.68257519264,1648.02386278896,659.670164917541
1267.71066368382,1635.59532687049,644.677661169415
1275.1677852349,1623.16679095203,644.677661169415
1287.59632115337,1635.59532687049,644.677661169415
1406.91026597067,723.340790454884,659.670164917541
1695.25229927915,835.197613721104,659.670164917541
1784.73775789212,1257.76783494904,659.670164917541
1362.16753666418,1697.73800646284,659.670164917541
1391.99602286851,1727.56649266716,659.670164917541
1396.96743723589,1712.652249565,659.670164917541
1488.93860303256,1461.59582401193,674.662668665667
1757.39497887149,1342.28187919463,689.655172413793
807.854834700472,1498.88143176734,689.655172413793
1116.0825254785,817.797663435247,674.662668665667
1183.19661943823,1662.93810589113,674.662668665667
1190.65374098931,1672.8809346259,674.662668665667
1334.82475764355,1046.48272433507,689.655172413793
1488.93860303256,1377.08177976634,689.655172413793
1488.93860303256,1364.65324384787,704.647676161919
1526.22421078797,964.454387273179,674.662668665667
1551.08128262491,964.454387273179,689.655172413793
994.282873477504,1548.59557544121,704.647676161919
1014.16853094705,1551.08128262491,674.662668665667
1106.13969674372,1503.85284613473,674.662668665667
1116.0825254785,1130.99676858066,704.647676161919
1536.16703952274,954.511558538404,689.655172413793
1563.50981854338,1391.99602286851,704.647676161919
1804.62341536167,1469.05294556301,674.662668665667
1001.73999502859,1531.19562515536,704.647676161919
1086.25403927417,1648.02386278896,689.655172413793
1096.19686800895,1496.39572458364,704.647676161919
1093.71116082525,1511.30996768581,704.647676161919
1106.13969674372,812.82624906786,704.647676161919
1108.62540392742,825.254784986329,689.655172413793
1118.56823266219,1513.7956748695,704.647676161919
1183.19661943823,1672.8809346259,704.647676161919
1257.76783494904,1111.11111111111,704.647676161919
1491.42431021626,1113.5968182948,704.647676161919
1493.91001739995,1101.16828237634,704.647676161919
1270.19637086751,1116.0825254785,719.640179910045
1359.68182948049,1697.73800646284,719.640179910045
1481.48148148148,1379.56748695004,719.640179910045
