4.97141436738752,1265.22495650012,29.9850074962519
22.3713646532438,1705.19512801392,29.9850074962519
37.2856077554064,1585.88118319662,14.9925037481259
42.2570221227939,1630.62391250311,14.9925037481259
52.199850857569,1961.22296793438,29.9850074962519
54.6855580412627,907.283122048223,44.9775112443778
151.628138205319,1078.79691772309,29.9850074962519
211.28511061397,2276.90778026349,29.9850074962519
318.170519512801,382.798906288839,29.9850074962519
333.084762614964,1287.59632115337,44.9775112443778
355.456127268208,1272.68207805121,44.9775112443778
362.913248819289,223.713646532438,29.9850074962519
380.313199105145,198.856574695501,29.9850074962519
382.798906288839,258.513547104151,29.9850074962519
420.084514044246,241.113596818295,29.9850074962519
514.541387024609,2271.9363658961,14.9925037481259
539.398458861546,2227.19363658961,14.9925037481259
544.369873228934,1558.53840417599,29.9850074962519
569.226945065871,755.654983842903,14.9925037481259
589.112602535421,800.397713149391,29.9850074962519
596.569724086503,738.255033557047,29.9850074962519
606.512552821278,785.483470047228,14.9925037481259
623.912503107134,790.454884414616,14.9925037481259
626.398210290828,768.083519761372,14.9925037481259
636.341039025603,735.769326373353,29.9850074962519
641.31245339299,805.369127516779,14.9925037481259
641.31245339299,820.283370618941,29.9850074962519
815.311956251554,1071.33979617201,14.9925037481259
817.797663435247,1034.0541884166,14.9925037481259
857.568978374347,1501.36713895103,44.9775112443778
857.568978374347,1384.53890131742,44.9775112443778
932.14019388516,1991.0514541387,44.9775112443778
1135.96818294805,693.512304250559,29.9850074962519
1135.96818294805,673.626646781009,29.9850074962519
1155.8538404176,713.397961720109,29.9850074962519
1163.31096196868,623.912503107134,14.9925037481259
1180.71091225454,723.340790454884,29.9850074962519
1178.22520507084,566.741237882178,29.9850074962519
1178.22520507084,708.426547352722,29.9850074962519
1193.13944817301,611.483967188665,14.9925037481259
1193.13944817301,703.455132985334,29.9850074962519
1198.11086254039,730.797912005966,29.9850074962519
1208.05369127517,636.341039025603,29.9850074962519
1213.02510564256,728.312204822272,29.9850074962519
1225.45364156102,735.769326373353,29.9850074962519
1265.22495650012,720.855083271191,29.9850074962519
1280.13919960229,728.312204822272,29.9850074962519
1446.68158090977,1620.68108376833,14.9925037481259
1454.13870246085,1630.62391250311,14.9925037481259
1660.45239870743,206.313696246582,29.9850074962519
1812.08053691275,1389.51031568481,29.9850074962519
1836.93760874969,1394.4817300522,14.9925037481259
1839.42331593338,1553.5669898086,14.9925037481259
1841.90902311708,2286.85060899826,14.9925037481259
1866.76609495401,1568.48123291076,29.9850074962519
1931.39448173005,146.656723837932,14.9925037481259
1941.33731046483,1913.9945314442,14.9925037481259
1951.2801391996,1901.56599552573,14.9925037481259
1953.7658463833,1909.02311707681,14.9925037481259
1991.0514541387,1901.56599552573,29.9850074962519
2015.90852597564,1881.68033805618,14.9925037481259
2030.8227690778,1869.25180213771,14.9925037481259
2035.79418344519,616.455381556053,29.9850074962519
2132.73676360925,524.484215759384,29.9850074962519
2222.22222222222,718.369376087497,44.9775112443778
2341.53616703952,442.455878697489,29.9850074962519
2344.02187422322,57.1712652249565,29.9850074962519
2403.67884663187,1126.02535421327,29.9850074962519
2448.42157593835,1096.19686800895,29.9850074962519
2468.3072334079,410.141685309471,29.9850074962519
2473.27864777529,1053.93984588615,29.9850074962519
159.085259756401,1091.22545364156,44.9775112443778
447.427293064877,1135.96818294805,44.9775112443778
663.683818046234,1416.85309470544,59.9700149925037
800.397713149391,1976.13721103654,59.9700149925037
837.683320904797,1026.59706686552,44.9775112443778
842.654735272185,1498.88143176734,44.9775112443778
852.59756400696,1486.45289584887,44.9775112443778
855.083271190654,1034.0541884166,44.9775112443778
852.59756400696,1516.28138205319,29.9850074962519
897.340293313448,723.340790454884,44.9775112443778
939.597315436242,2005.96569724086,44.9775112443778
942.083022619935,561.76982351479,59.9700149925037
1444.19587372608,1638.08103405419,29.9850074962519
1536.16703952274,2063.13696246582,44.9775112443778
1536.16703952274,2050.70842654735,44.9775112443778
1831.9661943823,1404.42455878698,29.9850074962519
1834.451901566,1563.50981854338,29.9850074962519
1836.93760874969,2299.27914491673,44.9775112443778
1923.93736017897,2291.82202336565,44.9775112443778
1938.85160328113,1921.45165299528,44.9775112443778
1951.2801391996,1921.45165299528,29.9850074962519
2010.93711160825,1894.10887397465,29.9850074962519
2135.22247079294,2334.07904548844,44.9775112443778
54.6855580412627,1812.08053691275,59.9700149925037
124.285359184688,1451.65299527716,59.9700149925037
156.599552572707,472.284364901815,59.9700149925037
176.485210042257,477.255779269202,74.9625187406297
370.37037037037,850.111856823266,59.9700149925037
432.513049962714,1551.08128262491,74.9625187406297
439.970171513796,1126.02535421327,59.9700149925037
494.655729555058,959.482972905792,44.9775112443778
499.627143922446,942.083022619935,59.9700149925037
524.484215759384,2170.02237136465,74.9625187406297
534.427044494159,2142.67959234402,74.9625187406297
638.826746209297,1909.02311707681,44.9775112443778
743.226447924435,1307.48197862292,59.9700149925037
830.226199353716,1039.02560278399,44.9775112443778
842.654735272185,1518.76708923689,44.9775112443778
845.140442455879,1041.51130996769,59.9700149925037
942.083022619935,1829.48048719861,59.9700149925037
952.02585135471,1471.53865274671,74.9625187406297
1203.08227690778,718.369376087497,44.9775112443778
1324.88192890877,857.568978374347,74.9625187406297
1332.33905045986,763.112105393985,59.9700149925037
1548.59557544121,1633.1096196868,44.9775112443778
1630.62391250311,952.02585135471,74.9625187406297
1645.53815560527,934.625901068854,74.9625187406297
1933.88018891375,144.171016654238,44.9775112443778
1936.36589609744,2301.76485210042,44.9775112443778
1936.36589609744,2174.99378573204,44.9775112443778
2087.99403430276,1799.65200099428,44.9775112443778
2209.79368630375,703.455132985334,44.9775112443778
2361.42182450907,897.340293313448,59.9700149925037
2383.79318916232,164.056674123788,59.9700149925037
62.142679592344,1784.73775789212,74.9625187406297
139.199602286851,472.284364901815,59.9700149925037
171.513795674869,494.655729555058,59.9700149925037
171.513795674869,683.569475515784,59.9700149925037
161.570966940094,673.626646781009,104.947526236882
377.827491921452,860.054685558041,59.9700149925037
472.284364901815,345.513298533433,74.9625187406297
509.569972657221,2192.3937360179,74.9625187406297
509.569972657221,2157.59383544618,74.9625187406297
509.569972657221,949.540144171017,59.9700149925037
549.341287596321,2142.67959234402,59.9700149925037
686.055182699478,586.626895351728,59.9700149925037
768.083519761372,434.998757146408,59.9700149925037
872.48322147651,802.883420333085,59.9700149925037
947.054436987323,611.483967188665,59.9700149925037
1282.62490678598,233.656475267214,59.9700149925037
1533.68133233905,2073.0797912006,59.9700149925037
1538.65274670644,1625.65249813572,59.9700149925037
1546.10986825752,1645.53815560527,59.9700149925037
1553.5669898086,1643.05244842158,59.9700149925037
1687.79517772806,208.799403430276,59.9700149925037
1702.70942083023,512.055679840915,59.9700149925037
1923.93736017897,2301.76485210042,59.9700149925037
1936.36589609744,2311.7076808352,59.9700149925037
1938.85160328113,2184.93661446682,59.9700149925037
1938.85160328113,2194.87944320159,59.9700149925037
1941.33731046483,149.142431021626,59.9700149925037
1963.70867511807,1913.9945314442,59.9700149925037
2090.47974148645,1809.59482972906,59.9700149925037
2207.30797912006,738.255033557047,59.9700149925037
2209.79368630375,708.426547352722,59.9700149925037
2222.22222222222,1334.82475764355,59.9700149925037
2237.13646532438,735.769326373353,74.9625187406297
151.628138205319,464.827243350733,74.9625187406297
169.028088491176,646.283867760378,89.9550224887556
169.028088491176,487.198608003977,74.9625187406297
171.513795674869,663.683818046234,74.9625187406297
482.22719363659,333.084762614964,74.9625187406297
507.084265473527,2184.93661446682,74.9625187406297
517.027094208302,2142.67959234402,74.9625187406297
529.455630126771,2182.45090728312,89.9550224887556
526.969922943077,2122.79393487447,74.9625187406297
539.398458861546,2157.59383544618,89.9550224887556
638.826746209297,2329.10763112105,89.9550224887556
683.569475515784,581.65548098434,104.947526236882
755.654983842903,1739.99502858563,89.9550224887556
765.597812577678,427.541635595327,89.9550224887556
869.997514292816,795.426298782004,89.9550224887556
897.340293313448,715.883668903803,74.9625187406297
942.083022619935,601.54113845389,89.9550224887556
947.054436987323,1861.79468058663,89.9550224887556
1116.0825254785,1911.5088242605,89.9550224887556
1282.62490678598,226.199353716132,74.9625187406297
1334.82475764355,753.16927665921,74.9625187406297
1419.33880188914,464.827243350733,89.9550224887556
1536.16703952274,1613.22396221725,89.9550224887556
1548.59557544121,1633.1096196868,89.9550224887556
1690.28088491176,201.342281879195,74.9625187406297
1695.25229927915,211.28511061397,74.9625187406297
1702.70942083023,502.11285110614,104.947526236882
1705.19512801392,253.542132736764,89.9550224887556
1732.53790703455,253.542132736764,89.9550224887556
1936.36589609744,2301.76485210042,74.9625187406297
1958.73726075068,1916.48023862789,89.9550224887556
1968.68008948546,1906.53740989311,89.9550224887556
1976.13721103654,1921.45165299528,104.947526236882
2090.47974148645,1799.65200099428,74.9625187406297
2132.73676360925,2321.65050956997,74.9625187406297
2179.96520009943,1111.11111111111,74.9625187406297
2192.3937360179,1118.56823266219,89.9550224887556
2227.19363658961,1324.88192890877,104.947526236882
2239.62217250808,700.969425801641,74.9625187406297
2358.93611732538,884.911757394979,74.9625187406297
2383.79318916232,156.599552572707,74.9625187406297
2453.39299030574,2130.25105642555,89.9550224887556
2460.85011185682,1337.31046482724,74.9625187406297
104.399701715138,1185.68232662192,89.9550224887556
141.685309470544,974.397216007954,104.947526236882
176.485210042257,691.026597066866,119.940029985007
382.798906288839,169.028088491176,104.947526236882
437.484464330102,1871.7375093214,119.940029985007
444.941585881183,1891.62316679095,104.947526236882
499.627143922446,2174.99378573204,89.9550224887556
512.055679840915,1195.6251553567,104.947526236882
544.369873228934,2132.73676360925,104.947526236882
656.226696495153,2269.4506587124,104.947526236882
715.883668903803,1951.2801391996,119.940029985007
725.826497638578,1966.19438230176,104.947526236882
733.283619189659,1933.88018891375,119.940029985007
775.540641312453,1824.50907283122,104.947526236882
792.94059159831,1824.50907283122,104.947526236882
807.854834700472,524.484215759384,104.947526236882
1006.71140939597,2336.56475267214,104.947526236882
1019.13994531444,2341.53616703952,104.947526236882
1063.88267462093,1374.59607258265,104.947526236882
1173.25379070346,1787.22346507581,119.940029985007
1215.51081282625,1456.62440964454,104.947526236882
1354.7104151131,1864.28038777032,119.940029985007
1421.82450907283,449.913000248571,104.947526236882
1496.39572458364,1981.10862540393,104.947526236882
1503.85284613473,2478.25006214268,104.947526236882
1533.68133233905,248.570718369376,89.9550224887556
1543.62416107383,243.599304001989,89.9550224887556
1548.59557544121,263.484961471539,104.947526236882
1712.652249565,265.970668655232,104.947526236882
1715.13795674869,253.542132736764,89.9550224887556
1822.02336564753,313.199105145414,104.947526236882
1956.25155356699,909.768829231916,104.947526236882
1958.73726075068,1889.13745960726,104.947526236882
2020.87994034303,49.7141436738752,104.947526236882
2078.05120556798,753.16927665921,104.947526236882
2085.50832711907,768.083519761372,104.947526236882
2306.73626646781,631.369624658215,104.947526236882
2431.0216256525,462.34153616704,89.9550224887556
151.628138205319,688.540889883172,104.947526236882
161.570966940094,723.340790454884,119.940029985007
159.085259756401,703.455132985334,104.947526236882
171.513795674869,713.397961720109,119.940029985007
305.741983594333,1553.5669898086,134.932533733133
380.313199105145,1319.91051454139,104.947526236882
517.027094208302,1538.65274670644,119.940029985007
559.284116331096,2242.10787969177,119.940029985007
569.226945065871,2222.22222222222,119.940029985007
584.141188168034,1399.45314441959,104.947526236882
653.740989311459,2247.07929405916,119.940029985007
656.226696495153,2232.165050957,119.940029985007
668.655232413622,1183.19661943823,134.932533733133
671.140939597315,2281.87919463087,119.940029985007
678.598061148397,2254.53641561024,119.940029985007
715.883668903803,1938.85160328113,119.940029985007
735.769326373353,1951.2801391996,104.947526236882
743.226447924435,1963.70867511807,104.947526236882
780.512055679841,69.5998011434253,119.940029985007
1058.91126025354,1633.1096196868,134.932533733133
1153.36813323391,343.027591349739,119.940029985007
1195.6251553567,1446.68158090977,119.940029985007
1205.56798409147,1459.11011682824,104.947526236882
1247.82500621427,1250.31071339796,119.940029985007
1300.02485707184,2127.76534924186,119.940029985007
1377.08177976634,2324.13621675367,134.932533733133
1488.93860303256,2224.70792940592,119.940029985007
1605.76684066617,700.969425801641,119.940029985007
1742.48073576933,2261.99353716132,104.947526236882
1757.39497887149,2257.02212279394,119.940029985007
1834.451901566,1799.65200099428,119.940029985007
1841.90902311708,2162.56524981357,104.947526236882
1851.85185185185,2179.96520009943,119.940029985007
1901.56599552573,2107.87969177231,104.947526236882
1946.30872483221,1901.56599552573,104.947526236882
1986.08003977131,1921.45165299528,104.947526236882
2000.99428287348,1916.48023862789,119.940029985007
1998.50857568978,1911.5088242605,104.947526236882
2197.36515038528,2095.45115585384,104.947526236882
2212.27939348745,2097.93686303753,119.940029985007
2334.07904548844,904.797414864529,119.940029985007
2339.05045985583,892.36887894606,134.932533733133
2433.50733283619,347.999005717127,119.940029985007
104.399701715138,780.512055679841,134.932533733133
144.171016654238,1476.51006711409,134.932533733133
176.485210042257,663.683818046234,119.940029985007
178.970917225951,673.626646781009,134.932533733133
188.913745960726,681.08376833209,119.940029985007
188.913745960726,710.912254536416,134.932533733133
196.370867511807,693.512304250559,119.940029985007
308.227690778026,1575.93835446184,134.932533733133
407.655978125777,830.226199353716,119.940029985007
437.484464330102,14.9142431021626,119.940029985007
524.484215759384,1203.08227690778,134.932533733133
524.484215759384,1213.02510564256,119.940029985007
529.455630126771,1546.10986825752,119.940029985007
594.084016902809,1359.68182948049,134.932533733133
658.712403678847,1836.93760874969,134.932533733133
671.140939597315,2239.62217250808,119.940029985007
671.140939597315,1856.82326621924,134.932533733133
688.540889883172,1846.88043748446,134.932533733133
1029.08277404922,574.198359433259,134.932533733133
1145.91101168282,420.084514044246,119.940029985007
1158.33954760129,417.598806860552,134.932533733133
1394.4817300522,1036.5398956003,119.940029985007
1391.99602286851,2237.13646532438,134.932533733133
1404.42455878698,1158.33954760129,134.932533733133
1399.45314441959,1991.0514541387,134.932533733133
1404.42455878698,1140.93959731544,134.932533733133
1411.88168033806,1707.68083519761,149.925037481259
1466.56723837932,735.769326373353,134.932533733133
1491.42431021626,2239.62217250808,119.940029985007
1503.85284613473,1983.59433258762,119.940029985007
1513.7956748695,1784.73775789212,134.932533733133
1511.30996768581,2480.73576932637,119.940029985007
1620.68108376833,723.340790454884,134.932533733133
1692.76659209545,700.969425801641,134.932533733133
1749.93785732041,2266.96495152871,119.940029985007
1764.85210042257,2266.96495152871,119.940029985007
1849.36614466816,2157.59383544618,119.940029985007
1909.02311707681,2110.365398956,119.940029985007
2087.99403430276,755.654983842903,119.940029985007
2192.3937360179,1613.22396221725,149.925037481259
2361.42182450907,897.340293313448,134.932533733133
2418.59308973403,253.542132736764,134.932533733133
2435.99304001989,469.798657718121,119.940029985007
2438.47874720358,464.827243350733,119.940029985007
119.313944817301,345.513298533433,149.925037481259
124.285359184688,1332.33905045986,164.917541229385
124.285359184688,325.627641063883,149.925037481259
136.713895103157,887.397464578673,149.925037481259
338.056176982351,489.684315187671,149.925037481259
343.027591349739,2254.53641561024,149.925037481259
350.48471290082,487.198608003977,149.925037481259
377.827491921452,270.94208302262,134.932533733133
380.313199105145,1314.939100174,134.932533733133
380.313199105145,1324.88192890877,134.932533733133
385.284613472533,1332.33905045986,134.932533733133
574.198359433259,1255.28212776535,149.925037481259
604.026845637584,1349.73900074571,149.925037481259
666.169525229928,2266.96495152871,134.932533733133
678.598061148397,1874.2232165051,149.925037481259
733.283619189659,1951.2801391996,134.932533733133
743.226447924435,693.512304250559,149.925037481259
773.05493412876,1029.08277404922,149.925037481259
805.369127516779,2023.36564752672,149.925037481259
825.254784986329,942.083022619935,149.925037481259
1019.13994531444,564.255530698484,149.925037481259
1153.36813323391,310.71339796172,149.925037481259
1163.31096196868,300.770569226945,164.917541229385
1302.51056425553,1739.99502858563,134.932533733133
1304.99627143922,7.45712155108128,149.925037481259
1329.85334327616,407.655978125777,134.932533733133
1337.31046482724,2187.42232165051,134.932533733133
1389.51031568481,1046.48272433507,134.932533733133
1414.36738752175,2107.87969177231,134.932533733133
1593.3383047477,912.25453641561,164.917541229385
2058.16554809843,285.856326124783,134.932533733133
2301.76485210042,1498.88143176734,134.932533733133
2319.16480238628,1511.30996768581,164.917541229385
2401.19313944817,1998.50857568978,134.932533733133
2403.67884663187,218.742232165051,134.932533733133
2418.59308973403,231.17076808352,134.932533733133
4.97141436738752,1657.96669152374,149.925037481259
347.999005717127,2247.07929405916,149.925037481259
360.427541635595,246.085011185682,164.917541229385
691.026597066866,1856.82326621924,164.917541229385
785.483470047228,1034.0541884166,149.925037481259
850.111856823266,1667.90952025851,179.910044977511
850.111856823266,1638.08103405419,179.910044977511
874.968928660204,1630.62391250311,179.910044977511
862.540392741735,1657.96669152374,149.925037481259
984.340044742729,1749.93785732041,164.917541229385
1175.73949788715,303.256276410639,164.917541229385
1222.96793437733,1774.79492915735,164.917541229385
1235.3964702958,1772.30922197365,164.917541229385
1250.31071339796,392.741735023614,164.917541229385
1290.08202833706,1739.99502858563,164.917541229385
1295.05344270445,17.3999502858563,149.925037481259
1304.99627143922,879.940343027591,179.910044977511
1327.36763609247,879.940343027591,164.917541229385
1317.42480735769,410.141685309471,164.917541229385
1329.85334327616,2184.93661446682,149.925037481259
1329.85334327616,417.598806860552,164.917541229385
1391.99602286851,1143.42530449913,149.925037481259
1394.4817300522,2112.8511061397,164.917541229385
1406.91026597067,2107.87969177231,149.925037481259
1451.65299527716,738.255033557047,149.925037481259
1478.99577429779,2222.22222222222,149.925037481259
1506.33855331842,611.483967188665,164.917541229385
1501.36713895103,1784.73775789212,149.925037481259
1523.73850360428,604.026845637584,149.925037481259
1526.22421078797,611.483967188665,164.917541229385
1580.90976882923,914.740243599304,164.917541229385
1717.62366393239,517.027094208302,179.910044977511
1976.13721103654,290.82774049217,179.910044977511
2045.73701217997,280.884911757395,164.917541229385
2060.65125528213,295.799154859558,164.917541229385
2130.25105642555,750.683569475516,164.917541229385
2150.1367138951,1583.39547601293,164.917541229385
2294.30773054934,1501.36713895103,164.917541229385
2319.16480238628,892.36887894606,149.925037481259
2326.62192393736,1250.31071339796,164.917541229385
2396.22172508079,2000.99428287348,164.917541229385
2391.2503107134,223.713646532438,149.925037481259
2393.73601789709,641.31245339299,164.917541229385
2408.65026099925,256.027839920457,149.925037481259
2406.16455381556,233.656475267214,149.925037481259
2421.07879691772,347.999005717127,149.925037481259
99.4282873477504,340.541884166045,164.917541229385
104.399701715138,325.627641063883,164.917541229385
114.342530449913,328.113348247576,164.917541229385
347.999005717127,1859.30897340293,179.910044977511
343.027591349739,2346.50758140691,179.910044977511
541.88416604524,1071.33979617201,179.910044977511
554.312701963709,1076.3112105394,179.910044977511
693.512304250559,556.798409147402,179.910044977511
700.969425801641,566.741237882178,179.910044977511
708.426547352722,1352.22470792941,194.902548725637
884.911757394979,1605.76684066617,194.902548725637
999.254287844892,1759.88068605518,164.917541229385
1056.42555306985,1844.39473030077,194.902548725637
1066.36838180462,1834.451901566,194.902548725637
1145.91101168282,300.770569226945,179.910044977511
1160.82525478499,1498.88143176734,179.910044977511
1180.71091225454,584.141188168034,179.910044977511
1295.05344270445,730.797912005966,179.910044977511
1302.51056425553,1424.31021625653,164.917541229385
1314.939100174,889.883171762366,164.917541229385
1401.93885160328,961.968680089485,179.910044977511
1414.36738752175,979.368630375342,179.910044977511
1469.05294556301,1702.70942083023,179.910044977511
1471.53865274671,1687.79517772806,179.910044977511
1498.88143176734,812.82624906786,179.910044977511
1503.85284613473,1382.05319413373,194.902548725637
1516.28138205319,608.998260004971,164.917541229385
1605.76684066617,1953.7658463833,179.910044977511
1615.70966940094,1943.82301764852,179.910044977511
1675.36664180959,42.2570221227939,179.910044977511
1822.02336564753,728.312204822272,179.910044977511
1891.62316679095,842.654735272185,164.917541229385
1963.70867511807,288.342033308476,179.910044977511
2053.19413373105,310.71339796172,179.910044977511
2055.67984091474,273.427790206314,164.917541229385
2147.65100671141,1287.59632115337,179.910044977511
2339.05045985583,1265.22495650012,179.910044977511
2336.56475267214,1282.62490678598,179.910044977511
176.485210042257,544.369873228934,194.902548725637
211.28511061397,2028.33706189411,194.902548725637
365.398956002983,2353.96470295799,194.902548725637
372.856077554064,2393.73601789709,194.902548725637
487.198608003977,2378.82177479493,209.895052473763
621.42679592344,2299.27914491673,194.902548725637
775.540641312453,1391.99602286851,209.895052473763
802.883420333085,2020.87994034303,179.910044977511
802.883420333085,1819.53765846383,194.902548725637
820.283370618941,1822.02336564753,194.902548725637
832.71190653741,1635.59532687049,194.902548725637
869.997514292816,1660.45239870743,194.902548725637
892.36887894606,1635.59532687049,194.902548725637
884.911757394979,1652.99527715635,179.910044977511
966.940094456873,2085.50832711907,194.902548725637
1133.48247576436,1339.79617201094,194.902548725637
1277.65349241859,2391.2503107134,194.902548725637
1290.08202833706,2401.19313944817,194.902548725637
1292.56773552076,1401.93885160328,194.902548725637
1511.30996768581,802.883420333085,194.902548725637
1516.28138205319,2018.39423315933,179.910044977511
1531.19562515536,564.255530698484,194.902548725637
1538.65274670644,1066.36838180462,209.895052473763
1625.65249813572,1140.93959731544,194.902548725637
1660.45239870743,1347.25329356202,179.910044977511
1680.33805617698,648.769574944072,194.902548725637
1685.30947054437,52.199850857569,194.902548725637
1695.25229927915,648.769574944072,209.895052473763
1690.28088491176,39.7713149391002,194.902548725637
1697.73800646284,636.341039025603,194.902548725637
1809.59482972906,738.255033557047,194.902548725637
1817.05195128014,713.397961720109,194.902548725637
2075.56549838429,2249.56500124285,194.902548725637
2204.82227193637,698.483718617947,209.895052473763
2284.36490181457,1958.73726075068,194.902548725637
2346.50758140691,633.855331841909,194.902548725637
2398.70743226448,1401.93885160328,194.902548725637
2448.42157593835,1899.08028834203,179.910044977511
141.685309470544,2008.45140442456,209.895052473763
574.198359433259,2408.65026099925,209.895052473763
835.197613721104,1650.50956997266,194.902548725637
865.026099925429,1620.68108376833,209.895052473763
894.854586129754,1588.36689038031,209.895052473763
892.36887894606,1650.50956997266,194.902548725637
899.826000497141,1998.50857568978,224.887556221889
991.797166293811,2478.25006214268,209.895052473763
1130.99676858066,1352.22470792941,194.902548725637
1225.45364156102,782.997762863535,224.887556221889
1232.91076311211,1145.91101168282,209.895052473763
1245.33929903057,2013.42281879195,209.895052473763
1250.31071339796,770.569226945066,209.895052473763
1260.25354213274,2040.76559781258,209.895052473763
1349.73900074571,126.771066368382,194.902548725637
1516.28138205319,561.76982351479,194.902548725637
1521.25279642058,576.684066616953,194.902548725637
1590.85259756401,246.085011185682,209.895052473763
1643.05244842158,1098.68257519264,209.895052473763
1652.99527715635,1337.31046482724,194.902548725637
1665.42381307482,1342.28187919463,194.902548725637
1851.85185185185,275.913497390007,209.895052473763
1889.13745960726,835.197613721104,194.902548725637
1933.88018891375,820.283370618941,209.895052473763
2286.85060899826,1943.82301764852,209.895052473763
2296.79343773304,1958.73726075068,209.895052473763
2351.4789957743,1615.70966940094,209.895052473763
2453.39299030574,676.112353964703,209.895052473763
34.7999005717127,1966.19438230176,224.887556221889
241.113596818295,285.856326124783,224.887556221889
258.513547104151,1802.13770817798,224.887556221889
260.999254287845,1364.65324384787,224.887556221889
268.456375838926,278.399204573701,239.880059970015
280.884911757395,1364.65324384787,239.880059970015
308.227690778026,2219.73651503853,224.887556221889
385.284613472533,2329.10763112105,209.895052473763
422.570221227939,2274.42207307979,224.887556221889
608.998260004971,201.342281879195,224.887556221889
817.797663435247,1391.99602286851,224.887556221889
872.48322147651,1645.53815560527,224.887556221889
912.25453641561,2179.96520009943,209.895052473763
954.511558538404,966.940094456873,239.880059970015
1071.33979617201,1245.33929903057,224.887556221889
1086.25403927417,201.342281879195,224.887556221889
1130.99676858066,1300.02485707184,224.887556221889
1175.73949788715,397.713149391002,239.880059970015
1198.11086254039,382.798906288839,224.887556221889
1222.96793437733,768.083519761372,224.887556221889
1225.45364156102,1138.45389013174,224.887556221889
1282.62490678598,907.283122048223,239.880059970015
1339.79617201094,121.799652000994,209.895052473763
1424.31021625653,1200.59656972409,224.887556221889
1518.76708923689,2015.90852597564,209.895052473763
1652.99527715635,1108.62540392742,209.895052473763
1650.50956997266,1349.73900074571,209.895052473763
1660.45239870743,1735.02361421825,224.887556221889
1677.85234899329,357.941834451902,224.887556221889
1866.76609495401,268.456375838926,209.895052473763
1921.45165299528,1593.3383047477,239.880059970015
1936.36589609744,805.369127516779,209.895052473763
2157.59383544618,1275.1677852349,224.887556221889
2194.87944320159,2130.25105642555,224.887556221889
2286.85060899826,1968.68008948546,209.895052473763
2391.2503107134,929.654486701467,224.887556221889
2448.42157593835,1899.08028834203,209.895052473763
305.741983594333,2209.79368630375,239.880059970015
459.855828983346,760.626398210291,254.872563718141
464.827243350733,686.055182699478,239.880059970015
462.34153616704,695.998011434253,224.887556221889
462.34153616704,698.483718617947,224.887556221889
487.198608003977,691.026597066866,239.880059970015
519.512801391996,1295.05344270445,239.880059970015
566.741237882178,2408.65026099925,224.887556221889
571.712652249565,1446.68158090977,254.872563718141
800.397713149391,1188.16803380562,239.880059970015
822.769077802635,1190.65374098931,239.880059970015
845.140442455879,1580.90976882923,254.872563718141
947.054436987323,1864.28038777032,239.880059970015
1083.76833209048,221.227939348745,224.887556221889
1173.25379070346,497.141436738752,254.872563718141
1188.16803380562,365.398956002983,239.880059970015
1215.51081282625,792.94059159831,224.887556221889
1215.51081282625,392.741735023614,224.887556221889
1287.59632115337,604.026845637584,239.880059970015
1300.02485707184,613.969674372359,239.880059970015
1319.91051454139,114.342530449913,239.880059970015
1347.25329356202,683.569475515784,239.880059970015
1521.25279642058,2003.47999005717,239.880059970015
1623.16679095203,395.227442207308,239.880059970015
1822.02336564753,437.484464330102,239.880059970015
2038.27989062888,159.085259756401,254.872563718141
2182.45090728312,2142.67959234402,239.880059970015
2182.45090728312,2117.82252050708,254.872563718141
39.7713149391002,1399.45314441959,239.880059970015
47.2284364901815,1394.4817300522,239.880059970015
62.142679592344,1799.65200099428,269.865067466267
228.685060899826,633.855331841909,239.880059970015
231.17076808352,651.255282127765,239.880059970015
333.084762614964,1580.90976882923,239.880059970015
345.513298533433,1580.90976882923,239.880059970015
347.999005717127,755.654983842903,239.880059970015
479.741486452896,260.999254287845,254.872563718141
519.512801391996,1282.62490678598,254.872563718141
559.284116331096,939.597315436242,254.872563718141
576.684066616953,2406.16455381556,239.880059970015
653.740989311459,700.969425801641,269.865067466267
810.340541884166,1382.05319413373,254.872563718141
810.340541884166,1411.88168033806,239.880059970015
825.254784986329,835.197613721104,254.872563718141
947.054436987323,1829.48048719861,254.872563718141
969.425801640567,969.425801640567,239.880059970015
991.797166293811,986.825751926423,254.872563718141
999.254287844892,971.911508824261,239.880059970015
1163.31096196868,479.741486452896,239.880059970015
1168.28237633607,372.856077554064,239.880059970015
1170.76808351976,402.684563758389,239.880059970015
1180.71091225454,507.084265473527,239.880059970015
1190.65374098931,489.684315187671,239.880059970015
1225.45364156102,362.913248819289,239.880059970015
1414.36738752175,2321.65050956997,254.872563718141
1409.39597315436,2296.79343773304,254.872563718141
1421.82450907283,2311.7076808352,254.872563718141
1429.28163062391,2336.56475267214,269.865067466267
1441.71016654238,2321.65050956997,269.865067466267
1640.56674123788,1332.33905045986,254.872563718141
1717.62366393239,705.940840169028,239.880059970015
1951.2801391996,1307.48197862292,254.872563718141
1961.22296793438,1300.02485707184,254.872563718141
1968.68008948546,144.171016654238,269.865067466267
2090.47974148645,415.113099676858,269.865067466267
2281.87919463087,392.741735023614,254.872563718141
2281.87919463087,1043.99701715138,239.880059970015
2309.2219736515,1041.51130996769,254.872563718141
2356.45041014169,1866.76609495401,239.880059970015
2366.39323887646,1849.36614466816,254.872563718141
2368.87894606015,1869.25180213771,254.872563718141
29.8284862043251,1396.96743723589,254.872563718141
42.2570221227939,1391.99602286851,269.865067466267
221.227939348745,641.31245339299,254.872563718141
253.542132736764,1364.65324384787,254.872563718141
273.427790206314,1063.88267462093,269.865067466267
285.856326124783,1053.93984588615,269.865067466267
298.284862043251,1066.36838180462,269.865067466267
323.141933880189,1580.90976882923,254.872563718141
338.056176982351,1593.3383047477,254.872563718141
340.541884166045,1573.45264727815,254.872563718141
340.541884166045,755.654983842903,254.872563718141
377.827491921452,2331.59333830475,254.872563718141
377.827491921452,2324.13621675367,254.872563718141
400.198856574696,845.140442455879,269.865067466267
412.627392493164,837.683320904797,269.865067466267
561.76982351479,628.883917474521,269.865067466267
574.198359433259,638.826746209297,269.865067466267
728.312204822272,96.9425801640567,269.865067466267
807.854834700472,1396.96743723589,254.872563718141
822.769077802635,845.140442455879,269.865067466267
991.797166293811,971.911508824261,254.872563718141
1078.79691772309,218.742232165051,254.872563718141
1081.28262490679,203.827989062888,254.872563718141
1155.8538404176,372.856077554064,254.872563718141
1155.8538404176,479.741486452896,254.872563718141
1163.31096196868,405.170270942083,254.872563718141
1163.31096196868,1998.50857568978,254.872563718141
1183.19661943823,489.684315187671,254.872563718141
1215.51081282625,377.827491921452,254.872563718141
1250.31071339796,1170.76808351976,254.872563718141
1292.56773552076,613.969674372359,254.872563718141
1309.96768580661,1096.19686800895,269.865067466267
1401.93885160328,2319.16480238628,254.872563718141
1446.68158090977,855.083271190654,254.872563718141
1464.08153119563,869.997514292816,269.865067466267
1464.08153119563,855.083271190654,269.865067466267
1478.99577429779,517.027094208302,254.872563718141
1538.65274670644,594.084016902809,284.857571214393
1652.99527715635,1735.02361421825,254.872563718141
1660.45239870743,1735.02361421825,254.872563718141
1670.39522744221,1337.31046482724,254.872563718141
1707.68083519761,710.912254536416,269.865067466267
1732.53790703455,549.341287596321,284.857571214393
1730.05219985086,534.427044494159,269.865067466267
1735.02361421825,213.770817797663,284.857571214393
1752.4235645041,2351.4789957743,269.865067466267
1754.9092716878,2361.42182450907,269.865067466267
1844.39473030077,1802.13770817798,269.865067466267
1871.7375093214,961.968680089485,254.872563718141
2028.33706189411,1140.93959731544,254.872563718141
2075.56549838429,2073.0797912006,284.857571214393
2261.99353716132,2102.90827740492,254.872563718141
2289.33631618195,1056.42555306985,254.872563718141
2294.30773054934,1031.56848123291,254.872563718141
2301.76485210042,1048.96843151877,254.872563718141
2346.50758140691,1851.85185185185,269.865067466267
37.2856077554064,1401.93885160328,269.865067466267
52.199850857569,1399.45314441959,269.865067466267
84.5140442455879,1280.13919960229,284.857571214393
94.4568729803629,1275.1677852349,269.865067466267
330.59905543127,1583.39547601293,269.865067466267
524.484215759384,1282.62490678598,269.865067466267
546.855580412627,1297.53914988814,284.857571214393
549.341287596321,1309.96768580661,299.850074962519
554.312701963709,1295.05344270445,269.865067466267
755.654983842903,1600.79542629878,284.857571214393
845.140442455879,1707.68083519761,284.857571214393
1180.71091225454,1993.5371613224,269.865067466267
1247.82500621427,1071.33979617201,284.857571214393
1257.76783494904,1168.28237633607,284.857571214393
1300.02485707184,989.311459110117,284.857571214393
1290.08202833706,1011.68282376336,284.857571214393
1419.33880188914,551.826994780015,269.865067466267
1421.82450907283,564.255530698484,299.850074962519
1471.53865274671,2239.62217250808,284.857571214393
1481.48148148148,514.541387024609,284.857571214393
1521.25279642058,596.569724086503,284.857571214393
1538.65274670644,576.684066616953,299.850074962519
1630.62391250311,1277.65349241859,284.857571214393
1635.59532687049,1297.53914988814,284.857571214393
1720.10937111608,700.969425801641,269.865067466267
1752.4235645041,1585.88118319662,284.857571214393
1784.73775789212,691.026597066866,299.850074962519
1822.02336564753,1270.19637086751,269.865067466267
1839.42331593338,1257.76783494904,299.850074962519
1846.88043748446,1260.25354213274,269.865067466267
1884.16604523987,959.482972905792,269.865067466267
2023.36564752672,1225.45364156102,299.850074962519
2035.79418344519,1128.51106139697,284.857571214393
2033.3084762615,1143.42530449913,269.865067466267
2189.9080288342,633.855331841909,299.850074962519
2281.87919463087,357.941834451902,284.857571214393
2353.96470295799,1961.22296793438,299.850074962519
74.5712155108128,1285.11061396967,284.857571214393
360.427541635595,631.369624658215,299.850074962519
360.427541635595,646.283867760378,284.857571214393
442.455878697489,1140.93959731544,299.850074962519
517.027094208302,159.085259756401,284.857571214393
517.027094208302,181.456624409645,284.857571214393
531.941337310465,171.513795674869,314.842578710645
536.912751677852,176.485210042257,284.857571214393
666.169525229928,114.342530449913,284.857571214393
792.94059159831,1009.19711657967,299.850074962519
832.71190653741,2053.19413373105,299.850074962519
857.568978374347,1036.5398956003,284.857571214393
867.511807109123,1031.56848123291,299.850074962519
959.482972905792,422.570221227939,284.857571214393
974.397216007954,415.113099676858,314.842578710645
994.282873477504,1068.85408898832,284.857571214393
1066.36838180462,1031.56848123291,284.857571214393
1091.22545364156,1036.5398956003,299.850074962519
1091.22545364156,1797.16629381059,314.842578710645
1126.02535421327,710.912254536416,284.857571214393
1155.8538404176,2314.19338801889,299.850074962519
1168.28237633607,2000.99428287348,299.850074962519
1237.88217747949,2480.73576932637,299.850074962519
1265.22495650012,1864.28038777032,299.850074962519
1282.62490678598,1869.25180213771,299.850074962519
1493.91001739995,2356.45041014169,299.850074962519
1501.36713895103,584.141188168034,284.857571214393
1521.25279642058,584.141188168034,284.857571214393
1565.99552572707,1334.82475764355,299.850074962519
1608.25254784986,2097.93686303753,299.850074962519
1804.62341536167,1754.9092716878,299.850074962519
1819.53765846383,1272.68207805121,314.842578710645
1839.42331593338,1277.65349241859,299.850074962519
1916.48023862789,1121.05393984589,299.850074962519
1926.42306736266,1133.48247576436,284.857571214393
1933.88018891375,1113.5968182948,299.850074962519
2155.10812826249,2048.22271936366,314.842578710645
2249.56500124285,991.797166293811,284.857571214393
2261.99353716132,984.340044742729,299.850074962519
2353.96470295799,1235.3964702958,299.850074962519
2475.76435495899,1660.45239870743,299.850074962519
2475.76435495899,1652.99527715635,284.857571214393
2.48570718369376,1210.53939845886,299.850074962519
27.3427790206314,1068.85408898832,314.842578710645
64.6283867760378,1235.3964702958,314.842578710645
77.0569226945066,1255.28212776535,314.842578710645
94.4568729803629,939.597315436242,314.842578710645
201.342281879195,904.797414864529,314.842578710645
270.94208302262,942.083022619935,329.835082458771
268.456375838926,1787.22346507581,344.827586206897
293.313447675864,1051.45413870246,299.850074962519
305.741983594333,1058.91126025354,299.850074962519
370.37037037037,641.31245339299,299.850074962519
377.827491921452,514.541387024609,329.835082458771
392.741735023614,502.11285110614,329.835082458771
420.084514044246,835.197613721104,299.850074962519
454.884414615958,912.25453641561,329.835082458771
454.884414615958,934.625901068854,314.842578710645
474.770072085508,922.197365150385,329.835082458771
529.455630126771,156.599552572707,314.842578710645
546.855580412627,171.513795674869,314.842578710645
631.369624658215,855.083271190654,329.835082458771
661.19811086254,695.998011434253,299.850074962519
678.598061148397,111.856823266219,314.842578710645
720.855083271191,2396.22172508079,329.835082458771
733.283619189659,91.9711657966692,299.850074962519
733.283619189659,2388.7646035297,329.835082458771
832.71190653741,2043.25130499627,314.842578710645
877.454635843898,1026.59706686552,299.850074962519
929.654486701467,1819.53765846383,329.835082458771
1004.22570221228,1061.39696743724,314.842578710645
1014.16853094705,1071.33979617201,299.850074962519
1076.3112105394,1026.59706686552,314.842578710645
1116.0825254785,544.369873228934,314.842578710645
1163.31096196868,387.770320656227,299.850074962519
1255.28212776535,442.455878697489,314.842578710645
1317.42480735769,1093.71116082525,299.850074962519
1511.30996768581,579.169773800646,314.842578710645
1523.73850360428,569.226945065871,314.842578710645
1565.99552572707,1406.91026597067,329.835082458771
1595.82401193139,569.226945065871,314.842578710645
1598.30971911509,1242.85359184688,329.835082458771
1739.99502858563,531.941337310465,299.850074962519
1831.9661943823,256.027839920457,314.842578710645
1869.25180213771,1677.85234899329,329.835082458771
2112.8511061397,422.570221227939,314.842578710645
2105.39398458862,432.513049962714,329.835082458771
2187.42232165051,1508.82426050211,329.835082458771
2291.82202336565,355.456127268208,299.850074962519
2465.82152622421,1650.50956997266,299.850074962519
412.627392493164,1931.39448173005,329.835082458771
599.055431270196,2142.67959234402,344.827586206897
633.855331841909,1819.53765846383,344.827586206897
648.769574944072,845.140442455879,314.842578710645
815.311956251554,546.855580412627,359.820089955023
822.769077802635,549.341287596321,314.842578710645
1215.51081282625,594.084016902809,344.827586206897
1344.76758637832,2073.0797912006,344.827586206897
1469.05294556301,1073.8255033557,329.835082458771
1488.93860303256,1016.65423813075,329.835082458771
1516.28138205319,994.282873477504,329.835082458771
1635.59532687049,2319.16480238628,314.842578710645
1633.1096196868,2311.7076808352,314.842578710645
1640.56674123788,2319.16480238628,314.842578710645
2020.87994034303,1307.48197862292,344.827586206897
2376.33606761124,1822.02336564753,314.842578710645
29.8284862043251,1285.11061396967,359.820089955023
72.0855083271191,1466.56723837932,359.820089955023
260.999254287845,544.369873228934,344.827586206897
278.399204573701,544.369873228934,344.827586206897
631.369624658215,1802.13770817798,359.820089955023
673.626646781009,116.828237633607,329.835082458771
743.226447924435,643.798160576684,344.827586206897
894.854586129754,2314.19338801889,359.820089955023
1409.39597315436,686.055182699478,359.820089955023
1419.33880188914,77.0569226945066,359.820089955023
1476.51006711409,1024.11135968183,344.827586206897
1528.70991797166,576.684066616953,329.835082458771
1553.5669898086,1329.85334327616,329.835082458771
1595.82401193139,2100.42257022123,329.835082458771
1630.62391250311,2314.19338801889,344.827586206897
1643.05244842158,1113.5968182948,344.827586206897
1779.76634352473,693.512304250559,329.835082458771
1834.451901566,1257.76783494904,329.835082458771
2045.73701217997,1071.33979617201,359.820089955023
2105.39398458862,442.455878697489,344.827586206897
2112.8511061397,2112.8511061397,359.820089955023
2257.02212279394,986.825751926423,329.835082458771
2284.36490181457,360.427541635595,329.835082458771
2368.87894606015,1814.56624409645,344.827586206897
2475.76435495899,1031.56848123291,344.827586206897
196.370867511807,832.71190653741,359.820089955023
208.799403430276,822.769077802635,374.812593703148
559.284116331096,2237.13646532438,374.812593703148
586.626895351728,1098.68257519264,374.812593703148
646.283867760378,845.140442455879,359.820089955023
656.226696495153,2264.47924434502,359.820089955023
671.140939597315,2266.96495152871,374.812593703148
695.998011434253,164.056674123788,374.812593703148
857.568978374347,1901.56599552573,374.812593703148
971.911508824261,134.228187919463,374.812593703148
981.854337559036,139.199602286851,344.827586206897
1113.5968182948,1667.90952025851,359.820089955023
1123.53964702958,1652.99527715635,344.827586206897
1126.02535421327,1665.42381307482,344.827586206897
1170.76808351976,1978.62291822023,374.812593703148
1357.19612229679,2080.53691275168,359.820089955023
1394.4817300522,310.71339796172,374.812593703148
1406.91026597067,318.170519512801,374.812593703148
1461.59582401193,1081.28262490679,359.820089955023
1481.48148148148,1096.19686800895,374.812593703148
1645.53815560527,676.112353964703,389.805097451274
1670.39522744221,2366.39323887646,374.812593703148
1794.6805866269,1906.53740989311,374.812593703148
1928.90877454636,221.227939348745,374.812593703148
2162.56524981357,2033.3084762615,374.812593703148
260.999254287845,1471.53865274671,389.805097451274
260.999254287845,1459.11011682824,374.812593703148
482.22719363659,852.59756400696,359.820089955023
487.198608003977,835.197613721104,374.812593703148
686.055182699478,2257.02212279394,359.820089955023
750.683569475516,2366.39323887646,389.805097451274
755.654983842903,643.798160576684,359.820089955023
989.311459110117,136.713895103157,374.812593703148
1011.68282376336,2083.02261993537,374.812593703148
1016.65423813075,2068.10837683321,374.812593703148
1290.08202833706,1869.25180213771,389.805097451274
1384.53890131742,313.199105145414,374.812593703148
1613.22396221725,778.026348496147,359.820089955023
1620.68108376833,770.569226945066,374.812593703148
1670.39522744221,2351.4789957743,374.812593703148
1702.70942083023,869.997514292816,374.812593703148
1829.48048719861,631.369624658215,359.820089955023
1826.99478001491,643.798160576684,389.805097451274
2020.87994034303,248.570718369376,389.805097451274
134.228187919463,1205.56798409147,404.7976011994
176.485210042257,1474.0243599304,404.7976011994
469.798657718121,832.71190653741,404.7976011994
482.22719363659,847.626149639573,404.7976011994
691.026597066866,223.713646532438,389.805097451274
698.483718617947,1148.39671886652,404.7976011994
902.311707680835,860.054685558041,404.7976011994
934.625901068854,146.656723837932,404.7976011994
1058.91126025354,710.912254536416,389.805097451274
1071.33979617201,1851.85185185185,374.812593703148
1071.33979617201,1841.90902311708,374.812593703148
1312.45339299031,1839.42331593338,389.805097451274
1349.73900074571,579.169773800646,389.805097451274
1387.02460850112,412.627392493164,389.805097451274
1434.2530449913,909.768829231916,389.805097451274
1436.73875217499,897.340293313448,389.805097451274
1779.76634352473,1933.88018891375,404.7976011994
1819.53765846383,631.369624658215,389.805097451274
1836.93760874969,633.855331841909,389.805097451274
2033.3084762615,1307.48197862292,374.812593703148
2174.99378573204,1128.51106139697,404.7976011994
2353.96470295799,1700.22371364653,404.7976011994
2478.25006214268,1222.96793437733,419.790104947526
362.913248819289,932.14019388516,404.7976011994
462.34153616704,847.626149639573,404.7976011994
467.312950534427,842.654735272185,389.805097451274
521.99850857569,1203.08227690778,419.790104947526
688.540889883172,2269.4506587124,389.805097451274
760.626398210291,1826.99478001491,404.7976011994
812.82624906786,1265.22495650012,404.7976011994
815.311956251554,1252.79642058166,404.7976011994
887.397464578673,1312.45339299031,419.790104947526
899.826000497141,872.48322147651,404.7976011994
924.683072334079,1043.99701715138,404.7976011994
944.568729803629,1034.0541884166,419.790104947526
1073.8255033557,715.883668903803,404.7976011994
1086.25403927417,1585.88118319662,404.7976011994
1133.48247576436,1670.39522744221,404.7976011994
1416.85309470544,1988.56574695501,419.790104947526
1615.70966940094,601.54113845389,419.790104947526
1652.99527715635,141.685309470544,419.790104947526
1682.82376336068,1203.08227690778,419.790104947526
1695.25229927915,703.455132985334,419.790104947526
1710.16654238131,877.454635843898,404.7976011994
1841.90902311708,198.856574695501,404.7976011994
2040.76559781258,2070.5940840169,419.790104947526
2045.73701217997,2090.47974148645,404.7976011994
2053.19413373105,2075.56549838429,404.7976011994
2202.33656475267,733.283619189659,389.805097451274
2376.33606761124,1508.82426050211,404.7976011994
2383.79318916232,1610.73825503356,419.790104947526
2393.73601789709,1513.7956748695,389.805097451274
121.799652000994,1163.31096196868,419.790104947526
129.256773552076,1180.71091225454,419.790104947526
367.884663186677,944.568729803629,419.790104947526
377.827491921452,932.14019388516,404.7976011994
442.455878697489,1155.8538404176,434.782608695652
544.369873228934,1123.53964702958,419.790104947526
894.854586129754,151.628138205319,419.790104947526
964.454387273179,2259.50782997763,419.790104947526
1001.73999502859,1628.13820531941,434.782608695652
1093.71116082525,1600.79542629878,419.790104947526
1126.02535421327,1680.33805617698,404.7976011994
1153.36813323391,270.94208302262,419.790104947526
1165.79666915237,273.427790206314,419.790104947526
1297.53914988814,1839.42331593338,419.790104947526
1429.28163062391,1998.50857568978,419.790104947526
1568.48123291076,1896.59458115834,419.790104947526
1630.62391250311,611.483967188665,404.7976011994
1869.25180213771,1372.11036539896,419.790104947526
1958.73726075068,1145.91101168282,434.782608695652
2381.30748197862,1598.30971911509,404.7976011994
119.313944817301,1178.22520507084,419.790104947526
360.427541635595,924.683072334079,419.790104947526
591.598309719115,949.540144171017,464.767616191904
658.712403678847,1434.2530449913,434.782608695652
817.797663435247,663.683818046234,449.775112443778
837.683320904797,713.397961720109,449.775112443778
904.797414864529,159.085259756401,419.790104947526
1031.56848123291,452.398707432264,449.775112443778
1148.39671886652,748.197862291822,464.767616191904
1260.25354213274,400.198856574696,434.782608695652
1287.59632115337,601.54113845389,434.782608695652
1332.33905045986,1856.82326621924,449.775112443778
1628.13820531941,1551.08128262491,449.775112443778
1690.28088491176,1190.65374098931,434.782608695652
1695.25229927915,1210.53939845886,434.782608695652
1702.70942083023,723.340790454884,434.782608695652
2010.93711160825,372.856077554064,449.775112443778
2184.93661446682,1449.16728809346,434.782608695652
2202.33656475267,730.797912005966,434.782608695652
183.942331593338,1116.0825254785,449.775112443778
275.913497390007,1153.36813323391,449.775112443778
305.741983594333,929.654486701467,449.775112443778
300.770569226945,949.540144171017,449.775112443778
315.684812329108,1409.39597315436,464.767616191904
427.541635595327,1953.7658463833,449.775112443778
678.598061148397,2135.22247079294,464.767616191904
683.569475515784,1809.59482972906,464.767616191904
1051.45413870246,161.570966940094,464.767616191904
1372.11036539896,2252.05070842655,449.775112443778
1394.4817300522,2244.59358687547,449.775112443778
1722.59507829978,211.28511061397,464.767616191904
1834.451901566,303.256276410639,464.767616191904
1904.05170270942,1130.99676858066,464.767616191904
2025.85135471042,1735.02361421825,479.76011994003
206.313696246582,1769.82351478996,449.775112443778
213.770817797663,1782.25205070843,449.775112443778
278.399204573701,1829.48048719861,479.76011994003
303.256276410639,1411.88168033806,464.767616191904
782.997762863535,2068.10837683321,479.76011994003
797.912005965697,2055.67984091474,464.767616191904
887.397464578673,149.142431021626,449.775112443778
1140.93959731544,211.28511061397,464.767616191904
1145.91101168282,270.94208302262,449.775112443778
1148.39671886652,265.970668655232,449.775112443778
1215.51081282625,1889.13745960726,449.775112443778
1220.48222719364,1894.10887397465,449.775112443778
1255.28212776535,400.198856574696,449.775112443778
1379.56748695004,1317.42480735769,449.775112443778
1384.53890131742,1324.88192890877,464.767616191904
1707.68083519761,206.313696246582,464.767616191904
1712.652249565,223.713646532438,449.775112443778
1817.05195128014,300.770569226945,449.775112443778
1938.85160328113,370.37037037037,449.775112443778
1963.70867511807,1849.36614466816,449.775112443778
2003.47999005717,1739.99502858563,464.767616191904
2068.10837683321,966.940094456873,464.767616191904
2080.53691275168,974.397216007954,464.767616191904
2279.39348744718,1081.28262490679,479.76011994003
2341.53616703952,1220.48222719364,449.775112443778
191.39945314442,1118.56823266219,479.76011994003
422.570221227939,1948.79443201591,464.767616191904
544.369873228934,1116.0825254785,464.767616191904
546.855580412627,1123.53964702958,464.767616191904
847.626149639573,1391.99602286851,494.752623688156
889.883171762366,1779.76634352473,479.76011994003
894.854586129754,1352.22470792941,494.752623688156
919.711657966692,1101.16828237634,479.76011994003
1004.22570221228,1628.13820531941,464.767616191904
1039.02560278399,164.056674123788,464.767616191904
1093.71116082525,325.627641063883,494.752623688156
1140.93959731544,315.684812329108,479.76011994003
1190.65374098931,810.340541884166,479.76011994003
1222.96793437733,1889.13745960726,479.76011994003
1270.19637086751,979.368630375342,479.76011994003
1287.59632115337,974.397216007954,479.76011994003
1304.99627143922,571.712652249565,479.76011994003
1314.939100174,541.88416604524,494.752623688156
1354.7104151131,1222.96793437733,494.752623688156
1610.73825503356,347.999005717127,479.76011994003
1618.19537658464,599.055431270196,464.767616191904
1702.70942083023,700.969425801641,479.76011994003
1707.68083519761,715.883668903803,464.767616191904
1822.02336564753,298.284862043251,479.76011994003
1956.25155356699,1834.451901566,494.752623688156
1971.16579666915,1851.85185185185,479.76011994003
1981.10862540393,1829.48048719861,479.76011994003
2157.59383544618,765.597812577678,494.752623688156
2269.4506587124,1066.36838180462,479.76011994003
2339.05045985583,1210.53939845886,479.76011994003
2348.9932885906,1217.99652000994,479.76011994003
666.169525229928,1158.33954760129,524.737631184408
710.912254536416,1948.79443201591,524.737631184408
738.255033557047,574.198359433259,509.745127436282
780.512055679841,2050.70842654735,479.76011994003
1111.11111111111,964.454387273179,494.752623688156
1128.51106139697,310.71339796172,494.752623688156
1188.16803380562,494.655729555058,494.752623688156
1456.62440964454,218.742232165051,494.752623688156
1585.88118319662,743.226447924435,479.76011994003
1685.30947054437,1822.02336564753,509.745127436282
1869.25180213771,1787.22346507581,509.745127436282
1971.16579666915,1839.42331593338,494.752623688156
1996.02286850609,1841.90902311708,494.752623688156
2145.16529952772,1717.62366393239,494.752623688156
387.770320656227,1538.65274670644,494.752623688156
387.770320656227,1548.59557544121,494.752623688156
556.798409147402,2008.45140442456,494.752623688156
720.855083271191,1784.73775789212,494.752623688156
748.197862291822,999.254287844892,509.745127436282
902.311707680835,1364.65324384787,494.752623688156
909.768829231916,1488.93860303256,509.745127436282
989.311459110117,2028.33706189411,524.737631184408
1163.31096196868,984.340044742729,509.745127436282
1297.53914988814,2112.8511061397,509.745127436282
1312.45339299031,2115.33681332339,509.745127436282
1352.22470792941,1240.36788466319,494.752623688156
1613.22396221725,1680.33805617698,509.745127436282
1712.652249565,1128.51106139697,494.752623688156
2040.76559781258,1173.25379070346,509.745127436282
2045.73701217997,1153.36813323391,509.745127436282
2075.56549838429,1369.62465821526,524.737631184408
2281.87919463087,1230.42505592841,509.745127436282
2296.79343773304,1217.99652000994,509.745127436282
2309.2219736515,1257.76783494904,509.745127436282
377.827491921452,1543.62416107383,509.745127436282
377.827491921452,1556.05269699229,509.745127436282
544.369873228934,2018.39423315933,509.745127436282
546.855580412627,2005.96569724086,509.745127436282
633.855331841909,2043.25130499627,509.745127436282
653.740989311459,1869.25180213771,509.745127436282
705.940840169028,919.711657966692,509.745127436282
718.369376087497,1787.22346507581,524.737631184408
715.883668903803,917.225950782998,539.730134932534
730.797912005966,1016.65423813075,509.745127436282
743.226447924435,1009.19711657967,539.730134932534
773.05493412876,2070.5940840169,509.745127436282
879.940343027591,1782.25205070843,509.745127436282
882.426050211285,1369.62465821526,509.745127436282
892.36887894606,1364.65324384787,524.737631184408
961.968680089485,800.397713149391,509.745127436282
1081.28262490679,333.084762614964,509.745127436282
1143.42530449913,892.36887894606,509.745127436282
1153.36813323391,887.397464578673,539.730134932534
1175.73949788715,887.397464578673,509.745127436282
1200.59656972409,477.255779269202,509.745127436282
1255.28212776535,1235.3964702958,509.745127436282
1314.939100174,2097.93686303753,524.737631184408
1304.99627143922,574.198359433259,509.745127436282
1511.30996768581,606.512552821278,509.745127436282
1575.93835446184,668.655232413622,509.745127436282
1590.85259756401,805.369127516779,509.745127436282
1670.39522744221,1822.02336564753,509.745127436282
1737.50932140194,1374.59607258265,509.745127436282
2025.85135471042,1165.79666915237,509.745127436282
2045.73701217997,1426.79592344022,509.745127436282
2269.4506587124,1227.93934874472,509.745127436282
347.999005717127,971.911508824261,539.730134932534
387.770320656227,1541.13845389013,524.737631184408
387.770320656227,1551.08128262491,524.737631184408
430.027342779021,1585.88118319662,554.72263868066
427.541635595327,1590.85259756401,524.737631184408
556.798409147402,2005.96569724086,539.730134932534
641.31245339299,507.084265473527,554.72263868066
643.798160576684,2038.27989062888,539.730134932534
643.798160576684,790.454884414616,554.72263868066
666.169525229928,1859.30897340293,554.72263868066
730.797912005966,914.740243599304,539.730134932534
750.683569475516,566.741237882178,524.737631184408
758.140691026597,994.282873477504,524.737631184408
758.140691026597,1014.16853094705,539.730134932534
917.225950782998,1481.48148148148,524.737631184408
966.940094456873,743.226447924435,554.72263868066
976.882923191648,797.912005965697,539.730134932534
1001.73999502859,2020.87994034303,524.737631184408
1016.65423813075,574.198359433259,554.72263868066
1148.39671886652,899.826000497141,554.72263868066
1163.31096196868,874.968928660204,539.730134932534
1170.76808351976,979.368630375342,524.737631184408
1185.68232662192,879.940343027591,554.72263868066
1210.53939845886,467.312950534427,554.72263868066
1265.22495650012,1208.05369127517,554.72263868066
1265.22495650012,1227.93934874472,554.72263868066
1307.48197862292,1474.0243599304,554.72263868066
1322.39622172508,536.912751677852,524.737631184408
1329.85334327616,2115.33681332339,539.730134932534
1466.56723837932,213.770817797663,524.737631184408
1471.53865274671,216.256524981357,524.737631184408
1526.22421078797,601.54113845389,539.730134932534
1590.85259756401,663.683818046234,554.72263868066
1603.28113348248,800.397713149391,539.730134932534
1628.13820531941,1675.36664180959,539.730134932534
1657.96669152374,464.827243350733,539.730134932534
1722.59507829978,1121.05393984589,539.730134932534
1754.9092716878,1377.08177976634,539.730134932534
1963.70867511807,1831.9661943823,524.737631184408
2053.19413373105,1168.28237633607,524.737631184408
2063.13696246582,1436.73875217499,539.730134932534
2060.65125528213,1143.42530449913,539.730134932534
2157.59383544618,1715.13795674869,539.730134932534
2162.56524981357,758.140691026597,524.737631184408
2294.30773054934,1227.93934874472,539.730134932534
2306.73626646781,1213.02510564256,524.737631184408
338.056176982351,981.854337559036,554.72263868066
477.255779269202,1446.68158090977,569.715142428786
589.112602535421,1086.25403927417,569.715142428786
604.026845637584,1093.71116082525,569.715142428786
626.398210290828,961.968680089485,554.72263868066
638.826746209297,1779.76634352473,569.715142428786
725.826497638578,1421.82450907283,584.707646176912
730.797912005966,2035.79418344519,569.715142428786
924.683072334079,852.59756400696,554.72263868066
934.625901068854,1285.11061396967,554.72263868066
947.054436987323,1285.11061396967,554.72263868066
1150.88242605021,2065.62266964952,569.715142428786
1220.48222719364,770.569226945066,554.72263868066
1262.73924931643,1705.19512801392,554.72263868066
1265.22495650012,1720.10937111608,569.715142428786
1367.13895103157,1158.33954760129,569.715142428786
1583.39547601293,1145.91101168282,569.715142428786
1610.73825503356,1130.99676858066,569.715142428786
1618.19537658464,914.740243599304,554.72263868066
1739.99502858563,430.027342779021,569.715142428786
1034.0541884166,1737.50932140194,569.715142428786
1034.0541884166,1722.59507829978,569.715142428786
1056.42555306985,1933.88018891375,584.707646176912
1150.88242605021,2083.02261993537,569.715142428786
1222.96793437733,599.055431270196,569.715142428786
1230.42505592841,778.026348496147,554.72263868066
1235.3964702958,599.055431270196,554.72263868066
1242.85359184688,780.512055679841,554.72263868066
1275.1677852349,1710.16654238131,569.715142428786
1541.13845389013,2015.90852597564,569.715142428786
1620.68108376833,1150.88242605021,584.707646176912
1640.56674123788,474.770072085508,569.715142428786
1667.90952025851,1752.4235645041,569.715142428786
1998.50857568978,782.997762863535,599.700149925038
2013.42281879195,700.969425801641,569.715142428786
2020.87994034303,691.026597066866,569.715142428786
621.42679592344,1764.85210042257,569.715142428786
822.769077802635,1337.31046482724,599.700149925038
837.683320904797,626.398210290828,584.707646176912
927.168779517773,1143.42530449913,599.700149925038
942.083022619935,1138.45389013174,584.707646176912
1103.65398956003,668.655232413622,599.700149925038
1121.05393984589,678.598061148397,599.700149925038
1123.53964702958,661.19811086254,584.707646176912
1145.91101168282,934.625901068854,614.692653673163
1153.36813323391,2050.70842654735,569.715142428786
1168.28237633607,2080.53691275168,569.715142428786
1570.96694009446,482.22719363659,584.707646176912
1625.65249813572,477.255779269202,584.707646176912
1826.99478001491,1347.25329356202,569.715142428786
415.113099676858,1429.28163062391,599.700149925038
633.855331841909,1767.33780760626,584.707646176912
673.626646781009,807.854834700472,629.685157421289
837.683320904797,556.798409147402,599.700149925038
855.083271190654,1523.73850360428,614.692653673163
994.282873477504,2040.76559781258,584.707646176912
1011.68282376336,509.569972657221,614.692653673163
1066.36838180462,842.654735272185,614.692653673163
1282.62490678598,459.855828983346,584.707646176912
1334.82475764355,1098.68257519264,584.707646176912
1538.65274670644,2008.45140442456,584.707646176912
1548.59557544121,2010.93711160825,584.707646176912
1553.5669898086,1680.33805617698,584.707646176912
1563.50981854338,1158.33954760129,584.707646176912
1836.93760874969,1399.45314441959,584.707646176912
1879.19463087248,914.740243599304,584.707646176912
1968.68008948546,1135.96818294805,584.707646176912
2008.45140442456,802.883420333085,614.692653673163
2013.42281879195,780.512055679841,584.707646176912
2020.87994034303,802.883420333085,584.707646176912
400.198856574696,1426.79592344022,599.700149925038
405.170270942083,1421.82450907283,614.692653673163
589.112602535421,952.02585135471,629.685157421289
616.455381556053,1779.76634352473,599.700149925038
623.912503107134,1777.28063634104,599.700149925038
780.512055679841,1575.93835446184,629.685157421289
822.769077802635,566.741237882178,614.692653673163
937.111608252548,569.226945065871,614.692653673163
949.540144171017,569.226945065871,614.692653673163
981.854337559036,2018.39423315933,599.700149925038
984.340044742729,2033.3084762615,614.692653673163
1021.62565249814,1717.62366393239,599.700149925038
1076.3112105394,837.683320904797,614.692653673163
1153.36813323391,2080.53691275168,614.692653673163
1265.22495650012,462.34153616704,599.700149925038
1319.91051454139,1098.68257519264,614.692653673163
1354.7104151131,1158.33954760129,599.700149925038
1429.28163062391,710.912254536416,629.685157421289
1439.22445935869,805.369127516779,629.685157421289
1523.73850360428,2013.42281879195,614.692653673163
1533.68133233905,1675.36664180959,614.692653673163
1553.5669898086,484.712900820283,614.692653673163
1548.59557544121,1160.82525478499,614.692653673163
1568.48123291076,1143.42530449913,599.700149925038
1605.76684066617,912.25453641561,599.700149925038
1610.73825503356,479.741486452896,614.692653673163
1652.99527715635,1747.45215013671,614.692653673163
1814.56624409645,1344.76758637832,614.692653673163
1824.50907283122,1396.96743723589,614.692653673163
1841.90902311708,1844.39473030077,599.700149925038
1859.30897340293,902.311707680835,614.692653673163
1864.28038777032,922.197365150385,644.677661169415
1978.62291822023,785.483470047228,614.692653673163
1993.5371613224,797.912005965697,599.700149925038
2000.99428287348,700.969425801641,614.692653673163
2083.02261993537,1213.02510564256,614.692653673163
402.684563758389,1431.76733780761,614.692653673163
589.112602535421,919.711657966692,614.692653673163
631.369624658215,1772.30922197365,614.692653673163
695.998011434253,1593.3383047477,614.692653673163
932.14019388516,1874.2232165051,644.677661169415
1009.19711657967,1896.59458115834,644.677661169415
1145.91101168282,2083.02261993537,614.692653673163
1148.39671886652,855.083271190654,644.677661169415
1327.36763609247,1108.62540392742,614.692653673163
1580.90976882923,966.940094456873,629.685157421289
1807.10912254536,765.597812577678,644.677661169415
2005.96569724086,693.512304250559,614.692653673163
407.655978125777,1436.73875217499,629.685157421289
827.740492170022,937.111608252548,674.662668665667
857.568978374347,730.797912005966,659.670164917541
999.254287844892,956.997265722098,659.670164917541
1011.68282376336,966.940094456873,659.670164917541
1034.0541884166,693.512304250559,659.670164917541
1048.96843151877,686.055182699478,659.670164917541
1250.31071339796,810.340541884166,629.685157421289
1314.939100174,872.48322147651,659.670164917541
1377.08177976634,944.568729803629,644.677661169415
1379.56748695004,961.968680089485,644.677661169415
1426.79592344022,800.397713149391,644.677661169415
1667.90952025851,1585.88118319662,659.670164917541
1787.22346507581,924.683072334079,659.670164917541
1839.42331593338,1844.39473030077,629.685157421289
1936.36589609744,1123.53964702958,644.677661169415
589.112602535421,922.197365150385,644.677661169415
1150.88242605021,638.826746209297,659.670164917541
1297.53914988814,882.426050211285,674.662668665667
1304.99627143922,877.454635843898,644.677661169415
1359.68182948049,835.197613721104,659.670164917541
1633.1096196868,1014.16853094705,659.670164917541
1635.59532687049,703.455132985334,659.670164917541
1640.56674123788,1029.08277404922,659.670164917541
810.340541884166,1342.28187919463,659.670164917541
867.511807109123,1533.68133233905,659.670164917541
1083.76833209048,1774.79492915735,704.647676161919
1086.25403927417,1787.22346507581,659.670164917541
1242.85359184688,805.369127516779,659.670164917541
1257.76783494904,802.883420333085,674.662668665667
1277.65349241859,1826.99478001491,674.662668665667
1277.65349241859,1245.33929903057,704.647676161919
1280.13919960229,730.797912005966,689.655172413793
1317.42480735769,1692.76659209545,674.662668665667
1367.13895103157,825.254784986329,689.655172413793
1503.85284613473,815.311956251554,674.662668665667
1548.59557544121,904.797414864529,689.655172413793
1618.19537658464,999.254287844892,659.670164917541
1849.36614466816,1235.3964702958,689.655172413793
743.226447924435,1424.31021625653,704.647676161919
815.311956251554,1334.82475764355,689.655172413793
855.083271190654,740.740740740741,674.662668665667
872.48322147651,730.797912005966,674.662668665667
989.311459110117,1712.652249565,674.662668665667
1014.16853094705,1889.13745960726,674.662668665667
1029.08277404922,952.02585135471,704.647676161919
1056.42555306985,1098.68257519264,719.640179910045
1126.02535421327,1036.5398956003,704.647676161919
1133.48247576436,1041.51130996769,674.662668665667
1163.31096196868,633.855331841909,689.655172413793
1220.48222719364,1424.31021625653,704.647676161919
1252.79642058166,810.340541884166,674.662668665667
1260.25354213274,1449.16728809346,704.647676161919
1272.68207805121,1436.73875217499,704.647676161919
1285.11061396967,1839.42331593338,689.655172413793
1307.48197862292,862.540392741735,689.655172413793
1324.88192890877,1682.82376336068,689.655172413793
1387.02460850112,959.482972905792,674.662668665667
986.825751926423,1707.68083519761,704.647676161919
1138.45389013174,1039.02560278399,719.640179910045
1180.71091225454,1051.45413870246,719.640179910045
1227.93934874472,807.854834700472,719.640179910045
847.626149639573,1406.91026597067,704.647676161919
852.59756400696,1414.36738752175,734.632683658171
877.454635843898,969.425801640567,719.640179910045
986.825751926423,1720.10937111608,719.640179910045
1153.36813323391,1170.76808351976,734.632683658171
1302.51056425553,1677.85234899329,719.640179910045
1339.79617201094,991.797166293811,734.632683658171
1372.11036539896,989.311459110117,734.632683658171
1372.11036539896,1123.53964702958,734.632683658171
899.826000497141,1118.56823266219,734.632683658171
1322.39622172508,1687.79517772806,734.632683658171
1352.22470792941,971.911508824261,734.632683658171
1364.65324384787,976.882923191648,719.640179910045
1573.45264727815,1451.65299527716,734.632683658171
1053.93984588615,1232.91076311211,749.625187406297
1302.51056425553,1692.76659209545,734.632683658171
1377.08177976634,971.911508824261,734.632683658171
