154.113845389013,865.026099925429,14.9925037481259
159.085259756401,869.997514292816,14.9925037481259
173.999502858563,860.054685558041,14.9925037481259
275.913497390007,1528.70991797166,44.9775112443778
280.884911757395,872.48322147651,14.9925037481259
285.856326124783,912.25453641561,44.9775112443778
298.284862043251,1476.51006711409,14.9925037481259
298.284862043251,889.883171762366,44.9775112443778
308.227690778026,171.513795674869,14.9925037481259
320.656226696495,151.628138205319,14.9925037481259
362.913248819289,1379.56748695004,14.9925037481259
472.284364901815,141.685309470544,14.9925037481259
477.255779269202,1280.13919960229,29.9850074962519
487.198608003977,1339.79617201094,14.9925037481259
489.684315187671,1349.73900074571,14.9925037481259
494.655729555058,1359.68182948049,14.9925037481259
507.084265473527,1369.62465821526,14.9925037481259
507.084265473527,1347.25329356202,14.9925037481259
507.084265473527,1359.68182948049,14.9925037481259
556.798409147402,1483.96718866518,14.9925037481259
559.284116331096,1488.93860303256,14.9925037481259
571.712652249565,1483.96718866518,14.9925037481259
579.169773800646,2172.50807854835,29.9850074962519
584.141188168034,178.970917225951,14.9925037481259
586.626895351728,166.542381307482,14.9925037481259
591.598309719115,1600.79542629878,14.9925037481259
596.569724086503,181.456624409645,14.9925037481259
628.883917474521,1138.45389013174,14.9925037481259
636.341039025603,1516.28138205319,14.9925037481259
656.226696495153,1511.30996768581,14.9925037481259
678.598061148397,1563.50981854338,14.9925037481259
683.569475515784,1048.96843151877,14.9925037481259
738.255033557047,1098.68257519264,14.9925037481259
812.82624906786,367.884663186677,14.9925037481259
822.769077802635,352.970420084514,14.9925037481259
825.254784986329,357.941834451902,14.9925037481259
835.197613721104,367.884663186677,14.9925037481259
840.169028088491,360.427541635595,14.9925037481259
835.197613721104,380.313199105145,14.9925037481259
842.654735272185,372.856077554064,14.9925037481259
897.340293313448,1787.22346507581,14.9925037481259
907.283122048223,1777.28063634104,14.9925037481259
907.283122048223,1797.16629381059,29.9850074962519
961.968680089485,507.084265473527,14.9925037481259
1503.85284613473,1923.93736017897,29.9850074962519
1503.85284613473,1822.02336564753,14.9925037481259
1526.22421078797,1953.7658463833,29.9850074962519
1595.82401193139,571.712652249565,14.9925037481259
1595.82401193139,581.65548098434,14.9925037481259
1610.73825503356,1812.08053691275,14.9925037481259
1628.13820531941,594.084016902809,14.9925037481259
1648.02386278896,616.455381556053,14.9925037481259
1722.59507829978,867.511807109123,14.9925037481259
1742.48073576933,865.026099925429,14.9925037481259
1826.99478001491,2115.33681332339,14.9925037481259
1856.82326621924,2097.93686303753,29.9850074962519
1859.30897340293,104.399701715138,14.9925037481259
1864.28038777032,2115.33681332339,14.9925037481259
2005.96569724086,1961.22296793438,14.9925037481259
2010.93711160825,1966.19438230176,14.9925037481259
2020.87994034303,1966.19438230176,14.9925037481259
2020.87994034303,1956.25155356699,29.9850074962519
2030.8227690778,1938.85160328113,14.9925037481259
2030.8227690778,1928.90877454636,14.9925037481259
2035.79418344519,1948.79443201591,14.9925037481259
2045.73701217997,1938.85160328113,29.9850074962519
2085.50832711907,2053.19413373105,29.9850074962519
2229.6793437733,1471.53865274671,14.9925037481259
2254.53641561024,1481.48148148148,14.9925037481259
2279.39348744718,487.198608003977,14.9925037481259
2289.33631618195,487.198608003977,14.9925037481259
275.913497390007,877.454635843898,44.9775112443778
285.856326124783,892.36887894606,29.9850074962519
586.626895351728,750.683569475516,29.9850074962519
601.54113845389,723.340790454884,29.9850074962519
601.54113845389,750.683569475516,29.9850074962519
648.769574944072,1533.68133233905,29.9850074962519
653.740989311459,1531.19562515536,29.9850074962519
832.71190653741,1309.96768580661,59.9700149925037
1116.0825254785,1913.9945314442,44.9775112443778
1506.33855331842,1809.59482972906,29.9850074962519
1568.48123291076,633.855331841909,29.9850074962519
1625.65249813572,554.312701963709,29.9850074962519
1633.1096196868,546.855580412627,29.9850074962519
1657.96669152374,574.198359433259,29.9850074962519
1675.36664180959,596.569724086503,29.9850074962519
1767.33780760626,850.111856823266,29.9850074962519
1886.65175242356,84.5140442455879,44.9775112443778
2040.76559781258,1936.36589609744,29.9850074962519
2234.65075814069,1461.59582401193,29.9850074962519
2237.13646532438,489.684315187671,44.9775112443778
2242.10787969177,1459.11011682824,29.9850074962519
2247.07929405916,1459.11011682824,29.9850074962519
2247.07929405916,1501.36713895103,29.9850074962519
2264.47924434502,1483.96718866518,44.9775112443778
2311.7076808352,467.312950534427,29.9850074962519
2478.25006214268,559.284116331096,29.9850074962519
253.542132736764,887.397464578673,59.9700149925037
275.913497390007,894.854586129754,44.9775112443778
313.199105145414,584.141188168034,59.9700149925037
340.541884166045,1349.73900074571,74.9625187406297
497.141436738752,1210.53939845886,89.9550224887556
499.627143922446,1232.91076311211,74.9625187406297
549.341287596321,966.940094456873,74.9625187406297
591.598309719115,1988.56574695501,74.9625187406297
608.998260004971,728.312204822272,44.9775112443778
618.941088739746,735.769326373353,44.9775112443778
638.826746209297,795.426298782004,44.9775112443778
651.255282127765,1160.82525478499,74.9625187406297
718.369376087497,1782.25205070843,59.9700149925037
1130.99676858066,1953.7658463833,59.9700149925037
1257.76783494904,1757.39497887149,44.9775112443778
1367.13895103157,1978.62291822023,44.9775112443778
1369.62465821526,1973.65150385285,89.9550224887556
1391.99602286851,1988.56574695501,89.9550224887556
1561.02411135968,633.855331841909,44.9775112443778
1672.8809346259,1456.62440964454,74.9625187406297
2234.65075814069,1481.48148148148,44.9775112443778
2247.07929405916,1481.48148148148,44.9775112443778
2453.39299030574,956.997265722098,44.9775112443778
343.027591349739,1369.62465821526,59.9700149925037
489.684315187671,1232.91076311211,59.9700149925037
507.084265473527,1126.02535421327,59.9700149925037
526.969922943077,1108.62540392742,89.9550224887556
564.255530698484,1009.19711657967,59.9700149925037
604.026845637584,1203.08227690778,59.9700149925037
778.026348496147,1016.65423813075,59.9700149925037
1088.73974645787,1923.93736017897,59.9700149925037
1116.0825254785,1943.82301764852,104.947526236882
1140.93959731544,1923.93736017897,89.9550224887556
1635.59532687049,601.54113845389,59.9700149925037
1650.50956997266,1449.16728809346,74.9625187406297
1851.85185185185,89.4854586129754,59.9700149925037
2003.47999005717,1996.02286850609,89.9550224887556
2274.42207307979,472.284364901815,59.9700149925037
246.085011185682,907.283122048223,89.9550224887556
251.05642555307,912.25453641561,74.9625187406297
253.542132736764,919.711657966692,74.9625187406297
275.913497390007,922.197365150385,89.9550224887556
499.627143922446,1585.88118319662,74.9625187406297
519.512801391996,1208.05369127517,74.9625187406297
536.912751677852,1474.0243599304,74.9625187406297
541.88416604524,1461.59582401193,89.9550224887556
561.76982351479,1474.0243599304,74.9625187406297
628.883917474521,1217.99652000994,74.9625187406297
653.740989311459,1250.31071339796,89.9550224887556
698.483718617947,1774.79492915735,74.9625187406297
795.426298782004,1414.36738752175,89.9550224887556
815.311956251554,1436.73875217499,104.947526236882
134.228187919463,1178.22520507084,104.947526236882
161.570966940094,827.740492170022,104.947526236882
176.485210042257,1359.68182948049,104.947526236882
293.313447675864,750.683569475516,119.940029985007
477.255779269202,1237.88217747949,89.9550224887556
507.084265473527,1126.02535421327,104.947526236882
512.055679840915,1225.45364156102,89.9550224887556
526.969922943077,1528.70991797166,104.947526236882
529.455630126771,1506.33855331842,119.940029985007
564.255530698484,1426.79592344022,89.9550224887556
569.226945065871,1429.28163062391,89.9550224887556
695.998011434253,1782.25205070843,89.9550224887556
857.568978374347,1526.22421078797,104.947526236882
1133.48247576436,1185.68232662192,104.947526236882
1185.68232662192,1662.93810589113,119.940029985007
1399.45314441959,1449.16728809346,104.947526236882
1401.93885160328,1444.19587372608,89.9550224887556
1662.93810589113,1446.68158090977,89.9550224887556
111.856823266219,1011.68282376336,104.947526236882
154.113845389013,1357.19612229679,134.932533733133
256.027839920457,914.740243599304,104.947526236882
310.71339796172,1725.08078548347,134.932533733133
397.713149391002,1906.53740989311,119.940029985007
397.713149391002,1717.62366393239,119.940029985007
402.684563758389,1732.53790703455,104.947526236882
434.998757146408,1312.45339299031,134.932533733133
457.370121799652,1817.05195128014,119.940029985007
489.684315187671,1203.08227690778,104.947526236882
551.826994780015,1645.53815560527,119.940029985007
551.826994780015,1503.85284613473,119.940029985007
549.341287596321,1466.56723837932,104.947526236882
551.826994780015,1446.68158090977,119.940029985007
564.255530698484,1665.42381307482,104.947526236882
564.255530698484,1009.19711657967,104.947526236882
608.998260004971,1190.65374098931,104.947526236882
805.369127516779,1411.88168033806,104.947526236882
812.82624906786,1411.88168033806,119.940029985007
827.740492170022,1389.51031568481,104.947526236882
842.654735272185,1426.79592344022,104.947526236882
847.626149639573,1414.36738752175,104.947526236882
1106.13969674372,1180.71091225454,104.947526236882
1113.5968182948,1150.88242605021,149.925037481259
1133.48247576436,1953.7658463833,104.947526236882
1307.48197862292,1449.16728809346,104.947526236882
1309.96768580661,1411.88168033806,104.947526236882
1312.45339299031,1416.85309470544,104.947526236882
1317.42480735769,1441.71016654238,119.940029985007
1352.22470792941,1411.88168033806,119.940029985007
1359.68182948049,1434.2530449913,119.940029985007
1377.08177976634,1953.7658463833,104.947526236882
1491.42431021626,1809.59482972906,104.947526236882
1526.22421078797,1777.28063634104,119.940029985007
1834.451901566,1876.70892368879,164.917541229385
1871.7375093214,1901.56599552573,134.932533733133
86.9997514292816,845.140442455879,149.925037481259
94.4568729803629,942.083022619935,164.917541229385
131.742480735769,1337.31046482724,119.940029985007
164.056674123788,1322.39622172508,134.932533733133
241.113596818295,718.369376087497,149.925037481259
288.342033308476,1391.99602286851,119.940029985007
298.284862043251,1401.93885160328,119.940029985007
343.027591349739,1739.99502858563,134.932533733133
360.427541635595,1623.16679095203,134.932533733133
377.827491921452,1533.68133233905,119.940029985007
382.798906288839,1727.56649266716,119.940029985007
390.25602783992,1725.08078548347,119.940029985007
395.227442207308,1812.08053691275,149.925037481259
395.227442207308,1735.02361421825,119.940029985007
412.627392493164,1727.56649266716,119.940029985007
420.084514044246,1300.02485707184,149.925037481259
521.99850857569,1290.08202833706,119.940029985007
544.369873228934,1434.2530449913,134.932533733133
544.369873228934,1446.68158090977,119.940029985007
807.854834700472,1921.45165299528,134.932533733133
832.71190653741,1446.68158090977,119.940029985007
862.540392741735,1973.65150385285,134.932533733133
1103.65398956003,1227.93934874472,134.932533733133
1178.22520507084,1687.79517772806,134.932533733133
1200.59656972409,1424.31021625653,134.932533733133
1237.88217747949,1446.68158090977,149.925037481259
1277.65349241859,1466.56723837932,134.932533733133
1429.28163062391,2217.25080785483,164.917541229385
1449.16728809346,1948.79443201591,149.925037481259
1812.08053691275,1889.13745960726,134.932533733133
106.885408898832,1009.19711657967,149.925037481259
109.371116082525,815.311956251554,164.917541229385
134.228187919463,1362.16753666418,149.925037481259
320.656226696495,1406.91026597067,134.932533733133
343.027591349739,1625.65249813572,134.932533733133
415.113099676858,748.197862291822,134.932533733133
444.941585881183,1916.48023862789,164.917541229385
454.884414615958,1312.45339299031,149.925037481259
812.82624906786,1909.02311707681,149.925037481259
860.054685558041,1881.68033805618,164.917541229385
857.568978374347,1986.08003977131,134.932533733133
865.026099925429,1986.08003977131,134.932533733133
1068.85408898832,1108.62540392742,164.917541229385
1135.96818294805,1183.19661943823,149.925037481259
1193.13944817301,1444.19587372608,134.932533733133
1195.6251553567,1441.71016654238,134.932533733133
1215.51081282625,1464.08153119563,149.925037481259
1329.85334327616,1531.19562515536,149.925037481259
1712.652249565,2122.79393487447,164.917541229385
1899.08028834203,1891.62316679095,164.917541229385
91.9711657966692,924.683072334079,149.925037481259
119.313944817301,1295.05344270445,179.910044977511
141.685309470544,1406.91026597067,164.917541229385
330.59905543127,1754.9092716878,164.917541229385
340.541884166045,1382.05319413373,164.917541229385
479.741486452896,1802.13770817798,149.925037481259
482.22719363659,1809.59482972906,149.925037481259
534.427044494159,1635.59532687049,179.910044977511
529.455630126771,1620.68108376833,164.917541229385
591.598309719115,1996.02286850609,149.925037481259
787.969177230922,2100.42257022123,149.925037481259
1225.45364156102,1441.71016654238,149.925037481259
1272.68207805121,1570.96694009446,179.910044977511
1367.13895103157,1648.02386278896,179.910044977511
1789.70917225951,2115.33681332339,209.895052473763
1834.451901566,1899.08028834203,164.917541229385
124.285359184688,887.397464578673,164.917541229385
144.171016654238,867.511807109123,194.902548725637
268.456375838926,1643.05244842158,179.910044977511
335.570469798658,1580.90976882923,179.910044977511
360.427541635595,1737.50932140194,179.910044977511
457.370121799652,1916.48023862789,164.917541229385
489.684315187671,1613.22396221725,179.910044977511
539.398458861546,700.969425801641,194.902548725637
549.341287596321,1655.48098434004,179.910044977511
825.254784986329,2147.65100671141,179.910044977511
1106.13969674372,1180.71091225454,164.917541229385
1135.96818294805,1160.82525478499,164.917541229385
1205.56798409147,1471.53865274671,164.917541229385
1884.16604523987,1876.70892368879,164.917541229385
72.0855083271191,996.768580661198,179.910044977511
72.0855083271191,1001.73999502859,179.910044977511
226.199353716132,1078.79691772309,194.902548725637
285.856326124783,862.540392741735,194.902548725637
333.084762614964,1518.76708923689,209.895052473763
340.541884166045,1789.70917225951,179.910044977511
347.999005717127,1804.62341536167,179.910044977511
352.970420084514,1526.22421078797,194.902548725637
355.456127268208,1777.28063634104,179.910044977511
355.456127268208,1807.10912254536,179.910044977511
357.941834451902,1695.25229927915,209.895052473763
367.884663186677,1804.62341536167,194.902548725637
367.884663186677,1782.25205070843,194.902548725637
390.25602783992,1749.93785732041,194.902548725637
432.513049962714,1849.36614466816,179.910044977511
447.427293064877,1802.13770817798,209.895052473763
589.112602535421,1993.5371613224,179.910044977511
790.454884414616,1928.90877454636,179.910044977511
800.397713149391,2078.05120556798,209.895052473763
825.254784986329,1889.13745960726,194.902548725637
847.626149639573,2090.47974148645,179.910044977511
857.568978374347,1901.56599552573,209.895052473763
860.054685558041,1948.79443201591,179.910044977511
897.340293313448,1906.53740989311,194.902548725637
1111.11111111111,1779.76634352473,209.895052473763
1140.93959731544,1792.1948794432,209.895052473763
1198.11086254039,1436.73875217499,179.910044977511
1215.51081282625,1429.28163062391,179.910044977511
1252.79642058166,2105.39398458862,194.902548725637
1312.45339299031,2199.85085756898,209.895052473763
1712.652249565,2157.59383544618,194.902548725637
1712.652249565,2142.67959234402,194.902548725637
1732.53790703455,2142.67959234402,179.910044977511
1759.88068605518,2147.65100671141,194.902548725637
1772.30922197365,2090.47974148645,194.902548725637
1802.13770817798,2058.16554809843,224.887556221889
1886.65175242356,1899.08028834203,179.910044977511
357.941834451902,1817.05195128014,194.902548725637
365.398956002983,1516.28138205319,194.902548725637
377.827491921452,1797.16629381059,194.902548725637
434.998757146408,1846.88043748446,209.895052473763
474.770072085508,1809.59482972906,224.887556221889
713.397961720109,1792.1948794432,224.887556221889
740.740740740741,1864.28038777032,194.902548725637
802.883420333085,1869.25180213771,209.895052473763
820.283370618941,1859.30897340293,224.887556221889
1103.65398956003,1802.13770817798,209.895052473763
1235.3964702958,1469.05294556301,194.902548725637
1662.93810589113,2157.59383544618,239.880059970015
1697.73800646284,2130.25105642555,194.902548725637
1700.22371364653,2145.16529952772,194.902548725637
1744.96644295302,2110.365398956,194.902548725637
1744.96644295302,2130.25105642555,209.895052473763
1749.93785732041,2090.47974148645,209.895052473763
1831.9661943823,2075.56549838429,224.887556221889
2040.76559781258,2060.65125528213,224.887556221889
248.570718369376,1118.56823266219,209.895052473763
251.05642555307,865.026099925429,209.895052473763
256.027839920457,902.311707680835,209.895052473763
303.256276410639,1536.16703952274,224.887556221889
340.541884166045,1538.65274670644,224.887556221889
415.113099676858,1844.39473030077,209.895052473763
452.398707432264,1752.4235645041,239.880059970015
514.541387024609,695.998011434253,209.895052473763
574.198359433259,1886.65175242356,239.880059970015
581.65548098434,1864.28038777032,239.880059970015
708.426547352722,1812.08053691275,224.887556221889
710.912254536416,1464.08153119563,239.880059970015
792.94059159831,1864.28038777032,209.895052473763
810.340541884166,1911.5088242605,209.895052473763
817.797663435247,1859.30897340293,209.895052473763
1118.56823266219,1809.59482972906,209.895052473763
1126.02535421327,1807.10912254536,209.895052473763
1285.11061396967,1493.91001739995,209.895052473763
1290.08202833706,1469.05294556301,209.895052473763
1307.48197862292,1486.45289584887,209.895052473763
1319.91051454139,2192.3937360179,209.895052473763
1528.70991797166,2242.10787969177,239.880059970015
1762.36639323888,2112.8511061397,209.895052473763
1799.65200099428,2095.45115585384,209.895052473763
1809.59482972906,2179.96520009943,209.895052473763
1817.05195128014,2155.10812826249,224.887556221889
1946.30872483221,2043.25130499627,224.887556221889
1966.19438230176,2018.39423315933,239.880059970015
258.513547104151,1121.05393984589,224.887556221889
260.999254287845,869.997514292816,224.887556221889
263.484961471539,904.797414864529,224.887556221889
487.198608003977,1782.25205070843,224.887556221889
507.084265473527,1086.25403927417,239.880059970015
519.512801391996,1113.5968182948,239.880059970015
571.712652249565,1841.90902311708,254.872563718141
579.169773800646,984.340044742729,254.872563718141
596.569724086503,1864.28038777032,239.880059970015
695.998011434253,1498.88143176734,224.887556221889
812.82624906786,2025.85135471042,254.872563718141
1314.939100174,1620.68108376833,224.887556221889
1334.82475764355,1662.93810589113,269.865067466267
1354.7104151131,1648.02386278896,239.880059970015
1697.73800646284,2165.05095699727,224.887556221889
1717.62366393239,2120.30822769078,224.887556221889
1722.59507829978,2170.02237136465,224.887556221889
1779.76634352473,2085.50832711907,239.880059970015
1812.08053691275,2090.47974148645,239.880059970015
1817.05195128014,2055.67984091474,224.887556221889
1951.2801391996,2055.67984091474,239.880059970015
1963.70867511807,2050.70842654735,239.880059970015
1983.59433258762,1884.16604523987,254.872563718141
258.513547104151,897.340293313448,239.880059970015
280.884911757395,857.568978374347,239.880059970015
519.512801391996,1150.88242605021,269.865067466267
574.198359433259,1135.96818294805,269.865067466267
944.568729803629,1140.93959731544,239.880059970015
1046.48272433507,1369.62465821526,269.865067466267
1063.88267462093,1349.73900074571,269.865067466267
1297.53914988814,1640.56674123788,254.872563718141
1317.42480735769,1685.30947054437,254.872563718141
1322.39622172508,1648.02386278896,254.872563718141
1471.53865274671,2025.85135471042,254.872563718141
1503.85284613473,2023.36564752672,254.872563718141
1501.36713895103,2033.3084762615,239.880059970015
1610.73825503356,1993.5371613224,269.865067466267
1730.05219985086,2187.42232165051,239.880059970015
1722.59507829978,2199.85085756898,239.880059970015
1804.62341536167,2172.50807854835,254.872563718141
1802.13770817798,2162.56524981357,239.880059970015
1956.25155356699,2025.85135471042,239.880059970015
1971.16579666915,1894.10887397465,239.880059970015
1978.62291822023,1904.05170270942,239.880059970015
1986.08003977131,2040.76559781258,239.880059970015
2025.85135471042,2013.42281879195,254.872563718141
407.655978125777,1561.02411135968,254.872563718141
487.198608003977,1185.68232662192,284.857571214393
576.684066616953,1165.79666915237,269.865067466267
656.226696495153,1319.91051454139,254.872563718141
735.769326373353,1342.28187919463,269.865067466267
837.683320904797,1314.939100174,284.857571214393
914.740243599304,1981.10862540393,284.857571214393
1014.16853094705,1347.25329356202,284.857571214393
1362.16753666418,1749.93785732041,269.865067466267
1449.16728809346,1561.02411135968,269.865067466267
1501.36713895103,2013.42281879195,254.872563718141
1675.36664180959,2140.19388516033,254.872563718141
1712.652249565,2162.56524981357,269.865067466267
1973.65150385285,2038.27989062888,269.865067466267
387.770320656227,1048.96843151877,284.857571214393
529.455630126771,1168.28237633607,269.865067466267
561.76982351479,989.311459110117,269.865067466267
586.626895351728,1250.31071339796,314.842578710645
695.998011434253,1170.76808351976,314.842578710645
947.054436987323,1682.82376336068,269.865067466267
984.340044742729,1831.9661943823,284.857571214393
984.340044742729,1849.36614466816,269.865067466267
1019.13994531444,1879.19463087248,314.842578710645
1041.51130996769,1923.93736017897,329.835082458771
1043.99701715138,1362.16753666418,269.865067466267
1066.36838180462,1899.08028834203,284.857571214393
1071.33979617201,1881.68033805618,284.857571214393
1396.96743723589,1874.2232165051,284.857571214393
1471.53865274671,1595.82401193139,269.865067466267
1474.0243599304,1558.53840417599,269.865067466267
1488.93860303256,1526.22421078797,284.857571214393
1558.53840417599,1861.79468058663,284.857571214393
1608.25254784986,1909.02311707681,284.857571214393
1635.59532687049,1909.02311707681,284.857571214393
651.255282127765,1183.19661943823,314.842578710645
705.940840169028,1190.65374098931,329.835082458771
713.397961720109,1193.13944817301,284.857571214393
715.883668903803,1153.36813323391,284.857571214393
733.283619189659,1165.79666915237,329.835082458771
725.826497638578,1344.76758637832,299.850074962519
810.340541884166,1344.76758637832,284.857571214393
919.711657966692,1854.33755903555,284.857571214393
947.054436987323,1886.65175242356,284.857571214393
952.02585135471,1851.85185185185,284.857571214393
961.968680089485,1841.90902311708,284.857571214393
989.311459110117,1660.45239870743,284.857571214393
999.254287844892,1635.59532687049,299.850074962519
1150.88242605021,1899.08028834203,299.850074962519
1193.13944817301,1476.51006711409,284.857571214393
1364.65324384787,1700.22371364653,299.850074962519
1396.96743723589,1859.30897340293,284.857571214393
1454.13870246085,1655.48098434004,314.842578710645
1476.51006711409,1633.1096196868,314.842578710645
1625.65249813572,1889.13745960726,314.842578710645
1620.68108376833,1913.9945314442,299.850074962519
1625.65249813572,1896.59458115834,284.857571214393
1652.99527715635,1913.9945314442,299.850074962519
1725.08078548347,2184.93661446682,284.857571214393
932.14019388516,1782.25205070843,329.835082458771
937.111608252548,1846.88043748446,299.850074962519
944.568729803629,1851.85185185185,299.850074962519
954.511558538404,1864.28038777032,329.835082458771
1009.19711657967,1921.45165299528,314.842578710645
1081.28262490679,1876.70892368879,314.842578710645
1108.62540392742,1961.22296793438,329.835082458771
1118.56823266219,1948.79443201591,299.850074962519
1175.73949788715,1931.39448173005,299.850074962519
1205.56798409147,1913.9945314442,299.850074962519
1210.53939845886,1918.96594581158,299.850074962519
1240.36788466319,1546.10986825752,344.827586206897
1436.73875217499,1541.13845389013,359.820089955023
1434.2530449913,1677.85234899329,314.842578710645
1471.53865274671,1618.19537658464,299.850074962519
1471.53865274671,1516.28138205319,299.850074962519
1652.99527715635,1901.56599552573,299.850074962519
564.255530698484,1411.88168033806,344.827586206897
584.141188168034,1185.68232662192,344.827586206897
601.54113845389,1173.25379070346,329.835082458771
917.225950782998,1851.85185185185,344.827586206897
949.540144171017,1886.65175242356,329.835082458771
976.882923191648,1891.62316679095,359.820089955023
1009.19711657967,1913.9945314442,314.842578710645
1051.45413870246,1889.13745960726,344.827586206897
1051.45413870246,1372.11036539896,314.842578710645
1056.42555306985,1869.25180213771,344.827586206897
1073.8255033557,1879.19463087248,314.842578710645
1076.3112105394,1859.30897340293,314.842578710645
1108.62540392742,1911.5088242605,344.827586206897
1160.82525478499,1936.36589609744,314.842578710645
1160.82525478499,1928.90877454636,314.842578710645
1213.02510564256,1881.68033805618,314.842578710645
1242.85359184688,1563.50981854338,314.842578710645
1252.79642058166,1541.13845389013,314.842578710645
1255.28212776535,1546.10986825752,314.842578710645
1394.4817300522,1518.76708923689,314.842578710645
1493.91001739995,1541.13845389013,314.842578710645
531.941337310465,1434.2530449913,329.835082458771
713.397961720109,1145.91101168282,344.827586206897
713.397961720109,1220.48222719364,374.812593703148
1150.88242605021,1943.82301764852,344.827586206897
1175.73949788715,1923.93736017897,359.820089955023
1260.25354213274,1585.88118319662,329.835082458771
1449.16728809346,1660.45239870743,329.835082458771
1461.59582401193,1518.76708923689,359.820089955023
1464.08153119563,1618.19537658464,329.835082458771
1474.0243599304,1496.39572458364,359.820089955023
1610.73825503356,1909.02311707681,329.835082458771
929.654486701467,1891.62316679095,374.812593703148
954.511558538404,1911.5088242605,374.812593703148
979.368630375342,1921.45165299528,374.812593703148
1029.08277404922,1869.25180213771,359.820089955023
1478.99577429779,1503.85284613473,344.827586206897
1483.96718866518,1511.30996768581,359.820089955023
1148.39671886652,1588.36689038031,404.7976011994
1158.33954760129,1536.16703952274,359.820089955023
1173.25379070346,1667.90952025851,359.820089955023
1175.73949788715,1662.93810589113,359.820089955023
1185.68232662192,1665.42381307482,374.812593703148
1292.56773552076,1623.16679095203,374.812593703148
1339.79617201094,1856.82326621924,359.820089955023
1093.71116082525,1662.93810589113,419.790104947526
1175.73949788715,1665.42381307482,419.790104947526
1185.68232662192,1680.33805617698,389.805097451274
1309.96768580661,1623.16679095203,404.7976011994
860.054685558041,1506.33855331842,434.782608695652
874.968928660204,1513.7956748695,419.790104947526
877.454635843898,1521.25279642058,419.790104947526
889.883171762366,1531.19562515536,419.790104947526
1158.33954760129,1536.16703952274,419.790104947526
1342.28187919463,1672.8809346259,434.782608695652
1352.22470792941,1670.39522744221,419.790104947526
