9.94282873477504,293.313447675864,14.9925037481259
7.45712155108128,313.199105145414,14.9925037481259
104.399701715138,1312.45339299031,29.9850074962519
104.399701715138,216.256524981357,29.9850074962519
106.885408898832,1324.88192890877,14.9925037481259
154.113845389013,589.112602535421,14.9925037481259
243.599304001989,514.541387024609,14.9925037481259
285.856326124783,1098.68257519264,14.9925037481259
295.799154859558,1215.51081282625,14.9925037481259
303.256276410639,1225.45364156102,14.9925037481259
293.313447675864,1106.13969674372,44.9775112443778
502.11285110614,1474.0243599304,44.9775112443778
566.741237882178,84.5140442455879,14.9925037481259
626.398210290828,524.484215759384,29.9850074962519
626.398210290828,2117.82252050708,14.9925037481259
653.740989311459,1991.0514541387,29.9850074962519
686.055182699478,815.311956251554,29.9850074962519
710.912254536416,2438.47874720358,14.9925037481259
812.82624906786,2100.42257022123,29.9850074962519
840.169028088491,492.170022371365,29.9850074962519
850.111856823266,2264.47924434502,44.9775112443778
904.797414864529,763.112105393985,14.9925037481259
934.625901068854,561.76982351479,14.9925037481259
1014.16853094705,2261.99353716132,29.9850074962519
1019.13994531444,2269.4506587124,14.9925037481259
1031.56848123291,2321.65050956997,14.9925037481259
1048.96843151877,2314.19338801889,14.9925037481259
1061.39696743724,2281.87919463087,14.9925037481259
1068.85408898832,295.799154859558,29.9850074962519
1180.71091225454,270.94208302262,14.9925037481259
1267.71066368382,2073.0797912006,14.9925037481259
1277.65349241859,2030.8227690778,14.9925037481259
1277.65349241859,2045.73701217997,14.9925037481259
1302.51056425553,1464.08153119563,29.9850074962519
1349.73900074571,1449.16728809346,14.9925037481259
1344.76758637832,1528.70991797166,14.9925037481259
1382.05319413373,1608.25254784986,14.9925037481259
1391.99602286851,1568.48123291076,14.9925037481259
1409.39597315436,1513.7956748695,14.9925037481259
1416.85309470544,1501.36713895103,14.9925037481259
1456.62440964454,1531.19562515536,29.9850074962519
1488.93860303256,1608.25254784986,14.9925037481259
1511.30996768581,325.627641063883,29.9850074962519
1538.65274670644,1516.28138205319,14.9925037481259
1667.90952025851,1481.48148148148,29.9850074962519
1685.30947054437,1521.25279642058,44.9775112443778
1715.13795674869,1493.91001739995,14.9925037481259
1725.08078548347,1583.39547601293,29.9850074962519
1727.56649266716,1483.96718866518,14.9925037481259
1752.4235645041,1486.45289584887,14.9925037481259
1762.36639323888,1585.88118319662,14.9925037481259
1772.30922197365,1692.76659209545,14.9925037481259
1772.30922197365,1730.05219985086,14.9925037481259
1774.79492915735,1650.50956997266,14.9925037481259
1784.73775789212,1829.48048719861,29.9850074962519
1784.73775789212,1712.652249565,14.9925037481259
1802.13770817798,1630.62391250311,14.9925037481259
1817.05195128014,1598.30971911509,44.9775112443778
1864.28038777032,171.513795674869,29.9850074962519
1871.7375093214,1573.45264727815,14.9925037481259
1876.70892368879,1657.96669152374,29.9850074962519
1879.19463087248,131.742480735769,29.9850074962519
1884.16604523987,1454.13870246085,29.9850074962519
1894.10887397465,1662.93810589113,14.9925037481259
1894.10887397465,124.285359184688,14.9925037481259
1899.08028834203,566.741237882178,29.9850074962519
1916.48023862789,2219.73651503853,29.9850074962519
1921.45165299528,487.198608003977,29.9850074962519
1933.88018891375,1394.4817300522,29.9850074962519
1936.36589609744,554.312701963709,29.9850074962519
1941.33731046483,840.169028088491,29.9850074962519
1951.2801391996,2232.165050957,29.9850074962519
1958.73726075068,2239.62217250808,14.9925037481259
1976.13721103654,1511.30996768581,14.9925037481259
1988.56574695501,1404.42455878698,29.9850074962519
1996.02286850609,1464.08153119563,29.9850074962519
2115.33681332339,345.513298533433,29.9850074962519
2127.76534924186,1996.02286850609,14.9925037481259
2145.16529952772,2102.90827740492,29.9850074962519
2147.65100671141,1961.22296793438,29.9850074962519
2162.56524981357,2107.87969177231,29.9850074962519
2165.05095699727,1991.0514541387,14.9925037481259
2165.05095699727,2095.45115585384,14.9925037481259
2170.02237136465,1951.2801391996,29.9850074962519
2177.47949291573,1991.0514541387,44.9775112443778
2182.45090728312,1958.73726075068,44.9775112443778
2266.96495152871,1618.19537658464,29.9850074962519
2276.90778026349,1605.76684066617,29.9850074962519
2309.2219736515,387.770320656227,14.9925037481259
2311.7076808352,365.398956002983,29.9850074962519
2346.50758140691,171.513795674869,29.9850074962519
2348.9932885906,2150.1367138951,14.9925037481259
2356.45041014169,109.371116082525,29.9850074962519
2371.36465324385,149.142431021626,29.9850074962519
2423.56450410142,347.999005717127,29.9850074962519
2426.05021128511,333.084762614964,29.9850074962519
2438.47874720358,365.398956002983,29.9850074962519
2470.7929405916,492.170022371365,44.9775112443778
618.941088739746,397.713149391002,59.9700149925037
633.855331841909,1098.68257519264,44.9775112443778
638.826746209297,1078.79691772309,44.9775112443778
643.798160576684,397.713149391002,59.9700149925037
653.740989311459,822.769077802635,59.9700149925037
651.255282127765,805.369127516779,29.9850074962519
653.740989311459,810.340541884166,29.9850074962519
676.112353964703,1081.28262490679,44.9775112443778
700.969425801641,1078.79691772309,29.9850074962519
857.568978374347,2242.10787969177,44.9775112443778
865.026099925429,2249.56500124285,29.9850074962519
867.511807109123,2261.99353716132,29.9850074962519
912.25453641561,780.512055679841,29.9850074962519
1004.22570221228,1963.70867511807,29.9850074962519
1009.19711657967,2000.99428287348,74.9625187406297
1026.59706686552,1620.68108376833,29.9850074962519
1036.5398956003,1600.79542629878,44.9775112443778
1039.02560278399,1998.50857568978,59.9700149925037
1309.96768580661,1481.48148148148,59.9700149925037
1372.11036539896,1461.59582401193,59.9700149925037
1379.56748695004,1493.91001739995,44.9775112443778
1737.50932140194,1486.45289584887,29.9850074962519
1744.96644295302,1488.93860303256,29.9850074962519
1866.76609495401,111.856823266219,29.9850074962519
1876.70892368879,526.969922943077,29.9850074962519
1884.16604523987,810.340541884166,44.9775112443778
1913.9945314442,1657.96669152374,29.9850074962519
1928.90877454636,832.71190653741,44.9775112443778
1948.79443201591,484.712900820283,29.9850074962519
1951.2801391996,1481.48148148148,44.9775112443778
2003.47999005717,1705.19512801392,59.9700149925037
2117.82252050708,1988.56574695501,29.9850074962519
2224.70792940592,1774.79492915735,74.9625187406297
2259.50782997763,1595.82401193139,44.9775112443778
2440.96445438727,347.999005717127,29.9850074962519
198.856574695501,1322.39622172508,59.9700149925037
323.141933880189,601.54113845389,74.9625187406297
392.741735023614,1916.48023862789,74.9625187406297
462.34153616704,1474.0243599304,59.9700149925037
641.31245339299,1135.96818294805,59.9700149925037
648.769574944072,1474.0243599304,59.9700149925037
651.255282127765,2000.99428287348,44.9775112443778
681.08376833209,1046.48272433507,74.9625187406297
691.026597066866,517.027094208302,59.9700149925037
700.969425801641,1101.16828237634,59.9700149925037
850.111856823266,1531.19562515536,74.9625187406297
857.568978374347,775.540641312453,44.9775112443778
860.054685558041,718.369376087497,44.9775112443778
872.48322147651,2199.85085756898,59.9700149925037
877.454635843898,720.855083271191,44.9775112443778
897.340293313448,763.112105393985,44.9775112443778
902.311707680835,1319.91051454139,59.9700149925037
902.311707680835,787.969177230922,44.9775112443778
914.740243599304,1327.36763609247,74.9625187406297
919.711657966692,2035.79418344519,59.9700149925037
924.683072334079,2194.87944320159,59.9700149925037
956.997265722098,2018.39423315933,44.9775112443778
989.311459110117,1938.85160328113,59.9700149925037
1009.19711657967,1946.30872483221,44.9775112443778
1009.19711657967,1971.16579666915,44.9775112443778
1024.11135968183,1608.25254784986,59.9700149925037
1277.65349241859,2030.8227690778,59.9700149925037
1277.65349241859,1799.65200099428,59.9700149925037
1282.62490678598,1772.30922197365,59.9700149925037
1300.02485707184,1826.99478001491,74.9625187406297
1314.939100174,1782.25205070843,44.9775112443778
1319.91051454139,1799.65200099428,59.9700149925037
1369.62465821526,382.798906288839,74.9625187406297
1521.25279642058,223.713646532438,74.9625187406297
1588.36689038031,263.484961471539,44.9775112443778
1675.36664180959,1297.53914988814,89.9550224887556
1682.82376336068,671.140939597315,74.9625187406297
1772.30922197365,1130.99676858066,44.9775112443778
1784.73775789212,1150.88242605021,59.9700149925037
1782.25205070843,1130.99676858066,44.9775112443778
1789.70917225951,1854.33755903555,74.9625187406297
1792.1948794432,1553.5669898086,74.9625187406297
1809.59482972906,1826.99478001491,44.9775112443778
1881.68033805618,121.799652000994,59.9700149925037
1899.08028834203,877.454635843898,44.9775112443778
1901.56599552573,367.884663186677,74.9625187406297
1918.96594581158,904.797414864529,44.9775112443778
1938.85160328113,949.540144171017,74.9625187406297
2040.76559781258,1359.68182948049,74.9625187406297
2095.45115585384,1339.79617201094,59.9700149925037
2117.82252050708,1971.16579666915,44.9775112443778
2242.10787969177,1774.79492915735,44.9775112443778
2279.39348744718,1610.73825503356,44.9775112443778
191.39945314442,1334.82475764355,59.9700149925037
203.827989062888,1344.76758637832,74.9625187406297
203.827989062888,1329.85334327616,59.9700149925037
390.25602783992,1941.33731046483,74.9625187406297
472.284364901815,1493.91001739995,74.9625187406297
474.770072085508,1481.48148148148,59.9700149925037
541.88416604524,969.425801640567,74.9625187406297
544.369873228934,981.854337559036,74.9625187406297
676.112353964703,2020.87994034303,74.9625187406297
840.169028088491,1528.70991797166,74.9625187406297
899.826000497141,1876.70892368879,59.9700149925037
1275.1677852349,1794.6805866269,59.9700149925037
1319.91051454139,1812.08053691275,74.9625187406297
1506.33855331842,201.342281879195,74.9625187406297
1578.42406164554,1255.28212776535,89.9550224887556
1657.96669152374,643.798160576684,74.9625187406297
1667.90952025851,1568.48123291076,59.9700149925037
1705.19512801392,1563.50981854338,89.9550224887556
1739.99502858563,1474.0243599304,74.9625187406297
1869.25180213771,529.455630126771,59.9700149925037
1941.33731046483,2187.42232165051,89.9550224887556
2115.33681332339,1986.08003977131,59.9700149925037
139.199602286851,1173.25379070346,89.9550224887556
164.056674123788,1265.22495650012,89.9550224887556
181.456624409645,1232.91076311211,104.947526236882
248.570718369376,787.969177230922,74.9625187406297
265.970668655232,1213.02510564256,89.9550224887556
330.59905543127,825.254784986329,89.9550224887556
551.826994780015,221.227939348745,104.947526236882
579.169773800646,939.597315436242,74.9625187406297
581.65548098434,206.313696246582,89.9550224887556
584.141188168034,193.885160328113,89.9550224887556
653.740989311459,1409.39597315436,74.9625187406297
651.255282127765,1426.79592344022,74.9625187406297
661.19811086254,2003.47999005717,104.947526236882
671.140939597315,1434.2530449913,74.9625187406297
673.626646781009,1973.65150385285,104.947526236882
681.08376833209,2040.76559781258,89.9550224887556
840.169028088491,768.083519761372,74.9625187406297
842.654735272185,765.597812577678,74.9625187406297
887.397464578673,1851.85185185185,74.9625187406297
944.568729803629,1844.39473030077,74.9625187406297
964.454387273179,1958.73726075068,74.9625187406297
969.425801640567,2393.73601789709,89.9550224887556
976.882923191648,1859.30897340293,74.9625187406297
996.768580661198,1881.68033805618,89.9550224887556
1031.56848123291,651.255282127765,89.9550224887556
1058.91126025354,653.740989311459,89.9550224887556
1096.19686800895,1866.76609495401,89.9550224887556
1300.02485707184,1725.08078548347,74.9625187406297
1307.48197862292,2438.47874720358,104.947526236882
1307.48197862292,994.282873477504,89.9550224887556
1374.59607258265,352.970420084514,74.9625187406297
1387.02460850112,380.313199105145,74.9625187406297
1399.45314441959,392.741735023614,74.9625187406297
1446.68158090977,1762.36639323888,104.947526236882
1523.73850360428,2408.65026099925,74.9625187406297
1667.90952025851,668.655232413622,74.9625187406297
1725.08078548347,663.683818046234,74.9625187406297
1834.451901566,663.683818046234,74.9625187406297
1841.90902311708,1638.08103405419,74.9625187406297
1851.85185185185,1635.59532687049,74.9625187406297
1928.90877454636,914.740243599304,104.947526236882
1958.73726075068,954.511558538404,74.9625187406297
2030.8227690778,1434.2530449913,74.9625187406297
2068.10837683321,1474.0243599304,74.9625187406297
2087.99403430276,1449.16728809346,119.940029985007
2120.30822769078,1451.65299527716,104.947526236882
2160.07954262988,1486.45289584887,89.9550224887556
2184.93661446682,1956.25155356699,74.9625187406297
2217.25080785483,1439.22445935869,74.9625187406297
2247.07929405916,1777.28063634104,74.9625187406297
2266.96495152871,1747.45215013671,89.9550224887556
2438.47874720358,1046.48272433507,104.947526236882
221.227939348745,1565.99552572707,104.947526236882
265.970668655232,1200.59656972409,89.9550224887556
422.570221227939,1824.50907283122,104.947526236882
673.626646781009,1439.22445935869,104.947526236882
927.168779517773,2035.79418344519,89.9550224887556
929.654486701467,2393.73601789709,104.947526236882
937.111608252548,2035.79418344519,89.9550224887556
944.568729803629,405.170270942083,89.9550224887556
949.540144171017,430.027342779021,89.9550224887556
964.454387273179,422.570221227939,89.9550224887556
981.854337559036,1879.19463087248,104.947526236882
986.825751926423,1846.88043748446,89.9550224887556
991.797166293811,2363.90753169277,104.947526236882
996.768580661198,1834.451901566,89.9550224887556
1063.88267462093,474.770072085508,104.947526236882
1076.3112105394,1884.16604523987,89.9550224887556
1081.28262490679,658.712403678847,119.940029985007
1106.13969674372,596.569724086503,104.947526236882
1257.76783494904,2445.93586875466,119.940029985007
1352.22470792941,1650.50956997266,89.9550224887556
1384.53890131742,1650.50956997266,89.9550224887556
1396.96743723589,1725.08078548347,119.940029985007
1444.19587372608,1747.45215013671,104.947526236882
1526.22421078797,2401.19313944817,89.9550224887556
1652.99527715635,1282.62490678598,104.947526236882
1670.39522744221,1317.42480735769,89.9550224887556
1675.36664180959,1568.48123291076,89.9550224887556
1680.33805617698,1548.59557544121,89.9550224887556
1695.25229927915,1583.39547601293,89.9550224887556
1715.13795674869,1314.939100174,104.947526236882
1722.59507829978,1307.48197862292,89.9550224887556
1732.53790703455,1456.62440964454,89.9550224887556
1794.6805866269,1150.88242605021,89.9550224887556
1909.02311707681,1643.05244842158,89.9550224887556
1931.39448173005,932.14019388516,104.947526236882
1991.0514541387,586.626895351728,89.9550224887556
2060.65125528213,1454.13870246085,119.940029985007
2063.13696246582,1426.79592344022,89.9550224887556
2075.56549838429,1476.51006711409,104.947526236882
2179.96520009943,1384.53890131742,119.940029985007
2182.45090728312,549.341287596321,104.947526236882
2194.87944320159,539.398458861546,104.947526236882
2219.73651503853,1434.2530449913,89.9550224887556
2274.42207307979,1757.39497887149,104.947526236882
2319.16480238628,952.02585135471,104.947526236882
2468.3072334079,1411.88168033806,119.940029985007
106.885408898832,1051.45413870246,119.940029985007
243.599304001989,785.483470047228,104.947526236882
288.342033308476,778.026348496147,119.940029985007
343.027591349739,1931.39448173005,119.940029985007
345.513298533433,837.683320904797,119.940029985007
571.712652249565,273.427790206314,149.925037481259
671.140939597315,1429.28163062391,104.947526236882
688.540889883172,1996.02286850609,104.947526236882
790.454884414616,720.855083271191,104.947526236882
797.912005965697,730.797912005966,104.947526236882
822.769077802635,792.94059159831,104.947526236882
964.454387273179,2376.33606761124,104.947526236882
1056.42555306985,631.369624658215,134.932533733133
1056.42555306985,1861.79468058663,134.932533733133
1086.25403927417,673.626646781009,119.940029985007
1130.99676858066,847.626149639573,104.947526236882
1153.36813323391,263.484961471539,104.947526236882
1163.31096196868,253.542132736764,104.947526236882
1163.31096196868,283.370618941089,104.947526236882
1168.28237633607,216.256524981357,104.947526236882
1173.25379070346,213.770817797663,134.932533733133
1307.48197862292,1725.08078548347,104.947526236882
1304.99627143922,1717.62366393239,104.947526236882
1329.85334327616,1116.0825254785,119.940029985007
1339.79617201094,1692.76659209545,104.947526236882
1352.22470792941,218.742232165051,119.940029985007
1406.91026597067,1739.99502858563,119.940029985007
1426.79592344022,1732.53790703455,119.940029985007
1531.19562515536,2398.70743226448,119.940029985007
1618.19537658464,1692.76659209545,134.932533733133
1662.93810589113,1292.56773552076,104.947526236882
1682.82376336068,1563.50981854338,104.947526236882
1749.93785732041,1471.53865274671,104.947526236882
1854.33755903555,1208.05369127517,104.947526236882
1869.25180213771,382.798906288839,119.940029985007
1881.68033805618,932.14019388516,104.947526236882
1881.68033805618,969.425801640567,104.947526236882
1896.59458115834,402.684563758389,134.932533733133
1901.56599552573,942.083022619935,119.940029985007
1928.90877454636,1635.59532687049,104.947526236882
1948.79443201591,2199.85085756898,104.947526236882
2008.45140442456,1454.13870246085,104.947526236882
2008.45140442456,574.198359433259,104.947526236882
2015.90852597564,574.198359433259,104.947526236882
2125.27964205817,1474.0243599304,119.940029985007
2174.99378573204,541.88416604524,104.947526236882
2329.10763112105,924.683072334079,104.947526236882
2366.39323887646,750.683569475516,104.947526236882
119.313944817301,1048.96843151877,119.940029985007
166.542381307482,1411.88168033806,119.940029985007
265.970668655232,775.540641312453,119.940029985007
275.913497390007,763.112105393985,119.940029985007
325.627641063883,842.654735272185,119.940029985007
330.59905543127,857.568978374347,119.940029985007
668.655232413622,1478.99577429779,134.932533733133
725.826497638578,661.19811086254,149.925037481259
725.826497638578,1836.93760874969,134.932533733133
733.283619189659,691.026597066866,149.925037481259
753.16927665921,643.798160576684,119.940029985007
889.883171762366,2301.76485210042,149.925037481259
1006.71140939597,432.513049962714,119.940029985007
1009.19711657967,447.427293064877,119.940029985007
1078.79691772309,519.512801391996,149.925037481259
1081.28262490679,641.31245339299,119.940029985007
1138.45389013174,183.942331593338,134.932533733133
1200.59656972409,310.71339796172,134.932533733133
1300.02485707184,2448.42157593835,134.932533733133
1327.36763609247,1705.19512801392,119.940029985007
1334.82475764355,1086.25403927417,119.940029985007
1359.68182948049,1675.36664180959,119.940029985007
1426.79592344022,1712.652249565,134.932533733133
1464.08153119563,1784.73775789212,119.940029985007
1513.7956748695,2408.65026099925,119.940029985007
1538.65274670644,270.94208302262,134.932533733133
1558.53840417599,288.342033308476,119.940029985007
1625.65249813572,2249.56500124285,119.940029985007
1633.1096196868,1314.939100174,119.940029985007
1725.08078548347,1307.48197862292,119.940029985007
1764.85210042257,1011.68282376336,149.925037481259
1854.33755903555,1203.08227690778,149.925037481259
1864.28038777032,1200.59656972409,119.940029985007
1891.62316679095,1921.45165299528,134.932533733133
1909.02311707681,897.340293313448,119.940029985007
1996.02286850609,584.141188168034,119.940029985007
2150.1367138951,1491.42431021626,119.940029985007
2152.6224210788,517.027094208302,119.940029985007
2162.56524981357,502.11285110614,119.940029985007
2165.05095699727,497.141436738752,119.940029985007
2170.02237136465,1411.88168033806,134.932533733133
2174.99378573204,499.627143922446,134.932533733133
2187.42232165051,546.855580412627,119.940029985007
2189.9080288342,1391.99602286851,119.940029985007
2306.73626646781,1687.79517772806,119.940029985007
2311.7076808352,917.225950782998,134.932533733133
2341.53616703952,922.197365150385,119.940029985007
24.8570718369376,1327.36763609247,149.925037481259
159.085259756401,1026.59706686552,149.925037481259
350.48471290082,1744.96644295302,164.917541229385
390.25602783992,1528.70991797166,164.917541229385
715.883668903803,1585.88118319662,134.932533733133
758.140691026597,638.826746209297,134.932533733133
765.597812577678,651.255282127765,134.932533733133
782.997762863535,1026.59706686552,164.917541229385
792.94059159831,695.998011434253,149.925037481259
897.340293313448,812.82624906786,149.925037481259
1071.33979617201,531.941337310465,149.925037481259
1118.56823266219,191.39945314442,164.917541229385
1123.53964702958,151.628138205319,134.932533733133
1150.88242605021,218.742232165051,134.932533733133
1155.8538404176,216.256524981357,134.932533733133
1155.8538404176,211.28511061397,134.932533733133
1304.99627143922,1720.10937111608,134.932533733133
1332.33905045986,1101.16828237634,134.932533733133
1384.53890131742,467.312950534427,149.925037481259
1580.90976882923,171.513795674869,149.925037481259
1633.1096196868,91.9711657966692,149.925037481259
1630.62391250311,922.197365150385,134.932533733133
1851.85185185185,631.369624658215,164.917541229385
1876.70892368879,1923.93736017897,149.925037481259
2160.07954262988,1396.96743723589,134.932533733133
2182.45090728312,1396.96743723589,134.932533733133
2299.27914491673,947.054436987323,134.932533733133
2301.76485210042,1685.30947054437,134.932533733133
2326.62192393736,1831.9661943823,149.925037481259
2326.62192393736,932.14019388516,134.932533733133
2358.93611732538,914.740243599304,149.925037481259
164.056674123788,884.911757394979,164.917541229385
176.485210042257,1014.16853094705,149.925037481259
181.456624409645,1024.11135968183,149.925037481259
211.28511061397,1894.10887397465,164.917541229385
298.284862043251,984.340044742729,164.917541229385
308.227690778026,1938.85160328113,149.925037481259
308.227690778026,1700.22371364653,149.925037481259
343.027591349739,1048.96843151877,179.910044977511
355.456127268208,1600.79542629878,149.925037481259
362.913248819289,1610.73825503356,149.925037481259
410.141685309471,1585.88118319662,164.917541229385
698.483718617947,1764.85210042257,164.917541229385
705.940840169028,1834.451901566,149.925037481259
718.369376087497,1774.79492915735,179.910044977511
728.312204822272,1752.4235645041,179.910044977511
748.197862291822,638.826746209297,164.917541229385
770.569226945066,275.913497390007,179.910044977511
775.540641312453,623.912503107134,179.910044977511
807.854834700472,618.941088739746,149.925037481259
1083.76833209048,1262.73924931643,164.917541229385
1183.19661943823,193.885160328113,149.925037481259
1203.08227690778,1237.88217747949,149.925037481259
1227.93934874472,1225.45364156102,149.925037481259
1282.62490678598,1478.99577429779,164.917541229385
1372.11036539896,1744.96644295302,164.917541229385
1394.4817300522,1188.16803380562,164.917541229385
1474.0243599304,1779.76634352473,164.917541229385
1474.0243599304,1727.56649266716,179.910044977511
1521.25279642058,1772.30922197365,149.925037481259
1613.22396221725,1426.79592344022,179.910044977511
1675.36664180959,1411.88168033806,149.925037481259
1675.36664180959,1441.71016654238,179.910044977511
1764.85210042257,502.11285110614,149.925037481259
1784.73775789212,504.598558289833,164.917541229385
1817.05195128014,1789.70917225951,164.917541229385
1817.05195128014,1814.56624409645,164.917541229385
1824.50907283122,638.826746209297,179.910044977511
1859.30897340293,643.798160576684,164.917541229385
1864.28038777032,1227.93934874472,164.917541229385
1904.05170270942,889.883171762366,149.925037481259
1998.50857568978,969.425801640567,149.925037481259
2289.33631618195,1799.65200099428,164.917541229385
2299.27914491673,1725.08078548347,179.910044977511
2316.67909520259,932.14019388516,149.925037481259
2321.65050956997,1710.16654238131,149.925037481259
2329.10763112105,947.054436987323,149.925037481259
2358.93611732538,937.111608252548,164.917541229385
129.256773552076,775.540641312453,164.917541229385
131.742480735769,1444.19587372608,179.910044977511
186.428038777032,1404.42455878698,194.902548725637
206.313696246582,1009.19711657967,164.917541229385
268.456375838926,994.282873477504,179.910044977511
288.342033308476,961.968680089485,179.910044977511
347.999005717127,1580.90976882923,164.917541229385
482.22719363659,1938.85160328113,179.910044977511
529.455630126771,544.369873228934,179.910044977511
539.398458861546,2127.76534924186,194.902548725637
561.76982351479,541.88416604524,194.902548725637
571.712652249565,1543.62416107383,164.917541229385
579.169773800646,551.826994780015,194.902548725637
576.684066616953,1563.50981854338,164.917541229385
579.169773800646,1988.56574695501,164.917541229385
601.54113845389,1588.36689038031,179.910044977511
663.683818046234,1762.36639323888,164.917541229385
678.598061148397,1481.48148148148,164.917541229385
693.512304250559,472.284364901815,164.917541229385
698.483718617947,310.71339796172,164.917541229385
705.940840169028,1565.99552572707,179.910044977511
735.769326373353,1565.99552572707,179.910044977511
733.283619189659,1829.48048719861,179.910044977511
743.226447924435,611.483967188665,179.910044977511
758.140691026597,626.398210290828,179.910044977511
763.112105393985,688.540889883172,179.910044977511
782.997762863535,216.256524981357,179.910044977511
800.397713149391,676.112353964703,194.902548725637
820.283370618941,631.369624658215,194.902548725637
822.769077802635,805.369127516779,164.917541229385
837.683320904797,815.311956251554,164.917541229385
855.083271190654,1374.59607258265,194.902548725637
862.540392741735,1319.91051454139,194.902548725637
862.540392741735,1347.25329356202,194.902548725637
879.940343027591,596.569724086503,164.917541229385
899.826000497141,758.140691026597,164.917541229385
1014.16853094705,183.942331593338,194.902548725637
1091.22545364156,126.771066368382,194.902548725637
1111.11111111111,268.456375838926,179.910044977511
1106.13969674372,2137.70817797663,194.902548725637
1116.0825254785,241.113596818295,164.917541229385
1123.53964702958,89.4854586129754,179.910044977511
1133.48247576436,151.628138205319,194.902548725637
1128.51106139697,101.913994531444,164.917541229385
1133.48247576436,94.4568729803629,164.917541229385
1175.73949788715,1859.30897340293,164.917541229385
1185.68232662192,320.656226696495,164.917541229385
1242.85359184688,1222.96793437733,164.917541229385
1314.939100174,360.427541635595,179.910044977511
1339.79617201094,350.48471290082,164.917541229385
1364.65324384787,402.684563758389,194.902548725637
1372.11036539896,1730.05219985086,164.917541229385
1387.02460850112,1165.79666915237,164.917541229385
1483.96718866518,1744.96644295302,179.910044977511
1541.13845389013,929.654486701467,194.902548725637
1568.48123291076,899.826000497141,194.902548725637
1633.1096196868,865.026099925429,164.917541229385
1638.08103405419,934.625901068854,164.917541229385
1648.02386278896,1682.82376336068,179.910044977511
1749.93785732041,1024.11135968183,179.910044977511
1754.9092716878,517.027094208302,164.917541229385
1792.1948794432,357.941834451902,179.910044977511
1812.08053691275,335.570469798658,179.910044977511
1834.451901566,343.027591349739,164.917541229385
1834.451901566,628.883917474521,179.910044977511
1851.85185185185,1232.91076311211,164.917541229385
1891.62316679095,2065.62266964952,179.910044977511
1901.56599552573,2102.90827740492,179.910044977511
1993.5371613224,1899.08028834203,179.910044977511
2013.42281879195,1257.76783494904,164.917541229385
2020.87994034303,1295.05344270445,164.917541229385
2013.42281879195,1314.939100174,179.910044977511
2028.33706189411,1881.68033805618,164.917541229385
2030.8227690778,1906.53740989311,164.917541229385
2117.82252050708,656.226696495153,164.917541229385
2122.79393487447,623.912503107134,194.902548725637
2127.76534924186,666.169525229928,194.902548725637
2145.16529952772,661.19811086254,179.910044977511
2160.07954262988,631.369624658215,179.910044977511
2160.07954262988,671.140939597315,179.910044977511
2212.27939348745,1339.79617201094,179.910044977511
2274.42207307979,865.026099925429,164.917541229385
2306.73626646781,949.540144171017,164.917541229385
2314.19338801889,922.197365150385,179.910044977511
79.5426298782003,1227.93934874472,194.902548725637
124.285359184688,775.540641312453,179.910044977511
169.028088491176,1464.08153119563,194.902548725637
173.999502858563,1063.88267462093,194.902548725637
186.428038777032,1056.42555306985,194.902548725637
188.913745960726,1391.99602286851,194.902548725637
193.885160328113,807.854834700472,179.910044977511
273.427790206314,1009.19711657967,194.902548725637
283.370618941089,663.683818046234,194.902548725637
300.770569226945,681.08376833209,179.910044977511
305.741983594333,668.655232413622,179.910044977511
328.113348247576,686.055182699478,194.902548725637
484.712900820283,541.88416604524,194.902548725637
539.398458861546,556.798409147402,194.902548725637
549.341287596321,574.198359433259,179.910044977511
559.284116331096,2135.22247079294,179.910044977511
576.684066616953,1971.16579666915,179.910044977511
581.65548098434,569.226945065871,179.910044977511
618.941088739746,559.284116331096,194.902548725637
661.19811086254,1160.82525478499,194.902548725637
681.08376833209,514.541387024609,179.910044977511
683.569475515784,621.42679592344,194.902548725637
708.426547352722,290.82774049217,179.910044977511
713.397961720109,489.684315187671,179.910044977511
728.312204822272,1598.30971911509,179.910044977511
760.626398210291,705.940840169028,194.902548725637
797.912005965697,651.255282127765,209.895052473763
807.854834700472,695.998011434253,194.902548725637
810.340541884166,601.54113845389,179.910044977511
840.169028088491,628.883917474521,179.910044977511
842.654735272185,785.483470047228,179.910044977511
850.111856823266,628.883917474521,209.895052473763
944.568729803629,2058.16554809843,209.895052473763
1021.62565249814,166.542381307482,179.910044977511
1076.3112105394,154.113845389013,209.895052473763
1086.25403927417,2122.79393487447,209.895052473763
1103.65398956003,141.685309470544,179.910044977511
1111.11111111111,149.142431021626,194.902548725637
1118.56823266219,218.742232165051,194.902548725637
1128.51106139697,221.227939348745,179.910044977511
1195.6251553567,1237.88217747949,179.910044977511
1205.56798409147,1506.33855331842,194.902548725637
1262.73924931643,1451.65299527716,179.910044977511
1357.19612229679,387.770320656227,179.910044977511
1498.88143176734,1747.45215013671,179.910044977511
1513.7956748695,924.683072334079,194.902548725637
1553.5669898086,1183.19661943823,209.895052473763
1565.99552572707,932.14019388516,194.902548725637
1575.93835446184,939.597315436242,179.910044977511
1717.62366393239,514.541387024609,194.902548725637
1717.62366393239,576.684066616953,224.887556221889
1725.08078548347,569.226945065871,179.910044977511
1739.99502858563,536.912751677852,209.895052473763
1802.13770817798,352.970420084514,179.910044977511
1829.48048719861,345.513298533433,179.910044977511
1836.93760874969,661.19811086254,179.910044977511
1844.39473030077,360.427541635595,194.902548725637
1871.7375093214,1824.50907283122,209.895052473763
1876.70892368879,1814.56624409645,179.910044977511
1886.65175242356,2092.96544867015,179.910044977511
2010.93711160825,1265.22495650012,179.910044977511
2028.33706189411,1645.53815560527,194.902548725637
2038.27989062888,1886.65175242356,179.910044977511
2112.8511061397,656.226696495153,209.895052473763
2120.30822769078,643.798160576684,179.910044977511
2326.62192393736,1834.451901566,179.910044977511
109.371116082525,1250.31071339796,194.902548725637
111.856823266219,1300.02485707184,209.895052473763
134.228187919463,1394.4817300522,224.887556221889
139.199602286851,1309.96768580661,224.887556221889
159.085259756401,1414.36738752175,224.887556221889
213.770817797663,1394.4817300522,224.887556221889
231.17076808352,797.912005965697,209.895052473763
248.570718369376,1382.05319413373,224.887556221889
300.770569226945,663.683818046234,209.895052473763
310.71339796172,728.312204822272,209.895052473763
407.655978125777,1891.62316679095,209.895052473763
474.770072085508,1906.53740989311,194.902548725637
484.712900820283,1558.53840417599,194.902548725637
531.941337310465,564.255530698484,194.902548725637
648.769574944072,323.141933880189,194.902548725637
678.598061148397,638.826746209297,194.902548725637
708.426547352722,1747.45215013671,194.902548725637
718.369376087497,608.998260004971,209.895052473763
725.826497638578,1590.85259756401,194.902548725637
723.340790454884,626.398210290828,224.887556221889
755.654983842903,1603.28113348248,209.895052473763
778.026348496147,256.027839920457,224.887556221889
785.483470047228,661.19811086254,194.902548725637
832.71190653741,412.627392493164,209.895052473763
845.140442455879,407.655978125777,194.902548725637
845.140442455879,412.627392493164,194.902548725637
959.482972905792,2073.0797912006,209.895052473763
959.482972905792,2045.73701217997,209.895052473763
1006.71140939597,171.513795674869,194.902548725637
1061.39696743724,173.999502858563,209.895052473763
1063.88267462093,141.685309470544,209.895052473763
1076.3112105394,186.428038777032,209.895052473763
1078.79691772309,2112.8511061397,209.895052473763
1086.25403927417,1822.02336564753,209.895052473763
1098.68257519264,171.513795674869,209.895052473763
1098.68257519264,191.39945314442,194.902548725637
1113.5968182948,121.799652000994,194.902548725637
1108.62540392742,2145.16529952772,194.902548725637
1118.56823266219,1844.39473030077,194.902548725637
1121.05393984589,236.142182450907,194.902548725637
1163.31096196868,797.912005965697,209.895052473763
1190.65374098931,1498.88143176734,194.902548725637
1217.99652000994,1483.96718866518,194.902548725637
1232.91076311211,1503.85284613473,194.902548725637
1280.13919960229,1051.45413870246,224.887556221889
1285.11061396967,442.455878697489,224.887556221889
1528.70991797166,1160.82525478499,224.887556221889
1556.05269699229,1168.28237633607,194.902548725637
1563.50981854338,892.36887894606,194.902548725637
1580.90976882923,899.826000497141,194.902548725637
1590.85259756401,902.311707680835,209.895052473763
1705.19512801392,556.798409147402,209.895052473763
1710.16654238131,1118.56823266219,209.895052473763
1725.08078548347,2090.47974148645,239.880059970015
1720.10937111608,1101.16828237634,194.902548725637
1730.05219985086,564.255530698484,194.902548725637
1747.45215013671,554.312701963709,224.887556221889
1799.65200099428,1145.91101168282,209.895052473763
1809.59482972906,1722.59507829978,194.902548725637
1814.56624409645,633.855331841909,194.902548725637
1819.53765846383,661.19811086254,194.902548725637
1834.451901566,333.084762614964,194.902548725637
1998.50857568978,914.740243599304,209.895052473763
2018.39423315933,1302.51056425553,194.902548725637
2025.85135471042,1610.73825503356,224.887556221889
2025.85135471042,1302.51056425553,194.902548725637
2060.65125528213,1628.13820531941,209.895052473763
72.0855083271191,1242.85359184688,209.895052473763
129.256773552076,1411.88168033806,239.880059970015
136.713895103157,1275.1677852349,224.887556221889
149.142431021626,1421.82450907283,209.895052473763
218.742232165051,800.397713149391,239.880059970015
228.685060899826,750.683569475516,239.880059970015
347.999005717127,1744.96644295302,209.895052473763
477.255779269202,1946.30872483221,209.895052473763
556.798409147402,1563.50981854338,239.880059970015
561.76982351479,1585.88118319662,239.880059970015
678.598061148397,648.769574944072,209.895052473763
713.397961720109,1145.91101168282,224.887556221889
730.797912005966,596.569724086503,209.895052473763
745.712155108128,743.226447924435,209.895052473763
782.997762863535,251.05642555307,209.895052473763
785.483470047228,268.456375838926,209.895052473763
792.94059159831,623.912503107134,209.895052473763
822.769077802635,1379.56748695004,224.887556221889
850.111856823266,2222.22222222222,209.895052473763
929.654486701467,616.455381556053,209.895052473763
999.254287844892,156.599552572707,239.880059970015
1006.71140939597,164.056674123788,209.895052473763
1076.3112105394,2102.90827740492,209.895052473763
1148.39671886652,2184.93661446682,239.880059970015
1178.22520507084,800.397713149391,224.887556221889
1292.56773552076,454.884414615958,209.895052473763
1304.99627143922,1019.13994531444,209.895052473763
1513.7956748695,1193.13944817301,209.895052473763
1523.73850360428,1170.76808351976,209.895052473763
1538.65274670644,1173.25379070346,209.895052473763
1573.45264727815,1190.65374098931,209.895052473763
1580.90976882923,1193.13944817301,209.895052473763
1648.02386278896,1213.02510564256,209.895052473763
1665.42381307482,1230.42505592841,209.895052473763
1702.70942083023,628.883917474521,209.895052473763
1807.10912254536,1014.16853094705,254.872563718141
1804.62341536167,1009.19711657967,209.895052473763
1814.56624409645,775.540641312453,224.887556221889
1854.33755903555,1009.19711657967,224.887556221889
1871.7375093214,1807.10912254536,209.895052473763
1871.7375093214,725.826497638578,224.887556221889
1876.70892368879,1799.65200099428,224.887556221889
2038.27989062888,1660.45239870743,209.895052473763
2209.79368630375,1372.11036539896,209.895052473763
109.371116082525,1227.93934874472,239.880059970015
134.228187919463,1257.76783494904,224.887556221889
164.056674123788,1314.939100174,254.872563718141
231.17076808352,1396.96743723589,224.887556221889
256.027839920457,1369.62465821526,224.887556221889
313.199105145414,745.712155108128,239.880059970015
417.598806860552,1715.13795674869,254.872563718141
484.712900820283,1558.53840417599,224.887556221889
536.912751677852,1558.53840417599,254.872563718141
551.826994780015,810.340541884166,239.880059970015
559.284116331096,2015.90852597564,239.880059970015
574.198359433259,375.341784737758,239.880059970015
566.741237882178,986.825751926423,254.872563718141
574.198359433259,290.82774049217,239.880059970015
579.169773800646,822.769077802635,224.887556221889
581.65548098434,365.398956002983,224.887556221889
591.598309719115,820.283370618941,239.880059970015
636.341039025603,765.597812577678,269.865067466267
658.712403678847,283.370618941089,224.887556221889
718.369376087497,1155.8538404176,224.887556221889
748.197862291822,1608.25254784986,224.887556221889
778.026348496147,750.683569475516,239.880059970015
790.454884414616,733.283619189659,224.887556221889
817.797663435247,618.941088739746,224.887556221889
919.711657966692,613.969674372359,239.880059970015
932.14019388516,1737.50932140194,254.872563718141
961.968680089485,2055.67984091474,224.887556221889
989.311459110117,166.542381307482,239.880059970015
1014.16853094705,208.799403430276,239.880059970015
1043.99701715138,154.113845389013,239.880059970015
1053.93984588615,1911.5088242605,239.880059970015
1053.93984588615,1851.85185185185,224.887556221889
1116.0825254785,156.599552572707,239.880059970015
1364.65324384787,397.713149391002,224.887556221889
1493.91001739995,2055.67984091474,239.880059970015
1568.48123291076,1255.28212776535,239.880059970015
1578.42406164554,944.568729803629,239.880059970015
1630.62391250311,1648.02386278896,239.880059970015
1677.85234899329,579.169773800646,224.887556221889
1710.16654238131,1111.11111111111,224.887556221889
1717.62366393239,1103.65398956003,239.880059970015
1794.6805866269,964.454387273179,254.872563718141
1836.93760874969,748.197862291822,224.887556221889
2033.3084762615,1590.85259756401,224.887556221889
2055.67984091474,1620.68108376833,224.887556221889
2065.62266964952,1675.36664180959,239.880059970015
104.399701715138,1252.79642058166,239.880059970015
178.970917225951,1657.96669152374,239.880059970015
191.39945314442,797.912005965697,239.880059970015
221.227939348745,1496.39572458364,254.872563718141
233.656475267214,790.454884414616,254.872563718141
405.170270942083,1725.08078548347,284.857571214393
459.855828983346,1899.08028834203,239.880059970015
546.855580412627,365.398956002983,254.872563718141
566.741237882178,773.05493412876,254.872563718141
576.684066616953,653.740989311459,269.865067466267
646.283867760378,718.369376087497,239.880059970015
708.426547352722,2013.42281879195,254.872563718141
822.769077802635,1575.93835446184,239.880059970015
827.740492170022,415.113099676858,239.880059970015
867.511807109123,867.511807109123,284.857571214393
889.883171762366,1217.99652000994,254.872563718141
956.997265722098,1367.13895103157,239.880059970015
956.997265722098,1588.36689038031,269.865067466267
971.911508824261,1364.65324384787,239.880059970015
1009.19711657967,330.59905543127,254.872563718141
1014.16853094705,1314.939100174,254.872563718141
1019.13994531444,2132.73676360925,269.865067466267
1048.96843151877,1317.42480735769,239.880059970015
1048.96843151877,1292.56773552076,269.865067466267
1053.93984588615,181.456624409645,254.872563718141
1056.42555306985,1896.59458115834,239.880059970015
1061.39696743724,1938.85160328113,254.872563718141
1073.8255033557,1359.68182948049,269.865067466267
1076.3112105394,1923.93736017897,254.872563718141
1111.11111111111,124.285359184688,239.880059970015
1113.5968182948,954.511558538404,254.872563718141
1148.39671886652,785.483470047228,239.880059970015
1163.31096196868,802.883420333085,254.872563718141
1168.28237633607,773.05493412876,239.880059970015
1471.53865274671,2040.76559781258,239.880059970015
1491.42431021626,2030.8227690778,254.872563718141
1496.39572458364,2043.25130499627,239.880059970015
1543.62416107383,2035.79418344519,239.880059970015
1541.13845389013,1039.02560278399,269.865067466267
1568.48123291076,952.02585135471,239.880059970015
1575.93835446184,1185.68232662192,254.872563718141
1583.39547601293,1148.39671886652,254.872563718141
1752.4235645041,606.512552821278,254.872563718141
1807.10912254536,1707.68083519761,254.872563718141
1804.62341536167,1553.5669898086,269.865067466267
1839.42331593338,976.882923191648,239.880059970015
1841.90902311708,1543.62416107383,239.880059970015
1844.39473030077,1553.5669898086,239.880059970015
1856.82326621924,1558.53840417599,269.865067466267
1911.5088242605,1439.22445935869,254.872563718141
1941.33731046483,1436.73875217499,254.872563718141
1951.2801391996,1421.82450907283,239.880059970015
1973.65150385285,1652.99527715635,239.880059970015
2015.90852597564,1628.13820531941,254.872563718141
2038.27989062888,1705.19512801392,269.865067466267
2048.22271936366,1722.59507829978,254.872563718141
2078.05120556798,1685.30947054437,254.872563718141
2105.39398458862,1280.13919960229,254.872563718141
2115.33681332339,1309.96768580661,254.872563718141
124.285359184688,1227.93934874472,254.872563718141
169.028088491176,1247.82500621427,254.872563718141
437.484464330102,1662.93810589113,284.857571214393
454.884414615958,1511.30996768581,254.872563718141
526.969922943077,1841.90902311708,284.857571214393
544.369873228934,678.598061148397,254.872563718141
561.76982351479,1754.9092716878,284.857571214393
576.684066616953,1004.22570221228,254.872563718141
628.883917474521,1307.48197862292,269.865067466267
641.31245339299,780.512055679841,254.872563718141
648.769574944072,755.654983842903,254.872563718141
651.255282127765,710.912254536416,269.865067466267
673.626646781009,2028.33706189411,269.865067466267
683.569475515784,688.540889883172,254.872563718141
688.540889883172,1943.82301764852,254.872563718141
703.455132985334,763.112105393985,269.865067466267
720.855083271191,1926.42306736266,254.872563718141
735.769326373353,531.941337310465,254.872563718141
773.05493412876,1911.5088242605,254.872563718141
792.94059159831,2045.73701217997,284.857571214393
807.854834700472,1936.36589609744,254.872563718141
820.283370618941,1894.10887397465,254.872563718141
1011.68282376336,338.056176982351,254.872563718141
1014.16853094705,1347.25329356202,254.872563718141
1019.13994531444,1332.33905045986,269.865067466267
1029.08277404922,1352.22470792941,269.865067466267
1048.96843151877,1396.96743723589,254.872563718141
1053.93984588615,171.513795674869,254.872563718141
1076.3112105394,999.254287844892,269.865067466267
1081.28262490679,1304.99627143922,269.865067466267
1098.68257519264,1956.25155356699,254.872563718141
1101.16828237634,1966.19438230176,269.865067466267
1118.56823266219,2080.53691275168,284.857571214393
1190.65374098931,795.426298782004,269.865067466267
1357.19612229679,1928.90877454636,269.865067466267
1424.31021625653,1461.59582401193,299.850074962519
1533.68133233905,2058.16554809843,254.872563718141
1603.28113348248,1615.70966940094,254.872563718141
1725.08078548347,705.940840169028,254.872563718141
1739.99502858563,681.08376833209,284.857571214393
1759.88068605518,899.826000497141,284.857571214393
1789.70917225951,899.826000497141,254.872563718141
1817.05195128014,1700.22371364653,254.872563718141
1834.451901566,1508.82426050211,284.857571214393
1861.79468058663,1516.28138205319,284.857571214393
1869.25180213771,1506.33855331842,284.857571214393
1871.7375093214,1200.59656972409,284.857571214393
1879.19463087248,1185.68232662192,299.850074962519
1884.16604523987,1424.31021625653,269.865067466267
1889.13745960726,1434.2530449913,254.872563718141
1886.65175242356,641.31245339299,284.857571214393
1904.05170270942,1471.53865274671,254.872563718141
1933.88018891375,964.454387273179,254.872563718141
1938.85160328113,1130.99676858066,269.865067466267
1958.73726075068,1039.02560278399,269.865067466267
1973.65150385285,954.511558538404,254.872563718141
1988.56574695501,1019.13994531444,269.865067466267
2003.47999005717,862.540392741735,269.865067466267
2018.39423315933,1031.56848123291,254.872563718141
2135.22247079294,1188.16803380562,269.865067466267
2227.19363658961,966.940094456873,269.865067466267
173.999502858563,1307.48197862292,269.865067466267
449.913000248571,1809.59482972906,299.850074962519
464.827243350733,1715.13795674869,284.857571214393
509.569972657221,1643.05244842158,314.842578710645
579.169773800646,636.341039025603,299.850074962519
574.198359433259,763.112105393985,269.865067466267
579.169773800646,760.626398210291,269.865067466267
581.65548098434,738.255033557047,269.865067466267
633.855331841909,738.255033557047,284.857571214393
643.798160576684,745.712155108128,269.865067466267
678.598061148397,2080.53691275168,284.857571214393
768.083519761372,1923.93736017897,284.857571214393
782.997762863535,1913.9945314442,269.865067466267
850.111856823266,842.654735272185,284.857571214393
845.140442455879,867.511807109123,269.865067466267
1006.71140939597,1339.79617201094,284.857571214393
1029.08277404922,1302.51056425553,269.865067466267
1039.02560278399,1307.48197862292,269.865067466267
1073.8255033557,1332.33905045986,269.865067466267
1076.3112105394,1396.96743723589,269.865067466267
1076.3112105394,1899.08028834203,269.865067466267
1138.45389013174,723.340790454884,284.857571214393
1682.82376336068,738.255033557047,284.857571214393
1732.53790703455,894.854586129754,299.850074962519
1812.08053691275,1471.53865274671,269.865067466267
1834.451901566,1551.08128262491,269.865067466267
1856.82326621924,1215.51081282625,284.857571214393
1879.19463087248,1103.65398956003,269.865067466267
1928.90877454636,1019.13994531444,299.850074962519
1933.88018891375,1111.11111111111,269.865067466267
1951.2801391996,1128.51106139697,284.857571214393
2000.99428287348,1014.16853094705,269.865067466267
2083.02261993537,1292.56773552076,269.865067466267
2189.9080288342,1324.88192890877,269.865067466267
392.741735023614,1725.08078548347,284.857571214393
412.627392493164,1715.13795674869,284.857571214393
452.398707432264,1715.13795674869,284.857571214393
454.884414615958,1697.73800646284,314.842578710645
519.512801391996,1834.451901566,284.857571214393
668.655232413622,693.512304250559,284.857571214393
686.055182699478,2040.76559781258,284.857571214393
710.912254536416,579.169773800646,314.842578710645
705.940840169028,2058.16554809843,284.857571214393
720.855083271191,2020.87994034303,284.857571214393
743.226447924435,2013.42281879195,284.857571214393
773.05493412876,2000.99428287348,284.857571214393
807.854834700472,2013.42281879195,284.857571214393
812.82624906786,2023.36564752672,284.857571214393
840.169028088491,837.683320904797,284.857571214393
889.883171762366,1213.02510564256,284.857571214393
902.311707680835,1215.51081282625,284.857571214393
934.625901068854,1889.13745960726,284.857571214393
954.511558538404,1648.02386278896,314.842578710645
1073.8255033557,1909.02311707681,314.842578710645
1086.25403927417,959.482972905792,314.842578710645
1093.71116082525,1006.71140939597,284.857571214393
1101.16828237634,2078.05120556798,284.857571214393
1135.96818294805,735.769326373353,284.857571214393
1145.91101168282,2045.73701217997,284.857571214393
1265.22495650012,586.626895351728,284.857571214393
1272.68207805121,559.284116331096,299.850074962519
1285.11061396967,546.855580412627,299.850074962519
1319.91051454139,822.769077802635,314.842578710645
1394.4817300522,1488.93860303256,299.850074962519
1439.22445935869,1466.56723837932,284.857571214393
1670.39522744221,765.597812577678,299.850074962519
1697.73800646284,599.055431270196,284.857571214393
1727.56649266716,661.19811086254,299.850074962519
1732.53790703455,708.426547352722,314.842578710645
1739.99502858563,671.140939597315,284.857571214393
1744.96644295302,534.427044494159,284.857571214393
1772.30922197365,909.768829231916,299.850074962519
1777.28063634104,894.854586129754,284.857571214393
1787.22346507581,1802.13770817798,299.850074962519
1787.22346507581,894.854586129754,299.850074962519
1797.16629381059,1764.85210042257,314.842578710645
1822.02336564753,1541.13845389013,284.857571214393
1831.9661943823,1133.48247576436,284.857571214393
1856.82326621924,1098.68257519264,284.857571214393
1869.25180213771,1173.25379070346,284.857571214393
1881.68033805618,1451.65299527716,299.850074962519
1948.79443201591,1113.5968182948,299.850074962519
1963.70867511807,974.397216007954,284.857571214393
2003.47999005717,1034.0541884166,284.857571214393
2015.90852597564,1034.0541884166,284.857571214393
2025.85135471042,1039.02560278399,284.857571214393
288.342033308476,1287.59632115337,299.850074962519
387.770320656227,1685.30947054437,314.842578710645
390.25602783992,1702.70942083023,299.850074962519
425.055928411633,1695.25229927915,299.850074962519
432.513049962714,1526.22421078797,314.842578710645
467.312950534427,1717.62366393239,329.835082458771
678.598061148397,2065.62266964952,314.842578710645
700.969425801641,2050.70842654735,314.842578710645
720.855083271191,2005.96569724086,314.842578710645
725.826497638578,2035.79418344519,314.842578710645
782.997762863535,1911.5088242605,299.850074962519
800.397713149391,2013.42281879195,299.850074962519
847.626149639573,869.997514292816,299.850074962519
865.026099925429,1245.33929903057,329.835082458771
944.568729803629,1638.08103405419,299.850074962519
1006.71140939597,499.627143922446,299.850074962519
1011.68282376336,1342.28187919463,299.850074962519
1021.62565249814,2135.22247079294,299.850074962519
1043.99701715138,1309.96768580661,299.850074962519
1073.8255033557,1011.68282376336,299.850074962519
1150.88242605021,2045.73701217997,329.835082458771
1324.88192890877,847.626149639573,329.835082458771
1352.22470792941,1921.45165299528,299.850074962519
1384.53890131742,1469.05294556301,314.842578710645
1414.36738752175,1498.88143176734,314.842578710645
1441.71016654238,1451.65299527716,299.850074962519
1717.62366393239,1590.85259756401,299.850074962519
1777.28063634104,1789.70917225951,299.850074962519
1822.02336564753,1799.65200099428,329.835082458771
1831.9661943823,842.654735272185,299.850074962519
1909.02311707681,1175.73949788715,299.850074962519
1953.7658463833,1034.0541884166,329.835082458771
1988.56574695501,1026.59706686552,314.842578710645
365.398956002983,1680.33805617698,329.835082458771
390.25602783992,1710.16654238131,329.835082458771
417.598806860552,1670.39522744221,314.842578710645
457.370121799652,1735.02361421825,314.842578710645
504.598558289833,1538.65274670644,329.835082458771
763.112105393985,1036.5398956003,344.827586206897
845.140442455879,1523.73850360428,329.835082458771
882.426050211285,1245.33929903057,314.842578710645
1014.16853094705,1406.91026597067,329.835082458771
1009.19711657967,1429.28163062391,314.842578710645
1014.16853094705,1429.28163062391,314.842578710645
1051.45413870246,1916.48023862789,329.835082458771
1135.96818294805,2033.3084762615,329.835082458771
1205.56798409147,1933.88018891375,329.835082458771
1272.68207805121,581.65548098434,329.835082458771
1344.76758637832,1421.82450907283,314.842578710645
1359.68182948049,1421.82450907283,314.842578710645
1367.13895103157,1511.30996768581,314.842578710645
1387.02460850112,1762.36639323888,329.835082458771
1396.96743723589,1476.51006711409,329.835082458771
1411.88168033806,1769.82351478996,329.835082458771
1834.451901566,1548.59557544121,314.842578710645
1851.85185185185,862.540392741735,359.820089955023
1846.88043748446,860.054685558041,314.842578710645
1869.25180213771,1173.25379070346,314.842578710645
1884.16604523987,917.225950782998,329.835082458771
1913.9945314442,1285.11061396967,314.842578710645
2050.70842654735,1083.76833209048,314.842578710645
2105.39398458862,1280.13919960229,314.842578710645
410.141685309471,1339.79617201094,344.827586206897
412.627392493164,1334.82475764355,344.827586206897
430.027342779021,1349.73900074571,329.835082458771
432.513049962714,1374.59607258265,329.835082458771
439.970171513796,1377.08177976634,329.835082458771
549.341287596321,1516.28138205319,359.820089955023
601.54113845389,1379.56748695004,344.827586206897
740.740740740741,1021.62565249814,374.812593703148
768.083519761372,1014.16853094705,344.827586206897
778.026348496147,1896.59458115834,329.835082458771
782.997762863535,1297.53914988814,374.812593703148
825.254784986329,1285.11061396967,359.820089955023
845.140442455879,586.626895351728,359.820089955023
954.511558538404,1660.45239870743,344.827586206897
1096.19686800895,1906.53740989311,344.827586206897
1195.6251553567,1926.42306736266,329.835082458771
1200.59656972409,1911.5088242605,344.827586206897
1215.51081282625,1918.96594581158,344.827586206897
1357.19612229679,1449.16728809346,344.827586206897
1409.39597315436,1822.02336564753,389.805097451274
1441.71016654238,715.883668903803,374.812593703148
1501.36713895103,1362.16753666418,344.827586206897
1546.10986825752,1019.13994531444,344.827586206897
1720.10937111608,1583.39547601293,344.827586206897
1737.50932140194,1143.42530449913,359.820089955023
1799.65200099428,979.368630375342,329.835082458771
1794.6805866269,1789.70917225951,344.827586206897
1834.451901566,1787.22346507581,359.820089955023
1836.93760874969,840.169028088491,329.835082458771
1879.19463087248,1302.51056425553,344.827586206897
1891.62316679095,1287.59632115337,344.827586206897
449.913000248571,1367.13895103157,344.827586206897
529.455630126771,919.711657966692,344.827586206897
606.512552821278,1399.45314441959,359.820089955023
631.369624658215,1406.91026597067,359.820089955023
763.112105393985,1508.82426050211,359.820089955023
884.911757394979,840.169028088491,374.812593703148
1111.11111111111,1078.79691772309,374.812593703148
1113.5968182948,678.598061148397,344.827586206897
1126.02535421327,482.22719363659,344.827586206897
1145.91101168282,691.026597066866,344.827586206897
1178.22520507084,628.883917474521,374.812593703148
1183.19661943823,959.482972905792,344.827586206897
1200.59656972409,1200.59656972409,344.827586206897
1215.51081282625,1250.31071339796,344.827586206897
1217.99652000994,1948.79443201591,344.827586206897
1227.93934874472,1933.88018891375,344.827586206897
1285.11061396967,549.341287596321,344.827586206897
1309.96768580661,1282.62490678598,374.812593703148
1314.939100174,1772.30922197365,374.812593703148
1332.33905045986,1697.73800646284,344.827586206897
1374.59607258265,1702.70942083023,344.827586206897
1414.36738752175,1904.05170270942,359.820089955023
1439.22445935869,758.140691026597,344.827586206897
1764.85210042257,1700.22371364653,344.827586206897
1777.28063634104,932.14019388516,344.827586206897
1844.39473030077,1774.79492915735,359.820089955023
1886.65175242356,1344.76758637832,344.827586206897
507.084265473527,934.625901068854,359.820089955023
556.798409147402,1528.70991797166,374.812593703148
611.483967188665,1369.62465821526,359.820089955023
691.026597066866,1135.96818294805,374.812593703148
725.826497638578,1486.45289584887,374.812593703148
743.226447924435,1001.73999502859,374.812593703148
745.712155108128,1461.59582401193,374.812593703148
763.112105393985,1459.11011682824,389.805097451274
778.026348496147,1029.08277404922,359.820089955023
805.369127516779,1285.11061396967,359.820089955023
825.254784986329,1235.3964702958,389.805097451274
1078.79691772309,1180.71091225454,359.820089955023
1083.76833209048,1389.51031568481,389.805097451274
1101.16828237634,1126.02535421327,389.805097451274
1101.16828237634,1078.79691772309,359.820089955023
1106.13969674372,1106.13969674372,389.805097451274
1123.53964702958,1076.3112105394,359.820089955023
1198.11086254039,1928.90877454636,359.820089955023
1205.56798409147,1227.93934874472,389.805097451274
1252.79642058166,1175.73949788715,359.820089955023
1290.08202833706,1267.71066368382,374.812593703148
1349.73900074571,1225.45364156102,359.820089955023
1374.59607258265,1208.05369127517,359.820089955023
1404.42455878698,1881.68033805618,359.820089955023
1421.82450907283,1774.79492915735,359.820089955023
1431.76733780761,1762.36639323888,374.812593703148
1429.28163062391,1342.28187919463,359.820089955023
1434.2530449913,1782.25205070843,374.812593703148
1434.2530449913,1347.25329356202,359.820089955023
1456.62440964454,1411.88168033806,359.820089955023
1464.08153119563,733.283619189659,359.820089955023
1797.16629381059,924.683072334079,359.820089955023
1874.2232165051,1302.51056425553,374.812593703148
661.19811086254,865.026099925429,389.805097451274
693.512304250559,850.111856823266,419.790104947526
782.997762863535,1523.73850360428,374.812593703148
787.969177230922,1309.96768580661,389.805097451274
792.94059159831,1483.96718866518,389.805097451274
822.769077802635,1302.51056425553,389.805097451274
889.883171762366,748.197862291822,434.782608695652
887.397464578673,705.940840169028,389.805097451274
1180.71091225454,954.511558538404,389.805097451274
1230.42505592841,1933.88018891375,374.812593703148
1265.22495650012,1175.73949788715,389.805097451274
1344.76758637832,1779.76634352473,389.805097451274
1362.16753666418,691.026597066866,374.812593703148
1426.79592344022,1774.79492915735,374.812593703148
1429.28163062391,1904.05170270942,389.805097451274
1441.71016654238,1265.22495650012,374.812593703148
1483.96718866518,723.340790454884,389.805097451274
1506.33855331842,763.112105393985,419.790104947526
1628.13820531941,1098.68257519264,389.805097451274
636.341039025603,937.111608252548,419.790104947526
643.798160576684,869.997514292816,404.7976011994
656.226696495153,909.768829231916,404.7976011994
681.08376833209,857.568978374347,389.805097451274
693.512304250559,872.48322147651,389.805097451274
695.998011434253,892.36887894606,419.790104947526
755.654983842903,1488.93860303256,389.805097451274
773.05493412876,1486.45289584887,389.805097451274
805.369127516779,1285.11061396967,389.805097451274
830.226199353716,743.226447924435,389.805097451274
832.71190653741,735.769326373353,389.805097451274
842.654735272185,730.797912005966,419.790104947526
850.111856823266,715.883668903803,404.7976011994
852.59756400696,1255.28212776535,389.805097451274
855.083271190654,1367.13895103157,389.805097451274
1086.25403927417,1409.39597315436,419.790104947526
1091.22545364156,1071.33979617201,389.805097451274
1175.73949788715,1628.13820531941,389.805097451274
1180.71091225454,1061.39696743724,389.805097451274
1180.71091225454,1623.16679095203,389.805097451274
1183.19661943823,1029.08277404922,389.805097451274
1188.16803380562,1036.5398956003,404.7976011994
1190.65374098931,1630.62391250311,389.805097451274
1255.28212776535,1188.16803380562,389.805097451274
1267.71066368382,1203.08227690778,404.7976011994
1304.99627143922,1777.28063634104,404.7976011994
1349.73900074571,703.455132985334,389.805097451274
1424.31021625653,787.969177230922,419.790104947526
1439.22445935869,738.255033557047,404.7976011994
1446.68158090977,1759.88068605518,389.805097451274
1456.62440964454,743.226447924435,389.805097451274
1454.13870246085,1339.79617201094,389.805097451274
1464.08153119563,1337.31046482724,389.805097451274
1478.99577429779,576.684066616953,389.805097451274
1503.85284613473,725.826497638578,389.805097451274
1516.28138205319,768.083519761372,404.7976011994
1518.76708923689,1195.6251553567,389.805097451274
1553.5669898086,1140.93959731544,404.7976011994
1667.90952025851,1488.93860303256,404.7976011994
1779.76634352473,1342.28187919463,389.805097451274
1784.73775789212,1374.59607258265,404.7976011994
1799.65200099428,1352.22470792941,419.790104947526
770.569226945066,1280.13919960229,404.7976011994
1019.13994531444,1498.88143176734,419.790104947526
1091.22545364156,1056.42555306985,404.7976011994
1111.11111111111,768.083519761372,404.7976011994
1116.0825254785,1421.82450907283,404.7976011994
1116.0825254785,1411.88168033806,434.782608695652
1128.51106139697,1618.19537658464,419.790104947526
1143.42530449913,1620.68108376833,404.7976011994
1143.42530449913,1613.22396221725,404.7976011994
1153.36813323391,1620.68108376833,404.7976011994
1195.6251553567,733.283619189659,404.7976011994
1200.59656972409,725.826497638578,404.7976011994
1203.08227690778,586.626895351728,404.7976011994
1217.99652000994,1237.88217747949,404.7976011994
1227.93934874472,1240.36788466319,404.7976011994
1247.82500621427,1193.13944817301,404.7976011994
1309.96768580661,865.026099925429,404.7976011994
1396.96743723589,1565.99552572707,434.782608695652
1431.76733780761,1829.48048719861,404.7976011994
1444.19587372608,1819.53765846383,404.7976011994
1506.33855331842,817.797663435247,404.7976011994
1533.68133233905,1148.39671886652,404.7976011994
1680.33805617698,1464.08153119563,404.7976011994
631.369624658215,862.540392741735,419.790104947526
651.255282127765,857.568978374347,419.790104947526
681.08376833209,860.054685558041,419.790104947526
743.226447924435,1486.45289584887,419.790104947526
750.683569475516,1456.62440964454,419.790104947526
770.569226945066,1282.62490678598,449.775112443778
827.740492170022,728.312204822272,419.790104947526
835.197613721104,708.426547352722,419.790104947526
857.568978374347,765.597812577678,434.782608695652
862.540392741735,753.16927665921,419.790104947526
872.48322147651,735.769326373353,419.790104947526
882.426050211285,691.026597066866,419.790104947526
899.826000497141,971.911508824261,419.790104947526
949.540144171017,1446.68158090977,419.790104947526
966.940094456873,1454.13870246085,419.790104947526
971.911508824261,1444.19587372608,434.782608695652
1041.51130996769,1426.79592344022,419.790104947526
1061.39696743724,1066.36838180462,419.790104947526
1078.79691772309,1063.88267462093,419.790104947526
1088.73974645787,1121.05393984589,419.790104947526
1111.11111111111,768.083519761372,464.767616191904
1103.65398956003,1076.3112105394,419.790104947526
1178.22520507084,1628.13820531941,419.790104947526
1188.16803380562,723.340790454884,419.790104947526
1190.65374098931,584.141188168034,419.790104947526
1193.13944817301,1222.96793437733,419.790104947526
1193.13944817301,1486.45289584887,419.790104947526
1195.6251553567,581.65548098434,419.790104947526
1220.48222719364,1096.19686800895,419.790104947526
1232.91076311211,1190.65374098931,419.790104947526
1247.82500621427,1533.68133233905,419.790104947526
1250.31071339796,1213.02510564256,419.790104947526
1255.28212776535,1213.02510564256,419.790104947526
1292.56773552076,1774.79492915735,419.790104947526
1319.91051454139,852.59756400696,419.790104947526
1329.85334327616,1777.28063634104,419.790104947526
1357.19612229679,1536.16703952274,419.790104947526
1374.59607258265,1533.68133233905,464.767616191904
1374.59607258265,1568.48123291076,419.790104947526
1379.56748695004,1558.53840417599,419.790104947526
1416.85309470544,795.426298782004,419.790104947526
1429.28163062391,705.940840169028,419.790104947526
1478.99577429779,720.855083271191,419.790104947526
1491.42431021626,760.626398210291,434.782608695652
1503.85284613473,812.82624906786,449.775112443778
1508.82426050211,1188.16803380562,419.790104947526
1521.25279642058,1138.45389013174,419.790104947526
1523.73850360428,1148.39671886652,419.790104947526
1528.70991797166,1128.51106139697,419.790104947526
1541.13845389013,1135.96818294805,434.782608695652
1613.22396221725,1459.11011682824,419.790104947526
1615.70966940094,1093.71116082525,419.790104947526
1620.68108376833,1265.22495650012,419.790104947526
643.798160576684,865.026099925429,434.782608695652
661.19811086254,907.283122048223,434.782608695652
755.654983842903,1488.93860303256,434.782608695652
872.48322147651,758.140691026597,449.775112443778
894.854586129754,693.512304250559,434.782608695652
917.225950782998,971.911508824261,464.767616191904
961.968680089485,1449.16728809346,434.782608695652
1036.5398956003,1630.62391250311,434.782608695652
1051.45413870246,1652.99527715635,434.782608695652
1091.22545364156,1595.82401193139,434.782608695652
1091.22545364156,805.369127516779,434.782608695652
1091.22545364156,1588.36689038031,434.782608695652
1098.68257519264,815.311956251554,434.782608695652
1103.65398956003,1121.05393984589,434.782608695652
1111.11111111111,730.797912005966,434.782608695652
1116.0825254785,748.197862291822,434.782608695652
1138.45389013174,1620.68108376833,434.782608695652
1148.39671886652,748.197862291822,479.76011994003
1178.22520507084,952.02585135471,434.782608695652
1183.19661943823,954.511558538404,434.782608695652
1188.16803380562,1531.19562515536,434.782608695652
1198.11086254039,728.312204822272,434.782608695652
1235.3964702958,1101.16828237634,434.782608695652
1242.85359184688,1195.6251553567,434.782608695652
1262.73924931643,1213.02510564256,449.775112443778
1262.73924931643,1170.76808351976,434.782608695652
1324.88192890877,855.083271190654,464.767616191904
1379.56748695004,1150.88242605021,464.767616191904
1387.02460850112,1536.16703952274,434.782608695652
1431.76733780761,1824.50907283122,449.775112443778
1444.19587372608,733.283619189659,434.782608695652
1521.25279642058,1188.16803380562,434.782608695652
1543.62416107383,1111.11111111111,449.775112443778
1543.62416107383,1091.22545364156,434.782608695652
1556.05269699229,1138.45389013174,434.782608695652
1759.88068605518,1145.91101168282,434.782608695652
745.712155108128,1292.56773552076,479.76011994003
770.569226945066,1314.939100174,479.76011994003
1083.76833209048,1148.39671886652,479.76011994003
1140.93959731544,743.226447924435,449.775112443778
1190.65374098931,1541.13845389013,449.775112443778
1364.65324384787,1155.8538404176,494.752623688156
1419.33880188914,787.969177230922,449.775112443778
1444.19587372608,1817.05195128014,449.775112443778
1556.05269699229,1121.05393984589,449.775112443778
778.026348496147,1260.25354213274,464.767616191904
894.854586129754,695.998011434253,464.767616191904
1006.71140939597,1213.02510564256,494.752623688156
1113.5968182948,733.283619189659,479.76011994003
1128.51106139697,755.654983842903,464.767616191904
1148.39671886652,773.05493412876,479.76011994003
1163.31096196868,1551.08128262491,464.767616191904
1178.22520507084,1526.22421078797,464.767616191904
1188.16803380562,820.283370618941,464.767616191904
1190.65374098931,1531.19562515536,494.752623688156
1210.53939845886,1493.91001739995,464.767616191904
1091.22545364156,1160.82525478499,494.752623688156
1101.16828237634,1150.88242605021,494.752623688156
1165.79666915237,1508.82426050211,494.752623688156
1190.65374098931,1553.5669898086,479.76011994003
1232.91076311211,1528.70991797166,479.76011994003
1103.65398956003,815.311956251554,494.752623688156
1138.45389013174,738.255033557047,494.752623688156
1138.45389013174,785.483470047228,494.752623688156
1235.3964702958,1526.22421078797,509.745127436282
