101.913994531444,1140.93959731544,14.9925037481259
151.628138205319,596.569724086503,14.9925037481259
216.256524981357,840.169028088491,14.9925037481259
273.427790206314,1297.53914988814,29.9850074962519
275.913497390007,1220.48222719364,29.9850074962519
280.884911757395,1307.48197862292,14.9925037481259
310.71339796172,1275.1677852349,14.9925037481259
320.656226696495,1879.19463087248,14.9925037481259
318.170519512801,1891.62316679095,14.9925037481259
325.627641063883,1886.65175242356,14.9925037481259
330.59905543127,1260.25354213274,14.9925037481259
330.59905543127,1290.08202833706,14.9925037481259
347.999005717127,1275.1677852349,29.9850074962519
400.198856574696,2010.93711160825,14.9925037481259
402.684563758389,2015.90852597564,14.9925037481259
618.941088739746,2120.30822769078,29.9850074962519
676.112353964703,1004.22570221228,14.9925037481259
686.055182699478,1004.22570221228,14.9925037481259
686.055182699478,996.768580661198,14.9925037481259
698.483718617947,971.911508824261,14.9925037481259
812.82624906786,2147.65100671141,29.9850074962519
850.111856823266,2160.07954262988,14.9925037481259
857.568978374347,1394.4817300522,44.9775112443778
877.454635843898,1404.42455878698,14.9925037481259
882.426050211285,2167.53666418096,14.9925037481259
897.340293313448,1396.96743723589,14.9925037481259
899.826000497141,1416.85309470544,14.9925037481259
919.711657966692,412.627392493164,29.9850074962519
944.568729803629,390.25602783992,14.9925037481259
966.940094456873,387.770320656227,14.9925037481259
964.454387273179,357.941834451902,14.9925037481259
974.397216007954,367.884663186677,14.9925037481259
1088.73974645787,2433.50733283619,29.9850074962519
1108.62540392742,2435.99304001989,14.9925037481259
1108.62540392742,2428.5359184688,14.9925037481259
1265.22495650012,1063.88267462093,14.9925037481259
1267.71066368382,1332.33905045986,14.9925037481259
1267.71066368382,835.197613721104,14.9925037481259
1272.68207805121,1354.7104151131,14.9925037481259
1285.11061396967,845.140442455879,14.9925037481259
1409.39597315436,335.570469798658,29.9850074962519
1454.13870246085,367.884663186677,14.9925037481259
1531.19562515536,840.169028088491,14.9925037481259
1536.16703952274,832.71190653741,14.9925037481259
1536.16703952274,840.169028088491,14.9925037481259
1548.59557544121,882.426050211285,14.9925037481259
1551.08128262491,897.340293313448,14.9925037481259
1565.99552572707,2257.02212279394,14.9925037481259
1665.42381307482,2040.76559781258,14.9925037481259
1705.19512801392,2085.50832711907,14.9925037481259
1707.68083519761,2073.0797912006,14.9925037481259
1717.62366393239,539.398458861546,29.9850074962519
1725.08078548347,499.627143922446,14.9925037481259
1720.10937111608,512.055679840915,29.9850074962519
1727.56649266716,521.99850857569,14.9925037481259
1923.93736017897,1966.19438230176,14.9925037481259
1933.88018891375,1973.65150385285,14.9925037481259
1946.30872483221,1933.88018891375,14.9925037481259
1943.82301764852,1941.33731046483,14.9925037481259
1946.30872483221,1948.79443201591,14.9925037481259
1958.73726075068,1943.82301764852,14.9925037481259
2150.1367138951,785.483470047228,14.9925037481259
2157.59383544618,775.540641312453,14.9925037481259
2157.59383544618,790.454884414616,29.9850074962519
2172.50807854835,760.626398210291,14.9925037481259
2184.93661446682,790.454884414616,14.9925037481259
2204.82227193637,773.05493412876,29.9850074962519
2214.76510067114,1225.45364156102,29.9850074962519
2224.70792940592,2279.39348744718,29.9850074962519
2219.73651503853,1660.45239870743,14.9925037481259
2229.6793437733,2257.02212279394,29.9850074962519
2383.79318916232,1411.88168033806,14.9925037481259
2423.56450410142,1446.68158090977,29.9850074962519
136.713895103157,1884.16604523987,29.9850074962519
196.370867511807,1309.96768580661,29.9850074962519
196.370867511807,1327.36763609247,29.9850074962519
260.999254287845,1307.48197862292,44.9775112443778
263.484961471539,850.111856823266,59.9700149925037
260.999254287845,1317.42480735769,29.9850074962519
273.427790206314,1282.62490678598,29.9850074962519
318.170519512801,1252.79642058166,29.9850074962519
589.112602535421,648.769574944072,59.9700149925037
594.084016902809,723.340790454884,59.9700149925037
611.483967188665,691.026597066866,59.9700149925037
611.483967188665,2117.82252050708,29.9850074962519
613.969674372359,2110.365398956,29.9850074962519
748.197862291822,1600.79542629878,44.9775112443778
947.054436987323,447.427293064877,29.9850074962519
964.454387273179,447.427293064877,29.9850074962519
1314.939100174,996.768580661198,29.9850074962519
1396.96743723589,323.141933880189,29.9850074962519
1536.16703952274,807.854834700472,44.9775112443778
1558.53840417599,802.883420333085,59.9700149925037
1633.1096196868,2073.0797912006,29.9850074962519
1692.76659209545,541.88416604524,44.9775112443778
1695.25229927915,526.969922943077,29.9850074962519
1707.68083519761,504.598558289833,29.9850074962519
1826.99478001491,956.997265722098,29.9850074962519
2179.96520009943,780.512055679841,29.9850074962519
2435.99304001989,1426.79592344022,44.9775112443778
2473.27864777529,1297.53914988814,29.9850074962519
146.656723837932,1884.16604523987,44.9775112443778
144.171016654238,1285.11061396967,89.9550224887556
173.999502858563,693.512304250559,44.9775112443778
186.428038777032,705.940840169028,44.9775112443778
183.942331593338,695.998011434253,44.9775112443778
211.28511061397,1491.42431021626,44.9775112443778
206.313696246582,1309.96768580661,44.9775112443778
211.28511061397,551.826994780015,59.9700149925037
216.256524981357,1508.82426050211,59.9700149925037
218.742232165051,559.284116331096,44.9775112443778
223.713646532438,840.169028088491,44.9775112443778
236.142182450907,1650.50956997266,74.9625187406297
253.542132736764,1580.90976882923,44.9775112443778
265.970668655232,1585.88118319662,44.9775112443778
275.913497390007,1648.02386278896,44.9775112443778
273.427790206314,1319.91051454139,44.9775112443778
283.370618941089,1300.02485707184,44.9775112443778
315.684812329108,1272.68207805121,59.9700149925037
320.656226696495,1282.62490678598,44.9775112443778
385.284613472533,1461.59582401193,59.9700149925037
487.198608003977,708.426547352722,59.9700149925037
566.741237882178,708.426547352722,59.9700149925037
626.398210290828,656.226696495153,44.9775112443778
626.398210290828,2120.30822769078,44.9775112443778
713.397961720109,1605.76684066617,44.9775112443778
820.283370618941,2147.65100671141,44.9775112443778
847.626149639573,1670.39522744221,44.9775112443778
860.054685558041,1672.8809346259,59.9700149925037
874.968928660204,1687.79517772806,59.9700149925037
924.683072334079,1913.9945314442,59.9700149925037
927.168779517773,397.713149391002,59.9700149925037
939.597315436242,422.570221227939,44.9775112443778
954.511558538404,472.284364901815,44.9775112443778
1021.62565249814,1108.62540392742,74.9625187406297
1101.16828237634,2433.50733283619,44.9775112443778
1178.22520507084,1001.73999502859,59.9700149925037
1257.76783494904,2418.59308973403,44.9775112443778
1262.73924931643,904.797414864529,59.9700149925037
1272.68207805121,837.683320904797,44.9775112443778
1277.65349241859,1357.19612229679,44.9775112443778
1327.36763609247,1036.5398956003,44.9775112443778
1650.50956997266,2112.8511061397,59.9700149925037
1652.99527715635,2085.50832711907,59.9700149925037
1662.93810589113,2102.90827740492,59.9700149925037
1836.93760874969,952.02585135471,44.9775112443778
1886.65175242356,917.225950782998,44.9775112443778
1936.36589609744,1978.62291822023,44.9775112443778
1938.85160328113,2058.16554809843,74.9625187406297
1946.30872483221,1973.65150385285,44.9775112443778
2229.6793437733,1660.45239870743,44.9775112443778
2413.62167536664,1409.39597315436,44.9775112443778
2423.56450410142,1424.31021625653,44.9775112443778
156.599552572707,698.483718617947,59.9700149925037
196.370867511807,695.998011434253,74.9625187406297
201.342281879195,539.398458861546,89.9550224887556
223.713646532438,551.826994780015,59.9700149925037
221.227939348745,1971.16579666915,74.9625187406297
233.656475267214,1657.96669152374,59.9700149925037
233.656475267214,1983.59433258762,89.9550224887556
251.05642555307,835.197613721104,74.9625187406297
268.456375838926,2045.73701217997,89.9550224887556
571.712652249565,661.19811086254,74.9625187406297
596.569724086503,1991.0514541387,59.9700149925037
606.512552821278,641.31245339299,59.9700149925037
628.883917474521,695.998011434253,59.9700149925037
631.369624658215,653.740989311459,89.9550224887556
728.312204822272,1573.45264727815,74.9625187406297
845.140442455879,1690.28088491176,59.9700149925037
852.59756400696,1695.25229927915,59.9700149925037
939.597315436242,452.398707432264,59.9700149925037
956.997265722098,447.427293064877,74.9625187406297
954.511558538404,427.541635595327,74.9625187406297
971.911508824261,1260.25354213274,89.9550224887556
971.911508824261,457.370121799652,59.9700149925037
1019.13994531444,1297.53914988814,74.9625187406297
1091.22545364156,663.683818046234,74.9625187406297
1180.71091225454,1772.30922197365,74.9625187406297
1188.16803380562,136.713895103157,74.9625187406297
1203.08227690778,991.797166293811,74.9625187406297
1205.56798409147,1232.91076311211,59.9700149925037
1217.99652000994,703.455132985334,74.9625187406297
1225.45364156102,1230.42505592841,59.9700149925037
1237.88217747949,1309.96768580661,74.9625187406297
1319.91051454139,1053.93984588615,59.9700149925037
1324.88192890877,1048.96843151877,59.9700149925037
1329.85334327616,1043.99701715138,59.9700149925037
1357.19612229679,1354.7104151131,74.9625187406297
1444.19587372608,1469.05294556301,74.9625187406297
1488.93860303256,1615.70966940094,74.9625187406297
1513.7956748695,1630.62391250311,74.9625187406297
1531.19562515536,1638.08103405419,59.9700149925037
1528.70991797166,1648.02386278896,89.9550224887556
1541.13845389013,1628.13820531941,89.9550224887556
1553.5669898086,1871.7375093214,89.9550224887556
1630.62391250311,1160.82525478499,59.9700149925037
1648.02386278896,2102.90827740492,59.9700149925037
1901.56599552573,1822.02336564753,89.9550224887556
1961.22296793438,1280.13919960229,89.9550224887556
52.199850857569,1048.96843151877,89.9550224887556
74.5712155108128,1043.99701715138,89.9550224887556
106.885408898832,1290.08202833706,74.9625187406297
121.799652000994,1277.65349241859,74.9625187406297
134.228187919463,1309.96768580661,89.9550224887556
149.142431021626,1267.71066368382,89.9550224887556
173.999502858563,686.055182699478,89.9550224887556
211.28511061397,2035.79418344519,74.9625187406297
213.770817797663,1976.13721103654,89.9550224887556
213.770817797663,1981.10862540393,74.9625187406297
233.656475267214,1971.16579666915,74.9625187406297
544.369873228934,1946.30872483221,74.9625187406297
586.626895351728,641.31245339299,89.9550224887556
604.026845637584,2351.4789957743,104.947526236882
604.026845637584,1981.10862540393,74.9625187406297
623.912503107134,671.140939597315,74.9625187406297
753.16927665921,594.084016902809,74.9625187406297
976.882923191648,206.313696246582,74.9625187406297
984.340044742729,1329.85334327616,74.9625187406297
994.282873477504,201.342281879195,74.9625187406297
1004.22570221228,1292.56773552076,74.9625187406297
1009.19711657967,1297.53914988814,74.9625187406297
1180.71091225454,1737.50932140194,74.9625187406297
1217.99652000994,835.197613721104,89.9550224887556
1213.02510564256,845.140442455879,89.9550224887556
1225.45364156102,872.48322147651,89.9550224887556
1275.1677852349,785.483470047228,89.9550224887556
1377.08177976634,1327.36763609247,74.9625187406297
1389.51031568481,1334.82475764355,74.9625187406297
1414.36738752175,2244.59358687547,89.9550224887556
1419.33880188914,1344.76758637832,74.9625187406297
1424.31021625653,1459.11011682824,89.9550224887556
1461.59582401193,1588.36689038031,104.947526236882
1481.48148148148,1871.7375093214,89.9550224887556
1488.93860303256,1593.3383047477,89.9550224887556
1491.42431021626,1640.56674123788,74.9625187406297
1511.30996768581,1643.05244842158,89.9550224887556
1625.65249813572,1143.42530449913,74.9625187406297
1672.8809346259,1478.99577429779,89.9550224887556
1826.99478001491,268.456375838926,89.9550224887556
1866.76609495401,1083.76833209048,89.9550224887556
1884.16604523987,1111.11111111111,104.947526236882
1996.02286850609,862.540392741735,89.9550224887556
166.542381307482,1260.25354213274,89.9550224887556
201.342281879195,524.484215759384,89.9550224887556
459.855828983346,1598.30971911509,104.947526236882
566.741237882178,705.940840169028,89.9550224887556
596.569724086503,2368.87894606015,104.947526236882
710.912254536416,1568.48123291076,104.947526236882
720.855083271191,666.169525229928,104.947526236882
810.340541884166,2289.33631618195,119.940029985007
825.254784986329,196.370867511807,104.947526236882
949.540144171017,1160.82525478499,89.9550224887556
979.368630375342,1180.71091225454,104.947526236882
984.340044742729,1195.6251553567,104.947526236882
996.768580661198,1150.88242605021,89.9550224887556
1024.11135968183,141.685309470544,89.9550224887556
1130.99676858066,104.399701715138,104.947526236882
1242.85359184688,879.940343027591,104.947526236882
1342.28187919463,1121.05393984589,104.947526236882
1354.7104151131,1111.11111111111,89.9550224887556
1362.16753666418,1113.5968182948,89.9550224887556
1459.11011682824,1650.50956997266,104.947526236882
1513.7956748695,1667.90952025851,89.9550224887556
1528.70991797166,1113.5968182948,89.9550224887556
1541.13845389013,1158.33954760129,89.9550224887556
1565.99552572707,1133.48247576436,104.947526236882
1590.85259756401,1822.02336564753,89.9550224887556
1593.3383047477,1849.36614466816,89.9550224887556
1789.70917225951,907.283122048223,104.947526236882
1879.19463087248,1076.3112105394,104.947526236882
1889.13745960726,1076.3112105394,89.9550224887556
1941.33731046483,1053.93984588615,89.9550224887556
2050.70842654735,1923.93736017897,104.947526236882
9.94282873477504,1364.65324384787,104.947526236882
19.8856574695501,1009.19711657967,119.940029985007
24.8570718369376,1039.02560278399,119.940029985007
49.7141436738752,1382.05319413373,119.940029985007
91.9711657966692,1004.22570221228,119.940029985007
171.513795674869,1252.79642058166,104.947526236882
206.313696246582,2045.73701217997,104.947526236882
213.770817797663,2028.33706189411,104.947526236882
226.199353716132,857.568978374347,104.947526236882
238.627889634601,2045.73701217997,104.947526236882
303.256276410639,2068.10837683321,104.947526236882
467.312950534427,1573.45264727815,119.940029985007
586.626895351728,770.569226945066,119.940029985007
606.512552821278,1943.82301764852,104.947526236882
608.998260004971,1963.70867511807,104.947526236882
671.140939597315,313.199105145414,104.947526236882
708.426547352722,661.19811086254,104.947526236882
812.82624906786,2314.19338801889,104.947526236882
822.769077802635,2381.30748197862,104.947526236882
912.25453641561,1660.45239870743,104.947526236882
1001.73999502859,1143.42530449913,104.947526236882
1011.68282376336,658.712403678847,104.947526236882
1041.51130996769,661.19811086254,104.947526236882
1190.65374098931,1762.36639323888,119.940029985007
1240.36788466319,2413.62167536664,119.940029985007
1262.73924931643,857.568978374347,104.947526236882
1290.08202833706,1078.79691772309,104.947526236882
1302.51056425553,2416.10738255034,104.947526236882
1419.33880188914,417.598806860552,119.940029985007
1421.82450907283,1449.16728809346,104.947526236882
1426.79592344022,1444.19587372608,104.947526236882
1474.0243599304,2234.65075814069,104.947526236882
1474.0243599304,2398.70743226448,104.947526236882
1476.51006711409,1625.65249813572,104.947526236882
1503.85284613473,1662.93810589113,104.947526236882
1511.30996768581,1635.59532687049,104.947526236882
1541.13845389013,1809.59482972906,104.947526236882
1563.50981854338,1844.39473030077,134.932533733133
1593.3383047477,206.313696246582,119.940029985007
1583.39547601293,1769.82351478996,134.932533733133
1595.82401193139,1817.05195128014,104.947526236882
1638.08103405419,1469.05294556301,119.940029985007
1648.02386278896,1451.65299527716,119.940029985007
1662.93810589113,1476.51006711409,104.947526236882
1831.9661943823,728.312204822272,104.947526236882
1856.82326621924,2063.13696246582,104.947526236882
1889.13745960726,1071.33979617201,104.947526236882
1896.59458115834,2097.93686303753,134.932533733133
1913.9945314442,1869.25180213771,104.947526236882
1938.85160328113,1066.36838180462,104.947526236882
1943.82301764852,1063.88267462093,104.947526236882
1971.16579666915,1096.19686800895,104.947526236882
1971.16579666915,1849.36614466816,119.940029985007
1983.59433258762,874.968928660204,104.947526236882
2035.79418344519,1946.30872483221,104.947526236882
2048.22271936366,1948.79443201591,104.947526236882
2048.22271936366,713.397961720109,134.932533733133
2070.5940840169,750.683569475516,149.925037481259
72.0855083271191,1203.08227690778,119.940029985007
77.0569226945066,1188.16803380562,119.940029985007
193.885160328113,758.140691026597,149.925037481259
574.198359433259,780.512055679841,119.940029985007
586.626895351728,1667.90952025851,149.925037481259
599.055431270196,1685.30947054437,134.932533733133
700.969425801641,708.426547352722,134.932533733133
705.940840169028,686.055182699478,119.940029985007
720.855083271191,653.740989311459,119.940029985007
770.569226945066,1605.76684066617,134.932533733133
820.283370618941,2341.53616703952,134.932533733133
832.71190653741,2356.45041014169,119.940029985007
874.968928660204,2291.82202336565,134.932533733133
872.48322147651,2376.33606761124,164.917541229385
882.426050211285,2301.76485210042,119.940029985007
889.883171762366,2289.33631618195,134.932533733133
949.540144171017,1133.48247576436,134.932533733133
986.825751926423,1178.22520507084,119.940029985007
1043.99701715138,999.254287844892,119.940029985007
1051.45413870246,1009.19711657967,119.940029985007
1053.93984588615,1073.8255033557,149.925037481259
1083.76833209048,1329.85334327616,134.932533733133
1138.45389013174,1784.73775789212,149.925037481259
1153.36813323391,1792.1948794432,119.940029985007
1173.25379070346,1747.45215013671,119.940029985007
1180.71091225454,1739.99502858563,119.940029985007
1183.19661943823,106.885408898832,119.940029985007
1210.53939845886,1759.88068605518,134.932533733133
1205.56798409147,1717.62366393239,134.932533733133
1205.56798409147,1730.05219985086,119.940029985007
1287.59632115337,1660.45239870743,119.940029985007
1367.13895103157,285.856326124783,119.940029985007
1377.08177976634,283.370618941089,119.940029985007
1434.2530449913,420.084514044246,149.925037481259
1444.19587372608,1421.82450907283,119.940029985007
1474.0243599304,1585.88118319662,119.940029985007
1573.45264727815,1831.9661943823,119.940029985007
1575.93835446184,1101.16828237634,119.940029985007
1580.90976882923,1789.70917225951,119.940029985007
1610.73825503356,178.970917225951,149.925037481259
1625.65249813572,1879.19463087248,119.940029985007
1652.99527715635,1996.02286850609,119.940029985007
1710.16654238131,1354.7104151131,134.932533733133
1749.93785732041,1528.70991797166,119.940029985007
1804.62341536167,904.797414864529,119.940029985007
1856.82326621924,2112.8511061397,119.940029985007
1861.79468058663,1088.73974645787,119.940029985007
1938.85160328113,1046.48272433507,119.940029985007
2063.13696246582,1931.39448173005,119.940029985007
39.7713149391002,1349.73900074571,149.925037481259
67.1140939597315,1208.05369127517,134.932533733133
109.371116082525,1275.1677852349,149.925037481259
263.484961471539,820.283370618941,149.925037481259
263.484961471539,693.512304250559,149.925037481259
457.370121799652,1628.13820531941,134.932533733133
581.65548098434,790.454884414616,134.932533733133
591.598309719115,310.71339796172,134.932533733133
705.940840169028,673.626646781009,134.932533733133
768.083519761372,1459.11011682824,134.932533733133
775.540641312453,1439.22445935869,149.925037481259
787.969177230922,1943.82301764852,149.925037481259
800.397713149391,1961.22296793438,149.925037481259
807.854834700472,2331.59333830475,134.932533733133
810.340541884166,2314.19338801889,134.932533733133
869.997514292816,2299.27914491673,134.932533733133
1046.48272433507,1098.68257519264,134.932533733133
1071.33979617201,1302.51056425553,149.925037481259
1071.33979617201,1133.48247576436,149.925037481259
1088.73974645787,1359.68182948049,149.925037481259
1108.62540392742,1314.939100174,134.932533733133
1220.48222719364,1737.50932140194,149.925037481259
1260.25354213274,1687.79517772806,134.932533733133
1277.65349241859,1660.45239870743,134.932533733133
1551.08128262491,1742.48073576933,134.932533733133
1563.50981854338,2276.90778026349,134.932533733133
1570.96694009446,1789.70917225951,134.932533733133
1575.93835446184,2244.59358687547,134.932533733133
1595.82401193139,2234.65075814069,149.925037481259
1605.76684066617,188.913745960726,149.925037481259
1615.70966940094,206.313696246582,149.925037481259
1615.70966940094,1879.19463087248,134.932533733133
1618.19537658464,1874.2232165051,134.932533733133
1625.65249813572,1469.05294556301,149.925037481259
1620.68108376833,1871.7375093214,164.917541229385
1638.08103405419,1446.68158090977,134.932533733133
1648.02386278896,1996.02286850609,149.925037481259
1682.82376336068,1660.45239870743,134.932533733133
1710.16654238131,151.628138205319,164.917541229385
1744.96644295302,872.48322147651,134.932533733133
1757.39497887149,1814.56624409645,149.925037481259
1794.6805866269,745.712155108128,134.932533733133
1797.16629381059,738.255033557047,134.932533733133
1854.33755903555,2097.93686303753,149.925037481259
1891.62316679095,2075.56549838429,149.925037481259
1884.16604523987,1101.16828237634,134.932533733133
1926.42306736266,2068.10837683321,149.925037481259
1991.0514541387,1026.59706686552,134.932533733133
2015.90852597564,725.826497638578,164.917541229385
2035.79418344519,1923.93736017897,134.932533733133
2060.65125528213,738.255033557047,149.925037481259
2100.42257022123,1891.62316679095,134.932533733133
42.2570221227939,1367.13895103157,149.925037481259
211.28511061397,842.654735272185,164.917541229385
213.770817797663,807.854834700472,149.925037481259
241.113596818295,822.769077802635,149.925037481259
248.570718369376,822.769077802635,149.925037481259
256.027839920457,765.597812577678,164.917541229385
270.94208302262,1188.16803380562,149.925037481259
434.998757146408,1655.48098434004,164.917541229385
502.11285110614,482.22719363659,149.925037481259
517.027094208302,487.198608003977,164.917541229385
551.826994780015,469.798657718121,164.917541229385
561.76982351479,457.370121799652,164.917541229385
584.141188168034,1680.33805617698,149.925037481259
608.998260004971,787.969177230922,149.925037481259
710.912254536416,708.426547352722,149.925037481259
787.969177230922,2353.96470295799,179.910044977511
790.454884414616,2353.96470295799,149.925037481259
797.912005965697,2351.4789957743,149.925037481259
807.854834700472,2353.96470295799,149.925037481259
810.340541884166,1933.88018891375,164.917541229385
822.769077802635,2383.79318916232,164.917541229385
832.71190653741,1364.65324384787,149.925037481259
855.083271190654,412.627392493164,164.917541229385
877.454635843898,313.199105145414,164.917541229385
912.25453641561,2294.30773054934,179.910044977511
922.197365150385,1108.62540392742,164.917541229385
932.14019388516,616.455381556053,164.917541229385
976.882923191648,1019.13994531444,164.917541229385
989.311459110117,1068.85408898832,164.917541229385
1014.16853094705,1073.8255033557,164.917541229385
1029.08277404922,1066.36838180462,149.925037481259
1039.02560278399,1304.99627143922,149.925037481259
1046.48272433507,1357.19612229679,149.925037481259
1056.42555306985,1096.19686800895,164.917541229385
1056.42555306985,1140.93959731544,164.917541229385
1071.33979617201,1058.91126025354,149.925037481259
1083.76833209048,1091.22545364156,149.925037481259
1101.16828237634,1421.82450907283,149.925037481259
1121.05393984589,845.140442455879,164.917541229385
1382.05319413373,1362.16753666418,179.910044977511
1419.33880188914,884.911757394979,164.917541229385
1434.2530449913,352.970420084514,164.917541229385
1600.79542629878,1854.33755903555,149.925037481259
1618.19537658464,2229.6793437733,149.925037481259
1628.13820531941,1441.71016654238,149.925037481259
1648.02386278896,1973.65150385285,149.925037481259
1680.33805617698,1620.68108376833,179.910044977511
1682.82376336068,1558.53840417599,164.917541229385
1737.50932140194,1493.91001739995,149.925037481259
1787.22346507581,1471.53865274671,149.925037481259
1896.59458115834,792.94059159831,179.910044977511
1913.9945314442,1553.5669898086,179.910044977511
1961.22296793438,1190.65374098931,164.917541229385
1973.65150385285,161.570966940094,179.910044977511
2005.96569724086,1794.6805866269,149.925037481259
2199.85085756898,1804.62341536167,149.925037481259
183.942331593338,807.854834700472,164.917541229385
201.342281879195,820.283370618941,164.917541229385
228.685060899826,775.540641312453,164.917541229385
248.570718369376,780.512055679841,164.917541229385
256.027839920457,778.026348496147,164.917541229385
273.427790206314,1319.91051454139,164.917541229385
444.941585881183,1682.82376336068,179.910044977511
502.11285110614,489.684315187671,164.917541229385
691.026597066866,996.768580661198,179.910044977511
730.797912005966,1006.71140939597,179.910044977511
768.083519761372,2339.05045985583,179.910044977511
792.94059159831,2264.47924434502,164.917541229385
845.140442455879,2329.10763112105,179.910044977511
835.197613721104,1377.08177976634,164.917541229385
845.140442455879,218.742232165051,164.917541229385
872.48322147651,2274.42207307979,164.917541229385
874.968928660204,196.370867511807,164.917541229385
899.826000497141,802.883420333085,179.910044977511
1068.85408898832,1287.59632115337,164.917541229385
1071.33979617201,1111.11111111111,164.917541229385
1083.76833209048,1098.68257519264,164.917541229385
1098.68257519264,1322.39622172508,179.910044977511
1098.68257519264,1384.53890131742,179.910044977511
1101.16828237634,1362.16753666418,164.917541229385
1106.13969674372,1339.79617201094,164.917541229385
1101.16828237634,1150.88242605021,179.910044977511
1118.56823266219,1384.53890131742,164.917541229385
1121.05393984589,855.083271190654,164.917541229385
1128.51106139697,156.599552572707,179.910044977511
1126.02535421327,1404.42455878698,179.910044977511
1145.91101168282,1797.16629381059,164.917541229385
1185.68232662192,106.885408898832,164.917541229385
1372.11036539896,1387.02460850112,179.910044977511
1406.91026597067,867.511807109123,164.917541229385
1449.16728809346,333.084762614964,164.917541229385
1558.53840417599,1799.65200099428,164.917541229385
1561.02411135968,2274.42207307979,164.917541229385
1563.50981854338,2266.96495152871,164.917541229385
1583.39547601293,1076.3112105394,164.917541229385
1585.88118319662,1817.05195128014,164.917541229385
1590.85259756401,1812.08053691275,164.917541229385
1598.30971911509,1822.02336564753,164.917541229385
1605.76684066617,1083.76833209048,164.917541229385
1618.19537658464,1886.65175242356,164.917541229385
1685.30947054437,1660.45239870743,164.917541229385
1797.16629381059,1864.28038777032,194.902548725637
1904.05170270942,2087.99403430276,164.917541229385
1911.5088242605,2090.47974148645,164.917541229385
1909.02311707681,1580.90976882923,194.902548725637
1963.70867511807,228.685060899826,194.902548725637
1981.10862540393,151.628138205319,164.917541229385
1981.10862540393,1193.13944817301,194.902548725637
1996.02286850609,248.570718369376,179.910044977511
2087.99403430276,1140.93959731544,164.917541229385
176.485210042257,805.369127516779,194.902548725637
188.913745960726,790.454884414616,194.902548725637
223.713646532438,773.05493412876,179.910044977511
231.17076808352,758.140691026597,179.910044977511
492.170022371365,479.741486452896,179.910044977511
698.483718617947,700.969425801641,179.910044977511
710.912254536416,1026.59706686552,194.902548725637
797.912005965697,1384.53890131742,194.902548725637
830.226199353716,1364.65324384787,209.895052473763
827.740492170022,1469.05294556301,179.910044977511
837.683320904797,216.256524981357,179.910044977511
835.197613721104,1466.56723837932,179.910044977511
845.140442455879,417.598806860552,194.902548725637
847.626149639573,1364.65324384787,179.910044977511
857.568978374347,790.454884414616,194.902548725637
872.48322147651,457.370121799652,194.902548725637
872.48322147651,2219.73651503853,194.902548725637
874.968928660204,1486.45289584887,194.902548725637
924.683072334079,613.969674372359,179.910044977511
954.511558538404,1752.4235645041,179.910044977511
971.911508824261,1071.33979617201,194.902548725637
1011.68282376336,2050.70842654735,194.902548725637
1043.99701715138,1354.7104151131,194.902548725637
1043.99701715138,1083.76833209048,179.910044977511
1048.96843151877,1138.45389013174,179.910044977511
1066.36838180462,1106.13969674372,179.910044977511
1078.79691772309,1091.22545364156,179.910044977511
1096.19686800895,1399.45314441959,179.910044977511
1101.16828237634,1135.96818294805,179.910044977511
1113.5968182948,847.626149639573,179.910044977511
1173.25379070346,101.913994531444,179.910044977511
1215.51081282625,104.399701715138,194.902548725637
1309.96768580661,141.685309470544,209.895052473763
1382.05319413373,1280.13919960229,209.895052473763
1399.45314441959,1287.59632115337,194.902548725637
1406.91026597067,882.426050211285,179.910044977511
1496.39572458364,529.455630126771,179.910044977511
1876.70892368879,782.997762863535,179.910044977511
1901.56599552573,561.76982351479,194.902548725637
1913.9945314442,763.112105393985,194.902548725637
1931.39448173005,763.112105393985,179.910044977511
1951.2801391996,1543.62416107383,179.910044977511
2068.10837683321,1135.96818294805,194.902548725637
2078.05120556798,1096.19686800895,194.902548725637
2078.05120556798,1140.93959731544,194.902548725637
2155.10812826249,1058.91126025354,224.887556221889
238.627889634601,763.112105393985,194.902548725637
243.599304001989,758.140691026597,194.902548725637
248.570718369376,755.654983842903,194.902548725637
260.999254287845,1329.85334327616,194.902548725637
797.912005965697,1797.16629381059,224.887556221889
817.797663435247,474.770072085508,224.887556221889
822.769077802635,216.256524981357,194.902548725637
835.197613721104,457.370121799652,224.887556221889
835.197613721104,2383.79318916232,194.902548725637
845.140442455879,2398.70743226448,194.902548725637
850.111856823266,2381.30748197862,194.902548725637
857.568978374347,2227.19363658961,209.895052473763
860.054685558041,432.513049962714,194.902548725637
862.540392741735,268.456375838926,209.895052473763
879.940343027591,2229.6793437733,209.895052473763
996.768580661198,966.940094456873,194.902548725637
1019.13994531444,979.368630375342,194.902548725637
1026.59706686552,1183.19661943823,194.902548725637
1265.22495650012,1754.9092716878,194.902548725637
1367.13895103157,604.026845637584,239.880059970015
1387.02460850112,1242.85359184688,209.895052473763
1419.33880188914,860.054685558041,224.887556221889
1426.79592344022,892.36887894606,224.887556221889
1429.28163062391,1625.65249813572,224.887556221889
1451.65299527716,7.45712155108128,194.902548725637
1471.53865274671,517.027094208302,209.895052473763
1474.0243599304,1670.39522744221,224.887556221889
1474.0243599304,539.398458861546,194.902548725637
1797.16629381059,1461.59582401193,209.895052473763
1789.70917225951,1483.96718866518,209.895052473763
1809.59482972906,1844.39473030077,194.902548725637
1836.93760874969,1561.02411135968,194.902548725637
1963.70867511807,1548.59557544121,194.902548725637
1966.19438230176,1173.25379070346,209.895052473763
1971.16579666915,216.256524981357,194.902548725637
1976.13721103654,1208.05369127517,194.902548725637
1981.10862540393,1158.33954760129,194.902548725637
2025.85135471042,1257.76783494904,209.895052473763
2038.27989062888,1856.82326621924,194.902548725637
2085.50832711907,1150.88242605021,194.902548725637
2135.22247079294,1841.90902311708,224.887556221889
2145.16529952772,927.168779517773,209.895052473763
2145.16529952772,1859.30897340293,194.902548725637
2147.65100671141,939.597315436242,209.895052473763
2165.05095699727,1789.70917225951,224.887556221889
464.827243350733,1319.91051454139,209.895052473763
502.11285110614,1575.93835446184,224.887556221889
512.055679840915,1307.48197862292,209.895052473763
521.99850857569,658.712403678847,239.880059970015
546.855580412627,1918.96594581158,209.895052473763
581.65548098434,1295.05344270445,209.895052473763
599.055431270196,1200.59656972409,224.887556221889
606.512552821278,1247.82500621427,209.895052473763
636.341039025603,1292.56773552076,209.895052473763
638.826746209297,1725.08078548347,224.887556221889
671.140939597315,509.569972657221,224.887556221889
822.769077802635,201.342281879195,209.895052473763
830.226199353716,183.942331593338,224.887556221889
847.626149639573,228.685060899826,224.887556221889
847.626149639573,1394.4817300522,209.895052473763
850.111856823266,477.255779269202,209.895052473763
869.997514292816,2224.70792940592,209.895052473763
887.397464578673,2247.07929405916,209.895052473763
892.36887894606,2242.10787969177,209.895052473763
899.826000497141,1138.45389013174,239.880059970015
1232.91076311211,1036.5398956003,209.895052473763
1232.91076311211,1048.96843151877,224.887556221889
1247.82500621427,1732.53790703455,209.895052473763
1252.79642058166,377.827491921452,224.887556221889
1471.53865274671,1312.45339299031,224.887556221889
1508.82426050211,1454.13870246085,209.895052473763
1526.22421078797,1416.85309470544,209.895052473763
1541.13845389013,454.884414615958,239.880059970015
1595.82401193139,2033.3084762615,239.880059970015
1744.96644295302,648.769574944072,239.880059970015
1844.39473030077,1411.88168033806,224.887556221889
1871.7375093214,1506.33855331842,209.895052473763
1921.45165299528,1526.22421078797,209.895052473763
1933.88018891375,1551.08128262491,209.895052473763
1981.10862540393,1178.22520507084,209.895052473763
2005.96569724086,1242.85359184688,239.880059970015
2025.85135471042,1235.3964702958,209.895052473763
2030.8227690778,1232.91076311211,209.895052473763
2125.27964205817,942.083022619935,224.887556221889
2135.22247079294,917.225950782998,209.895052473763
2179.96520009943,551.826994780015,239.880059970015
2192.3937360179,574.198359433259,224.887556221889
2331.59333830475,1106.13969674372,209.895052473763
581.65548098434,1280.13919960229,224.887556221889
581.65548098434,1287.59632115337,224.887556221889
626.398210290828,1267.71066368382,224.887556221889
748.197862291822,434.998757146408,239.880059970015
812.82624906786,817.797663435247,254.872563718141
855.083271190654,203.827989062888,224.887556221889
994.282873477504,1337.31046482724,224.887556221889
994.282873477504,1344.76758637832,239.880059970015
1016.65423813075,564.255530698484,239.880059970015
1262.73924931643,1019.13994531444,239.880059970015
1280.13919960229,223.713646532438,239.880059970015
1374.59607258265,1200.59656972409,239.880059970015
1377.08177976634,1255.28212776535,224.887556221889
1384.53890131742,1255.28212776535,224.887556221889
1396.96743723589,1255.28212776535,224.887556221889
1585.88118319662,1991.0514541387,239.880059970015
1645.53815560527,2050.70842654735,239.880059970015
1675.36664180959,1280.13919960229,224.887556221889
1725.08078548347,643.798160576684,254.872563718141
1739.99502858563,671.140939597315,254.872563718141
1779.76634352473,663.683818046234,224.887556221889
1859.30897340293,1347.25329356202,224.887556221889
1879.19463087248,1424.31021625653,224.887556221889
2025.85135471042,499.627143922446,224.887556221889
2078.05120556798,1155.8538404176,224.887556221889
2085.50832711907,1148.39671886652,224.887556221889
2107.87969177231,1185.68232662192,239.880059970015
2242.10787969177,661.19811086254,254.872563718141
2249.56500124285,546.855580412627,239.880059970015
2381.30748197862,1208.05369127517,254.872563718141
392.741735023614,1528.70991797166,254.872563718141
616.455381556053,1682.82376336068,239.880059970015
608.998260004971,1730.05219985086,239.880059970015
840.169028088491,919.711657966692,239.880059970015
852.59756400696,474.770072085508,254.872563718141
889.883171762366,713.397961720109,254.872563718141
917.225950782998,1126.02535421327,254.872563718141
989.311459110117,1352.22470792941,254.872563718141
1009.19711657967,1359.68182948049,254.872563718141
1024.11135968183,385.284613472533,254.872563718141
1130.99676858066,653.740989311459,254.872563718141
1178.22520507084,415.113099676858,254.872563718141
1210.53939845886,400.198856574696,239.880059970015
1247.82500621427,1009.19711657967,254.872563718141
1255.28212776535,1036.5398956003,239.880059970015
1260.25354213274,372.856077554064,254.872563718141
1292.56773552076,1391.99602286851,254.872563718141
1304.99627143922,1377.08177976634,269.865067466267
1406.91026597067,929.654486701467,254.872563718141
1409.39597315436,912.25453641561,239.880059970015
1426.79592344022,934.625901068854,239.880059970015
1595.82401193139,1981.10862540393,254.872563718141
1635.59532687049,1036.5398956003,269.865067466267
1640.56674123788,1058.91126025354,254.872563718141
1652.99527715635,1019.13994531444,269.865067466267
1670.39522744221,2040.76559781258,239.880059970015
1730.05219985086,636.341039025603,239.880059970015
1735.02361421825,636.341039025603,254.872563718141
1861.79468058663,1414.36738752175,239.880059970015
1866.76609495401,1029.08277404922,239.880059970015
1918.96594581158,1026.59706686552,254.872563718141
1963.70867511807,1026.59706686552,239.880059970015
2107.87969177231,1153.36813323391,239.880059970015
2107.87969177231,1163.31096196868,239.880059970015
2110.365398956,1168.28237633607,239.880059970015
2147.65100671141,517.027094208302,254.872563718141
2301.76485210042,1237.88217747949,254.872563718141
2296.79343773304,1304.99627143922,254.872563718141
2319.16480238628,1185.68232662192,239.880059970015
2334.07904548844,1168.28237633607,239.880059970015
2341.53616703952,825.254784986329,269.865067466267
2351.4789957743,1175.73949788715,254.872563718141
2371.36465324385,855.083271190654,254.872563718141
390.25602783992,1618.19537658464,254.872563718141
457.370121799652,1541.13845389013,269.865067466267
599.055431270196,1314.939100174,254.872563718141
618.941088739746,1710.16654238131,254.872563718141
641.31245339299,1742.48073576933,269.865067466267
661.19811086254,1752.4235645041,269.865067466267
733.283619189659,1797.16629381059,254.872563718141
840.169028088491,952.02585135471,254.872563718141
857.568978374347,203.827989062888,254.872563718141
904.797414864529,872.48322147651,284.857571214393
927.168779517773,887.397464578673,269.865067466267
1004.22570221228,1387.02460850112,254.872563718141
1026.59706686552,367.884663186677,269.865067466267
1031.56848123291,357.941834451902,269.865067466267
1043.99701715138,708.426547352722,269.865067466267
1061.39696743724,529.455630126771,254.872563718141
1066.36838180462,534.427044494159,254.872563718141
1073.8255033557,343.027591349739,269.865067466267
1101.16828237634,514.541387024609,254.872563718141
1103.65398956003,315.684812329108,269.865067466267
1106.13969674372,628.883917474521,269.865067466267
1135.96818294805,1841.90902311708,254.872563718141
1160.82525478499,1849.36614466816,269.865067466267
1265.22495650012,1369.62465821526,284.857571214393
1272.68207805121,1029.08277404922,269.865067466267
1285.11061396967,1374.59607258265,269.865067466267
1295.05344270445,1352.22470792941,269.865067466267
1309.96768580661,198.856574695501,254.872563718141
1304.99627143922,1327.36763609247,269.865067466267
1329.85334327616,1367.13895103157,269.865067466267
1411.88168033806,1160.82525478499,254.872563718141
1411.88168033806,1150.88242605021,254.872563718141
1441.71016654238,917.225950782998,254.872563718141
1692.76659209545,387.770320656227,254.872563718141
1747.45215013671,691.026597066866,254.872563718141
1946.30872483221,1021.62565249814,254.872563718141
1963.70867511807,1016.65423813075,269.865067466267
1963.70867511807,1290.08202833706,269.865067466267
2030.8227690778,999.254287844892,254.872563718141
2033.3084762615,996.768580661198,254.872563718141
2100.42257022123,1133.48247576436,254.872563718141
2137.70817797663,566.741237882178,269.865067466267
2192.3937360179,574.198359433259,254.872563718141
2237.13646532438,678.598061148397,254.872563718141
2247.07929405916,1242.85359184688,254.872563718141
2281.87919463087,1163.31096196868,269.865067466267
382.798906288839,1312.45339299031,299.850074962519
447.427293064877,1096.19686800895,299.850074962519
586.626895351728,989.311459110117,269.865067466267
633.855331841909,661.19811086254,269.865067466267
638.826746209297,658.712403678847,269.865067466267
641.31245339299,812.82624906786,269.865067466267
718.369376087497,1593.3383047477,269.865067466267
758.140691026597,735.769326373353,269.865067466267
773.05493412876,1779.76634352473,284.857571214393
778.026348496147,785.483470047228,269.865067466267
785.483470047228,812.82624906786,299.850074962519
797.912005965697,780.512055679841,269.865067466267
929.654486701467,1193.13944817301,269.865067466267
952.02585135471,1215.51081282625,269.865067466267
949.540144171017,1198.11086254039,269.865067466267
961.968680089485,919.711657966692,269.865067466267
969.425801640567,1257.76783494904,269.865067466267
976.882923191648,974.397216007954,269.865067466267
1004.22570221228,899.826000497141,269.865067466267
1011.68282376336,748.197862291822,269.865067466267
1009.19711657967,447.427293064877,269.865067466267
1021.62565249814,454.884414615958,269.865067466267
1046.48272433507,735.769326373353,269.865067466267
1071.33979617201,576.684066616953,269.865067466267
1088.73974645787,646.283867760378,269.865067466267
1126.02535421327,333.084762614964,269.865067466267
1126.02535421327,357.941834451902,269.865067466267
1135.96818294805,360.427541635595,269.865067466267
1145.91101168282,377.827491921452,299.850074962519
1150.88242605021,350.48471290082,269.865067466267
1165.79666915237,362.913248819289,299.850074962519
1175.73949788715,994.282873477504,269.865067466267
1213.02510564256,979.368630375342,269.865067466267
1252.79642058166,1394.4817300522,269.865067466267
1252.79642058166,1372.11036539896,269.865067466267
1362.16753666418,343.027591349739,269.865067466267
1426.79592344022,932.14019388516,269.865067466267
1593.3383047477,467.312950534427,269.865067466267
1645.53815560527,390.25602783992,269.865067466267
1700.22371364653,400.198856574696,269.865067466267
1715.13795674869,362.913248819289,269.865067466267
1720.10937111608,360.427541635595,269.865067466267
1747.45215013671,347.999005717127,269.865067466267
1749.93785732041,375.341784737758,269.865067466267
1946.30872483221,882.426050211285,299.850074962519
1943.82301764852,1034.0541884166,269.865067466267
1953.7658463833,1006.71140939597,269.865067466267
1968.68008948546,1170.76808351976,269.865067466267
1973.65150385285,1178.22520507084,269.865067466267
1983.59433258762,1160.82525478499,269.865067466267
1986.08003977131,1190.65374098931,269.865067466267
1993.5371613224,1195.6251553567,269.865067466267
2000.99428287348,1185.68232662192,269.865067466267
2065.62266964952,1526.22421078797,299.850074962519
2117.82252050708,638.826746209297,269.865067466267
2155.10812826249,561.76982351479,269.865067466267
2202.33656475267,1237.88217747949,284.857571214393
2301.76485210042,1155.8538404176,269.865067466267
382.798906288839,1300.02485707184,299.850074962519
454.884414615958,1237.88217747949,284.857571214393
459.855828983346,1113.5968182948,299.850074962519
648.769574944072,810.340541884166,299.850074962519
765.597812577678,735.769326373353,299.850074962519
773.05493412876,1824.50907283122,284.857571214393
787.969177230922,763.112105393985,314.842578710645
792.94059159831,797.912005965697,284.857571214393
797.912005965697,815.311956251554,284.857571214393
797.912005965697,780.512055679841,314.842578710645
820.283370618941,775.540641312453,329.835082458771
845.140442455879,800.397713149391,314.842578710645
929.654486701467,750.683569475516,284.857571214393
947.054436987323,897.340293313448,299.850074962519
956.997265722098,1195.6251553567,284.857571214393
976.882923191648,1260.25354213274,284.857571214393
1016.65423813075,447.427293064877,284.857571214393
1024.11135968183,1561.02411135968,299.850074962519
1076.3112105394,1561.02411135968,314.842578710645
1083.76833209048,589.112602535421,299.850074962519
1081.28262490679,345.513298533433,284.857571214393
1088.73974645787,571.712652249565,284.857571214393
1096.19686800895,569.226945065871,284.857571214393
1098.68257519264,576.684066616953,284.857571214393
1160.82525478499,350.48471290082,299.850074962519
1163.31096196868,355.456127268208,284.857571214393
1175.73949788715,380.313199105145,314.842578710645
1183.19661943823,994.282873477504,284.857571214393
1203.08227690778,390.25602783992,284.857571214393
1215.51081282625,390.25602783992,299.850074962519
1262.73924931643,1396.96743723589,299.850074962519
1262.73924931643,1384.53890131742,284.857571214393
1285.11061396967,1409.39597315436,299.850074962519
1292.56773552076,1382.05319413373,284.857571214393
1304.99627143922,1394.4817300522,284.857571214393
1327.36763609247,1404.42455878698,284.857571214393
1374.59607258265,345.513298533433,299.850074962519
1575.93835446184,683.569475515784,299.850074962519
1613.22396221725,1014.16853094705,299.850074962519
1650.50956997266,1061.39696743724,284.857571214393
1665.42381307482,400.198856574696,299.850074962519
1700.22371364653,390.25602783992,299.850074962519
1710.16654238131,405.170270942083,284.857571214393
1754.9092716878,1528.70991797166,299.850074962519
1958.73726075068,1036.5398956003,284.857571214393
1968.68008948546,1210.53939845886,284.857571214393
1973.65150385285,1295.05344270445,284.857571214393
1988.56574695501,1406.91026597067,314.842578710645
2010.93711160825,1190.65374098931,284.857571214393
2080.53691275168,1548.59557544121,299.850074962519
2127.76534924186,643.798160576684,299.850074962519
2257.02212279394,1245.33929903057,284.857571214393
2291.82202336565,1165.79666915237,299.850074962519
2344.02187422322,1252.79642058166,284.857571214393
594.084016902809,979.368630375342,314.842578710645
1098.68257519264,1558.53840417599,329.835082458771
1143.42530449913,1839.42331593338,299.850074962519
1188.16803380562,1501.36713895103,329.835082458771
1272.68207805121,1409.39597315436,299.850074962519
1364.65324384787,330.59905543127,314.842578710645
1516.28138205319,1071.33979617201,314.842578710645
1948.79443201591,850.111856823266,314.842578710645
1963.70867511807,892.36887894606,299.850074962519
1961.22296793438,865.026099925429,329.835082458771
2306.73626646781,1213.02510564256,299.850074962519
457.370121799652,1101.16828237634,314.842578710645
743.226447924435,1794.6805866269,314.842578710645
780.512055679841,700.969425801641,314.842578710645
787.969177230922,1841.90902311708,329.835082458771
805.369127516779,1829.48048719861,344.827586206897
879.940343027591,947.054436987323,314.842578710645
894.854586129754,932.14019388516,314.842578710645
899.826000497141,907.283122048223,314.842578710645
912.25453641561,835.197613721104,344.827586206897
952.02585135471,1871.7375093214,329.835082458771
969.425801640567,1864.28038777032,344.827586206897
996.768580661198,1521.25279642058,314.842578710645
1001.73999502859,1518.76708923689,314.842578710645
1078.79691772309,345.513298533433,314.842578710645
1093.71116082525,556.798409147402,314.842578710645
1148.39671886652,397.713149391002,344.827586206897
1148.39671886652,683.569475515784,344.827586206897
1170.76808351976,375.341784737758,314.842578710645
1347.25329356202,1849.36614466816,344.827586206897
1493.91001739995,1078.79691772309,329.835082458771
1503.85284613473,1073.8255033557,314.842578710645
1513.7956748695,1093.71116082525,314.842578710645
1896.59458115834,1486.45289584887,344.827586206897
1918.96594581158,1610.73825503356,344.827586206897
1926.42306736266,887.397464578673,329.835082458771
1956.25155356699,1474.0243599304,329.835082458771
1963.70867511807,904.797414864529,314.842578710645
1961.22296793438,1523.73850360428,329.835082458771
1966.19438230176,899.826000497141,314.842578710645
454.884414615958,1111.11111111111,329.835082458771
454.884414615958,1237.88217747949,344.827586206897
606.512552821278,986.825751926423,344.827586206897
671.140939597315,1362.16753666418,344.827586206897
683.569475515784,1019.13994531444,329.835082458771
715.883668903803,1541.13845389013,329.835082458771
797.912005965697,1779.76634352473,344.827586206897
909.768829231916,1342.28187919463,359.820089955023
1155.8538404176,939.597315436242,329.835082458771
1232.91076311211,1871.7375093214,344.827586206897
1255.28212776535,1874.2232165051,359.820089955023
1329.85334327616,1399.45314441959,329.835082458771
1347.25329356202,1916.48023862789,374.812593703148
1367.13895103157,340.541884166045,329.835082458771
1508.82426050211,1088.73974645787,329.835082458771
1876.70892368879,1543.62416107383,344.827586206897
1894.10887397465,1508.82426050211,329.835082458771
1896.59458115834,1493.91001739995,329.835082458771
1943.82301764852,1536.16703952274,344.827586206897
2005.96569724086,1093.71116082525,359.820089955023
2030.8227690778,1103.65398956003,359.820089955023
621.42679592344,949.540144171017,374.812593703148
663.683818046234,956.997265722098,359.820089955023
691.026597066866,966.940094456873,389.805097451274
695.998011434253,922.197365150385,374.812593703148
725.826497638578,1536.16703952274,344.827586206897
733.283619189659,1583.39547601293,344.827586206897
740.740740740741,1578.42406164554,344.827586206897
782.997762863535,700.969425801641,359.820089955023
897.340293313448,909.768829231916,359.820089955023
937.111608252548,1334.82475764355,359.820089955023
1024.11135968183,1292.56773552076,359.820089955023
1036.5398956003,1277.65349241859,359.820089955023
1190.65374098931,1511.30996768581,344.827586206897
1208.05369127517,748.197862291822,374.812593703148
1237.88217747949,1889.13745960726,374.812593703148
1237.88217747949,1881.68033805618,344.827586206897
1267.71066368382,1548.59557544121,374.812593703148
1272.68207805121,1538.65274670644,344.827586206897
1307.48197862292,1921.45165299528,344.827586206897
1324.88192890877,1886.65175242356,359.820089955023
1516.28138205319,1541.13845389013,359.820089955023
1541.13845389013,1009.19711657967,344.827586206897
1578.42406164554,1563.50981854338,389.805097451274
1590.85259756401,1672.8809346259,359.820089955023
1782.25205070843,1252.79642058166,359.820089955023
1886.65175242356,1498.88143176734,344.827586206897
1896.59458115834,1563.50981854338,344.827586206897
1911.5088242605,1518.76708923689,359.820089955023
1936.36589609744,1598.30971911509,344.827586206897
596.569724086503,994.282873477504,359.820089955023
613.969674372359,996.768580661198,359.820089955023
636.341039025603,974.397216007954,359.820089955023
636.341039025603,969.425801640567,359.820089955023
651.255282127765,999.254287844892,374.812593703148
651.255282127765,989.311459110117,359.820089955023
1098.68257519264,1561.02411135968,359.820089955023
1155.8538404176,1270.19637086751,374.812593703148
1163.31096196868,743.226447924435,374.812593703148
1210.53939845886,768.083519761372,389.805097451274
1215.51081282625,1886.65175242356,359.820089955023
1307.48197862292,1884.16604523987,359.820089955023
1317.42480735769,1876.70892368879,359.820089955023
1551.08128262491,1546.10986825752,374.812593703148
1561.02411135968,1533.68133233905,389.805097451274
1628.13820531941,1414.36738752175,374.812593703148
1809.59482972906,1006.71140939597,374.812593703148
1829.48048719861,743.226447924435,374.812593703148
1928.90877454636,1553.5669898086,374.812593703148
1978.62291822023,1101.16828237634,359.820089955023
2003.47999005717,1066.36838180462,359.820089955023
681.08376833209,1135.96818294805,374.812593703148
683.569475515784,1272.68207805121,404.7976011994
847.626149639573,1088.73974645787,419.790104947526
867.511807109123,1483.96718866518,389.805097451274
887.397464578673,914.740243599304,374.812593703148
934.625901068854,1317.42480735769,374.812593703148
942.083022619935,1506.33855331842,404.7976011994
1029.08277404922,1389.51031568481,404.7976011994
1160.82525478499,942.083022619935,389.805097451274
1175.73949788715,725.826497638578,374.812593703148
1215.51081282625,1103.65398956003,374.812593703148
1220.48222719364,1876.70892368879,374.812593703148
1222.96793437733,1138.45389013174,374.812593703148
1352.22470792941,1881.68033805618,389.805097451274
1384.53890131742,1058.91126025354,374.812593703148
1573.45264727815,1126.02535421327,389.805097451274
1608.25254784986,1687.79517772806,389.805097451274
1605.76684066617,1424.31021625653,374.812593703148
1613.22396221725,1441.71016654238,374.812593703148
1799.65200099428,1285.11061396967,404.7976011994
1824.50907283122,976.882923191648,374.812593703148
1971.16579666915,1073.8255033557,374.812593703148
2015.90852597564,1056.42555306985,374.812593703148
2028.33706189411,1053.93984588615,374.812593703148
636.341039025603,942.083022619935,419.790104947526
775.540641312453,1086.25403927417,404.7976011994
949.540144171017,1073.8255033557,434.782608695652
1076.3112105394,710.912254536416,404.7976011994
1098.68257519264,976.882923191648,404.7976011994
1140.93959731544,1183.19661943823,419.790104947526
1175.73949788715,947.054436987323,389.805097451274
1195.6251553567,1130.99676858066,434.782608695652
1203.08227690778,1267.71066368382,404.7976011994
1222.96793437733,1111.11111111111,434.782608695652
1322.39622172508,994.282873477504,419.790104947526
1344.76758637832,1014.16853094705,419.790104947526
1531.19562515536,608.998260004971,419.790104947526
1565.99552572707,1568.48123291076,389.805097451274
1849.36614466816,725.826497638578,404.7976011994
626.398210290828,981.854337559036,404.7976011994
745.712155108128,1053.93984588615,419.790104947526
782.997762863535,1222.96793437733,449.775112443778
797.912005965697,1073.8255033557,404.7976011994
937.111608252548,1334.82475764355,404.7976011994
981.854337559036,1518.76708923689,419.790104947526
1113.5968182948,959.482972905792,419.790104947526
1203.08227690778,1198.11086254039,404.7976011994
1213.02510564256,1260.25354213274,419.790104947526
1307.48197862292,986.825751926423,404.7976011994
1362.16753666418,1121.05393984589,419.790104947526
1372.11036539896,1916.48023862789,404.7976011994
1411.88168033806,797.912005965697,434.782608695652
1670.39522744221,1163.31096196868,434.782608695652
710.912254536416,1222.96793437733,434.782608695652
822.769077802635,1565.99552572707,434.782608695652
1014.16853094705,1354.7104151131,419.790104947526
1058.91126025354,713.397961720109,419.790104947526
1198.11086254039,1245.33929903057,419.790104947526
1369.62465821526,947.054436987323,419.790104947526
1414.36738752175,775.540641312453,434.782608695652
1558.53840417599,944.568729803629,449.775112443778
1570.96694009446,1434.2530449913,449.775112443778
1697.73800646284,1374.59607258265,434.782608695652
1700.22371364653,1155.8538404176,434.782608695652
1697.73800646284,1391.99602286851,419.790104947526
735.769326373353,1225.45364156102,434.782608695652
1083.76833209048,877.454635843898,449.775112443778
1217.99652000994,1282.62490678598,449.775112443778
1354.7104151131,1916.48023862789,434.782608695652
1526.22421078797,894.854586129754,449.775112443778
1638.08103405419,1414.36738752175,434.782608695652
1185.68232662192,964.454387273179,464.767616191904
1200.59656972409,974.397216007954,449.775112443778
1322.39622172508,1004.22570221228,449.775112443778
1416.85309470544,785.483470047228,464.767616191904
1556.05269699229,1434.2530449913,449.775112443778
