27.3427790206314,2095.45115585384,14.9925037481259
47.2284364901815,2030.8227690778,29.9850074962519
52.199850857569,2048.22271936366,29.9850074962519
72.0855083271191,1705.19512801392,14.9925037481259
84.5140442455879,1692.76659209545,14.9925037481259
193.885160328113,1779.76634352473,29.9850074962519
208.799403430276,1792.1948794432,29.9850074962519
469.798657718121,1991.0514541387,29.9850074962519
489.684315187671,1986.08003977131,14.9925037481259
753.16927665921,1441.71016654238,29.9850074962519
773.05493412876,1645.53815560527,14.9925037481259
790.454884414616,497.141436738752,29.9850074962519
790.454884414616,318.170519512801,14.9925037481259
785.483470047228,298.284862043251,14.9925037481259
792.94059159831,790.454884414616,14.9925037481259
812.82624906786,1553.5669898086,29.9850074962519
820.283370618941,1824.50907283122,14.9925037481259
835.197613721104,1568.48123291076,29.9850074962519
852.59756400696,1712.652249565,44.9775112443778
865.026099925429,1546.10986825752,29.9850074962519
852.59756400696,1588.36689038031,44.9775112443778
865.026099925429,328.113348247576,29.9850074962519
867.511807109123,1486.45289584887,14.9925037481259
874.968928660204,601.54113845389,29.9850074962519
877.454635843898,579.169773800646,29.9850074962519
882.426050211285,618.941088739746,14.9925037481259
889.883171762366,790.454884414616,14.9925037481259
889.883171762366,770.569226945066,29.9850074962519
892.36887894606,1707.68083519761,14.9925037481259
894.854586129754,310.71339796172,29.9850074962519
897.340293313448,1742.48073576933,14.9925037481259
897.340293313448,787.969177230922,14.9925037481259
907.283122048223,559.284116331096,14.9925037481259
922.197365150385,1916.48023862789,14.9925037481259
927.168779517773,1675.36664180959,29.9850074962519
929.654486701467,1933.88018891375,29.9850074962519
939.597315436242,1812.08053691275,14.9925037481259
952.02585135471,380.313199105145,29.9850074962519
956.997265722098,1817.05195128014,29.9850074962519
959.482972905792,1799.65200099428,14.9925037481259
969.425801640567,1690.28088491176,29.9850074962519
971.911508824261,1710.16654238131,29.9850074962519
984.340044742729,1690.28088491176,29.9850074962519
991.797166293811,666.169525229928,14.9925037481259
991.797166293811,1421.82450907283,14.9925037481259
999.254287844892,671.140939597315,14.9925037481259
1001.73999502859,2170.02237136465,14.9925037481259
1011.68282376336,2167.53666418096,14.9925037481259
1019.13994531444,2174.99378573204,14.9925037481259
1016.65423813075,1409.39597315436,44.9775112443778
1051.45413870246,626.398210290828,14.9925037481259
1076.3112105394,1290.08202833706,14.9925037481259
1073.8255033557,1302.51056425553,29.9850074962519
1093.71116082525,2306.73626646781,14.9925037481259
1093.71116082525,1598.30971911509,14.9925037481259
1108.62540392742,1543.62416107383,29.9850074962519
1096.19686800895,1593.3383047477,14.9925037481259
1106.13969674372,1657.96669152374,29.9850074962519
1128.51106139697,340.541884166045,14.9925037481259
1133.48247576436,1620.68108376833,29.9850074962519
1148.39671886652,2080.53691275168,14.9925037481259
1160.82525478499,263.484961471539,29.9850074962519
1165.79666915237,1933.88018891375,14.9925037481259
1168.28237633607,1419.33880188914,14.9925037481259
1168.28237633607,238.627889634601,29.9850074962519
1183.19661943823,283.370618941089,29.9850074962519
1203.08227690778,248.570718369376,29.9850074962519
1245.33929903057,1923.93736017897,29.9850074962519
1252.79642058166,382.798906288839,29.9850074962519
1272.68207805121,372.856077554064,44.9775112443778
1521.25279642058,2120.30822769078,29.9850074962519
1531.19562515536,502.11285110614,29.9850074962519
1541.13845389013,2097.93686303753,29.9850074962519
1553.5669898086,2155.10812826249,29.9850074962519
1568.48123291076,2150.1367138951,29.9850074962519
1638.08103405419,400.198856574696,29.9850074962519
1665.42381307482,206.313696246582,29.9850074962519
1739.99502858563,29.8284862043251,44.9775112443778
1951.2801391996,278.399204573701,29.9850074962519
2068.10837683321,2239.62217250808,29.9850074962519
2214.76510067114,514.541387024609,44.9775112443778
2319.16480238628,2326.62192393736,44.9775112443778
546.855580412627,188.913745960726,29.9850074962519
618.941088739746,1720.10937111608,44.9775112443778
651.255282127765,584.141188168034,29.9850074962519
763.112105393985,1645.53815560527,29.9850074962519
822.769077802635,1812.08053691275,29.9850074962519
842.654735272185,1538.65274670644,29.9850074962519
845.140442455879,1558.53840417599,44.9775112443778
852.59756400696,1481.48148148148,44.9775112443778
862.540392741735,613.969674372359,44.9775112443778
869.997514292816,626.398210290828,29.9850074962519
872.48322147651,536.912751677852,29.9850074962519
907.283122048223,275.913497390007,29.9850074962519
907.283122048223,330.59905543127,29.9850074962519
917.225950782998,1913.9945314442,29.9850074962519
954.511558538404,1628.13820531941,44.9775112443778
1011.68282376336,815.311956251554,29.9850074962519
1014.16853094705,857.568978374347,29.9850074962519
1021.62565249814,169.028088491176,29.9850074962519
1021.62565249814,1551.08128262491,29.9850074962519
1029.08277404922,1541.13845389013,29.9850074962519
1039.02560278399,156.599552572707,29.9850074962519
1043.99701715138,773.05493412876,29.9850074962519
1076.3112105394,338.056176982351,29.9850074962519
1078.79691772309,343.027591349739,29.9850074962519
1081.28262490679,330.59905543127,29.9850074962519
1086.25403927417,1608.25254784986,29.9850074962519
1091.22545364156,1590.85259756401,29.9850074962519
1096.19686800895,1610.73825503356,29.9850074962519
1126.02535421327,350.48471290082,44.9775112443778
1138.45389013174,2075.56549838429,29.9850074962519
1173.25379070346,2068.10837683321,29.9850074962519
1240.36788466319,405.170270942083,29.9850074962519
1312.45339299031,1190.65374098931,29.9850074962519
1322.39622172508,1190.65374098931,29.9850074962519
1344.76758637832,1208.05369127517,29.9850074962519
1416.85309470544,305.741983594333,44.9775112443778
1431.76733780761,320.656226696495,44.9775112443778
1431.76733780761,285.856326124783,44.9775112443778
1449.16728809346,320.656226696495,29.9850074962519
1506.33855331842,2087.99403430276,44.9775112443778
1528.70991797166,422.570221227939,29.9850074962519
1538.65274670644,320.656226696495,29.9850074962519
1570.96694009446,248.570718369376,29.9850074962519
1573.45264727815,273.427790206314,29.9850074962519
1575.93835446184,293.313447675864,29.9850074962519
1578.42406164554,298.284862043251,29.9850074962519
1585.88118319662,268.456375838926,29.9850074962519
1588.36689038031,1307.48197862292,29.9850074962519
1595.82401193139,308.227690778026,29.9850074962519
1595.82401193139,283.370618941089,29.9850074962519
1595.82401193139,298.284862043251,29.9850074962519
1652.99527715635,405.170270942083,29.9850074962519
1652.99527715635,397.713149391002,29.9850074962519
2112.8511061397,114.342530449913,44.9775112443778
2117.82252050708,104.399701715138,44.9775112443778
2117.82252050708,59.6569724086503,44.9775112443778
2162.56524981357,2040.76559781258,29.9850074962519
2160.07954262988,2023.36564752672,29.9850074962519
2170.02237136465,2450.90728312205,29.9850074962519
2174.99378573204,2445.93586875466,29.9850074962519
2174.99378573204,2455.87869748944,29.9850074962519
2187.42232165051,2453.39299030574,44.9775112443778
2207.30797912006,1188.16803380562,44.9775112443778
2326.62192393736,2356.45041014169,44.9775112443778
2331.59333830475,2316.67909520259,29.9850074962519
2358.93611732538,1710.16654238131,29.9850074962519
2463.33581904052,974.397216007954,44.9775112443778
807.854834700472,929.654486701467,59.9700149925037
847.626149639573,1610.73825503356,59.9700149925037
865.026099925429,1486.45289584887,44.9775112443778
865.026099925429,1610.73825503356,59.9700149925037
874.968928660204,1588.36689038031,59.9700149925037
879.940343027591,1603.28113348248,59.9700149925037
887.397464578673,1588.36689038031,59.9700149925037
1014.16853094705,1429.28163062391,44.9775112443778
1021.62565249814,1424.31021625653,44.9775112443778
1024.11135968183,149.142431021626,44.9775112443778
1066.36838180462,323.141933880189,44.9775112443778
1073.8255033557,1290.08202833706,44.9775112443778
1073.8255033557,323.141933880189,44.9775112443778
1121.05393984589,328.113348247576,44.9775112443778
1126.02535421327,338.056176982351,44.9775112443778
1135.96818294805,1401.93885160328,44.9775112443778
1163.31096196868,1416.85309470544,44.9775112443778
1185.68232662192,231.17076808352,44.9775112443778
1245.33929903057,380.313199105145,44.9775112443778
1260.25354213274,397.713149391002,44.9775112443778
1262.73924931643,402.684563758389,44.9775112443778
1329.85334327616,1359.68182948049,44.9775112443778
1347.25329356202,1357.19612229679,44.9775112443778
1349.73900074571,1966.19438230176,44.9775112443778
1352.22470792941,1951.2801391996,59.9700149925037
1357.19612229679,1956.25155356699,44.9775112443778
1503.85284613473,2100.42257022123,44.9775112443778
1513.7956748695,425.055928411633,44.9775112443778
1518.76708923689,2080.53691275168,44.9775112443778
1521.25279642058,415.113099676858,44.9775112443778
1526.22421078797,432.513049962714,44.9775112443778
1531.19562515536,313.199105145414,44.9775112443778
1538.65274670644,430.027342779021,44.9775112443778
1546.10986825752,531.941337310465,44.9775112443778
1578.42406164554,529.455630126771,59.9700149925037
1578.42406164554,517.027094208302,44.9775112443778
1817.05195128014,82.0283370618941,59.9700149925037
1826.99478001491,79.5426298782003,59.9700149925037
1894.10887397465,638.826746209297,59.9700149925037
1973.65150385285,280.884911757395,59.9700149925037
1983.59433258762,278.399204573701,44.9775112443778
2005.96569724086,352.970420084514,59.9700149925037
2035.79418344519,109.371116082525,44.9775112443778
2035.79418344519,124.285359184688,44.9775112443778
2117.82252050708,79.5426298782003,44.9775112443778
2127.76534924186,136.713895103157,44.9775112443778
2142.67959234402,134.228187919463,44.9775112443778
2145.16529952772,119.313944817301,44.9775112443778
2145.16529952772,91.9711657966692,44.9775112443778
2179.96520009943,1292.56773552076,44.9775112443778
2222.22222222222,1168.28237633607,59.9700149925037
2254.53641561024,4.97141436738752,44.9775112443778
2336.56475267214,2334.07904548844,44.9775112443778
2406.16455381556,19.8856574695501,44.9775112443778
2413.62167536664,34.7999005717127,44.9775112443778
2426.05021128511,34.7999005717127,59.9700149925037
2435.99304001989,855.083271190654,44.9775112443778
2443.45016157097,42.2570221227939,59.9700149925037
2448.42157593835,54.6855580412627,44.9775112443778
2450.90728312205,49.7141436738752,44.9775112443778
2460.85011185682,29.8284862043251,59.9700149925037
2460.85011185682,77.0569226945066,44.9775112443778
2463.33581904052,17.3999502858563,44.9775112443778
2470.7929405916,44.7427293064877,44.9775112443778
2480.73576932637,24.8570718369376,44.9775112443778
472.284364901815,1118.56823266219,74.9625187406297
663.683818046234,1660.45239870743,59.9700149925037
765.597812577678,1379.56748695004,59.9700149925037
845.140442455879,1695.25229927915,59.9700149925037
857.568978374347,581.65548098434,59.9700149925037
867.511807109123,1568.48123291076,59.9700149925037
894.854586129754,1546.10986825752,74.9625187406297
1133.48247576436,1454.13870246085,74.9625187406297
1130.99676858066,1389.51031568481,59.9700149925037
1272.68207805121,355.456127268208,59.9700149925037
1406.91026597067,1096.19686800895,74.9625187406297
1431.76733780761,710.912254536416,74.9625187406297
1444.19587372608,313.199105145414,59.9700149925037
1454.13870246085,710.912254536416,59.9700149925037
1476.51006711409,695.998011434253,89.9550224887556
1508.82426050211,693.512304250559,74.9625187406297
1498.88143176734,2095.45115585384,59.9700149925037
1501.36713895103,415.113099676858,59.9700149925037
1531.19562515536,663.683818046234,89.9550224887556
1752.4235645041,1991.0514541387,59.9700149925037
1769.82351478996,1993.5371613224,74.9625187406297
1779.76634352473,1976.13721103654,74.9625187406297
1856.82326621924,1787.22346507581,59.9700149925037
1864.28038777032,1742.48073576933,74.9625187406297
1869.25180213771,1822.02336564753,89.9550224887556
1891.62316679095,1864.28038777032,89.9550224887556
1896.59458115834,494.655729555058,74.9625187406297
1896.59458115834,1769.82351478996,59.9700149925037
2020.87994034303,1319.91051454139,74.9625187406297
2117.82252050708,124.285359184688,59.9700149925037
2366.39323887646,2334.07904548844,59.9700149925037
2460.85011185682,89.4854586129754,59.9700149925037
2468.3072334079,82.0283370618941,59.9700149925037
514.541387024609,1414.36738752175,74.9625187406297
648.769574944072,1660.45239870743,89.9550224887556
651.255282127765,1650.50956997266,74.9625187406297
753.16927665921,1377.08177976634,89.9550224887556
1011.68282376336,347.999005717127,74.9625187406297
1024.11135968183,347.999005717127,74.9625187406297
1091.22545364156,1474.0243599304,89.9550224887556
1101.16828237634,1449.16728809346,74.9625187406297
1103.65398956003,1434.2530449913,89.9550224887556
1106.13969674372,1444.19587372608,74.9625187406297
1108.62540392742,1481.48148148148,89.9550224887556
1121.05393984589,1474.0243599304,74.9625187406297
1128.51106139697,1478.99577429779,89.9550224887556
1183.19661943823,2204.82227193637,89.9550224887556
1394.4817300522,1071.33979617201,74.9625187406297
1394.4817300522,1086.25403927417,74.9625187406297
1441.71016654238,718.369376087497,74.9625187406297
1439.22445935869,695.998011434253,74.9625187406297
1446.68158090977,695.998011434253,74.9625187406297
1471.53865274671,735.769326373353,104.947526236882
1488.93860303256,678.598061148397,89.9550224887556
1498.88143176734,671.140939597315,89.9550224887556
1546.10986825752,718.369376087497,104.947526236882
1772.30922197365,1943.82301764852,74.9625187406297
1787.22346507581,1943.82301764852,74.9625187406297
1809.59482972906,1757.39497887149,74.9625187406297
1864.28038777032,1879.19463087248,89.9550224887556
1876.70892368879,1744.96644295302,74.9625187406297
1894.10887397465,487.198608003977,74.9625187406297
1901.56599552573,1819.53765846383,89.9550224887556
2008.45140442456,1332.33905045986,89.9550224887556
2020.87994034303,1342.28187919463,89.9550224887556
2097.93686303753,1896.59458115834,89.9550224887556
2100.42257022123,1916.48023862789,89.9550224887556
2117.82252050708,1899.08028834203,74.9625187406297
517.027094208302,1421.82450907283,104.947526236882
529.455630126771,1411.88168033806,89.9550224887556
554.312701963709,457.370121799652,104.947526236882
1024.11135968183,355.456127268208,89.9550224887556
1078.79691772309,1451.65299527716,89.9550224887556
1081.28262490679,1439.22445935869,89.9550224887556
1088.73974645787,2351.4789957743,104.947526236882
1088.73974645787,1436.73875217499,89.9550224887556
1113.5968182948,1426.79592344022,89.9550224887556
1133.48247576436,1439.22445935869,89.9550224887556
1153.36813323391,2179.96520009943,104.947526236882
1150.88242605021,2199.85085756898,104.947526236882
1205.56798409147,2207.30797912006,104.947526236882
1441.71016654238,882.426050211285,104.947526236882
1456.62440964454,713.397961720109,89.9550224887556
1486.45289584887,668.655232413622,104.947526236882
1496.39572458364,738.255033557047,104.947526236882
1511.30996768581,740.740740740741,89.9550224887556
1732.53790703455,2008.45140442456,104.947526236882
1779.76634352473,1782.25205070843,104.947526236882
1792.1948794432,1936.36589609744,104.947526236882
1812.08053691275,1966.19438230176,89.9550224887556
1831.9661943823,837.683320904797,104.947526236882
1856.82326621924,1894.10887397465,104.947526236882
1864.28038777032,1869.25180213771,89.9550224887556
1871.7375093214,1789.70917225951,104.947526236882
1874.2232165051,1851.85185185185,104.947526236882
1891.62316679095,1809.59482972906,104.947526236882
1894.10887397465,1836.93760874969,104.947526236882
218.742232165051,763.112105393985,104.947526236882
539.398458861546,457.370121799652,104.947526236882
564.255530698484,467.312950534427,104.947526236882
917.225950782998,2286.85060899826,104.947526236882
929.654486701467,2279.39348744718,119.940029985007
1048.96843151877,1471.53865274671,104.947526236882
1066.36838180462,1446.68158090977,119.940029985007
1098.68257519264,2334.07904548844,104.947526236882
1103.65398956003,1459.11011682824,104.947526236882
1133.48247576436,1466.56723837932,104.947526236882
1138.45389013174,1476.51006711409,104.947526236882
1138.45389013174,2202.33656475267,104.947526236882
1188.16803380562,1466.56723837932,119.940029985007
1409.39597315436,855.083271190654,134.932533733133
1426.79592344022,865.026099925429,119.940029985007
1431.76733780761,892.36887894606,104.947526236882
1478.99577429779,780.512055679841,104.947526236882
1491.42431021626,1717.62366393239,119.940029985007
1486.45289584887,755.654983842903,104.947526236882
1551.08128262491,653.740989311459,104.947526236882
1548.59557544121,673.626646781009,104.947526236882
1556.05269699229,691.026597066866,104.947526236882
1568.48123291076,683.569475515784,104.947526236882
1712.652249565,2013.42281879195,104.947526236882
1759.88068605518,1963.70867511807,119.940029985007
1782.25205070843,2038.27989062888,119.940029985007
1784.73775789212,1938.85160328113,119.940029985007
1792.1948794432,1998.50857568978,119.940029985007
1807.10912254536,1983.59433258762,119.940029985007
1822.02336564753,795.426298782004,119.940029985007
1831.9661943823,805.369127516779,119.940029985007
1849.36614466816,618.941088739746,119.940029985007
1864.28038777032,1839.42331593338,104.947526236882
1896.59458115834,1787.22346507581,119.940029985007
1899.08028834203,1797.16629381059,104.947526236882
1918.96594581158,1804.62341536167,104.947526236882
1971.16579666915,1483.96718866518,119.940029985007
2008.45140442456,1357.19612229679,104.947526236882
2184.93661446682,1682.82376336068,104.947526236882
2187.42232165051,1700.22371364653,104.947526236882
2197.36515038528,1695.25229927915,104.947526236882
504.598558289833,1446.68158090977,119.940029985007
571.712652249565,464.827243350733,119.940029985007
608.998260004971,492.170022371365,134.932533733133
613.969674372359,504.598558289833,119.940029985007
758.140691026597,720.855083271191,119.940029985007
877.454635843898,2147.65100671141,119.940029985007
912.25453641561,2234.65075814069,134.932533733133
934.625901068854,2219.73651503853,119.940029985007
927.168779517773,2239.62217250808,119.940029985007
1014.16853094705,2080.53691275168,134.932533733133
1058.91126025354,1464.08153119563,119.940029985007
1073.8255033557,1434.2530449913,119.940029985007
1091.22545364156,290.82774049217,134.932533733133
1096.19686800895,248.570718369376,134.932533733133
1103.65398956003,300.770569226945,119.940029985007
1108.62540392742,260.999254287845,119.940029985007
1126.02535421327,260.999254287845,134.932533733133
1116.0825254785,273.427790206314,119.940029985007
1118.56823266219,283.370618941089,119.940029985007
1133.48247576436,273.427790206314,119.940029985007
1155.8538404176,1486.45289584887,134.932533733133
1160.82525478499,2189.9080288342,119.940029985007
1190.65374098931,2204.82227193637,119.940029985007
1414.36738752175,894.854586129754,134.932533733133
1419.33880188914,840.169028088491,119.940029985007
1439.22445935869,845.140442455879,119.940029985007
1451.65299527716,882.426050211285,119.940029985007
1454.13870246085,847.626149639573,119.940029985007
1483.96718866518,745.712155108128,119.940029985007
1523.73850360428,663.683818046234,119.940029985007
1556.05269699229,705.940840169028,119.940029985007
1742.48073576933,1976.13721103654,119.940029985007
1754.9092716878,1991.0514541387,119.940029985007
1774.79492915735,1976.13721103654,119.940029985007
1784.73775789212,330.59905543127,134.932533733133
1807.10912254536,778.026348496147,119.940029985007
1809.59482972906,802.883420333085,119.940029985007
1809.59482972906,792.94059159831,119.940029985007
1812.08053691275,778.026348496147,119.940029985007
1819.53765846383,837.683320904797,134.932533733133
1829.48048719861,852.59756400696,134.932533733133
1834.451901566,812.82624906786,119.940029985007
1841.90902311708,860.054685558041,119.940029985007
1849.36614466816,872.48322147651,119.940029985007
1856.82326621924,601.54113845389,119.940029985007
1874.2232165051,1879.19463087248,119.940029985007
1946.30872483221,1496.39572458364,119.940029985007
1953.7658463833,1508.82426050211,134.932533733133
1956.25155356699,1486.45289584887,119.940029985007
1961.22296793438,1491.42431021626,119.940029985007
2092.96544867015,1272.68207805121,119.940029985007
2112.8511061397,1282.62490678598,149.925037481259
2110.365398956,1272.68207805121,119.940029985007
616.455381556053,484.712900820283,134.932533733133
686.055182699478,1725.08078548347,149.925037481259
725.826497638578,1817.05195128014,134.932533733133
723.340790454884,1799.65200099428,149.925037481259
730.797912005966,1777.28063634104,149.925037481259
728.312204822272,1958.73726075068,149.925037481259
738.255033557047,1933.88018891375,149.925037481259
765.597812577678,733.283619189659,134.932533733133
822.769077802635,1009.19711657967,134.932533733133
832.71190653741,1006.71140939597,134.932533733133
860.054685558041,372.856077554064,149.925037481259
869.997514292816,360.427541635595,134.932533733133
889.883171762366,2224.70792940592,149.925037481259
902.311707680835,1600.79542629878,134.932533733133
912.25453641561,1603.28113348248,134.932533733133
939.597315436242,2232.165050957,134.932533733133
976.882923191648,246.085011185682,149.925037481259
996.768580661198,260.999254287845,149.925037481259
1056.42555306985,285.856326124783,149.925037481259
1061.39696743724,1478.99577429779,134.932533733133
1078.79691772309,280.884911757395,134.932533733133
1091.22545364156,318.170519512801,149.925037481259
1106.13969674372,226.199353716132,149.925037481259
1118.56823266219,243.599304001989,149.925037481259
1128.51106139697,248.570718369376,134.932533733133
1145.91101168282,1486.45289584887,134.932533733133
1145.91101168282,238.627889634601,149.925037481259
1163.31096196868,1469.05294556301,134.932533733133
1163.31096196868,1498.88143176734,134.932533733133
1170.76808351976,1508.82426050211,134.932533733133
1178.22520507084,1496.39572458364,134.932533733133
1175.73949788715,1476.51006711409,134.932533733133
1382.05319413373,1968.68008948546,149.925037481259
1434.2530449913,1180.71091225454,149.925037481259
1439.22445935869,889.883171762366,134.932533733133
1454.13870246085,865.026099925429,134.932533733133
1466.56723837932,233.656475267214,149.925037481259
1610.73825503356,763.112105393985,134.932533733133
1630.62391250311,1424.31021625653,134.932533733133
1635.59532687049,760.626398210291,134.932533733133
1638.08103405419,2259.50782997763,149.925037481259
1640.56674123788,1429.28163062391,134.932533733133
1715.13795674869,1973.65150385285,134.932533733133
1720.10937111608,758.140691026597,134.932533733133
1725.08078548347,760.626398210291,134.932533733133
1732.53790703455,753.16927665921,134.932533733133
1749.93785732041,375.341784737758,149.925037481259
1759.88068605518,377.827491921452,149.925037481259
1794.6805866269,370.37037037037,149.925037481259
1831.9661943823,1220.48222719364,134.932533733133
1834.451901566,820.283370618941,134.932533733133
1846.88043748446,1220.48222719364,149.925037481259
1861.79468058663,1237.88217747949,134.932533733133
1931.39448173005,1483.96718866518,149.925037481259
1988.56574695501,561.76982351479,149.925037481259
2092.96544867015,1431.76733780761,149.925037481259
2090.47974148645,1227.93934874472,134.932533733133
2090.47974148645,1213.02510564256,149.925037481259
2120.30822769078,1250.31071339796,134.932533733133
2120.30822769078,1230.42505592841,149.925037481259
355.456127268208,1158.33954760129,164.917541229385
372.856077554064,1145.91101168282,164.917541229385
372.856077554064,1160.82525478499,149.925037481259
517.027094208302,1518.76708923689,164.917541229385
643.798160576684,1958.73726075068,149.925037481259
695.998011434253,1722.59507829978,149.925037481259
708.426547352722,1906.53740989311,164.917541229385
718.369376087497,1931.39448173005,164.917541229385
728.312204822272,753.16927665921,149.925037481259
728.312204822272,1759.88068605518,149.925037481259
733.283619189659,1886.65175242356,149.925037481259
745.712155108128,1797.16629381059,149.925037481259
745.712155108128,1817.05195128014,164.917541229385
748.197862291822,1807.10912254536,149.925037481259
753.16927665921,720.855083271191,149.925037481259
753.16927665921,1963.70867511807,149.925037481259
770.569226945066,1976.13721103654,149.925037481259
894.854586129754,1943.82301764852,164.917541229385
929.654486701467,2212.27939348745,164.917541229385
947.054436987323,2229.6793437733,149.925037481259
976.882923191648,256.027839920457,149.925037481259
1068.85408898832,290.82774049217,149.925037481259
1106.13969674372,273.427790206314,149.925037481259
1135.96818294805,2097.93686303753,149.925037481259
1200.59656972409,2291.82202336565,164.917541229385
1372.11036539896,1956.25155356699,149.925037481259
1451.65299527716,1215.51081282625,149.925037481259
1486.45289584887,1165.79666915237,164.917541229385
1498.88143176734,1155.8538404176,149.925037481259
1508.82426050211,1173.25379070346,149.925037481259
1513.7956748695,315.684812329108,149.925037481259
1516.28138205319,1195.6251553567,164.917541229385
1725.08078548347,2013.42281879195,149.925037481259
1727.56649266716,1993.5371613224,149.925037481259
1747.45215013671,357.941834451902,149.925037481259
1757.39497887149,422.570221227939,149.925037481259
1792.1948794432,395.227442207308,164.917541229385
1802.13770817798,2000.99428287348,149.925037481259
1819.53765846383,964.454387273179,164.917541229385
1819.53765846383,1071.33979617201,149.925037481259
1841.90902311708,1242.85359184688,149.925037481259
1859.30897340293,1247.82500621427,149.925037481259
1866.76609495401,1205.56798409147,149.925037481259
2063.13696246582,1220.48222719364,149.925037481259
2078.05120556798,1200.59656972409,164.917541229385
2078.05120556798,1210.53939845886,149.925037481259
2102.90827740492,1846.88043748446,164.917541229385
2110.365398956,1208.05369127517,164.917541229385
2142.67959234402,1285.11061396967,164.917541229385
2284.36490181457,1215.51081282625,149.925037481259
2296.79343773304,1208.05369127517,164.917541229385
91.9711657966692,1173.25379070346,164.917541229385
526.969922943077,1889.13745960726,179.910044977511
571.712652249565,539.398458861546,179.910044977511
676.112353964703,1918.96594581158,179.910044977511
676.112353964703,1879.19463087248,179.910044977511
700.969425801641,1737.50932140194,179.910044977511
710.912254536416,1961.22296793438,164.917541229385
708.426547352722,1787.22346507581,164.917541229385
710.912254536416,1779.76634352473,164.917541229385
715.883668903803,1976.13721103654,164.917541229385
718.369376087497,770.569226945066,164.917541229385
723.340790454884,1742.48073576933,164.917541229385
728.312204822272,1787.22346507581,164.917541229385
745.712155108128,1918.96594581158,164.917541229385
760.626398210291,422.570221227939,179.910044977511
763.112105393985,1986.08003977131,164.917541229385
855.083271190654,1948.79443201591,164.917541229385
862.540392741735,1943.82301764852,179.910044977511
897.340293313448,1603.28113348248,164.917541229385
907.283122048223,1953.7658463833,164.917541229385
954.511558538404,698.483718617947,179.910044977511
1143.42530449913,2045.73701217997,164.917541229385
1165.79666915237,2050.70842654735,179.910044977511
1178.22520507084,275.913497390007,164.917541229385
1292.56773552076,278.399204573701,179.910044977511
1354.7104151131,1943.82301764852,164.917541229385
1357.19612229679,1986.08003977131,164.917541229385
1359.68182948049,1941.33731046483,164.917541229385
1459.11011682824,223.713646532438,164.917541229385
1469.05294556301,216.256524981357,164.917541229385
1471.53865274671,280.884911757395,164.917541229385
1469.05294556301,260.999254287845,164.917541229385
1474.0243599304,258.513547104151,164.917541229385
1483.96718866518,263.484961471539,179.910044977511
1491.42431021626,1148.39671886652,164.917541229385
1491.42431021626,288.342033308476,164.917541229385
1493.91001739995,1180.71091225454,164.917541229385
1496.39572458364,258.513547104151,164.917541229385
1496.39572458364,280.884911757395,164.917541229385
1498.88143176734,1150.88242605021,164.917541229385
1503.85284613473,1190.65374098931,164.917541229385
1563.50981854338,1396.96743723589,179.910044977511
1578.42406164554,1387.02460850112,179.910044977511
1578.42406164554,1416.85309470544,179.910044977511
1752.4235645041,2192.3937360179,179.910044977511
1752.4235645041,2038.27989062888,179.910044977511
1802.13770817798,2015.90852597564,164.917541229385
1812.08053691275,939.597315436242,179.910044977511
1814.56624409645,1031.56848123291,164.917541229385
1817.05195128014,2023.36564752672,179.910044977511
1824.50907283122,1998.50857568978,179.910044977511
1844.39473030077,954.511558538404,179.910044977511
1846.88043748446,1071.33979617201,164.917541229385
1879.19463087248,959.482972905792,164.917541229385
1886.65175242356,944.568729803629,179.910044977511
1891.62316679095,974.397216007954,179.910044977511
1941.33731046483,1864.28038777032,164.917541229385
1966.19438230176,924.683072334079,179.910044977511
2033.3084762615,1958.73726075068,179.910044977511
2063.13696246582,1240.36788466319,164.917541229385
2092.96544867015,1195.6251553567,179.910044977511
2112.8511061397,1297.53914988814,164.917541229385
2383.79318916232,1014.16853094705,164.917541229385
106.885408898832,1173.25379070346,179.910044977511
119.313944817301,1185.68232662192,179.910044977511
315.684812329108,1304.99627143922,179.910044977511
318.170519512801,673.626646781009,179.910044977511
377.827491921452,1121.05393984589,179.910044977511
544.369873228934,1881.68033805618,179.910044977511
559.284116331096,1946.30872483221,179.910044977511
569.226945065871,1844.39473030077,194.902548725637
643.798160576684,1946.30872483221,194.902548725637
653.740989311459,1879.19463087248,179.910044977511
648.769574944072,1859.30897340293,194.902548725637
658.712403678847,1946.30872483221,179.910044977511
661.19811086254,1889.13745960726,179.910044977511
681.08376833209,1943.82301764852,179.910044977511
691.026597066866,1933.88018891375,179.910044977511
735.769326373353,449.913000248571,179.910044977511
745.712155108128,447.427293064877,179.910044977511
748.197862291822,402.684563758389,179.910044977511
748.197862291822,437.484464330102,179.910044977511
753.16927665921,432.513049962714,179.910044977511
773.05493412876,377.827491921452,194.902548725637
785.483470047228,402.684563758389,194.902548725637
892.36887894606,651.255282127765,179.910044977511
986.825751926423,912.25453641561,179.910044977511
1016.65423813075,2187.42232165051,179.910044977511
1111.11111111111,934.625901068854,194.902548725637
1118.56823266219,2304.25055928412,179.910044977511
1123.53964702958,2301.76485210042,179.910044977511
1128.51106139697,365.398956002983,179.910044977511
1153.36813323391,325.627641063883,179.910044977511
1163.31096196868,290.82774049217,179.910044977511
1170.76808351976,293.313447675864,179.910044977511
1247.82500621427,1779.76634352473,194.902548725637
1252.79642058166,1784.73775789212,179.910044977511
1411.88168033806,1180.71091225454,179.910044977511
1469.05294556301,1782.25205070843,194.902548725637
1481.48148148148,1759.88068605518,179.910044977511
1483.96718866518,241.113596818295,179.910044977511
1491.42431021626,1193.13944817301,179.910044977511
1493.91001739995,1195.6251553567,179.910044977511
1501.36713895103,1225.45364156102,179.910044977511
1508.82426050211,1237.88217747949,179.910044977511
1538.65274670644,333.084762614964,179.910044977511
1551.08128262491,1384.53890131742,209.895052473763
1563.50981854338,1190.65374098931,179.910044977511
1605.76684066617,1394.4817300522,179.910044977511
1603.28113348248,1083.76833209048,194.902548725637
1762.36639323888,2212.27939348745,179.910044977511
1764.85210042257,417.598806860552,179.910044977511
1764.85210042257,2204.82227193637,179.910044977511
1777.28063634104,2028.33706189411,179.910044977511
1784.73775789212,2025.85135471042,179.910044977511
1807.10912254536,1036.5398956003,179.910044977511
1814.56624409645,907.283122048223,179.910044977511
1809.59482972906,897.340293313448,179.910044977511
1814.56624409645,889.883171762366,194.902548725637
1831.9661943823,889.883171762366,179.910044977511
1849.36614466816,912.25453641561,179.910044977511
1849.36614466816,969.425801640567,194.902548725637
1864.28038777032,919.711657966692,194.902548725637
1966.19438230176,914.740243599304,179.910044977511
2053.19413373105,1966.19438230176,179.910044977511
2050.70842654735,1469.05294556301,194.902548725637
2083.02261993537,1923.93736017897,179.910044977511
2092.96544867015,1966.19438230176,179.910044977511
2092.96544867015,1921.45165299528,179.910044977511
2102.90827740492,1193.13944817301,179.910044977511
2194.87944320159,780.512055679841,179.910044977511
2209.79368630375,770.569226945066,179.910044977511
2219.73651503853,1677.85234899329,194.902548725637
2222.22222222222,755.654983842903,179.910044977511
2274.42207307979,1160.82525478499,179.910044977511
2284.36490181457,1153.36813323391,179.910044977511
2286.85060899826,1230.42505592841,179.910044977511
2294.30773054934,1155.8538404176,179.910044977511
2304.25055928412,1235.3964702958,194.902548725637
106.885408898832,1188.16803380562,194.902548725637
109.371116082525,1183.19661943823,194.902548725637
305.741983594333,1304.99627143922,194.902548725637
308.227690778026,671.140939597315,194.902548725637
320.656226696495,678.598061148397,194.902548725637
328.113348247576,695.998011434253,194.902548725637
365.398956002983,1121.05393984589,194.902548725637
365.398956002983,723.340790454884,209.895052473763
367.884663186677,1145.91101168282,194.902548725637
447.427293064877,1339.79617201094,209.895052473763
492.170022371365,1804.62341536167,209.895052473763
504.598558289833,1841.90902311708,209.895052473763
534.427044494159,1856.82326621924,209.895052473763
539.398458861546,1809.59482972906,194.902548725637
546.855580412627,487.198608003977,194.902548725637
549.341287596321,469.798657718121,194.902548725637
554.312701963709,1889.13745960726,194.902548725637
556.798409147402,1928.90877454636,209.895052473763
559.284116331096,539.398458861546,194.902548725637
564.255530698484,1826.99478001491,224.887556221889
571.712652249565,1938.85160328113,194.902548725637
571.712652249565,494.655729555058,194.902548725637
591.598309719115,484.712900820283,194.902548725637
636.341039025603,1958.73726075068,194.902548725637
641.31245339299,1891.62316679095,209.895052473763
668.655232413622,1921.45165299528,194.902548725637
686.055182699478,1928.90877454636,194.902548725637
713.397961720109,452.398707432264,194.902548725637
723.340790454884,449.913000248571,194.902548725637
723.340790454884,462.34153616704,194.902548725637
738.255033557047,402.684563758389,194.902548725637
740.740740740741,434.998757146408,194.902548725637
763.112105393985,410.141685309471,194.902548725637
780.512055679841,387.770320656227,209.895052473763
785.483470047228,427.541635595327,209.895052473763
850.111856823266,889.883171762366,194.902548725637
877.454635843898,656.226696495153,194.902548725637
879.940343027591,636.341039025603,194.902548725637
907.283122048223,1933.88018891375,194.902548725637
909.768829231916,1948.79443201591,194.902548725637
909.768829231916,1938.85160328113,194.902548725637
917.225950782998,695.998011434253,194.902548725637
949.540144171017,698.483718617947,194.902548725637
952.02585135471,1011.68282376336,209.895052473763
966.940094456873,730.797912005966,194.902548725637
1026.59706686552,1220.48222719364,209.895052473763
1108.62540392742,797.912005965697,209.895052473763
1123.53964702958,770.569226945066,194.902548725637
1121.05393984589,367.884663186677,194.902548725637
1126.02535421327,932.14019388516,209.895052473763
1135.96818294805,2040.76559781258,194.902548725637
1145.91101168282,372.856077554064,194.902548725637
1145.91101168282,745.712155108128,194.902548725637
1240.36788466319,1794.6805866269,194.902548725637
1245.33929903057,1772.30922197365,194.902548725637
1267.71066368382,1797.16629381059,209.895052473763
1382.05319413373,1971.16579666915,194.902548725637
1451.65299527716,1767.33780760626,194.902548725637
1456.62440964454,278.399204573701,194.902548725637
1501.36713895103,1240.36788466319,194.902548725637
1593.3383047477,1389.51031568481,194.902548725637
1600.79542629878,1449.16728809346,194.902548725637
1603.28113348248,1431.76733780761,194.902548725637
1727.56649266716,2204.82227193637,194.902548725637
1782.25205070843,1046.48272433507,209.895052473763
1794.6805866269,1016.65423813075,209.895052473763
1792.1948794432,1031.56848123291,194.902548725637
1797.16629381059,1051.45413870246,194.902548725637
1802.13770817798,907.283122048223,194.902548725637
1817.05195128014,1021.62565249814,194.902548725637
1824.50907283122,1009.19711657967,194.902548725637
1826.99478001491,909.768829231916,194.902548725637
1834.451901566,991.797166293811,209.895052473763
1864.28038777032,974.397216007954,194.902548725637
1871.7375093214,964.454387273179,194.902548725637
1871.7375093214,991.797166293811,194.902548725637
1879.19463087248,989.311459110117,194.902548725637
1901.56599552573,922.197365150385,209.895052473763
1909.02311707681,2080.53691275168,194.902548725637
1918.96594581158,2110.365398956,209.895052473763
1993.5371613224,2038.27989062888,209.895052473763
2030.8227690778,648.769574944072,209.895052473763
2048.22271936366,1918.96594581158,194.902548725637
2063.13696246582,1981.10862540393,209.895052473763
2063.13696246582,646.283867760378,194.902548725637
2068.10837683321,1943.82301764852,194.902548725637
2130.25105642555,1909.02311707681,209.895052473763
2152.6224210788,1702.70942083023,194.902548725637
2197.36515038528,787.969177230922,194.902548725637
2224.70792940592,792.94059159831,209.895052473763
2227.19363658961,765.597812577678,194.902548725637
2254.53641561024,802.883420333085,194.902548725637
2266.96495152871,1160.82525478499,194.902548725637
2286.85060899826,1255.28212776535,209.895052473763
2309.2219736515,1252.79642058166,194.902548725637
288.342033308476,1188.16803380562,209.895052473763
298.284862043251,678.598061148397,209.895052473763
300.770569226945,1792.1948794432,209.895052473763
343.027591349739,1824.50907283122,224.887556221889
343.027591349739,666.169525229928,209.895052473763
357.941834451902,715.883668903803,209.895052473763
464.827243350733,1695.25229927915,209.895052473763
482.22719363659,1814.56624409645,209.895052473763
487.198608003977,1826.99478001491,209.895052473763
509.569972657221,1789.70917225951,209.895052473763
524.484215759384,1797.16629381059,209.895052473763
536.912751677852,1650.50956997266,224.887556221889
539.398458861546,1826.99478001491,209.895052473763
613.969674372359,1896.59458115834,209.895052473763
628.883917474521,1866.76609495401,209.895052473763
668.655232413622,1856.82326621924,209.895052473763
686.055182699478,1874.2232165051,209.895052473763
686.055182699478,1889.13745960726,209.895052473763
710.912254536416,1404.42455878698,209.895052473763
715.883668903803,434.998757146408,209.895052473763
760.626398210291,457.370121799652,209.895052473763
778.026348496147,405.170270942083,209.895052473763
959.482972905792,651.255282127765,209.895052473763
971.911508824261,2259.50782997763,209.895052473763
974.397216007954,738.255033557047,209.895052473763
976.882923191648,2266.96495152871,209.895052473763
986.825751926423,937.111608252548,209.895052473763
996.768580661198,944.568729803629,224.887556221889
1011.68282376336,1195.6251553567,209.895052473763
1019.13994531444,1265.22495650012,209.895052473763
1016.65423813075,1190.65374098931,209.895052473763
1086.25403927417,2286.85060899826,209.895052473763
1101.16828237634,815.311956251554,209.895052473763
1108.62540392742,775.540641312453,209.895052473763
1121.05393984589,753.16927665921,209.895052473763
1128.51106139697,395.227442207308,209.895052473763
1138.45389013174,763.112105393985,209.895052473763
1148.39671886652,733.283619189659,209.895052473763
1153.36813323391,405.170270942083,209.895052473763
1155.8538404176,377.827491921452,209.895052473763
1160.82525478499,2294.30773054934,209.895052473763
1232.91076311211,2249.56500124285,224.887556221889
1237.88217747949,2259.50782997763,209.895052473763
1255.28212776535,1777.28063634104,209.895052473763
1349.73900074571,616.455381556053,209.895052473763
1379.56748695004,599.055431270196,209.895052473763
1444.19587372608,1804.62341536167,209.895052473763
1481.48148148148,1735.02361421825,209.895052473763
1488.93860303256,1747.45215013671,209.895052473763
1754.9092716878,2177.47949291573,209.895052473763
1807.10912254536,976.882923191648,209.895052473763
1809.59482972906,986.825751926423,209.895052473763
1824.50907283122,574.198359433259,209.895052473763
1829.48048719861,554.312701963709,209.895052473763
1854.33755903555,559.284116331096,209.895052473763
1854.33755903555,907.283122048223,209.895052473763
1864.28038777032,999.254287844892,209.895052473763
1871.7375093214,912.25453641561,209.895052473763
1901.56599552573,867.511807109123,224.887556221889
1896.59458115834,852.59756400696,209.895052473763
1901.56599552573,949.540144171017,209.895052473763
1931.39448173005,2070.5940840169,209.895052473763
1953.7658463833,2065.62266964952,209.895052473763
1978.62291822023,1956.25155356699,209.895052473763
1996.02286850609,2025.85135471042,224.887556221889
2048.22271936366,641.31245339299,209.895052473763
2050.70842654735,658.712403678847,209.895052473763
2122.79393487447,1928.90877454636,209.895052473763
2145.16529952772,1695.25229927915,209.895052473763
2172.50807854835,1705.19512801392,224.887556221889
2174.99378573204,1252.79642058166,209.895052473763
2294.30773054934,1242.85359184688,209.895052473763
2314.19338801889,1153.36813323391,224.887556221889
2334.07904548844,1183.19661943823,209.895052473763
2344.02187422322,1198.11086254039,209.895052473763
233.656475267214,1777.28063634104,224.887556221889
275.913497390007,1846.88043748446,224.887556221889
293.313447675864,1792.1948794432,224.887556221889
295.799154859558,1804.62341536167,224.887556221889
300.770569226945,1824.50907283122,224.887556221889
308.227690778026,1807.10912254536,224.887556221889
313.199105145414,1822.02336564753,224.887556221889
318.170519512801,1802.13770817798,239.880059970015
325.627641063883,1797.16629381059,224.887556221889
333.084762614964,763.112105393985,224.887556221889
328.113348247576,1804.62341536167,224.887556221889
360.427541635595,1846.88043748446,224.887556221889
367.884663186677,718.369376087497,224.887556221889
407.655978125777,852.59756400696,224.887556221889
415.113099676858,835.197613721104,224.887556221889
417.598806860552,845.140442455879,224.887556221889
434.998757146408,686.055182699478,239.880059970015
442.455878697489,830.226199353716,224.887556221889
444.941585881183,688.540889883172,224.887556221889
447.427293064877,693.512304250559,224.887556221889
452.398707432264,713.397961720109,224.887556221889
454.884414615958,1349.73900074571,224.887556221889
464.827243350733,1339.79617201094,224.887556221889
472.284364901815,1695.25229927915,224.887556221889
479.741486452896,1638.08103405419,224.887556221889
489.684315187671,1817.05195128014,224.887556221889
494.655729555058,1826.99478001491,224.887556221889
499.627143922446,1831.9661943823,224.887556221889
517.027094208302,1851.85185185185,224.887556221889
529.455630126771,1633.1096196868,224.887556221889
531.941337310465,1799.65200099428,224.887556221889
544.369873228934,1854.33755903555,224.887556221889
549.341287596321,1839.42331593338,224.887556221889
546.855580412627,1849.36614466816,224.887556221889
618.941088739746,1886.65175242356,224.887556221889
621.42679592344,1896.59458115834,224.887556221889
638.826746209297,1854.33755903555,224.887556221889
691.026597066866,1869.25180213771,224.887556221889
720.855083271191,1399.45314441959,224.887556221889
750.683569475516,405.170270942083,224.887556221889
753.16927665921,434.998757146408,224.887556221889
840.169028088491,2259.50782997763,239.880059970015
852.59756400696,2261.99353716132,224.887556221889
947.054436987323,959.482972905792,224.887556221889
949.540144171017,976.882923191648,224.887556221889
954.511558538404,966.940094456873,224.887556221889
959.482972905792,954.511558538404,224.887556221889
959.482972905792,961.968680089485,224.887556221889
976.882923191648,966.940094456873,224.887556221889
979.368630375342,2259.50782997763,224.887556221889
984.340044742729,1021.62565249814,224.887556221889
984.340044742729,738.255033557047,224.887556221889
989.311459110117,969.425801640567,224.887556221889
991.797166293811,1014.16853094705,224.887556221889
1006.71140939597,954.511558538404,224.887556221889
1041.51130996769,206.313696246582,224.887556221889
1046.48272433507,947.054436987323,224.887556221889
1046.48272433507,268.456375838926,224.887556221889
1048.96843151877,265.970668655232,224.887556221889
1056.42555306985,196.370867511807,224.887556221889
1058.91126025354,812.82624906786,224.887556221889
1081.28262490679,191.39945314442,224.887556221889
1116.0825254785,1757.39497887149,224.887556221889
1121.05393984589,792.94059159831,224.887556221889
1130.99676858066,750.683569475516,224.887556221889
1133.48247576436,755.654983842903,224.887556221889
1158.33954760129,740.740740740741,224.887556221889
1180.71091225454,974.397216007954,224.887556221889
1245.33929903057,2259.50782997763,224.887556221889
1247.82500621427,2212.27939348745,224.887556221889
1245.33929903057,2182.45090728312,224.887556221889
1285.11061396967,1792.1948794432,224.887556221889
1344.76758637832,479.741486452896,224.887556221889
1349.73900074571,494.655729555058,224.887556221889
1362.16753666418,502.11285110614,224.887556221889
1364.65324384787,616.455381556053,224.887556221889
1387.02460850112,492.170022371365,224.887556221889
1387.02460850112,1526.22421078797,224.887556221889
1391.99602286851,599.055431270196,224.887556221889
1387.02460850112,1533.68133233905,224.887556221889
1391.99602286851,467.312950534427,224.887556221889
1471.53865274671,1715.13795674869,224.887556221889
1474.0243599304,1792.1948794432,224.887556221889
1478.99577429779,1787.22346507581,224.887556221889
1541.13845389013,2326.62192393736,224.887556221889
1561.02411135968,1250.31071339796,224.887556221889
1588.36689038031,1275.1677852349,224.887556221889
1590.85259756401,479.741486452896,224.887556221889
1590.85259756401,462.34153616704,224.887556221889
1595.82401193139,457.370121799652,224.887556221889
1600.79542629878,1267.71066368382,224.887556221889
1603.28113348248,444.941585881183,239.880059970015
1784.73775789212,907.283122048223,224.887556221889
1789.70917225951,894.854586129754,224.887556221889
1817.05195128014,877.454635843898,224.887556221889
1817.05195128014,981.854337559036,224.887556221889
1839.42331593338,576.684066616953,224.887556221889
1864.28038777032,1876.70892368879,224.887556221889
1869.25180213771,1884.16604523987,239.880059970015
1881.68033805618,914.740243599304,224.887556221889
1881.68033805618,884.911757394979,239.880059970015
1896.59458115834,1011.68282376336,224.887556221889
1901.56599552573,894.854586129754,224.887556221889
1899.08028834203,840.169028088491,224.887556221889
1906.53740989311,850.111856823266,224.887556221889
1909.02311707681,996.768580661198,224.887556221889
1911.5088242605,949.540144171017,224.887556221889
1913.9945314442,981.854337559036,224.887556221889
1913.9945314442,969.425801640567,224.887556221889
1928.90877454636,2107.87969177231,224.887556221889
1968.68008948546,1961.22296793438,224.887556221889
1966.19438230176,2075.56549838429,239.880059970015
1976.13721103654,2078.05120556798,224.887556221889
1988.56574695501,1958.73726075068,224.887556221889
2015.90852597564,641.31245339299,224.887556221889
2025.85135471042,1620.68108376833,224.887556221889
2058.16554809843,638.826746209297,224.887556221889
2063.13696246582,656.226696495153,224.887556221889
2150.1367138951,1899.08028834203,224.887556221889
2189.9080288342,1707.68083519761,224.887556221889
2286.85060899826,1297.53914988814,239.880059970015
2296.79343773304,1295.05344270445,224.887556221889
2301.76485210042,1173.25379070346,224.887556221889
2314.19338801889,1183.19661943823,224.887556221889
2311.7076808352,1290.08202833706,224.887556221889
2334.07904548844,1150.88242605021,224.887556221889
2344.02187422322,1190.65374098931,239.880059970015
2353.96470295799,1198.11086254039,224.887556221889
218.742232165051,1784.73775789212,239.880059970015
248.570718369376,1824.50907283122,254.872563718141
253.542132736764,1886.65175242356,254.872563718141
280.884911757395,1792.1948794432,239.880059970015
298.284862043251,748.197862291822,239.880059970015
300.770569226945,782.997762863535,239.880059970015
320.656226696495,763.112105393985,239.880059970015
333.084762614964,778.026348496147,254.872563718141
333.084762614964,1861.79468058663,239.880059970015
333.084762614964,1826.99478001491,239.880059970015
343.027591349739,755.654983842903,254.872563718141
347.999005717127,782.997762863535,239.880059970015
347.999005717127,1846.88043748446,239.880059970015
352.970420084514,768.083519761372,239.880059970015
355.456127268208,810.340541884166,254.872563718141
372.856077554064,780.512055679841,239.880059970015
372.856077554064,748.197862291822,239.880059970015
377.827491921452,750.683569475516,239.880059970015
382.798906288839,768.083519761372,239.880059970015
392.741735023614,700.969425801641,254.872563718141
390.25602783992,837.683320904797,254.872563718141
397.713149391002,855.083271190654,239.880059970015
417.598806860552,705.940840169028,239.880059970015
427.541635595327,681.08376833209,239.880059970015
430.027342779021,676.112353964703,239.880059970015
432.513049962714,852.59756400696,239.880059970015
432.513049962714,837.683320904797,239.880059970015
437.484464330102,676.112353964703,239.880059970015
437.484464330102,718.369376087497,239.880059970015
444.941585881183,1657.96669152374,239.880059970015
449.913000248571,1638.08103405419,239.880059970015
459.855828983346,1660.45239870743,239.880059970015
477.255779269202,1648.02386278896,239.880059970015
479.741486452896,1652.99527715635,239.880059970015
517.027094208302,1635.59532687049,239.880059970015
524.484215759384,1692.76659209545,239.880059970015
521.99850857569,1797.16629381059,239.880059970015
534.427044494159,1687.79517772806,239.880059970015
549.341287596321,1804.62341536167,239.880059970015
574.198359433259,1869.25180213771,254.872563718141
586.626895351728,1864.28038777032,254.872563718141
621.42679592344,1869.25180213771,239.880059970015
815.311956251554,2281.87919463087,239.880059970015
929.654486701467,976.882923191648,239.880059970015
969.425801640567,2120.30822769078,254.872563718141
976.882923191648,1906.53740989311,239.880059970015
981.854337559036,2229.6793437733,254.872563718141
994.282873477504,2222.22222222222,254.872563718141
1009.19711657967,218.742232165051,239.880059970015
1024.11135968183,196.370867511807,239.880059970015
1029.08277404922,248.570718369376,254.872563718141
1029.08277404922,201.342281879195,239.880059970015
1029.08277404922,139.199602286851,254.872563718141
1029.08277404922,1135.96818294805,239.880059970015
1031.56848123291,947.054436987323,239.880059970015
1036.5398956003,233.656475267214,239.880059970015
1039.02560278399,265.970668655232,239.880059970015
1043.99701715138,810.340541884166,239.880059970015
1051.45413870246,1754.9092716878,254.872563718141
1061.39696743724,260.999254287845,239.880059970015
1068.85408898832,1787.22346507581,239.880059970015
1068.85408898832,173.999502858563,239.880059970015
1101.16828237634,188.913745960726,254.872563718141
1088.73974645787,198.856574695501,239.880059970015
1088.73974645787,203.827989062888,239.880059970015
1103.65398956003,1764.85210042257,239.880059970015
1101.16828237634,830.226199353716,239.880059970015
1103.65398956003,822.769077802635,239.880059970015
1106.13969674372,835.197613721104,239.880059970015
1111.11111111111,792.94059159831,239.880059970015
1126.02535421327,1754.9092716878,239.880059970015
1173.25379070346,1121.05393984589,239.880059970015
1217.99652000994,1150.88242605021,254.872563718141
1225.45364156102,1148.39671886652,239.880059970015
1235.3964702958,1091.22545364156,254.872563718141
1285.11061396967,1053.93984588615,254.872563718141
1359.68182948049,2286.85060899826,239.880059970015
1362.16753666418,1513.7956748695,239.880059970015
1369.62465821526,1488.93860303256,239.880059970015
1377.08177976634,1533.68133233905,239.880059970015
1382.05319413373,467.312950534427,239.880059970015
1394.4817300522,1538.65274670644,239.880059970015
1411.88168033806,2075.56549838429,254.872563718141
1426.79592344022,1797.16629381059,239.880059970015
1431.76733780761,1802.13770817798,239.880059970015
1436.73875217499,2053.19413373105,254.872563718141
1461.59582401193,1792.1948794432,239.880059970015
1466.56723837932,1789.70917225951,239.880059970015
1531.19562515536,2326.62192393736,239.880059970015
1531.19562515536,1387.02460850112,239.880059970015
1546.10986825752,1252.79642058166,239.880059970015
1573.45264727815,462.34153616704,239.880059970015
1580.90976882923,1267.71066368382,239.880059970015
1580.90976882923,479.741486452896,239.880059970015
1595.82401193139,467.312950534427,239.880059970015
1600.79542629878,474.770072085508,239.880059970015
1620.68108376833,2112.8511061397,239.880059970015
1737.50932140194,1610.73825503356,254.872563718141
1744.96644295302,1630.62391250311,254.872563718141
1774.79492915735,907.283122048223,239.880059970015
1777.28063634104,899.826000497141,239.880059970015
1779.76634352473,894.854586129754,239.880059970015
1799.65200099428,1652.99527715635,239.880059970015
1829.48048719861,442.455878697489,254.872563718141
1834.451901566,521.99850857569,254.872563718141
1841.90902311708,882.426050211285,239.880059970015
1846.88043748446,499.627143922446,239.880059970015
1851.85185185185,439.970171513796,239.880059970015
1854.33755903555,521.99850857569,239.880059970015
1861.79468058663,502.11285110614,254.872563718141
1856.82326621924,1874.2232165051,239.880059970015
1866.76609495401,454.884414615958,254.872563718141
1879.19463087248,554.312701963709,254.872563718141
1891.62316679095,892.36887894606,239.880059970015
1894.10887397465,917.225950782998,239.880059970015
1896.59458115834,904.797414864529,239.880059970015
1956.25155356699,2060.65125528213,239.880059970015
1961.22296793438,1958.73726075068,239.880059970015
1961.22296793438,1941.33731046483,239.880059970015
1968.68008948546,1946.30872483221,239.880059970015
2050.70842654735,636.341039025603,239.880059970015
2115.33681332339,1968.68008948546,239.880059970015
2117.82252050708,1976.13721103654,239.880059970015
2160.07954262988,1884.16604523987,239.880059970015
2177.47949291573,1130.99676858066,254.872563718141
2202.33656475267,1257.76783494904,239.880059970015
2244.59358687547,1270.19637086751,254.872563718141
2261.99353716132,1128.51106139697,239.880059970015
2271.9363658961,1118.56823266219,239.880059970015
2274.42207307979,1295.05344270445,239.880059970015
2301.76485210042,1287.59632115337,239.880059970015
2356.45041014169,1153.36813323391,254.872563718141
191.39945314442,1454.13870246085,254.872563718141
208.799403430276,1469.05294556301,269.865067466267
248.570718369376,1869.25180213771,269.865067466267
256.027839920457,1834.451901566,254.872563718141
283.370618941089,643.798160576684,269.865067466267
305.741983594333,1876.70892368879,254.872563718141
310.71339796172,805.369127516779,269.865067466267
345.513298533433,835.197613721104,269.865067466267
355.456127268208,822.769077802635,254.872563718141
365.398956002983,695.998011434253,254.872563718141
375.341784737758,648.769574944072,269.865067466267
370.37037037037,705.940840169028,254.872563718141
375.341784737758,691.026597066866,254.872563718141
385.284613472533,753.16927665921,254.872563718141
382.798906288839,691.026597066866,254.872563718141
382.798906288839,656.226696495153,254.872563718141
390.25602783992,797.912005965697,254.872563718141
392.741735023614,785.483470047228,254.872563718141
397.713149391002,810.340541884166,269.865067466267
415.113099676858,847.626149639573,254.872563718141
432.513049962714,847.626149639573,254.872563718141
464.827243350733,710.912254536416,254.872563718141
512.055679840915,1667.90952025851,254.872563718141
554.312701963709,1650.50956997266,269.865067466267
566.741237882178,1667.90952025851,254.872563718141
566.741237882178,1652.99527715635,269.865067466267
581.65548098434,1834.451901566,254.872563718141
822.769077802635,2247.07929405916,254.872563718141
867.511807109123,2140.19388516033,254.872563718141
932.14019388516,954.511558538404,254.872563718141
942.083022619935,996.768580661198,254.872563718141
939.597315436242,927.168779517773,269.865067466267
952.02585135471,2125.27964205817,254.872563718141
956.997265722098,929.654486701467,269.865067466267
964.454387273179,246.085011185682,254.872563718141
969.425801640567,248.570718369376,269.865067466267
999.254287844892,976.882923191648,254.872563718141
1006.71140939597,971.911508824261,254.872563718141
1014.16853094705,238.627889634601,254.872563718141
1046.48272433507,173.999502858563,254.872563718141
1058.91126025354,1782.25205070843,254.872563718141
1071.33979617201,1739.99502858563,254.872563718141
1078.79691772309,166.542381307482,254.872563718141
1086.25403927417,161.570966940094,254.872563718141
1098.68257519264,166.542381307482,254.872563718141
1103.65398956003,1792.1948794432,254.872563718141
1113.5968182948,211.28511061397,254.872563718141
1128.51106139697,1787.22346507581,254.872563718141
1145.91101168282,166.542381307482,269.865067466267
1148.39671886652,1777.28063634104,269.865067466267
1165.79666915237,1108.62540392742,254.872563718141
1193.13944817301,1098.68257519264,269.865067466267
1208.05369127517,1091.22545364156,254.872563718141
1213.02510564256,1148.39671886652,254.872563718141
1230.42505592841,1160.82525478499,254.872563718141
1232.91076311211,1170.76808351976,254.872563718141
1240.36788466319,1150.88242605021,254.872563718141
1252.79642058166,1093.71116082525,269.865067466267
1267.71066368382,1051.45413870246,269.865067466267
1406.91026597067,2050.70842654735,254.872563718141
1409.39597315436,2060.65125528213,254.872563718141
1441.71016654238,2043.25130499627,254.872563718141
1503.85284613473,1270.19637086751,269.865067466267
1508.82426050211,1255.28212776535,254.872563718141
1546.10986825752,1208.05369127517,254.872563718141
1638.08103405419,2140.19388516033,254.872563718141
1687.79517772806,2030.8227690778,254.872563718141
1749.93785732041,1648.02386278896,254.872563718141
1752.4235645041,1613.22396221725,269.865067466267
1764.85210042257,1834.451901566,269.865067466267
1812.08053691275,352.970420084514,254.872563718141
1812.08053691275,330.59905543127,254.872563718141
1817.05195128014,482.22719363659,254.872563718141
1819.53765846383,531.941337310465,269.865067466267
1831.9661943823,499.627143922446,269.865067466267
1841.90902311708,360.427541635595,269.865067466267
1839.42331593338,2135.22247079294,254.872563718141
1846.88043748446,464.827243350733,254.872563718141
1854.33755903555,479.741486452896,254.872563718141
1866.76609495401,412.627392493164,254.872563718141
1871.7375093214,477.255779269202,254.872563718141
1889.13745960726,521.99850857569,254.872563718141
1894.10887397465,743.226447924435,269.865067466267
1928.90877454636,509.569972657221,269.865067466267
1948.79443201591,1680.33805617698,269.865067466267
2204.82227193637,1856.82326621924,269.865067466267
2232.165050957,1148.39671886652,254.872563718141
2341.53616703952,1143.42530449913,254.872563718141
2361.42182450907,1145.91101168282,254.872563718141
218.742232165051,1474.0243599304,269.865067466267
325.627641063883,822.769077802635,284.857571214393
387.770320656227,1011.68282376336,284.857571214393
402.684563758389,673.626646781009,269.865067466267
519.512801391996,730.797912005966,299.850074962519
546.855580412627,855.083271190654,269.865067466267
581.65548098434,574.198359433259,269.865067466267
795.426298782004,1991.0514541387,299.850074962519
862.540392741735,2127.76534924186,269.865067466267
909.768829231916,981.854337559036,269.865067466267
914.740243599304,1923.93736017897,269.865067466267
952.02585135471,198.856574695501,284.857571214393
971.911508824261,273.427790206314,269.865067466267
984.340044742729,176.485210042257,284.857571214393
1043.99701715138,1866.76609495401,284.857571214393
1068.85408898832,1792.1948794432,269.865067466267
1091.22545364156,1784.73775789212,269.865067466267
1178.22520507084,1118.56823266219,269.865067466267
1180.71091225454,1123.53964702958,269.865067466267
1190.65374098931,1126.02535421327,269.865067466267
1195.6251553567,1081.28262490679,269.865067466267
1205.56798409147,1138.45389013174,269.865067466267
1210.53939845886,1135.96818294805,269.865067466267
1227.93934874472,1036.5398956003,269.865067466267
1255.28212776535,1464.08153119563,269.865067466267
1262.73924931643,1043.99701715138,269.865067466267
1287.59632115337,1071.33979617201,269.865067466267
1337.31046482724,1702.70942083023,269.865067466267
1374.59607258265,1722.59507829978,269.865067466267
1478.99577429779,1565.99552572707,269.865067466267
1486.45289584887,1556.05269699229,269.865067466267
1513.7956748695,1267.71066368382,269.865067466267
1518.76708923689,1270.19637086751,284.857571214393
1536.16703952274,375.341784737758,269.865067466267
1541.13845389013,1237.88217747949,269.865067466267
1648.02386278896,2132.73676360925,269.865067466267
1650.50956997266,999.254287844892,269.865067466267
1769.82351478996,1623.16679095203,284.857571214393
1777.28063634104,1822.02336564753,284.857571214393
1812.08053691275,509.569972657221,269.865067466267
1817.05195128014,454.884414615958,269.865067466267
1841.90902311708,432.513049962714,269.865067466267
1871.7375093214,512.055679840915,269.865067466267
1889.13745960726,504.598558289833,269.865067466267
1918.96594581158,499.627143922446,269.865067466267
1926.42306736266,494.655729555058,269.865067466267
1946.30872483221,1255.28212776535,269.865067466267
1968.68008948546,1215.51081282625,269.865067466267
1963.70867511807,1205.56798409147,269.865067466267
1976.13721103654,1188.16803380562,284.857571214393
1978.62291822023,1173.25379070346,284.857571214393
2234.65075814069,1220.48222719364,269.865067466267
2239.62217250808,1222.96793437733,269.865067466267
375.341784737758,1019.13994531444,284.857571214393
395.227442207308,738.255033557047,284.857571214393
400.198856574696,1009.19711657967,284.857571214393
397.713149391002,1029.08277404922,284.857571214393
420.084514044246,673.626646781009,284.857571214393
521.99850857569,753.16927665921,284.857571214393
541.88416604524,733.283619189659,299.850074962519
720.855083271191,1297.53914988814,299.850074962519
810.340541884166,2055.67984091474,284.857571214393
889.883171762366,1901.56599552573,284.857571214393
927.168779517773,1923.93736017897,284.857571214393
966.940094456873,178.970917225951,299.850074962519
1034.0541884166,1836.93760874969,299.850074962519
1034.0541884166,1846.88043748446,284.857571214393
1150.88242605021,144.171016654238,314.842578710645
1267.71066368382,1451.65299527716,284.857571214393
1280.13919960229,1516.28138205319,284.857571214393
1282.62490678598,1053.93984588615,284.857571214393
1282.62490678598,1063.88267462093,284.857571214393
1290.08202833706,1516.28138205319,299.850074962519
1322.39622172508,1670.39522744221,284.857571214393
1334.82475764355,1687.79517772806,284.857571214393
1337.31046482724,1660.45239870743,284.857571214393
1337.31046482724,1677.85234899329,284.857571214393
1553.5669898086,1439.22445935869,284.857571214393
1558.53840417599,1787.22346507581,284.857571214393
1742.48073576933,1824.50907283122,284.857571214393
1777.28063634104,1648.02386278896,284.857571214393
1826.99478001491,333.084762614964,284.857571214393
1876.70892368879,479.741486452896,299.850074962519
1879.19463087248,427.541635595327,299.850074962519
1879.19463087248,1585.88118319662,314.842578710645
1889.13745960726,1575.93835446184,284.857571214393
1899.08028834203,1608.25254784986,299.850074962519
1909.02311707681,1558.53840417599,299.850074962519
1904.05170270942,370.37037037037,299.850074962519
1909.02311707681,439.970171513796,299.850074962519
1916.48023862789,427.541635595327,284.857571214393
1913.9945314442,1575.93835446184,284.857571214393
1923.93736017897,420.084514044246,284.857571214393
1941.33731046483,1667.90952025851,284.857571214393
1988.56574695501,1222.96793437733,284.857571214393
1996.02286850609,613.969674372359,284.857571214393
211.28511061397,1394.4817300522,299.850074962519
412.627392493164,720.855083271191,299.850074962519
449.913000248571,738.255033557047,314.842578710645
452.398707432264,1687.79517772806,314.842578710645
469.798657718121,723.340790454884,299.850074962519
479.741486452896,745.712155108128,314.842578710645
611.483967188665,1071.33979617201,314.842578710645
750.683569475516,1300.02485707184,314.842578710645
770.569226945066,1205.56798409147,314.842578710645
775.540641312453,1227.93934874472,299.850074962519
909.768829231916,981.854337559036,299.850074962519
934.625901068854,1913.9945314442,299.850074962519
1123.53964702958,149.142431021626,299.850074962519
1140.93959731544,181.456624409645,299.850074962519
1290.08202833706,1130.99676858066,314.842578710645
1322.39622172508,768.083519761372,314.842578710645
1337.31046482724,1670.39522744221,299.850074962519
1354.7104151131,1687.79517772806,299.850074962519
1352.22470792941,1675.36664180959,299.850074962519
1404.42455878698,1672.8809346259,314.842578710645
1434.2530449913,1190.65374098931,299.850074962519
1441.71016654238,1648.02386278896,299.850074962519
1464.08153119563,1879.19463087248,299.850074962519
1573.45264727815,1471.53865274671,299.850074962519
1613.22396221725,1486.45289584887,299.850074962519
1767.33780760626,526.969922943077,299.850074962519
1794.6805866269,504.598558289833,299.850074962519
1812.08053691275,556.798409147402,299.850074962519
1871.7375093214,1625.65249813572,299.850074962519
1874.2232165051,1580.90976882923,299.850074962519
1884.16604523987,1630.62391250311,299.850074962519
1896.59458115834,1623.16679095203,299.850074962519
1894.10887397465,437.484464330102,299.850074962519
1906.53740989311,1650.50956997266,314.842578710645
1926.42306736266,1630.62391250311,314.842578710645
2127.76534924186,1334.82475764355,299.850074962519
2145.16529952772,1329.85334327616,314.842578710645
422.570221227939,745.712155108128,314.842578710645
439.970171513796,753.16927665921,314.842578710645
497.141436738752,889.883171762366,314.842578710645
509.569972657221,740.740740740741,314.842578710645
710.912254536416,1029.08277404922,329.835082458771
733.283619189659,1290.08202833706,314.842578710645
787.969177230922,1227.93934874472,314.842578710645
877.454635843898,989.311459110117,314.842578710645
986.825751926423,1416.85309470544,329.835082458771
1036.5398956003,1344.76758637832,314.842578710645
1039.02560278399,1354.7104151131,329.835082458771
1043.99701715138,1834.451901566,314.842578710645
1046.48272433507,1831.9661943823,314.842578710645
1068.85408898832,1332.33905045986,329.835082458771
1150.88242605021,2073.0797912006,314.842578710645
1190.65374098931,1143.42530449913,329.835082458771
1205.56798409147,666.169525229928,329.835082458771
1208.05369127517,656.226696495153,314.842578710645
1252.79642058166,1486.45289584887,314.842578710645
1272.68207805121,807.854834700472,314.842578710645
1282.62490678598,790.454884414616,329.835082458771
1441.71016654238,1884.16604523987,314.842578710645
1441.71016654238,1188.16803380562,314.842578710645
1563.50981854338,1792.1948794432,314.842578710645
1575.93835446184,1988.56574695501,314.842578710645
1633.1096196868,1314.939100174,329.835082458771
1638.08103405419,1660.45239870743,329.835082458771
1769.82351478996,477.255779269202,314.842578710645
1764.85210042257,464.827243350733,314.842578710645
1792.1948794432,1344.76758637832,314.842578710645
1807.10912254536,467.312950534427,314.842578710645
1807.10912254536,1327.36763609247,329.835082458771
1812.08053691275,519.512801391996,314.842578710645
1814.56624409645,1300.02485707184,314.842578710645
1817.05195128014,569.226945065871,314.842578710645
1819.53765846383,556.798409147402,314.842578710645
1822.02336564753,1292.56773552076,314.842578710645
1831.9661943823,1295.05344270445,314.842578710645
1839.42331593338,576.684066616953,314.842578710645
1866.76609495401,1598.30971911509,314.842578710645
1886.65175242356,432.513049962714,314.842578710645
1894.10887397465,1307.48197862292,314.842578710645
1906.53740989311,385.284613472533,314.842578710645
1909.02311707681,1628.13820531941,314.842578710645
1916.48023862789,1613.22396221725,314.842578710645
1921.45165299528,922.197365150385,314.842578710645
1921.45165299528,914.740243599304,314.842578710645
1923.93736017897,1603.28113348248,314.842578710645
1973.65150385285,927.168779517773,314.842578710645
2100.42257022123,1367.13895103157,329.835082458771
2127.76534924186,1359.68182948049,314.842578710645
2137.70817797663,1347.25329356202,314.842578710645
2145.16529952772,1369.62465821526,329.835082458771
2155.10812826249,1369.62465821526,314.842578710645
407.655978125777,1133.48247576436,329.835082458771
477.255779269202,728.312204822272,329.835082458771
633.855331841909,1419.33880188914,329.835082458771
686.055182699478,1014.16853094705,329.835082458771
691.026597066866,1019.13994531444,329.835082458771
693.512304250559,1006.71140939597,329.835082458771
720.855083271191,1016.65423813075,329.835082458771
750.683569475516,917.225950782998,344.827586206897
852.59756400696,1478.99577429779,329.835082458771
857.568978374347,1496.39572458364,329.835082458771
892.36887894606,1469.05294556301,329.835082458771
981.854337559036,1782.25205070843,329.835082458771
1006.71140939597,1006.71140939597,344.827586206897
1021.62565249814,1854.33755903555,344.827586206897
1021.62565249814,1431.76733780761,329.835082458771
1031.56848123291,1344.76758637832,359.820089955023
1046.48272433507,892.36887894606,344.827586206897
1068.85408898832,1342.28187919463,329.835082458771
1081.28262490679,1384.53890131742,344.827586206897
1076.3112105394,1357.19612229679,329.835082458771
1078.79691772309,1339.79617201094,329.835082458771
1130.99676858066,2070.5940840169,329.835082458771
1175.73949788715,1063.88267462093,329.835082458771
1193.13944817301,1918.96594581158,329.835082458771
1257.76783494904,1160.82525478499,344.827586206897
1260.25354213274,1208.05369127517,329.835082458771
1262.73924931643,800.397713149391,329.835082458771
1272.68207805121,790.454884414616,329.835082458771
1282.62490678598,1145.91101168282,329.835082458771
1295.05344270445,775.540641312453,344.827586206897
1300.02485707184,1160.82525478499,344.827586206897
1304.99627143922,1073.8255033557,329.835082458771
1309.96768580661,857.568978374347,329.835082458771
1314.939100174,1081.28262490679,359.820089955023
1339.79617201094,715.883668903803,344.827586206897
1362.16753666418,688.540889883172,344.827586206897
1369.62465821526,661.19811086254,344.827586206897
1396.96743723589,695.998011434253,344.827586206897
1404.42455878698,1155.8538404176,329.835082458771
1414.36738752175,698.483718617947,329.835082458771
1456.62440964454,1896.59458115834,344.827586206897
1568.48123291076,1595.82401193139,344.827586206897
1610.73825503356,1593.3383047477,344.827586206897
1613.22396221725,1486.45289584887,329.835082458771
1618.19537658464,1483.96718866518,329.835082458771
1635.59532687049,1613.22396221725,344.827586206897
1648.02386278896,1304.99627143922,329.835082458771
1662.93810589113,1508.82426050211,329.835082458771
1710.16654238131,1116.0825254785,329.835082458771
1784.73775789212,1307.48197862292,344.827586206897
1784.73775789212,1337.31046482724,329.835082458771
1784.73775789212,1344.76758637832,329.835082458771
1802.13770817798,519.512801391996,329.835082458771
1807.10912254536,1297.53914988814,329.835082458771
1802.13770817798,1312.45339299031,359.820089955023
1809.59482972906,1265.22495650012,329.835082458771
1814.56624409645,1275.1677852349,329.835082458771
1826.99478001491,1252.79642058166,344.827586206897
1856.82326621924,1600.79542629878,329.835082458771
1881.68033805618,1675.36664180959,329.835082458771
1896.59458115834,1657.96669152374,329.835082458771
1899.08028834203,382.798906288839,329.835082458771
1901.56599552573,1625.65249813572,329.835082458771
1906.53740989311,1692.76659209545,329.835082458771
1913.9945314442,1680.33805617698,329.835082458771
1936.36589609744,944.568729803629,329.835082458771
1938.85160328113,874.968928660204,329.835082458771
1946.30872483221,874.968928660204,329.835082458771
1963.70867511807,927.168779517773,329.835082458771
2117.82252050708,1359.68182948049,344.827586206897
425.055928411633,643.798160576684,359.820089955023
584.141188168034,1568.48123291076,344.827586206897
606.512552821278,1556.05269699229,359.820089955023
608.998260004971,1424.31021625653,344.827586206897
611.483967188665,1585.88118319662,374.812593703148
618.941088739746,1394.4817300522,359.820089955023
636.341039025603,1603.28113348248,374.812593703148
991.797166293811,1011.68282376336,344.827586206897
1014.16853094705,1869.25180213771,344.827586206897
1029.08277404922,1777.28063634104,359.820089955023
1046.48272433507,1797.16629381059,359.820089955023
1056.42555306985,1314.939100174,344.827586206897
1073.8255033557,907.283122048223,344.827586206897
1083.76833209048,1359.68182948049,359.820089955023
1123.53964702958,1093.71116082525,359.820089955023
1203.08227690778,1155.8538404176,344.827586206897
1242.85359184688,1178.22520507084,374.812593703148
1252.79642058166,1976.13721103654,344.827586206897
1257.76783494904,1993.5371613224,344.827586206897
1267.71066368382,1143.42530449913,359.820089955023
1275.1677852349,1113.5968182948,344.827586206897
1280.13919960229,1111.11111111111,344.827586206897
1302.51056425553,748.197862291822,359.820089955023
1304.99627143922,845.140442455879,344.827586206897
1307.48197862292,1121.05393984589,344.827586206897
1312.45339299031,720.855083271191,359.820089955023
1314.939100174,1116.0825254785,344.827586206897
1319.91051454139,1126.02535421327,344.827586206897
1324.88192890877,800.397713149391,344.827586206897
1319.91051454139,1712.652249565,359.820089955023
1339.79617201094,1702.70942083023,344.827586206897
1342.28187919463,1712.652249565,359.820089955023
1344.76758637832,705.940840169028,344.827586206897
1357.19612229679,1695.25229927915,344.827586206897
1431.76733780761,683.569475515784,344.827586206897
1426.79592344022,1926.42306736266,374.812593703148
1441.71016654238,1911.5088242605,344.827586206897
1441.71016654238,1904.05170270942,344.827586206897
1444.19587372608,1851.85185185185,344.827586206897
1449.16728809346,658.712403678847,359.820089955023
1474.0243599304,1874.2232165051,344.827586206897
1481.48148148148,651.255282127765,359.820089955023
1496.39572458364,671.140939597315,359.820089955023
1573.45264727815,1590.85259756401,344.827586206897
1585.88118319662,1573.45264727815,359.820089955023
1598.30971911509,1625.65249813572,374.812593703148
1625.65249813572,1573.45264727815,344.827586206897
1652.99527715635,1573.45264727815,359.820089955023
1652.99527715635,1608.25254784986,359.820089955023
1662.93810589113,1588.36689038031,359.820089955023
1715.13795674869,1113.5968182948,359.820089955023
1804.62341536167,1342.28187919463,344.827586206897
1812.08053691275,1285.11061396967,359.820089955023
1849.36614466816,1282.62490678598,359.820089955023
1861.79468058663,1314.939100174,344.827586206897
1938.85160328113,959.482972905792,344.827586206897
1961.22296793438,944.568729803629,344.827586206897
1966.19438230176,949.540144171017,344.827586206897
447.427293064877,648.769574944072,359.820089955023
581.65548098434,1583.39547601293,359.820089955023
673.626646781009,1628.13820531941,389.805097451274
681.08376833209,1570.96694009446,359.820089955023
725.826497638578,954.511558538404,359.820089955023
745.712155108128,961.968680089485,359.820089955023
899.826000497141,1469.05294556301,359.820089955023
927.168779517773,1466.56723837932,374.812593703148
1046.48272433507,1804.62341536167,359.820089955023
1155.8538404176,559.284116331096,359.820089955023
1285.11061396967,1140.93959731544,359.820089955023
1282.62490678598,1715.13795674869,359.820089955023
1295.05344270445,1135.96818294805,359.820089955023
1314.939100174,1056.42555306985,359.820089955023
1322.39622172508,1138.45389013174,359.820089955023
1327.36763609247,1717.62366393239,359.820089955023
1329.85334327616,738.255033557047,374.812593703148
1471.53865274671,673.626646781009,359.820089955023
1474.0243599304,1884.16604523987,359.820089955023
1478.99577429779,1861.79468058663,359.820089955023
1486.45289584887,661.19811086254,359.820089955023
1483.96718866518,1871.7375093214,359.820089955023
1503.85284613473,646.283867760378,374.812593703148
1603.28113348248,1608.25254784986,359.820089955023
1633.1096196868,1603.28113348248,359.820089955023
1692.76659209545,1528.70991797166,359.820089955023
1700.22371364653,1538.65274670644,359.820089955023
1854.33755903555,1652.99527715635,359.820089955023
1876.70892368879,1285.11061396967,359.820089955023
1869.25180213771,1285.11061396967,359.820089955023
1923.93736017897,1285.11061396967,374.812593703148
415.113099676858,643.798160576684,374.812593703148
437.484464330102,648.769574944072,374.812593703148
507.084265473527,1533.68133233905,404.7976011994
554.312701963709,1573.45264727815,389.805097451274
571.712652249565,1575.93835446184,389.805097451274
646.283867760378,1633.1096196868,374.812593703148
653.740989311459,1565.99552572707,389.805097451274
646.283867760378,1312.45339299031,389.805097451274
648.769574944072,1295.05344270445,389.805097451274
651.255282127765,1662.93810589113,374.812593703148
663.683818046234,1680.33805617698,374.812593703148
668.655232413622,1543.62416107383,389.805097451274
663.683818046234,1556.05269699229,374.812593703148
663.683818046234,1628.13820531941,374.812593703148
678.598061148397,1580.90976882923,389.805097451274
668.655232413622,1565.99552572707,374.812593703148
666.169525229928,1613.22396221725,374.812593703148
673.626646781009,1270.19637086751,374.812593703148
681.08376833209,1593.3383047477,374.812593703148
686.055182699478,1300.02485707184,374.812593703148
688.540889883172,1292.56773552076,374.812593703148
693.512304250559,1593.3383047477,389.805097451274
703.455132985334,1583.39547601293,404.7976011994
718.369376087497,954.511558538404,374.812593703148
730.797912005966,944.568729803629,374.812593703148
740.740740740741,956.997265722098,374.812593703148
802.883420333085,1575.93835446184,374.812593703148
842.654735272185,1516.28138205319,374.812593703148
869.997514292816,1317.42480735769,389.805097451274
914.740243599304,792.94059159831,404.7976011994
907.283122048223,1389.51031568481,374.812593703148
912.25453641561,1367.13895103157,374.812593703148
942.083022619935,1441.71016654238,389.805097451274
1016.65423813075,1854.33755903555,374.812593703148
1019.13994531444,1782.25205070843,374.812593703148
1021.62565249814,1774.79492915735,374.812593703148
1039.02560278399,1799.65200099428,374.812593703148
1061.39696743724,1324.88192890877,374.812593703148
1061.39696743724,1319.91051454139,374.812593703148
1068.85408898832,1384.53890131742,374.812593703148
1123.53964702958,1575.93835446184,374.812593703148
1138.45389013174,1583.39547601293,389.805097451274
1148.39671886652,559.284116331096,374.812593703148
1148.39671886652,574.198359433259,374.812593703148
1168.28237633607,586.626895351728,389.805097451274
1163.31096196868,549.341287596321,374.812593703148
1170.76808351976,556.798409147402,389.805097451274
1252.79642058166,1988.56574695501,374.812593703148
1267.71066368382,1700.22371364653,374.812593703148
1277.65349241859,1712.652249565,374.812593703148
1285.11061396967,758.140691026597,374.812593703148
1290.08202833706,1135.96818294805,374.812593703148
1295.05344270445,1884.16604523987,389.805097451274
1304.99627143922,1150.88242605021,374.812593703148
1309.96768580661,730.797912005966,374.812593703148
1312.45339299031,1098.68257519264,374.812593703148
1419.33880188914,1896.59458115834,374.812593703148
1419.33880188914,1886.65175242356,374.812593703148
1431.76733780761,1911.5088242605,374.812593703148
1469.05294556301,633.855331841909,389.805097451274
1469.05294556301,589.112602535421,404.7976011994
1469.05294556301,658.712403678847,374.812593703148
1466.56723837932,611.483967188665,404.7976011994
1471.53865274671,1906.53740989311,389.805097451274
1478.99577429779,1871.7375093214,374.812593703148
1486.45289584887,693.512304250559,374.812593703148
1660.45239870743,1130.99676858066,404.7976011994
1794.6805866269,979.368630375342,374.812593703148
1834.451901566,1252.79642058166,374.812593703148
1839.42331593338,1232.91076311211,374.812593703148
1839.42331593338,1250.31071339796,374.812593703148
1849.36614466816,1319.91051454139,374.812593703148
559.284116331096,1518.76708923689,404.7976011994
564.255530698484,1600.79542629878,419.790104947526
574.198359433259,1503.85284613473,404.7976011994
574.198359433259,1633.1096196868,404.7976011994
579.169773800646,1633.1096196868,389.805097451274
581.65548098434,1516.28138205319,404.7976011994
611.483967188665,1645.53815560527,404.7976011994
616.455381556053,1556.05269699229,389.805097451274
626.398210290828,1662.93810589113,389.805097451274
628.883917474521,1536.16703952274,389.805097451274
636.341039025603,1643.05244842158,419.790104947526
641.31245339299,1538.65274670644,389.805097451274
638.826746209297,1516.28138205319,389.805097451274
646.283867760378,1521.25279642058,389.805097451274
666.169525229928,1685.30947054437,404.7976011994
671.140939597315,1309.96768580661,404.7976011994
683.569475515784,1672.8809346259,419.790104947526
688.540889883172,1630.62391250311,404.7976011994
691.026597066866,1672.8809346259,389.805097451274
810.340541884166,1565.99552572707,389.805097451274
852.59756400696,1516.28138205319,389.805097451274
867.511807109123,1357.19612229679,404.7976011994
879.940343027591,1349.73900074571,404.7976011994
884.911757394979,1329.85334327616,419.790104947526
884.911757394979,1307.48197862292,389.805097451274
889.883171762366,1391.99602286851,404.7976011994
907.283122048223,1399.45314441959,389.805097451274
909.768829231916,1429.28163062391,389.805097451274
912.25453641561,1396.96743723589,389.805097451274
917.225950782998,1369.62465821526,404.7976011994
924.683072334079,1352.22470792941,404.7976011994
984.340044742729,832.71190653741,404.7976011994
996.768580661198,817.797663435247,404.7976011994
1011.68282376336,817.797663435247,404.7976011994
1128.51106139697,1580.90976882923,389.805097451274
1270.19637086751,1697.73800646284,389.805097451274
1329.85334327616,710.912254536416,389.805097451274
1334.82475764355,686.055182699478,404.7976011994
1344.76758637832,693.512304250559,389.805097451274
1391.99602286851,887.397464578673,389.805097451274
1454.13870246085,1911.5088242605,389.805097451274
1478.99577429779,566.741237882178,419.790104947526
1496.39572458364,626.398210290828,389.805097451274
1503.85284613473,638.826746209297,404.7976011994
1513.7956748695,606.512552821278,404.7976011994
1531.19562515536,628.883917474521,389.805097451274
1561.02411135968,1220.48222719364,404.7976011994
1630.62391250311,1638.08103405419,389.805097451274
1665.42381307482,1657.96669152374,404.7976011994
1675.36664180959,1648.02386278896,389.805097451274
1690.28088491176,1650.50956997266,389.805097451274
1707.68083519761,1628.13820531941,404.7976011994
1715.13795674869,1610.73825503356,404.7976011994
1799.65200099428,974.397216007954,389.805097451274
1802.13770817798,984.340044742729,389.805097451274
1851.85185185185,1652.99527715635,389.805097451274
1938.85160328113,1672.8809346259,389.805097451274
544.369873228934,1518.76708923689,404.7976011994
618.941088739746,1541.13845389013,419.790104947526
646.283867760378,1304.99627143922,404.7976011994
653.740989311459,1643.05244842158,419.790104947526
661.19811086254,1297.53914988814,404.7976011994
686.055182699478,1304.99627143922,419.790104947526
738.255033557047,1633.1096196868,419.790104947526
755.654983842903,1593.3383047477,419.790104947526
770.569226945066,1618.19537658464,434.782608695652
770.569226945066,1568.48123291076,449.775112443778
765.597812577678,1650.50956997266,449.775112443778
785.483470047228,1580.90976882923,419.790104947526
797.912005965697,1682.82376336068,419.790104947526
825.254784986329,1588.36689038031,404.7976011994
827.740492170022,1583.39547601293,404.7976011994
837.683320904797,1595.82401193139,404.7976011994
874.968928660204,1300.02485707184,434.782608695652
902.311707680835,1411.88168033806,404.7976011994
924.683072334079,1444.19587372608,404.7976011994
1267.71066368382,775.540641312453,419.790104947526
1272.68207805121,743.226447924435,419.790104947526
1327.36763609247,743.226447924435,404.7976011994
1434.2530449913,1414.36738752175,419.790104947526
1456.62440964454,1404.42455878698,404.7976011994
1483.96718866518,1406.91026597067,419.790104947526
1521.25279642058,618.941088739746,404.7976011994
1546.10986825752,613.969674372359,419.790104947526
1553.5669898086,1237.88217747949,404.7976011994
1657.96669152374,1672.8809346259,404.7976011994
1672.8809346259,1128.51106139697,404.7976011994
1680.33805617698,1633.1096196868,404.7976011994
1700.22371364653,1623.16679095203,404.7976011994
1712.652249565,1667.90952025851,419.790104947526
1841.90902311708,1655.48098434004,404.7976011994
584.141188168034,1628.13820531941,419.790104947526
606.512552821278,1613.22396221725,434.782608695652
633.855331841909,1541.13845389013,419.790104947526
641.31245339299,1531.19562515536,419.790104947526
725.826497638578,1682.82376336068,419.790104947526
735.769326373353,1608.25254784986,434.782608695652
748.197862291822,1682.82376336068,434.782608695652
865.026099925429,1300.02485707184,419.790104947526
897.340293313448,1297.53914988814,419.790104947526
909.768829231916,1322.39622172508,449.775112443778
1034.0541884166,1205.56798409147,419.790104947526
1039.02560278399,1220.48222719364,419.790104947526
1043.99701715138,1215.51081282625,419.790104947526
1051.45413870246,1456.62440964454,419.790104947526
1245.33929903057,780.512055679841,434.782608695652
1260.25354213274,765.597812577678,434.782608695652
1295.05344270445,720.855083271191,419.790104947526
1304.99627143922,1150.88242605021,419.790104947526
1319.91051454139,1118.56823266219,434.782608695652
1324.88192890877,713.397961720109,419.790104947526
1337.31046482724,797.912005965697,419.790104947526
1488.93860303256,1444.19587372608,449.775112443778
1496.39572458364,613.969674372359,419.790104947526
1511.30996768581,1441.71016654238,419.790104947526
1518.76708923689,636.341039025603,419.790104947526
1546.10986825752,636.341039025603,434.782608695652
1556.05269699229,626.398210290828,434.782608695652
1690.28088491176,1628.13820531941,419.790104947526
1727.56649266716,1682.82376336068,434.782608695652
594.084016902809,1605.76684066617,434.782608695652
713.397961720109,1610.73825503356,434.782608695652
715.883668903803,1635.59532687049,434.782608695652
773.05493412876,1585.88118319662,434.782608695652
782.997762863535,1682.82376336068,449.775112443778
815.311956251554,1685.30947054437,464.767616191904
815.311956251554,1628.13820531941,449.775112443778
912.25453641561,974.397216007954,434.782608695652
932.14019388516,907.283122048223,434.782608695652
1034.0541884166,1466.56723837932,434.782608695652
1048.96843151877,1471.53865274671,449.775112443778
1086.25403927417,1476.51006711409,434.782608695652
1449.16728809346,1610.73825503356,434.782608695652
1456.62440964454,1379.56748695004,464.767616191904
1476.51006711409,1382.05319413373,449.775112443778
1573.45264727815,1053.93984588615,464.767616191904
1590.85259756401,1073.8255033557,449.775112443778
1600.79542629878,1043.99701715138,449.775112443778
708.426547352722,1633.1096196868,449.775112443778
738.255033557047,1573.45264727815,464.767616191904
738.255033557047,1660.45239870743,449.775112443778
780.512055679841,1670.39522744221,449.775112443778
790.454884414616,1593.3383047477,449.775112443778
1039.02560278399,964.454387273179,464.767616191904
1051.45413870246,1451.65299527716,449.775112443778
1496.39572458364,1429.28163062391,449.775112443778
1568.48123291076,1091.22545364156,464.767616191904
1610.73825503356,1078.79691772309,464.767616191904
790.454884414616,1662.93810589113,464.767616191904
800.397713149391,1625.65249813572,464.767616191904
805.369127516779,1652.99527715635,464.767616191904
1270.19637086751,1513.7956748695,479.76011994003
1287.59632115337,1506.33855331842,464.767616191904
1292.56773552076,1461.59582401193,479.76011994003
1304.99627143922,1481.48148148148,479.76011994003
1459.11011682824,1613.22396221725,479.76011994003
1486.45289584887,1384.53890131742,479.76011994003
1580.90976882923,1098.68257519264,479.76011994003
1610.73825503356,1118.56823266219,479.76011994003
919.711657966692,909.768829231916,479.76011994003
1444.19587372608,1603.28113348248,479.76011994003
1451.65299527716,1610.73825503356,479.76011994003
1578.42406164554,1063.88267462093,479.76011994003
