17.3999502858563,1126.02535421327,29.9850074962519
32.3141933880189,1126.02535421327,14.9925037481259
89.4854586129754,1096.19686800895,14.9925037481259
96.9425801640567,1121.05393984589,14.9925037481259
121.799652000994,1404.42455878698,14.9925037481259
124.285359184688,94.4568729803629,14.9925037481259
126.771066368382,1401.93885160328,14.9925037481259
141.685309470544,101.913994531444,14.9925037481259
144.171016654238,126.771066368382,14.9925037481259
156.599552572707,2361.42182450907,14.9925037481259
183.942331593338,1113.5968182948,14.9925037481259
206.313696246582,1130.99676858066,14.9925037481259
221.227939348745,1039.02560278399,14.9925037481259
226.199353716132,1051.45413870246,14.9925037481259
241.113596818295,517.027094208302,14.9925037481259
422.570221227939,2020.87994034303,14.9925037481259
427.541635595327,2132.73676360925,14.9925037481259
422.570221227939,2030.8227690778,29.9850074962519
439.970171513796,2040.76559781258,14.9925037481259
472.284364901815,315.684812329108,14.9925037481259
561.76982351479,1998.50857568978,14.9925037481259
626.398210290828,2120.30822769078,29.9850074962519
631.369624658215,2102.90827740492,14.9925037481259
646.283867760378,2120.30822769078,14.9925037481259
643.798160576684,2150.1367138951,14.9925037481259
646.283867760378,2137.70817797663,14.9925037481259
653.740989311459,2137.70817797663,14.9925037481259
778.026348496147,442.455878697489,29.9850074962519
785.483470047228,2207.30797912006,29.9850074962519
780.512055679841,2145.16529952772,29.9850074962519
782.997762863535,218.742232165051,14.9925037481259
795.426298782004,2182.45090728312,14.9925037481259
800.397713149391,208.799403430276,14.9925037481259
800.397713149391,2194.87944320159,14.9925037481259
802.883420333085,2202.33656475267,14.9925037481259
815.311956251554,2177.47949291573,29.9850074962519
1001.73999502859,251.05642555307,14.9925037481259
1006.71140939597,263.484961471539,14.9925037481259
1195.6251553567,2045.73701217997,29.9850074962519
1257.76783494904,1459.11011682824,29.9850074962519
1327.36763609247,1454.13870246085,29.9850074962519
1357.19612229679,1553.5669898086,29.9850074962519
1454.13870246085,1538.65274670644,14.9925037481259
1705.19512801392,1660.45239870743,14.9925037481259
1722.59507829978,1476.51006711409,14.9925037481259
1725.08078548347,1598.30971911509,14.9925037481259
1737.50932140194,1483.96718866518,14.9925037481259
1754.9092716878,1568.48123291076,29.9850074962519
1787.22346507581,126.771066368382,29.9850074962519
1824.50907283122,1421.82450907283,14.9925037481259
1834.451901566,534.427044494159,14.9925037481259
1829.48048719861,1600.79542629878,14.9925037481259
1834.451901566,812.82624906786,14.9925037481259
1841.90902311708,800.397713149391,14.9925037481259
1854.33755903555,1558.53840417599,14.9925037481259
1859.30897340293,790.454884414616,14.9925037481259
1861.79468058663,785.483470047228,14.9925037481259
1879.19463087248,554.312701963709,14.9925037481259
1876.70892368879,872.48322147651,14.9925037481259
2075.56549838429,2005.96569724086,14.9925037481259
2120.30822769078,1899.08028834203,14.9925037481259
2122.79393487447,1983.59433258762,29.9850074962519
2127.76534924186,1918.96594581158,29.9850074962519
2127.76534924186,1953.7658463833,14.9925037481259
2130.25105642555,1884.16604523987,14.9925037481259
2135.22247079294,1961.22296793438,14.9925037481259
2217.25080785483,1585.88118319662,29.9850074962519
2299.27914491673,183.942331593338,14.9925037481259
2314.19338801889,166.542381307482,14.9925037481259
2316.67909520259,208.799403430276,14.9925037481259
2381.30748197862,347.999005717127,14.9925037481259
2431.0216256525,365.398956002983,29.9850074962519
121.799652000994,1414.36738752175,29.9850074962519
541.88416604524,340.541884166045,44.9775112443778
559.284116331096,345.513298533433,44.9775112443778
569.226945065871,482.22719363659,29.9850074962519
760.626398210291,2170.02237136465,29.9850074962519
775.540641312453,2179.96520009943,29.9850074962519
780.512055679841,223.713646532438,29.9850074962519
790.454884414616,2160.07954262988,29.9850074962519
797.912005965697,226.199353716132,29.9850074962519
817.797663435247,2160.07954262988,29.9850074962519
822.769077802635,2147.65100671141,29.9850074962519
837.683320904797,725.826497638578,44.9775112443778
942.083022619935,2242.10787969177,29.9850074962519
947.054436987323,2247.07929405916,29.9850074962519
961.968680089485,2269.4506587124,29.9850074962519
999.254287844892,258.513547104151,29.9850074962519
1208.05369127517,2010.93711160825,44.9775112443778
1242.85359184688,1481.48148148148,44.9775112443778
1255.28212776535,1441.71016654238,44.9775112443778
1327.36763609247,1538.65274670644,29.9850074962519
1347.25329356202,1548.59557544121,29.9850074962519
1391.99602286851,1501.36713895103,29.9850074962519
1531.19562515536,196.370867511807,29.9850074962519
1722.59507829978,1814.56624409645,29.9850074962519
1737.50932140194,1575.93835446184,44.9775112443778
1804.62341536167,86.9997514292816,29.9850074962519
1809.59482972906,94.4568729803629,29.9850074962519
1817.05195128014,94.4568729803629,29.9850074962519
1819.53765846383,509.569972657221,29.9850074962519
1909.02311707681,2259.50782997763,29.9850074962519
1911.5088242605,1369.62465821526,29.9850074962519
1911.5088242605,2254.53641561024,29.9850074962519
1921.45165299528,1459.11011682824,29.9850074962519
2028.33706189411,487.198608003977,29.9850074962519
2132.73676360925,1948.79443201591,29.9850074962519
2140.19388516033,1923.93736017897,29.9850074962519
2160.07954262988,1909.02311707681,29.9850074962519
2167.53666418096,1749.93785732041,44.9775112443778
2192.3937360179,1575.93835446184,44.9775112443778
2219.73651503853,1568.48123291076,29.9850074962519
2301.76485210042,176.485210042257,29.9850074962519
2331.59333830475,164.056674123788,29.9850074962519
2356.45041014169,347.999005717127,29.9850074962519
2386.27889634601,343.027591349739,29.9850074962519
104.399701715138,1307.48197862292,44.9775112443778
101.913994531444,1314.939100174,44.9775112443778
109.371116082525,1292.56773552076,44.9775112443778
228.685060899826,549.341287596321,59.9700149925037
290.82774049217,1909.02311707681,44.9775112443778
300.770569226945,1909.02311707681,44.9775112443778
308.227690778026,1918.96594581158,44.9775112443778
427.541635595327,1436.73875217499,44.9775112443778
442.455878697489,164.056674123788,74.9625187406297
449.913000248571,144.171016654238,44.9775112443778
457.370121799652,139.199602286851,44.9775112443778
464.827243350733,146.656723837932,44.9775112443778
482.22719363659,924.683072334079,59.9700149925037
556.798409147402,1063.88267462093,44.9775112443778
561.76982351479,1043.99701715138,59.9700149925037
581.65548098434,477.255779269202,44.9775112443778
594.084016902809,1039.02560278399,59.9700149925037
606.512552821278,464.827243350733,44.9775112443778
628.883917474521,1036.5398956003,44.9775112443778
810.340541884166,713.397961720109,44.9775112443778
822.769077802635,735.769326373353,44.9775112443778
937.111608252548,1913.9945314442,59.9700149925037
937.111608252548,2274.42207307979,44.9775112443778
937.111608252548,1933.88018891375,44.9775112443778
937.111608252548,1966.19438230176,44.9775112443778
939.597315436242,1938.85160328113,44.9775112443778
959.482972905792,1570.96694009446,59.9700149925037
964.454387273179,1573.45264727815,44.9775112443778
979.368630375342,1580.90976882923,44.9775112443778
1232.91076311211,1471.53865274671,44.9775112443778
1297.53914988814,338.056176982351,59.9700149925037
1441.71016654238,159.085259756401,59.9700149925037
1523.73850360428,201.342281879195,44.9775112443778
1585.88118319662,618.941088739746,74.9625187406297
1715.13795674869,1113.5968182948,59.9700149925037
1779.76634352473,131.742480735769,44.9775112443778
1799.65200099428,99.4282873477504,44.9775112443778
1812.08053691275,1625.65249813572,44.9775112443778
1841.90902311708,323.141933880189,59.9700149925037
1876.70892368879,385.284613472533,44.9775112443778
1926.42306736266,1685.30947054437,59.9700149925037
2015.90852597564,479.741486452896,44.9775112443778
2152.6224210788,1923.93736017897,44.9775112443778
2192.3937360179,1757.39497887149,44.9775112443778
2197.36515038528,1762.36639323888,59.9700149925037
2376.33606761124,345.513298533433,44.9775112443778
39.7713149391002,1240.36788466319,74.9625187406297
69.5998011434253,1205.56798409147,74.9625187406297
111.856823266219,1526.22421078797,74.9625187406297
377.827491921452,338.056176982351,59.9700149925037
380.313199105145,1456.62440964454,59.9700149925037
392.741735023614,1461.59582401193,59.9700149925037
397.713149391002,1469.05294556301,59.9700149925037
422.570221227939,1466.56723837932,59.9700149925037
569.226945065871,1088.73974645787,59.9700149925037
574.198359433259,1093.71116082525,59.9700149925037
579.169773800646,778.026348496147,74.9625187406297
586.626895351728,775.540641312453,59.9700149925037
596.569724086503,2010.93711160825,59.9700149925037
601.54113845389,2033.3084762615,59.9700149925037
604.026845637584,1011.68282376336,74.9625187406297
842.654735272185,1292.56773552076,74.9625187406297
857.568978374347,2003.47999005717,74.9625187406297
952.02585135471,1961.22296793438,74.9625187406297
966.940094456873,1958.73726075068,74.9625187406297
966.940094456873,1600.79542629878,59.9700149925037
974.397216007954,1598.30971911509,59.9700149925037
1225.45364156102,1769.82351478996,74.9625187406297
1431.76733780761,141.685309470544,59.9700149925037
1583.39547601293,641.31245339299,59.9700149925037
1593.3383047477,641.31245339299,59.9700149925037
1615.70966940094,638.826746209297,74.9625187406297
1638.08103405419,1444.19587372608,74.9625187406297
1657.96669152374,1456.62440964454,74.9625187406297
1871.7375093214,912.25453641561,74.9625187406297
1876.70892368879,902.311707680835,74.9625187406297
1968.68008948546,1334.82475764355,74.9625187406297
2030.8227690778,1307.48197862292,74.9625187406297
2207.30797912006,1739.99502858563,74.9625187406297
124.285359184688,1546.10986825752,89.9550224887556
173.999502858563,1193.13944817301,74.9625187406297
226.199353716132,780.512055679841,89.9550224887556
482.22719363659,944.568729803629,89.9550224887556
556.798409147402,802.883420333085,89.9550224887556
576.684066616953,1976.13721103654,89.9550224887556
584.141188168034,790.454884414616,74.9625187406297
765.597812577678,1501.36713895103,89.9550224887556
778.026348496147,1506.33855331842,89.9550224887556
810.340541884166,1826.99478001491,89.9550224887556
1098.68257519264,1434.2530449913,74.9625187406297
1213.02510564256,1802.13770817798,89.9550224887556
1314.939100174,303.256276410639,89.9550224887556
1441.71016654238,2416.10738255034,104.947526236882
1593.3383047477,1262.73924931643,104.947526236882
1605.76684066617,628.883917474521,74.9625187406297
1603.28113348248,1536.16703952274,74.9625187406297
1620.68108376833,1546.10986825752,89.9550224887556
1625.65249813572,1531.19562515536,89.9550224887556
1662.93810589113,613.969674372359,74.9625187406297
1722.59507829978,1824.50907283122,89.9550224887556
1976.13721103654,2204.82227193637,74.9625187406297
2040.76559781258,1304.99627143922,74.9625187406297
32.3141933880189,1001.73999502859,104.947526236882
166.542381307482,705.940840169028,89.9550224887556
181.456624409645,715.883668903803,89.9550224887556
243.599304001989,1921.45165299528,89.9550224887556
325.627641063883,1799.65200099428,104.947526236882
420.084514044246,1421.82450907283,89.9550224887556
425.055928411633,1421.82450907283,89.9550224887556
477.255779269202,208.799403430276,104.947526236882
564.255530698484,1414.36738752175,89.9550224887556
564.255530698484,1988.56574695501,104.947526236882
566.741237882178,1387.02460850112,104.947526236882
584.141188168034,1394.4817300522,89.9550224887556
852.59756400696,2401.19313944817,89.9550224887556
862.540392741735,352.970420084514,89.9550224887556
872.48322147651,2413.62167536664,89.9550224887556
877.454635843898,1822.02336564753,89.9550224887556
897.340293313448,387.770320656227,104.947526236882
917.225950782998,425.055928411633,89.9550224887556
964.454387273179,1976.13721103654,89.9550224887556
961.968680089485,596.569724086503,104.947526236882
1175.73949788715,2445.93586875466,104.947526236882
1217.99652000994,1792.1948794432,89.9550224887556
1302.51056425553,305.741983594333,89.9550224887556
1309.96768580661,325.627641063883,89.9550224887556
1528.70991797166,1217.99652000994,104.947526236882
1598.30971911509,1536.16703952274,89.9550224887556
1605.76684066617,1546.10986825752,89.9550224887556
1608.25254784986,638.826746209297,89.9550224887556
1610.73825503356,1277.65349241859,104.947526236882
1846.88043748446,884.911757394979,104.947526236882
1851.85185185185,922.197365150385,104.947526236882
1859.30897340293,887.397464578673,89.9550224887556
1866.76609495401,845.140442455879,89.9550224887556
1961.22296793438,2199.85085756898,89.9550224887556
1988.56574695501,1436.73875217499,104.947526236882
2010.93711160825,1416.85309470544,119.940029985007
2020.87994034303,1429.28163062391,104.947526236882
2048.22271936366,1421.82450907283,104.947526236882
2055.67984091474,1444.19587372608,104.947526236882
2140.19388516033,487.198608003977,104.947526236882
2140.19388516033,497.141436738752,89.9550224887556
2199.85085756898,1727.56649266716,89.9550224887556
2321.65050956997,698.483718617947,89.9550224887556
2393.73601789709,1016.65423813075,104.947526236882
2418.59308973403,1384.53890131742,104.947526236882
2450.90728312205,1379.56748695004,104.947526236882
2480.73576932637,1183.19661943823,89.9550224887556
4.97141436738752,1006.71140939597,119.940029985007
221.227939348745,820.283370618941,119.940029985007
223.713646532438,807.854834700472,104.947526236882
484.712900820283,221.227939348745,104.947526236882
845.140442455879,2398.70743226448,104.947526236882
919.711657966692,1856.82326621924,104.947526236882
981.854337559036,643.798160576684,104.947526236882
991.797166293811,417.598806860552,119.940029985007
991.797166293811,613.969674372359,119.940029985007
991.797166293811,1819.53765846383,119.940029985007
1004.22570221228,1841.90902311708,104.947526236882
1014.16853094705,1799.65200099428,119.940029985007
1024.11135968183,559.284116331096,104.947526236882
1081.28262490679,211.28511061397,104.947526236882
1083.76833209048,134.228187919463,134.932533733133
1227.93934874472,964.454387273179,104.947526236882
1232.91076311211,2435.99304001989,104.947526236882
1426.79592344022,2426.05021128511,104.947526236882
1623.16679095203,1272.68207805121,119.940029985007
1874.2232165051,904.797414864529,104.947526236882
1938.85160328113,1426.79592344022,119.940029985007
2097.93686303753,457.370121799652,104.947526236882
2279.39348744718,907.283122048223,134.932533733133
2291.82202336565,874.968928660204,119.940029985007
2455.87869748944,1364.65324384787,104.947526236882
2465.82152622421,1349.73900074571,104.947526236882
86.9997514292816,1357.19612229679,119.940029985007
91.9711657966692,1359.68182948049,119.940029985007
198.856574695501,1933.88018891375,119.940029985007
206.313696246582,1697.73800646284,119.940029985007
564.255530698484,1377.08177976634,119.940029985007
713.397961720109,691.026597066866,119.940029985007
904.797414864529,412.627392493164,119.940029985007
959.482972905792,606.512552821278,119.940029985007
961.968680089485,641.31245339299,119.940029985007
969.425801640567,653.740989311459,119.940029985007
971.911508824261,628.883917474521,119.940029985007
974.397216007954,407.655978125777,119.940029985007
974.397216007954,633.855331841909,119.940029985007
974.397216007954,651.255282127765,119.940029985007
991.797166293811,646.283867760378,119.940029985007
1160.82525478499,2445.93586875466,119.940029985007
1210.53939845886,2445.93586875466,119.940029985007
1215.51081282625,2448.42157593835,134.932533733133
1227.93934874472,2440.96445438727,119.940029985007
1247.82500621427,2421.07879691772,119.940029985007
1270.19637086751,173.999502858563,119.940029985007
1277.65349241859,173.999502858563,119.940029985007
1367.13895103157,1725.08078548347,119.940029985007
1449.16728809346,221.227939348745,134.932533733133
1451.65299527716,226.199353716132,119.940029985007
1471.53865274671,226.199353716132,134.932533733133
1573.45264727815,1242.85359184688,119.940029985007
1640.56674123788,1275.1677852349,119.940029985007
1826.99478001491,904.797414864529,119.940029985007
1918.96594581158,509.569972657221,134.932533733133
1981.10862540393,1426.79592344022,134.932533733133
1996.02286850609,1436.73875217499,119.940029985007
2035.79418344519,1419.33880188914,119.940029985007
2110.365398956,1352.22470792941,149.925037481259
2107.87969177231,1409.39597315436,119.940029985007
2237.13646532438,1720.10937111608,119.940029985007
2247.07929405916,1667.90952025851,119.940029985007
57.1712652249565,994.282873477504,134.932533733133
62.142679592344,991.797166293811,134.932533733133
84.5140442455879,1889.13745960726,134.932533733133
233.656475267214,1710.16654238131,134.932533733133
280.884911757395,1513.7956748695,149.925037481259
395.227442207308,278.399204573701,149.925037481259
576.684066616953,221.227939348745,134.932533733133
589.112602535421,216.256524981357,149.925037481259
594.084016902809,1424.31021625653,134.932533733133
782.997762863535,2314.19338801889,134.932533733133
805.369127516779,2309.2219736515,149.925037481259
961.968680089485,626.398210290828,134.932533733133
1252.79642058166,1083.76833209048,149.925037481259
1347.25329356202,1722.59507829978,134.932533733133
1352.22470792941,1752.4235645041,149.925037481259
1372.11036539896,1735.02361421825,134.932533733133
1493.91001739995,106.885408898832,149.925037481259
1503.85284613473,109.371116082525,134.932533733133
1548.59557544121,1677.85234899329,149.925037481259
1548.59557544121,1280.13919960229,134.932533733133
1583.39547601293,1250.31071339796,134.932533733133
1831.9661943823,350.48471290082,134.932533733133
1921.45165299528,546.855580412627,134.932533733133
1923.93736017897,541.88416604524,134.932533733133
2080.53691275168,1337.31046482724,134.932533733133
2120.30822769078,447.427293064877,134.932533733133
2127.76534924186,1357.19612229679,149.925037481259
2261.99353716132,1710.16654238131,134.932533733133
47.2284364901815,835.197613721104,149.925037481259
208.799403430276,954.511558538404,164.917541229385
241.113596818295,1575.93835446184,149.925037481259
248.570718369376,1580.90976882923,149.925037481259
273.427790206314,1722.59507829978,149.925037481259
298.284862043251,1553.5669898086,149.925037481259
300.770569226945,1568.48123291076,164.917541229385
434.998757146408,2137.70817797663,164.917541229385
574.198359433259,236.142182450907,149.925037481259
576.684066616953,1454.13870246085,149.925037481259
626.398210290828,1826.99478001491,164.917541229385
623.912503107134,1568.48123291076,149.925037481259
678.598061148397,631.369624658215,149.925037481259
691.026597066866,608.998260004971,164.917541229385
688.540889883172,208.799403430276,149.925037481259
708.426547352722,586.626895351728,164.917541229385
708.426547352722,648.769574944072,149.925037481259
971.911508824261,591.598309719115,149.925037481259
976.882923191648,1854.33755903555,149.925037481259
979.368630375342,1826.99478001491,149.925037481259
984.340044742729,494.655729555058,149.925037481259
991.797166293811,477.255779269202,149.925037481259
1039.02560278399,24.8570718369376,149.925037481259
1041.51130996769,91.9711657966692,164.917541229385
1138.45389013174,1198.11086254039,149.925037481259
1302.51056425553,415.113099676858,164.917541229385
1319.91051454139,1720.10937111608,164.917541229385
1334.82475764355,1692.76659209545,164.917541229385
1339.79617201094,1710.16654238131,164.917541229385
1352.22470792941,1692.76659209545,149.925037481259
1369.62465821526,1695.25229927915,164.917541229385
1369.62465821526,1725.08078548347,149.925037481259
1394.4817300522,1705.19512801392,149.925037481259
1565.99552572707,889.883171762366,149.925037481259
1784.73775789212,1200.59656972409,164.917541229385
1787.22346507581,1175.73949788715,149.925037481259
1799.65200099428,1886.65175242356,164.917541229385
1804.62341536167,1901.56599552573,149.925037481259
1819.53765846383,1901.56599552573,149.925037481259
2227.19363658961,1749.93785732041,149.925037481259
2232.165050957,832.71190653741,164.917541229385
2232.165050957,1752.4235645041,149.925037481259
2244.59358687547,1705.19512801392,149.925037481259
2259.50782997763,1809.59482972906,149.925037481259
2269.4506587124,1802.13770817798,149.925037481259
2274.42207307979,1807.10912254536,149.925037481259
2306.73626646781,865.026099925429,149.925037481259
4.97141436738752,735.769326373353,164.917541229385
7.45712155108128,743.226447924435,164.917541229385
12.4285359184688,730.797912005966,164.917541229385
29.8284862043251,1419.33880188914,164.917541229385
253.542132736764,1011.68282376336,179.910044977511
258.513547104151,1702.70942083023,164.917541229385
258.513547104151,1712.652249565,164.917541229385
280.884911757395,1715.13795674869,164.917541229385
308.227690778026,1556.05269699229,164.917541229385
380.313199105145,1931.39448173005,179.910044977511
584.141188168034,1451.65299527716,164.917541229385
604.026845637584,246.085011185682,164.917541229385
638.826746209297,1802.13770817798,179.910044977511
663.683818046234,616.455381556053,164.917541229385
691.026597066866,183.942331593338,164.917541229385
691.026597066866,574.198359433259,179.910044977511
695.998011434253,628.883917474521,164.917541229385
705.940840169028,994.282873477504,164.917541229385
718.369376087497,646.283867760378,164.917541229385
720.855083271191,638.826746209297,164.917541229385
745.712155108128,775.540641312453,164.917541229385
792.94059159831,2309.2219736515,164.917541229385
986.825751926423,226.199353716132,164.917541229385
999.254287844892,84.5140442455879,164.917541229385
1001.73999502859,77.0569226945066,164.917541229385
1009.19711657967,203.827989062888,164.917541229385
1006.71140939597,1232.91076311211,164.917541229385
1009.19711657967,556.798409147402,164.917541229385
1026.59706686552,2040.76559781258,164.917541229385
1128.51106139697,278.399204573701,164.917541229385
1130.99676858066,260.999254287845,164.917541229385
1133.48247576436,1208.05369127517,164.917541229385
1200.59656972409,2155.10812826249,164.917541229385
1252.79642058166,330.59905543127,179.910044977511
1277.65349241859,328.113348247576,179.910044977511
1334.82475764355,1158.33954760129,164.917541229385
1334.82475764355,1150.88242605021,164.917541229385
1377.08177976634,1712.652249565,164.917541229385
1414.36738752175,1769.82351478996,164.917541229385
1424.31021625653,1767.33780760626,179.910044977511
1429.28163062391,1749.93785732041,164.917541229385
1600.79542629878,1382.05319413373,164.917541229385
1685.30947054437,979.368630375342,164.917541229385
1687.79517772806,437.484464330102,164.917541229385
1692.76659209545,984.340044742729,164.917541229385
1700.22371364653,961.968680089485,164.917541229385
1697.73800646284,449.913000248571,164.917541229385
1707.68083519761,439.970171513796,164.917541229385
1737.50932140194,295.799154859558,179.910044977511
1759.88068605518,604.026845637584,179.910044977511
1762.36639323888,280.884911757395,164.917541229385
1767.33780760626,589.112602535421,179.910044977511
1759.88068605518,1777.28063634104,164.917541229385
1762.36639323888,288.342033308476,164.917541229385
1769.82351478996,283.370618941089,164.917541229385
1826.99478001491,633.855331841909,164.917541229385
1851.85185185185,626.398210290828,179.910044977511
2068.10837683321,608.998260004971,164.917541229385
2075.56549838429,608.998260004971,179.910044977511
2107.87969177231,584.141188168034,179.910044977511
2112.8511061397,618.941088739746,179.910044977511
2281.87919463087,1782.25205070843,164.917541229385
14.9142431021626,740.740740740741,179.910044977511
37.2856077554064,1419.33880188914,179.910044977511
62.142679592344,1454.13870246085,179.910044977511
67.1140939597315,1026.59706686552,194.902548725637
79.5426298782003,1019.13994531444,179.910044977511
159.085259756401,949.540144171017,179.910044977511
186.428038777032,927.168779517773,179.910044977511
193.885160328113,927.168779517773,179.910044977511
213.770817797663,1722.59507829978,179.910044977511
221.227939348745,932.14019388516,179.910044977511
233.656475267214,611.483967188665,179.910044977511
265.970668655232,631.369624658215,179.910044977511
265.970668655232,1705.19512801392,179.910044977511
283.370618941089,1727.56649266716,179.910044977511
375.341784737758,1946.30872483221,179.910044977511
380.313199105145,1916.48023862789,179.910044977511
392.741735023614,497.141436738752,194.902548725637
457.370121799652,484.712900820283,179.910044977511
457.370121799652,507.084265473527,194.902548725637
484.712900820283,502.11285110614,194.902548725637
492.170022371365,487.198608003977,179.910044977511
509.569972657221,241.113596818295,179.910044977511
512.055679840915,1578.42406164554,179.910044977511
566.741237882178,258.513547104151,179.910044977511
586.626895351728,228.685060899826,179.910044977511
616.455381556053,1543.62416107383,179.910044977511
618.941088739746,1536.16703952274,179.910044977511
631.369624658215,1575.93835446184,179.910044977511
636.341039025603,1752.4235645041,179.910044977511
673.626646781009,576.684066616953,179.910044977511
678.598061148397,188.913745960726,194.902548725637
691.026597066866,678.598061148397,179.910044977511
695.998011434253,636.341039025603,179.910044977511
703.455132985334,579.169773800646,179.910044977511
713.397961720109,574.198359433259,179.910044977511
710.912254536416,186.428038777032,179.910044977511
723.340790454884,651.255282127765,194.902548725637
725.826497638578,576.684066616953,179.910044977511
733.283619189659,581.65548098434,179.910044977511
753.16927665921,608.998260004971,194.902548725637
753.16927665921,581.65548098434,194.902548725637
937.111608252548,96.9425801640567,179.910044977511
964.454387273179,114.342530449913,179.910044977511
1006.71140939597,111.856823266219,194.902548725637
1009.19711657967,79.5426298782003,179.910044977511
1014.16853094705,64.6283867760378,179.910044977511
1014.16853094705,193.885160328113,179.910044977511
1016.65423813075,52.199850857569,179.910044977511
1029.08277404922,2023.36564752672,194.902548725637
1029.08277404922,57.1712652249565,179.910044977511
1039.02560278399,84.5140442455879,194.902548725637
1039.02560278399,124.285359184688,179.910044977511
1046.48272433507,166.542381307482,179.910044977511
1051.45413870246,84.5140442455879,179.910044977511
1138.45389013174,258.513547104151,179.910044977511
1250.31071339796,303.256276410639,179.910044977511
1252.79642058166,370.37037037037,194.902548725637
1257.76783494904,325.627641063883,179.910044977511
1295.05344270445,323.141933880189,179.910044977511
1317.42480735769,1690.28088491176,194.902548725637
1342.28187919463,1155.8538404176,194.902548725637
1382.05319413373,1682.82376336068,194.902548725637
1396.96743723589,1692.76659209545,179.910044977511
1404.42455878698,1700.22371364653,179.910044977511
1414.36738752175,1720.10937111608,179.910044977511
1421.82450907283,1727.56649266716,194.902548725637
1436.73875217499,1762.36639323888,179.910044977511
1506.33855331842,887.397464578673,209.895052473763
1536.16703952274,1387.02460850112,179.910044977511
1570.96694009446,1377.08177976634,194.902548725637
1605.76684066617,1406.91026597067,179.910044977511
1608.25254784986,1379.56748695004,179.910044977511
1630.62391250311,1384.53890131742,179.910044977511
1638.08103405419,1379.56748695004,179.910044977511
1695.25229927915,979.368630375342,179.910044977511
1710.16654238131,976.882923191648,179.910044977511
1712.652249565,969.425801640567,179.910044977511
1735.02361421825,288.342033308476,179.910044977511
1772.30922197365,275.913497390007,179.910044977511
1782.25205070843,648.769574944072,179.910044977511
1799.65200099428,648.769574944072,179.910044977511
1839.42331593338,2087.99403430276,179.910044977511
1941.33731046483,1879.19463087248,179.910044977511
1983.59433258762,1884.16604523987,179.910044977511
2065.62266964952,596.569724086503,179.910044977511
2075.56549838429,556.798409147402,194.902548725637
2095.45115585384,594.084016902809,179.910044977511
2130.25105642555,596.569724086503,194.902548725637
2165.05095699727,1307.48197862292,194.902548725637
2289.33631618195,1777.28063634104,179.910044977511
7.45712155108128,1260.25354213274,209.895052473763
24.8570718369376,1255.28212776535,209.895052473763
24.8570718369376,1382.05319413373,209.895052473763
22.3713646532438,1295.05344270445,224.887556221889
42.2570221227939,1387.02460850112,194.902548725637
42.2570221227939,1295.05344270445,209.895052473763
49.7141436738752,1414.36738752175,194.902548725637
89.4854586129754,1382.05319413373,194.902548725637
116.828237633607,738.255033557047,209.895052473763
121.799652000994,750.683569475516,209.895052473763
253.542132736764,621.42679592344,194.902548725637
290.82774049217,623.912503107134,194.902548725637
310.71339796172,599.055431270196,194.902548725637
434.998757146408,218.742232165051,194.902548725637
469.798657718121,512.055679840915,194.902548725637
531.941337310465,502.11285110614,194.902548725637
564.255530698484,196.370867511807,194.902548725637
584.141188168034,579.169773800646,194.902548725637
604.026845637584,1121.05393984589,209.895052473763
601.54113845389,569.226945065871,209.895052473763
623.912503107134,1759.88068605518,194.902548725637
631.369624658215,1098.68257519264,209.895052473763
628.883917474521,564.255530698484,194.902548725637
646.283867760378,1588.36689038031,194.902548725637
663.683818046234,156.599552572707,194.902548725637
661.19811086254,556.798409147402,194.902548725637
666.169525229928,1546.10986825752,194.902548725637
693.512304250559,651.255282127765,194.902548725637
770.569226945066,599.055431270196,194.902548725637
775.540641312453,1347.25329356202,194.902548725637
785.483470047228,1327.36763609247,224.887556221889
792.94059159831,1287.59632115337,209.895052473763
855.083271190654,154.113845389013,209.895052473763
919.711657966692,114.342530449913,209.895052473763
969.425801640567,1777.28063634104,194.902548725637
974.397216007954,1777.28063634104,194.902548725637
981.854337559036,96.9425801640567,194.902548725637
981.854337559036,86.9997514292816,194.902548725637
1011.68282376336,39.7713149391002,194.902548725637
1024.11135968183,2130.25105642555,224.887556221889
1143.42530449913,1471.53865274671,209.895052473763
1295.05344270445,343.027591349739,194.902548725637
1304.99627143922,1031.56848123291,224.887556221889
1503.85284613473,865.026099925429,194.902548725637
1501.36713895103,904.797414864529,194.902548725637
1526.22421078797,1394.4817300522,194.902548725637
1575.93835446184,1672.8809346259,194.902548725637
1598.30971911509,1354.7104151131,194.902548725637
1667.90952025851,479.741486452896,194.902548725637
1779.76634352473,618.941088739746,194.902548725637
1784.73775789212,618.941088739746,194.902548725637
1799.65200099428,290.82774049217,194.902548725637
1836.93760874969,1933.88018891375,209.895052473763
1866.76609495401,2080.53691275168,194.902548725637
1869.25180213771,2087.99403430276,194.902548725637
1946.30872483221,1891.62316679095,194.902548725637
1988.56574695501,1613.22396221725,209.895052473763
2132.73676360925,571.712652249565,194.902548725637
2301.76485210042,1469.05294556301,194.902548725637
2314.19338801889,1466.56723837932,194.902548725637
47.2284364901815,1270.19637086751,224.887556221889
64.6283867760378,1309.96768580661,224.887556221889
101.913994531444,740.740740740741,209.895052473763
104.399701715138,713.397961720109,224.887556221889
149.142431021626,1359.68182948049,224.887556221889
226.199353716132,725.826497638578,224.887556221889
618.941088739746,1106.13969674372,209.895052473763
631.369624658215,554.312701963709,209.895052473763
641.31245339299,1598.30971911509,209.895052473763
646.283867760378,1742.48073576933,209.895052473763
658.712403678847,1588.36689038031,209.895052473763
668.655232413622,166.542381307482,209.895052473763
710.912254536416,569.226945065871,209.895052473763
733.283619189659,579.169773800646,209.895052473763
738.255033557047,333.084762614964,209.895052473763
738.255033557047,347.999005717127,209.895052473763
738.255033557047,673.626646781009,224.887556221889
750.683569475516,258.513547104151,224.887556221889
750.683569475516,338.056176982351,209.895052473763
768.083519761372,589.112602535421,209.895052473763
852.59756400696,2035.79418344519,209.895052473763
855.083271190654,2050.70842654735,224.887556221889
867.511807109123,2045.73701217997,224.887556221889
917.225950782998,136.713895103157,209.895052473763
924.683072334079,91.9711657966692,209.895052473763
961.968680089485,1831.9661943823,209.895052473763
991.797166293811,101.913994531444,209.895052473763
1029.08277404922,62.142679592344,209.895052473763
1053.93984588615,2120.30822769078,224.887556221889
1220.48222719364,1016.65423813075,209.895052473763
1471.53865274671,1126.02535421327,224.887556221889
1493.91001739995,1128.51106139697,209.895052473763
1503.85284613473,1145.91101168282,224.887556221889
1516.28138205319,879.940343027591,209.895052473763
1523.73850360428,874.968928660204,209.895052473763
1650.50956997266,1091.22545364156,224.887556221889
1657.96669152374,1081.28262490679,209.895052473763
1662.93810589113,521.99850857569,224.887556221889
1687.79517772806,469.798657718121,224.887556221889
1702.70942083023,499.627143922446,224.887556221889
1700.22371364653,479.741486452896,209.895052473763
1772.30922197365,1675.36664180959,224.887556221889
1812.08053691275,1787.22346507581,209.895052473763
1836.93760874969,2085.50832711907,209.895052473763
1839.42331593338,1784.73775789212,224.887556221889
1841.90902311708,2083.02261993537,209.895052473763
1973.65150385285,1618.19537658464,224.887556221889
1976.13721103654,1272.68207805121,209.895052473763
2068.10837683321,576.684066616953,209.895052473763
17.3999502858563,1195.6251553567,224.887556221889
62.142679592344,1280.13919960229,224.887556221889
67.1140939597315,1272.68207805121,224.887556221889
64.6283867760378,1643.05244842158,224.887556221889
116.828237633607,1384.53890131742,224.887556221889
134.228187919463,1349.73900074571,239.880059970015
223.713646532438,718.369376087497,224.887556221889
405.170270942083,1556.05269699229,224.887556221889
417.598806860552,1556.05269699229,239.880059970015
454.884414615958,2023.36564752672,224.887556221889
454.884414615958,290.82774049217,224.887556221889
489.684315187671,298.284862043251,239.880059970015
616.455381556053,1133.48247576436,239.880059970015
720.855083271191,318.170519512801,224.887556221889
740.740740740741,265.970668655232,224.887556221889
753.16927665921,1573.45264727815,254.872563718141
894.854586129754,59.6569724086503,224.887556221889
899.826000497141,34.7999005717127,224.887556221889
907.283122048223,141.685309470544,239.880059970015
932.14019388516,54.6855580412627,224.887556221889
956.997265722098,49.7141436738752,224.887556221889
966.940094456873,39.7713149391002,224.887556221889
991.797166293811,2115.33681332339,239.880059970015
1270.19637086751,1058.91126025354,239.880059970015
1459.11011682824,1160.82525478499,239.880059970015
1481.48148148148,1113.5968182948,224.887556221889
1493.91001739995,850.111856823266,224.887556221889
1506.33855331842,847.626149639573,224.887556221889
1513.7956748695,1121.05393984589,224.887556221889
1662.93810589113,2070.5940840169,239.880059970015
1662.93810589113,2078.05120556798,224.887556221889
1670.39522744221,1078.79691772309,224.887556221889
1677.85234899329,517.027094208302,239.880059970015
1702.70942083023,517.027094208302,239.880059970015
1804.62341536167,1799.65200099428,224.887556221889
1807.10912254536,1804.62341536167,224.887556221889
1812.08053691275,986.825751926423,239.880059970015
1819.53765846383,1772.30922197365,224.887556221889
1829.48048719861,1792.1948794432,224.887556221889
1948.79443201591,867.511807109123,224.887556221889
1956.25155356699,1600.79542629878,239.880059970015
1993.5371613224,1638.08103405419,224.887556221889
39.7713149391002,1302.51056425553,254.872563718141
109.371116082525,1483.96718866518,254.872563718141
116.828237633607,748.197862291822,239.880059970015
246.085011185682,718.369376087497,239.880059970015
417.598806860552,606.512552821278,254.872563718141
430.027342779021,1531.19562515536,269.865067466267
442.455878697489,1556.05269699229,254.872563718141
489.684315187671,2010.93711160825,239.880059970015
499.627143922446,748.197862291822,239.880059970015
519.512801391996,753.16927665921,239.880059970015
882.426050211285,62.142679592344,239.880059970015
902.311707680835,64.6283867760378,239.880059970015
912.25453641561,64.6283867760378,239.880059970015
914.740243599304,136.713895103157,239.880059970015
927.168779517773,253.542132736764,239.880059970015
919.711657966692,1459.11011682824,269.865067466267
942.083022619935,64.6283867760378,239.880059970015
947.054436987323,57.1712652249565,239.880059970015
1071.33979617201,2187.42232165051,254.872563718141
1101.16828237634,758.140691026597,254.872563718141
1118.56823266219,753.16927665921,239.880059970015
1265.22495650012,1053.93984588615,239.880059970015
1498.88143176734,835.197613721104,239.880059970015
1508.82426050211,852.59756400696,239.880059970015
1516.28138205319,1135.96818294805,239.880059970015
1521.25279642058,1153.36813323391,254.872563718141
1662.93810589113,1088.73974645787,239.880059970015
1672.8809346259,2085.50832711907,254.872563718141
1764.85210042257,1685.30947054437,239.880059970015
1973.65150385285,1573.45264727815,254.872563718141
1976.13721103654,1585.88118319662,239.880059970015
121.799652000994,1270.19637086751,254.872563718141
293.313447675864,1707.68083519761,269.865067466267
298.284862043251,1697.73800646284,254.872563718141
303.256276410639,1660.45239870743,254.872563718141
305.741983594333,1695.25229927915,254.872563718141
437.484464330102,765.597812577678,254.872563718141
442.455878697489,763.112105393985,254.872563718141
472.284364901815,964.454387273179,269.865067466267
554.312701963709,2025.85135471042,254.872563718141
554.312701963709,656.226696495153,269.865067466267
564.255530698484,723.340790454884,254.872563718141
586.626895351728,2030.8227690778,254.872563718141
613.969674372359,2040.76559781258,254.872563718141
708.426547352722,1928.90877454636,269.865067466267
822.769077802635,1183.19661943823,254.872563718141
835.197613721104,1744.96644295302,269.865067466267
852.59756400696,1735.02361421825,254.872563718141
929.654486701467,2132.73676360925,269.865067466267
959.482972905792,1961.22296793438,269.865067466267
971.911508824261,1886.65175242356,254.872563718141
1123.53964702958,735.769326373353,254.872563718141
1426.79592344022,2045.73701217997,254.872563718141
1464.08153119563,2043.25130499627,269.865067466267
1471.53865274671,2043.25130499627,254.872563718141
1471.53865274671,869.997514292816,254.872563718141
1533.68133233905,1113.5968182948,254.872563718141
1568.48123291076,1625.65249813572,254.872563718141
1662.93810589113,2083.02261993537,269.865067466267
1739.99502858563,1677.85234899329,254.872563718141
1754.9092716878,944.568729803629,254.872563718141
1772.30922197365,961.968680089485,254.872563718141
1787.22346507581,1516.28138205319,284.857571214393
1968.68008948546,1014.16853094705,254.872563718141
1986.08003977131,1687.79517772806,269.865067466267
2182.45090728312,924.683072334079,269.865067466267
290.82774049217,1645.53815560527,284.857571214393
315.684812329108,1643.05244842158,284.857571214393
407.655978125777,1551.08128262491,269.865067466267
412.627392493164,1553.5669898086,269.865067466267
415.113099676858,1856.82326621924,284.857571214393
469.798657718121,596.569724086503,269.865067466267
479.741486452896,591.598309719115,284.857571214393
492.170022371365,599.055431270196,269.865067466267
502.11285110614,606.512552821278,284.857571214393
546.855580412627,708.426547352722,284.857571214393
546.855580412627,2025.85135471042,269.865067466267
554.312701963709,723.340790454884,269.865067466267
564.255530698484,705.940840169028,284.857571214393
586.626895351728,651.255282127765,284.857571214393
589.112602535421,2043.25130499627,269.865067466267
589.112602535421,613.969674372359,269.865067466267
594.084016902809,611.483967188665,269.865067466267
601.54113845389,2018.39423315933,284.857571214393
604.026845637584,705.940840169028,284.857571214393
604.026845637584,2045.73701217997,269.865067466267
608.998260004971,686.055182699478,284.857571214393
611.483967188665,2035.79418344519,284.857571214393
626.398210290828,695.998011434253,269.865067466267
646.283867760378,2030.8227690778,284.857571214393
671.140939597315,1923.93736017897,269.865067466267
686.055182699478,1916.48023862789,269.865067466267
693.512304250559,1921.45165299528,269.865067466267
715.883668903803,2055.67984091474,284.857571214393
815.311956251554,1185.68232662192,269.865067466267
860.054685558041,1563.50981854338,284.857571214393
986.825751926423,1936.36589609744,284.857571214393
1041.51130996769,919.711657966692,284.857571214393
1416.85309470544,2018.39423315933,269.865067466267
1456.62440964454,2040.76559781258,269.865067466267
1476.51006711409,1006.71140939597,284.857571214393
1516.28138205319,1121.05393984589,284.857571214393
1526.22421078797,1108.62540392742,284.857571214393
1556.05269699229,1623.16679095203,269.865067466267
1665.42381307482,676.112353964703,284.857571214393
1680.33805617698,551.826994780015,284.857571214393
1682.82376336068,561.76982351479,269.865067466267
1744.96644295302,934.625901068854,269.865067466267
1764.85210042257,959.482972905792,269.865067466267
1767.33780760626,932.14019388516,284.857571214393
1782.25205070843,1483.96718866518,284.857571214393
1799.65200099428,1498.88143176734,284.857571214393
1814.56624409645,1531.19562515536,284.857571214393
1814.56624409645,1424.31021625653,269.865067466267
1856.82326621924,1098.68257519264,284.857571214393
1913.9945314442,1024.11135968183,269.865067466267
1926.42306736266,1011.68282376336,284.857571214393
1966.19438230176,1011.68282376336,284.857571214393
1961.22296793438,1001.73999502859,269.865067466267
2003.47999005717,1682.82376336068,284.857571214393
2060.65125528213,1262.73924931643,284.857571214393
2060.65125528213,1282.62490678598,284.857571214393
2090.47974148645,1145.91101168282,269.865067466267
228.685060899826,942.083022619935,284.857571214393
300.770569226945,1727.56649266716,284.857571214393
303.256276410639,1657.96669152374,284.857571214393
325.627641063883,1640.56674123788,284.857571214393
343.027591349739,1799.65200099428,299.850074962519
352.970420084514,1717.62366393239,314.842578710645
400.198856574696,1635.59532687049,314.842578710645
410.141685309471,1846.88043748446,284.857571214393
454.884414615958,1754.9092716878,299.850074962519
477.255779269202,618.941088739746,284.857571214393
531.941337310465,1287.59632115337,284.857571214393
536.912751677852,695.998011434253,284.857571214393
576.684066616953,2065.62266964952,284.857571214393
579.169773800646,2070.5940840169,284.857571214393
618.941088739746,2035.79418344519,284.857571214393
686.055182699478,2033.3084762615,314.842578710645
688.540889883172,2018.39423315933,299.850074962519
723.340790454884,2030.8227690778,299.850074962519
743.226447924435,2035.79418344519,299.850074962519
770.569226945066,810.340541884166,284.857571214393
917.225950782998,835.197613721104,299.850074962519
952.02585135471,1332.33905045986,284.857571214393
991.797166293811,961.968680089485,299.850074962519
1004.22570221228,2058.16554809843,284.857571214393
1009.19711657967,1337.31046482724,299.850074962519
1011.68282376336,2055.67984091474,284.857571214393
1650.50956997266,551.826994780015,299.850074962519
1685.30947054437,666.169525229928,299.850074962519
1702.70942083023,504.598558289833,284.857571214393
1707.68083519761,857.568978374347,314.842578710645
1712.652249565,877.454635843898,314.842578710645
1752.4235645041,1471.53865274671,299.850074962519
1787.22346507581,961.968680089485,284.857571214393
1812.08053691275,1121.05393984589,284.857571214393
1814.56624409645,1143.42530449913,299.850074962519
1822.02336564753,1491.42431021626,299.850074962519
1826.99478001491,1389.51031568481,284.857571214393
1826.99478001491,1135.96818294805,299.850074962519
1826.99478001491,1533.68133233905,284.857571214393
1831.9661943823,1160.82525478499,299.850074962519
1844.39473030077,589.112602535421,284.857571214393
1938.85160328113,959.482972905792,299.850074962519
1948.79443201591,817.797663435247,284.857571214393
1961.22296793438,1034.0541884166,284.857571214393
1961.22296793438,820.283370618941,284.857571214393
1981.10862540393,1116.0825254785,284.857571214393
1998.50857568978,1051.45413870246,299.850074962519
2048.22271936366,1292.56773552076,284.857571214393
183.942331593338,1416.85309470544,314.842578710645
221.227939348745,932.14019388516,299.850074962519
248.570718369376,1670.39522744221,299.850074962519
258.513547104151,1712.652249565,299.850074962519
265.970668655232,1735.02361421825,299.850074962519
288.342033308476,1643.05244842158,299.850074962519
345.513298533433,1702.70942083023,299.850074962519
526.969922943077,1292.56773552076,299.850074962519
574.198359433259,2073.0797912006,299.850074962519
594.084016902809,671.140939597315,299.850074962519
596.569724086503,2060.65125528213,299.850074962519
616.455381556053,494.655729555058,299.850074962519
621.42679592344,521.99850857569,314.842578710645
668.655232413622,1906.53740989311,299.850074962519
713.397961720109,2030.8227690778,299.850074962519
770.569226945066,827.740492170022,299.850074962519
937.111608252548,1339.79617201094,314.842578710645
927.168779517773,1307.48197862292,314.842578710645
937.111608252548,1319.91051454139,299.850074962519
974.397216007954,1322.39622172508,299.850074962519
984.340044742729,1295.05344270445,314.842578710645
984.340044742729,1943.82301764852,299.850074962519
986.825751926423,974.397216007954,299.850074962519
1001.73999502859,2073.0797912006,299.850074962519
999.254287844892,2063.13696246582,299.850074962519
1001.73999502859,1349.73900074571,299.850074962519
1034.0541884166,2063.13696246582,314.842578710645
1056.42555306985,681.08376833209,299.850074962519
1230.42505592841,536.912751677852,299.850074962519
1464.08153119563,2100.42257022123,299.850074962519
1652.99527715635,691.026597066866,299.850074962519
1737.50932140194,887.397464578673,299.850074962519
1737.50932140194,855.083271190654,299.850074962519
1779.76634352473,1444.19587372608,314.842578710645
1782.25205070843,1464.08153119563,314.842578710645
1777.28063634104,1106.13969674372,299.850074962519
1829.48048719861,1471.53865274671,299.850074962519
1884.16604523987,1098.68257519264,299.850074962519
1886.65175242356,956.997265722098,299.850074962519
1891.62316679095,1091.22545364156,299.850074962519
1891.62316679095,944.568729803629,299.850074962519
1899.08028834203,986.825751926423,299.850074962519
1916.48023862789,1043.99701715138,299.850074962519
1941.33731046483,1029.08277404922,299.850074962519
1953.7658463833,981.854337559036,299.850074962519
1998.50857568978,1063.88267462093,299.850074962519
2005.96569724086,1056.42555306985,299.850074962519
2020.87994034303,1068.85408898832,299.850074962519
2063.13696246582,1297.53914988814,299.850074962519
258.513547104151,1665.42381307482,314.842578710645
313.199105145414,1672.8809346259,314.842578710645
320.656226696495,1672.8809346259,314.842578710645
350.48471290082,1667.90952025851,329.835082458771
579.169773800646,658.712403678847,314.842578710645
623.912503107134,509.569972657221,314.842578710645
787.969177230922,1213.02510564256,329.835082458771
867.511807109123,1625.65249813572,329.835082458771
979.368630375342,1319.91051454139,314.842578710645
1006.71140939597,917.225950782998,329.835082458771
1006.71140939597,2065.62266964952,314.842578710645
1193.13944817301,509.569972657221,329.835082458771
1208.05369127517,492.170022371365,329.835082458771
1260.25354213274,782.997762863535,329.835082458771
1349.73900074571,1871.7375093214,329.835082458771
1605.76684066617,728.312204822272,329.835082458771
1660.45239870743,688.540889883172,314.842578710645
1670.39522744221,673.626646781009,314.842578710645
1730.05219985086,1789.70917225951,314.842578710645
1744.96644295302,887.397464578673,314.842578710645
1747.45215013671,852.59756400696,314.842578710645
1759.88068605518,1471.53865274671,314.842578710645
1856.82326621924,1133.48247576436,314.842578710645
1859.30897340293,1737.50932140194,344.827586206897
1911.5088242605,989.311459110117,329.835082458771
1963.70867511807,994.282873477504,329.835082458771
2028.33706189411,1068.85408898832,314.842578710645
459.855828983346,1682.82376336068,329.835082458771
966.940094456873,1379.56748695004,344.827586206897
986.825751926423,1911.5088242605,329.835082458771
991.797166293811,1359.68182948049,329.835082458771
996.768580661198,1349.73900074571,329.835082458771
996.768580661198,1357.19612229679,329.835082458771
1086.25403927417,2020.87994034303,344.827586206897
1210.53939845886,531.941337310465,329.835082458771
1242.85359184688,797.912005965697,344.827586206897
1287.59632115337,1441.71016654238,344.827586206897
1302.51056425553,1488.93860303256,329.835082458771
1307.48197862292,1436.73875217499,344.827586206897
1327.36763609247,1749.93785732041,344.827586206897
1327.36763609247,1712.652249565,344.827586206897
1332.33905045986,1466.56723837932,344.827586206897
1344.76758637832,1859.30897340293,329.835082458771
1349.73900074571,1889.13745960726,329.835082458771
1354.7104151131,1894.10887397465,329.835082458771
1362.16753666418,1469.05294556301,359.820089955023
1732.53790703455,1735.02361421825,344.827586206897
1739.99502858563,1747.45215013671,329.835082458771
1754.9092716878,1777.28063634104,344.827586206897
1896.59458115834,956.997265722098,329.835082458771
1921.45165299528,989.311459110117,329.835082458771
1941.33731046483,1043.99701715138,329.835082458771
395.227442207308,1531.19562515536,344.827586206897
673.626646781009,1904.05170270942,344.827586206897
683.569475515784,996.768580661198,359.820089955023
755.654983842903,1518.76708923689,359.820089955023
961.968680089485,1394.4817300522,344.827586206897
1014.16853094705,1896.59458115834,344.827586206897
1068.85408898832,2020.87994034303,344.827586206897
1071.33979617201,2033.3084762615,344.827586206897
1314.939100174,1451.65299527716,344.827586206897
1377.08177976634,1849.36614466816,359.820089955023
1374.59607258265,1454.13870246085,359.820089955023
1715.13795674869,1762.36639323888,344.827586206897
1747.45215013671,1802.13770817798,344.827586206897
1804.62341536167,812.82624906786,359.820089955023
442.455878697489,1506.33855331842,374.812593703148
507.084265473527,1379.56748695004,374.812593703148
663.683818046234,984.340044742729,359.820089955023
673.626646781009,1001.73999502859,359.820089955023
725.826497638578,1265.22495650012,374.812593703148
750.683569475516,526.969922943077,374.812593703148
984.340044742729,1379.56748695004,359.820089955023
996.768580661198,1921.45165299528,359.820089955023
1130.99676858066,1478.99577429779,374.812593703148
1135.96818294805,1869.25180213771,374.812593703148
1150.88242605021,1923.93736017897,374.812593703148
1222.96793437733,1257.76783494904,359.820089955023
1342.28187919463,1424.31021625653,374.812593703148
1481.48148148148,939.597315436242,359.820089955023
1491.42431021626,971.911508824261,374.812593703148
1672.8809346259,1553.5669898086,359.820089955023
1807.10912254536,787.969177230922,359.820089955023
1829.48048719861,1262.73924931643,359.820089955023
1839.42331593338,1267.71066368382,359.820089955023
430.027342779021,1638.08103405419,389.805097451274
531.941337310465,1396.96743723589,389.805097451274
596.569724086503,1449.16728809346,374.812593703148
631.369624658215,974.397216007954,389.805097451274
653.740989311459,971.911508824261,389.805097451274
713.397961720109,1280.13919960229,404.7976011994
775.540641312453,1255.28212776535,404.7976011994
1014.16853094705,1066.36838180462,404.7976011994
1036.5398956003,427.541635595327,374.812593703148
1101.16828237634,937.111608252548,404.7976011994
1106.13969674372,571.712652249565,389.805097451274
1138.45389013174,1222.96793437733,374.812593703148
1140.93959731544,1904.05170270942,389.805097451274
1140.93959731544,1190.65374098931,374.812593703148
1145.91101168282,1195.6251553567,374.812593703148
1155.8538404176,1899.08028834203,374.812593703148
1270.19637086751,780.512055679841,374.812593703148
1290.08202833706,1429.28163062391,374.812593703148
1300.02485707184,1200.59656972409,374.812593703148
1352.22470792941,1757.39497887149,389.805097451274
1352.22470792941,1839.42331593338,374.812593703148
1364.65324384787,1804.62341536167,389.805097451274
1369.62465821526,1859.30897340293,374.812593703148
1374.59607258265,1737.50932140194,374.812593703148
1379.56748695004,1757.39497887149,389.805097451274
1377.08177976634,663.683818046234,419.790104947526
1382.05319413373,1459.11011682824,374.812593703148
1401.93885160328,1854.33755903555,374.812593703148
1486.45289584887,937.111608252548,389.805097451274
1685.30947054437,1103.65398956003,389.805097451274
1692.76659209545,1113.5968182948,389.805097451274
1866.76609495401,1735.02361421825,374.812593703148
1881.68033805618,1265.22495650012,389.805097451274
1891.62316679095,1178.22520507084,389.805097451274
1891.62316679095,1193.13944817301,374.812593703148
599.055431270196,1101.16828237634,389.805097451274
623.912503107134,1474.0243599304,389.805097451274
628.883917474521,835.197613721104,419.790104947526
643.798160576684,961.968680089485,404.7976011994
648.769574944072,1449.16728809346,389.805097451274
658.712403678847,1496.39572458364,389.805097451274
658.712403678847,991.797166293811,404.7976011994
700.969425801641,1275.1677852349,389.805097451274
733.283619189659,1222.96793437733,419.790104947526
755.654983842903,1282.62490678598,419.790104947526
775.540641312453,1272.68207805121,389.805097451274
1031.56848123291,1051.45413870246,404.7976011994
1078.79691772309,678.598061148397,404.7976011994
1227.93934874472,1240.36788466319,389.805097451274
1275.1677852349,1757.39497887149,389.805097451274
1317.42480735769,1188.16803380562,389.805097451274
1367.13895103157,1792.1948794432,389.805097451274
1377.08177976634,1205.56798409147,389.805097451274
1394.4817300522,1735.02361421825,404.7976011994
1389.51031568481,1700.22371364653,389.805097451274
1391.99602286851,1710.16654238131,389.805097451274
1396.96743723589,1394.4817300522,389.805097451274
1399.45314441959,1382.05319413373,389.805097451274
1406.91026597067,673.626646781009,419.790104947526
1459.11011682824,671.140939597315,404.7976011994
1478.99577429779,648.769574944072,404.7976011994
1831.9661943823,1250.31071339796,389.805097451274
482.22719363659,1382.05319413373,404.7976011994
509.569972657221,1394.4817300522,404.7976011994
546.855580412627,897.340293313448,434.782608695652
571.712652249565,825.254784986329,419.790104947526
569.226945065871,865.026099925429,434.782608695652
606.512552821278,790.454884414616,419.790104947526
686.055182699478,1446.68158090977,419.790104947526
698.483718617947,1267.71066368382,404.7976011994
738.255033557047,1295.05344270445,404.7976011994
773.05493412876,795.426298782004,404.7976011994
780.512055679841,1245.33929903057,404.7976011994
795.426298782004,681.08376833209,419.790104947526
1001.73999502859,1377.08177976634,419.790104947526
1026.59706686552,1096.19686800895,419.790104947526
1083.76833209048,1600.79542629878,419.790104947526
1118.56823266219,917.225950782998,404.7976011994
1168.28237633607,1185.68232662192,419.790104947526
1170.76808351976,1213.02510564256,419.790104947526
1185.68232662192,1178.22520507084,419.790104947526
1265.22495650012,1757.39497887149,419.790104947526
1275.1677852349,651.255282127765,404.7976011994
1285.11061396967,1158.33954760129,404.7976011994
1295.05344270445,1160.82525478499,404.7976011994
1302.51056425553,653.740989311459,404.7976011994
1314.939100174,914.740243599304,419.790104947526
1347.25329356202,1779.76634352473,404.7976011994
1357.19612229679,1792.1948794432,404.7976011994
1384.53890131742,1712.652249565,404.7976011994
1449.16728809346,691.026597066866,419.790104947526
1471.53865274671,668.655232413622,404.7976011994
1471.53865274671,676.112353964703,404.7976011994
1685.30947054437,1111.11111111111,404.7976011994
1739.99502858563,1327.36763609247,419.790104947526
594.084016902809,810.340541884166,449.775112443778
631.369624658215,1481.48148148148,419.790104947526
641.31245339299,1466.56723837932,419.790104947526
738.255033557047,1280.13919960229,419.790104947526
760.626398210291,671.140939597315,419.790104947526
795.426298782004,638.826746209297,434.782608695652
797.912005965697,653.740989311459,434.782608695652
909.768829231916,1496.39572458364,434.782608695652
1101.16828237634,912.25453641561,419.790104947526
1116.0825254785,678.598061148397,419.790104947526
1185.68232662192,1195.6251553567,419.790104947526
1217.99652000994,1752.4235645041,419.790104947526
1295.05344270445,658.712403678847,419.790104947526
1349.73900074571,768.083519761372,434.782608695652
1372.11036539896,755.654983842903,449.775112443778
1377.08177976634,705.940840169028,434.782608695652
1389.51031568481,1307.48197862292,419.790104947526
1446.68158090977,676.112353964703,434.782608695652
1471.53865274671,1103.65398956003,449.775112443778
1561.02411135968,1061.39696743724,419.790104947526
1722.59507829978,1327.36763609247,419.790104947526
1737.50932140194,1307.48197862292,434.782608695652
586.626895351728,867.511807109123,434.782608695652
753.16927665921,1297.53914988814,434.782608695652
758.140691026597,1290.08202833706,434.782608695652
780.512055679841,1245.33929903057,434.782608695652
897.340293313448,1424.31021625653,434.782608695652
956.997265722098,1618.19537658464,464.767616191904
1001.73999502859,1046.48272433507,434.782608695652
1004.22570221228,1021.62565249814,449.775112443778
1019.13994531444,1043.99701715138,449.775112443778
1031.56848123291,713.397961720109,464.767616191904
1113.5968182948,934.625901068854,434.782608695652
1180.71091225454,1130.99676858066,449.775112443778
1183.19661943823,1140.93959731544,434.782608695652
1312.45339299031,1533.68133233905,449.775112443778
1307.48197862292,1558.53840417599,464.767616191904
1439.22445935869,773.05493412876,464.767616191904
1459.11011682824,1155.8538404176,449.775112443778
1488.93860303256,1103.65398956003,449.775112443778
604.026845637584,860.054685558041,449.775112443778
668.655232413622,1329.85334327616,464.767616191904
785.483470047228,708.426547352722,464.767616191904
832.71190653741,917.225950782998,494.752623688156
884.911757394979,1419.33880188914,449.775112443778
971.911508824261,1399.45314441959,449.775112443778
989.311459110117,703.455132985334,479.76011994003
1043.99701715138,1389.51031568481,449.775112443778
1056.42555306985,1600.79542629878,449.775112443778
1058.91126025354,723.340790454884,479.76011994003
1071.33979617201,691.026597066866,464.767616191904
1158.33954760129,1088.73974645787,449.775112443778
1474.0243599304,1116.0825254785,449.775112443778
1481.48148148148,1078.79691772309,479.76011994003
686.055182699478,1225.45364156102,479.76011994003
795.426298782004,708.426547352722,464.767616191904
976.882923191648,718.369376087497,464.767616191904
1004.22570221228,676.112353964703,479.76011994003
1014.16853094705,693.512304250559,494.752623688156
1029.08277404922,758.140691026597,479.76011994003
1043.99701715138,755.654983842903,479.76011994003
1242.85359184688,807.854834700472,494.752623688156
1290.08202833706,1533.68133233905,479.76011994003
1558.53840417599,1230.42505592841,464.767616191904
1578.42406164554,1237.88217747949,464.767616191904
626.398210290828,830.226199353716,479.76011994003
678.598061148397,1285.11061396967,509.745127436282
999.254287844892,1118.56823266219,524.737631184408
1036.5398956003,1108.62540392742,509.745127436282
1036.5398956003,691.026597066866,479.76011994003
1051.45413870246,710.912254536416,479.76011994003
1113.5968182948,1513.7956748695,509.745127436282
1300.02485707184,1111.11111111111,524.737631184408
658.712403678847,1255.28212776535,494.752623688156
1021.62565249814,1116.0825254785,524.737631184408
1068.85408898832,1523.73850360428,524.737631184408
1158.33954760129,1508.82426050211,524.737631184408
1302.51056425553,1538.65274670644,494.752623688156
1031.56848123291,755.654983842903,509.745127436282
661.19811086254,1255.28212776535,524.737631184408
1093.71116082525,1496.39572458364,539.730134932534
1116.0825254785,1483.96718866518,539.730134932534
1006.71140939597,1108.62540392742,539.730134932534
