164.056674123788,1297.53914988814,29.9850074962519
206.313696246582,899.826000497141,14.9925037481259
221.227939348745,738.255033557047,29.9850074962519
241.113596818295,2398.70743226448,14.9925037481259
278.399204573701,932.14019388516,29.9850074962519
295.799154859558,994.282873477504,14.9925037481259
300.770569226945,1195.6251553567,14.9925037481259
303.256276410639,1009.19711657967,14.9925037481259
325.627641063883,976.882923191648,29.9850074962519
323.141933880189,1006.71140939597,29.9850074962519
350.48471290082,1563.50981854338,14.9925037481259
377.827491921452,862.540392741735,14.9925037481259
387.770320656227,474.770072085508,14.9925037481259
395.227442207308,857.568978374347,14.9925037481259
405.170270942083,705.940840169028,29.9850074962519
410.141685309471,1034.0541884166,14.9925037481259
420.084514044246,932.14019388516,14.9925037481259
430.027342779021,770.569226945066,29.9850074962519
437.484464330102,780.512055679841,14.9925037481259
449.913000248571,1861.79468058663,14.9925037481259
452.398707432264,855.083271190654,14.9925037481259
452.398707432264,842.654735272185,14.9925037481259
449.913000248571,1886.65175242356,44.9775112443778
459.855828983346,889.883171762366,14.9925037481259
464.827243350733,782.997762863535,29.9850074962519
462.34153616704,1869.25180213771,14.9925037481259
464.827243350733,802.883420333085,14.9925037481259
472.284364901815,852.59756400696,14.9925037481259
469.798657718121,1849.36614466816,14.9925037481259
467.312950534427,899.826000497141,14.9925037481259
479.741486452896,1802.13770817798,14.9925037481259
474.770072085508,778.026348496147,14.9925037481259
474.770072085508,792.94059159831,14.9925037481259
487.198608003977,830.226199353716,14.9925037481259
484.712900820283,753.16927665921,14.9925037481259
482.22719363659,795.426298782004,14.9925037481259
484.712900820283,802.883420333085,14.9925037481259
489.684315187671,790.454884414616,14.9925037481259
492.170022371365,795.426298782004,14.9925037481259
494.655729555058,840.169028088491,14.9925037481259
497.141436738752,782.997762863535,14.9925037481259
509.569972657221,800.397713149391,14.9925037481259
507.084265473527,812.82624906786,14.9925037481259
517.027094208302,817.797663435247,14.9925037481259
517.027094208302,198.856574695501,29.9850074962519
526.969922943077,802.883420333085,29.9850074962519
539.398458861546,862.540392741735,14.9925037481259
544.369873228934,1496.39572458364,14.9925037481259
551.826994780015,840.169028088491,14.9925037481259
551.826994780015,477.255779269202,14.9925037481259
551.826994780015,755.654983842903,14.9925037481259
556.798409147402,713.397961720109,14.9925037481259
566.741237882178,720.855083271191,14.9925037481259
566.741237882178,735.769326373353,29.9850074962519
579.169773800646,2028.33706189411,29.9850074962519
581.65548098434,323.141933880189,44.9775112443778
596.569724086503,1871.7375093214,14.9925037481259
599.055431270196,1884.16604523987,29.9850074962519
594.084016902809,758.140691026597,14.9925037481259
601.54113845389,343.027591349739,44.9775112443778
601.54113845389,1923.93736017897,29.9850074962519
613.969674372359,768.083519761372,14.9925037481259
671.140939597315,2296.79343773304,14.9925037481259
676.112353964703,2289.33631618195,14.9925037481259
681.08376833209,295.799154859558,14.9925037481259
688.540889883172,2269.4506587124,14.9925037481259
718.369376087497,62.142679592344,29.9850074962519
725.826497638578,1834.451901566,14.9925037481259
725.826497638578,270.94208302262,14.9925037481259
735.769326373353,270.94208302262,14.9925037481259
748.197862291822,1839.42331593338,14.9925037481259
750.683569475516,265.970668655232,14.9925037481259
753.16927665921,1928.90877454636,29.9850074962519
763.112105393985,1777.28063634104,29.9850074962519
760.626398210291,1138.45389013174,14.9925037481259
763.112105393985,822.769077802635,29.9850074962519
763.112105393985,668.655232413622,14.9925037481259
768.083519761372,196.370867511807,29.9850074962519
790.454884414616,1148.39671886652,14.9925037481259
790.454884414616,1508.82426050211,14.9925037481259
790.454884414616,1143.42530449913,14.9925037481259
800.397713149391,688.540889883172,29.9850074962519
792.94059159831,1133.48247576436,14.9925037481259
792.94059159831,1138.45389013174,14.9925037481259
805.369127516779,1155.8538404176,14.9925037481259
800.397713149391,1145.91101168282,14.9925037481259
802.883420333085,733.283619189659,14.9925037481259
805.369127516779,1130.99676858066,14.9925037481259
815.311956251554,733.283619189659,14.9925037481259
822.769077802635,698.483718617947,14.9925037481259
840.169028088491,236.142182450907,14.9925037481259
835.197613721104,183.942331593338,29.9850074962519
840.169028088491,1536.16703952274,14.9925037481259
847.626149639573,1098.68257519264,29.9850074962519
857.568978374347,1610.73825503356,14.9925037481259
860.054685558041,1561.02411135968,14.9925037481259
869.997514292816,154.113845389013,29.9850074962519
865.026099925429,1175.73949788715,29.9850074962519
874.968928660204,865.026099925429,14.9925037481259
882.426050211285,1590.85259756401,14.9925037481259
887.397464578673,1058.91126025354,14.9925037481259
889.883171762366,1667.90952025851,29.9850074962519
889.883171762366,1769.82351478996,14.9925037481259
899.826000497141,1538.65274670644,29.9850074962519
907.283122048223,1662.93810589113,29.9850074962519
907.283122048223,1600.79542629878,14.9925037481259
907.283122048223,1531.19562515536,29.9850074962519
914.740243599304,1620.68108376833,14.9925037481259
919.711657966692,1605.76684066617,14.9925037481259
924.683072334079,196.370867511807,14.9925037481259
927.168779517773,1471.53865274671,14.9925037481259
927.168779517773,1613.22396221725,14.9925037481259
929.654486701467,1620.68108376833,14.9925037481259
929.654486701467,1697.73800646284,14.9925037481259
934.625901068854,1546.10986825752,14.9925037481259
937.111608252548,1521.25279642058,14.9925037481259
942.083022619935,835.197613721104,29.9850074962519
944.568729803629,144.171016654238,14.9925037481259
944.568729803629,1769.82351478996,14.9925037481259
942.083022619935,1021.62565249814,29.9850074962519
959.482972905792,285.856326124783,29.9850074962519
954.511558538404,1757.39497887149,14.9925037481259
954.511558538404,1498.88143176734,29.9850074962519
956.997265722098,1742.48073576933,14.9925037481259
964.454387273179,1541.13845389013,29.9850074962519
969.425801640567,1623.16679095203,29.9850074962519
971.911508824261,1677.85234899329,14.9925037481259
971.911508824261,1526.22421078797,14.9925037481259
976.882923191648,278.399204573701,14.9925037481259
989.311459110117,340.541884166045,29.9850074962519
984.340044742729,1516.28138205319,14.9925037481259
986.825751926423,1737.50932140194,29.9850074962519
991.797166293811,1498.88143176734,29.9850074962519
989.311459110117,1580.90976882923,14.9925037481259
989.311459110117,1754.9092716878,14.9925037481259
991.797166293811,1672.8809346259,14.9925037481259
1006.71140939597,268.456375838926,14.9925037481259
1014.16853094705,1548.59557544121,29.9850074962519
1014.16853094705,1508.82426050211,14.9925037481259
1034.0541884166,1575.93835446184,14.9925037481259
1043.99701715138,1600.79542629878,14.9925037481259
1051.45413870246,1541.13845389013,29.9850074962519
1053.93984588615,121.799652000994,44.9775112443778
1068.85408898832,1913.9945314442,29.9850074962519
1118.56823266219,1792.1948794432,29.9850074962519
1158.33954760129,638.826746209297,14.9925037481259
1168.28237633607,616.455381556053,29.9850074962519
1168.28237633607,638.826746209297,14.9925037481259
1203.08227690778,1869.25180213771,14.9925037481259
1205.56798409147,1879.19463087248,14.9925037481259
1217.99652000994,2217.25080785483,14.9925037481259
1225.45364156102,2209.79368630375,14.9925037481259
1237.88217747949,1416.85309470544,29.9850074962519
1240.36788466319,1759.88068605518,29.9850074962519
1237.88217747949,1411.88168033806,29.9850074962519
1262.73924931643,1787.22346507581,14.9925037481259
1262.73924931643,1866.76609495401,14.9925037481259
1267.71066368382,1846.88043748446,29.9850074962519
1267.71066368382,1869.25180213771,14.9925037481259
1287.59632115337,1871.7375093214,14.9925037481259
1295.05344270445,1779.76634352473,29.9850074962519
1292.56773552076,1856.82326621924,14.9925037481259
1314.939100174,1613.22396221725,44.9775112443778
1327.36763609247,2418.59308973403,29.9850074962519
1352.22470792941,2418.59308973403,44.9775112443778
1446.68158090977,1488.93860303256,29.9850074962519
1451.65299527716,1431.76733780761,29.9850074962519
1461.59582401193,1434.2530449913,14.9925037481259
1469.05294556301,2033.3084762615,29.9850074962519
1476.51006711409,2013.42281879195,14.9925037481259
1478.99577429779,2038.27989062888,14.9925037481259
1496.39572458364,1396.96743723589,29.9850074962519
1498.88143176734,1409.39597315436,14.9925037481259
1513.7956748695,1563.50981854338,29.9850074962519
1526.22421078797,1702.70942083023,29.9850074962519
1546.10986825752,1650.50956997266,29.9850074962519
1533.68133233905,1675.36664180959,29.9850074962519
1538.65274670644,1565.99552572707,14.9925037481259
1543.62416107383,1548.59557544121,14.9925037481259
1553.5669898086,1536.16703952274,44.9775112443778
1551.08128262491,1615.70966940094,44.9775112443778
1563.50981854338,1565.99552572707,14.9925037481259
1561.02411135968,2458.36440467313,29.9850074962519
1561.02411135968,1690.28088491176,14.9925037481259
1563.50981854338,1173.25379070346,44.9775112443778
1565.99552572707,1672.8809346259,44.9775112443778
1570.96694009446,1595.82401193139,14.9925037481259
1575.93835446184,2435.99304001989,29.9850074962519
1575.93835446184,238.627889634601,29.9850074962519
1595.82401193139,1931.39448173005,29.9850074962519
1583.39547601293,2232.165050957,14.9925037481259
1580.90976882923,1921.45165299528,14.9925037481259
1583.39547601293,1916.48023862789,14.9925037481259
1585.88118319662,2222.22222222222,29.9850074962519
1585.88118319662,2279.39348744718,29.9850074962519
1615.70966940094,1680.33805617698,29.9850074962519
1590.85259756401,1573.45264727815,44.9775112443778
1608.25254784986,1625.65249813572,29.9850074962519
1615.70966940094,1652.99527715635,14.9925037481259
1625.65249813572,1242.85359184688,29.9850074962519
1635.59532687049,1285.11061396967,29.9850074962519
1633.1096196868,1374.59607258265,29.9850074962519
1648.02386278896,1130.99676858066,14.9925037481259
1652.99527715635,2065.62266964952,29.9850074962519
1670.39522744221,2053.19413373105,14.9925037481259
1682.82376336068,2045.73701217997,44.9775112443778
1687.79517772806,2030.8227690778,14.9925037481259
1695.25229927915,2053.19413373105,14.9925037481259
1705.19512801392,2038.27989062888,14.9925037481259
1710.16654238131,1414.36738752175,29.9850074962519
1717.62366393239,2043.25130499627,29.9850074962519
1727.56649266716,1362.16753666418,29.9850074962519
1752.4235645041,509.569972657221,29.9850074962519
1782.25205070843,439.970171513796,29.9850074962519
1797.16629381059,1978.62291822023,29.9850074962519
1797.16629381059,1996.02286850609,29.9850074962519
1797.16629381059,2005.96569724086,14.9925037481259
1802.13770817798,1826.99478001491,14.9925037481259
1802.13770817798,1802.13770817798,14.9925037481259
1809.59482972906,1973.65150385285,29.9850074962519
1814.56624409645,2209.79368630375,29.9850074962519
1841.90902311708,1856.82326621924,29.9850074962519
1844.39473030077,2192.3937360179,14.9925037481259
1854.33755903555,2192.3937360179,29.9850074962519
1859.30897340293,1685.30947054437,14.9925037481259
1879.19463087248,2015.90852597564,14.9925037481259
1889.13745960726,2040.76559781258,29.9850074962519
1899.08028834203,1409.39597315436,29.9850074962519
1946.30872483221,2055.67984091474,29.9850074962519
2035.79418344519,2428.5359184688,29.9850074962519
2068.10837683321,1026.59706686552,29.9850074962519
2100.42257022123,1071.33979617201,44.9775112443778
2105.39398458862,1098.68257519264,14.9925037481259
2115.33681332339,1088.73974645787,29.9850074962519
2125.27964205817,1160.82525478499,29.9850074962519
2147.65100671141,1071.33979617201,44.9775112443778
2381.30748197862,1764.85210042257,29.9850074962519
2393.73601789709,1782.25205070843,29.9850074962519
2396.22172508079,1757.39497887149,29.9850074962519
2413.62167536664,1769.82351478996,29.9850074962519
2450.90728312205,1628.13820531941,29.9850074962519
2463.33581904052,1640.56674123788,29.9850074962519
208.799403430276,1270.19637086751,29.9850074962519
213.770817797663,1272.68207805121,29.9850074962519
310.71339796172,949.540144171017,29.9850074962519
497.141436738752,591.598309719115,29.9850074962519
509.569972657221,584.141188168034,29.9850074962519
517.027094208302,1812.08053691275,44.9775112443778
591.598309719115,892.36887894606,44.9775112443778
604.026845637584,1904.05170270942,44.9775112443778
604.026845637584,315.684812329108,44.9775112443778
613.969674372359,1926.42306736266,29.9850074962519
656.226696495153,869.997514292816,44.9775112443778
681.08376833209,2284.36490181457,29.9850074962519
730.797912005966,430.027342779021,59.9700149925037
738.255033557047,402.684563758389,59.9700149925037
825.254784986329,1630.62391250311,29.9850074962519
847.626149639573,198.856574695501,44.9775112443778
892.36887894606,1685.30947054437,29.9850074962519
902.311707680835,2048.22271936366,29.9850074962519
937.111608252548,1583.39547601293,29.9850074962519
939.597315436242,1588.36689038031,29.9850074962519
1009.19711657967,1603.28113348248,44.9775112443778
1006.71140939597,1357.19612229679,29.9850074962519
1203.08227690778,1804.62341536167,59.9700149925037
1222.96793437733,1817.05195128014,59.9700149925037
1334.82475764355,2408.65026099925,29.9850074962519
1342.28187919463,2403.67884663187,44.9775112443778
1429.28163062391,265.970668655232,59.9700149925037
1483.96718866518,2025.85135471042,29.9850074962519
1526.22421078797,1613.22396221725,44.9775112443778
1526.22421078797,1628.13820531941,29.9850074962519
1533.68133233905,1603.28113348248,29.9850074962519
1533.68133233905,1710.16654238131,29.9850074962519
1538.65274670644,1720.10937111608,44.9775112443778
1551.08128262491,1570.96694009446,44.9775112443778
1556.05269699229,2445.93586875466,29.9850074962519
1573.45264727815,228.685060899826,29.9850074962519
1575.93835446184,1657.96669152374,29.9850074962519
1580.90976882923,1623.16679095203,29.9850074962519
1580.90976882923,231.17076808352,29.9850074962519
1585.88118319662,1610.73825503356,44.9775112443778
1590.85259756401,1275.1677852349,29.9850074962519
1615.70966940094,1578.42406164554,29.9850074962519
1662.93810589113,1280.13919960229,44.9775112443778
1682.82376336068,1290.08202833706,29.9850074962519
1702.70942083023,1367.13895103157,29.9850074962519
1720.10937111608,2408.65026099925,44.9775112443778
1722.59507829978,1401.93885160328,29.9850074962519
1757.39497887149,1389.51031568481,29.9850074962519
1784.73775789212,2172.50807854835,29.9850074962519
1794.6805866269,1961.22296793438,29.9850074962519
1807.10912254536,437.484464330102,44.9775112443778
1817.05195128014,1312.45339299031,29.9850074962519
1839.42331593338,477.255779269202,59.9700149925037
1936.36589609744,616.455381556053,44.9775112443778
2033.3084762615,2413.62167536664,29.9850074962519
2065.62266964952,1073.8255033557,44.9775112443778
2087.99403430276,9.94282873477504,29.9850074962519
2348.9932885906,2003.47999005717,29.9850074962519
2478.25006214268,1620.68108376833,29.9850074962519
151.628138205319,770.569226945066,44.9775112443778
246.085011185682,1021.62565249814,44.9775112443778
268.456375838926,1280.13919960229,44.9775112443778
268.456375838926,1036.5398956003,44.9775112443778
330.59905543127,447.427293064877,74.9625187406297
338.056176982351,479.741486452896,59.9700149925037
412.627392493164,1767.33780760626,59.9700149925037
434.998757146408,1799.65200099428,44.9775112443778
434.998757146408,1807.10912254536,44.9775112443778
452.398707432264,1826.99478001491,59.9700149925037
447.427293064877,1797.16629381059,74.9625187406297
512.055679840915,591.598309719115,59.9700149925037
561.76982351479,2023.36564752672,44.9775112443778
574.198359433259,2035.79418344519,59.9700149925037
576.684066616953,2043.25130499627,44.9775112443778
579.169773800646,2023.36564752672,44.9775112443778
611.483967188665,860.054685558041,59.9700149925037
613.969674372359,994.282873477504,59.9700149925037
611.483967188665,2005.96569724086,59.9700149925037
705.940840169028,253.542132736764,74.9625187406297
790.454884414616,735.769326373353,44.9775112443778
827.740492170022,703.455132985334,59.9700149925037
847.626149639573,191.39945314442,44.9775112443778
860.054685558041,188.913745960726,44.9775112443778
872.48322147651,817.797663435247,44.9775112443778
877.454635843898,1190.65374098931,59.9700149925037
879.940343027591,149.142431021626,44.9775112443778
902.311707680835,2055.67984091474,44.9775112443778
904.797414864529,795.426298782004,44.9775112443778
932.14019388516,144.171016654238,104.947526236882
927.168779517773,171.513795674869,44.9775112443778
929.654486701467,1697.73800646284,44.9775112443778
969.425801640567,1665.42381307482,89.9550224887556
991.797166293811,350.48471290082,44.9775112443778
1034.0541884166,1899.08028834203,44.9775112443778
1043.99701715138,1588.36689038031,44.9775112443778
1066.36838180462,1918.96594581158,59.9700149925037
1108.62540392742,643.798160576684,44.9775112443778
1128.51106139697,633.855331841909,44.9775112443778
1150.88242605021,658.712403678847,74.9625187406297
1148.39671886652,676.112353964703,44.9775112443778
1168.28237633607,638.826746209297,44.9775112443778
1208.05369127517,1787.22346507581,59.9700149925037
1227.93934874472,1787.22346507581,59.9700149925037
1270.19637086751,1879.19463087248,44.9775112443778
1367.13895103157,1324.88192890877,74.9625187406297
1374.59607258265,1300.02485707184,74.9625187406297
1429.28163062391,2197.36515038528,44.9775112443778
1436.73875217499,1986.08003977131,44.9775112443778
1521.25279642058,1478.99577429779,44.9775112443778
1526.22421078797,1580.90976882923,59.9700149925037
1531.19562515536,1643.05244842158,59.9700149925037
1558.53840417599,1603.28113348248,44.9775112443778
1563.50981854338,1605.76684066617,44.9775112443778
1570.96694009446,1600.79542629878,59.9700149925037
1578.42406164554,1588.36689038031,44.9775112443778
1580.90976882923,2311.7076808352,74.9625187406297
1593.3383047477,1590.85259756401,44.9775112443778
1593.3383047477,1600.79542629878,44.9775112443778
1600.79542629878,1938.85160328113,44.9775112443778
1603.28113348248,1670.39522744221,44.9775112443778
1613.22396221725,1650.50956997266,44.9775112443778
1623.16679095203,1600.79542629878,44.9775112443778
1628.13820531941,1620.68108376833,59.9700149925037
1633.1096196868,320.656226696495,44.9775112443778
1672.8809346259,2003.47999005717,44.9775112443778
1687.79517772806,1976.13721103654,44.9775112443778
1722.59507829978,1411.88168033806,44.9775112443778
1851.85185185185,1071.33979617201,74.9625187406297
1886.65175242356,308.227690778026,74.9625187406297
1991.0514541387,952.02585135471,74.9625187406297
2033.3084762615,2423.56450410142,44.9775112443778
2038.27989062888,1021.62565249814,44.9775112443778
2048.22271936366,1029.08277404922,44.9775112443778
2264.47924434502,855.083271190654,74.9625187406297
2480.73576932637,1645.53815560527,44.9775112443778
7.45712155108128,919.711657966692,59.9700149925037
32.3141933880189,1113.5968182948,74.9625187406297
32.3141933880189,1135.96818294805,89.9550224887556
166.542381307482,1183.19661943823,89.9550224887556
223.713646532438,561.76982351479,89.9550224887556
290.82774049217,454.884414615958,89.9550224887556
305.741983594333,474.770072085508,74.9625187406297
325.627641063883,464.827243350733,59.9700149925037
338.056176982351,469.798657718121,59.9700149925037
340.541884166045,509.569972657221,59.9700149925037
357.941834451902,1488.93860303256,74.9625187406297
370.37037037037,1464.08153119563,104.947526236882
367.884663186677,1508.82426050211,74.9625187406297
385.284613472533,1737.50932140194,89.9550224887556
385.284613472533,944.568729803629,89.9550224887556
430.027342779021,1812.08053691275,89.9550224887556
604.026845637584,924.683072334079,89.9550224887556
628.883917474521,902.311707680835,74.9625187406297
671.140939597315,927.168779517773,89.9550224887556
676.112353964703,907.283122048223,74.9625187406297
795.426298782004,686.055182699478,59.9700149925037
820.283370618941,733.283619189659,59.9700149925037
934.625901068854,1667.90952025851,59.9700149925037
932.14019388516,2421.07879691772,89.9550224887556
981.854337559036,1603.28113348248,59.9700149925037
1101.16828237634,638.826746209297,59.9700149925037
1382.05319413373,1337.31046482724,89.9550224887556
1416.85309470544,2184.93661446682,59.9700149925037
1436.73875217499,246.085011185682,59.9700149925037
1478.99577429779,1923.93736017897,74.9625187406297
1521.25279642058,1628.13820531941,59.9700149925037
1523.73850360428,1598.30971911509,59.9700149925037
1548.59557544121,1598.30971911509,59.9700149925037
1580.90976882923,1625.65249813572,59.9700149925037
1667.90952025851,1304.99627143922,74.9625187406297
1672.8809346259,2025.85135471042,74.9625187406297
1677.85234899329,1603.28113348248,59.9700149925037
1682.82376336068,1605.76684066617,59.9700149925037
1700.22371364653,2013.42281879195,74.9625187406297
1826.99478001491,648.769574944072,89.9550224887556
1841.90902311708,1021.62565249814,59.9700149925037
1846.88043748446,1004.22570221228,59.9700149925037
2174.99378573204,1379.56748695004,59.9700149925037
2204.82227193637,1011.68282376336,104.947526236882
2222.22222222222,1690.28088491176,59.9700149925037
2247.07929405916,842.654735272185,74.9625187406297
2264.47924434502,832.71190653741,74.9625187406297
2368.87894606015,1327.36763609247,89.9550224887556
29.8284862043251,947.054436987323,89.9550224887556
52.199850857569,1106.13969674372,104.947526236882
131.742480735769,1337.31046482724,89.9550224887556
186.428038777032,1200.59656972409,74.9625187406297
268.456375838926,1036.5398956003,74.9625187406297
298.284862043251,1464.08153119563,89.9550224887556
325.627641063883,494.655729555058,74.9625187406297
333.084762614964,412.627392493164,104.947526236882
377.827491921452,514.541387024609,89.9550224887556
407.655978125777,1797.16629381059,74.9625187406297
412.627392493164,1792.1948794432,74.9625187406297
420.084514044246,1993.5371613224,89.9550224887556
425.055928411633,1792.1948794432,74.9625187406297
434.998757146408,1802.13770817798,74.9625187406297
484.712900820283,1503.85284613473,104.947526236882
517.027094208302,474.770072085508,89.9550224887556
529.455630126771,1471.53865274671,104.947526236882
549.341287596321,1021.62565249814,74.9625187406297
564.255530698484,193.885160328113,89.9550224887556
561.76982351479,181.456624409645,74.9625187406297
571.712652249565,1011.68282376336,74.9625187406297
576.684066616953,188.913745960726,104.947526236882
599.055431270196,156.599552572707,104.947526236882
613.969674372359,981.854337559036,74.9625187406297
611.483967188665,193.885160328113,104.947526236882
623.912503107134,934.625901068854,89.9550224887556
678.598061148397,887.397464578673,74.9625187406297
840.169028088491,159.085259756401,104.947526236882
847.626149639573,1205.56798409147,74.9625187406297
847.626149639573,2189.9080288342,89.9550224887556
850.111856823266,1217.99652000994,74.9625187406297
865.026099925429,1185.68232662192,74.9625187406297
882.426050211285,2214.76510067114,104.947526236882
991.797166293811,2356.45041014169,74.9625187406297
999.254287844892,2366.39323887646,74.9625187406297
1006.71140939597,2368.87894606015,74.9625187406297
1039.02560278399,636.341039025603,74.9625187406297
1135.96818294805,691.026597066866,74.9625187406297
1165.79666915237,1707.68083519761,89.9550224887556
1173.25379070346,1710.16654238131,74.9625187406297
1175.73949788715,1690.28088491176,74.9625187406297
1409.39597315436,1309.96768580661,89.9550224887556
1474.0243599304,1901.56599552573,134.932533733133
1523.73850360428,837.683320904797,89.9550224887556
1546.10986825752,1712.652249565,74.9625187406297
1608.25254784986,375.341784737758,89.9550224887556
1662.93810589113,1558.53840417599,104.947526236882
1680.33805617698,1314.939100174,104.947526236882
1690.28088491176,1546.10986825752,89.9550224887556
1697.73800646284,1573.45264727815,104.947526236882
1871.7375093214,1039.02560278399,74.9625187406297
1899.08028834203,2344.02187422322,104.947526236882
1933.88018891375,2401.19313944817,104.947526236882
1948.79443201591,1973.65150385285,104.947526236882
1951.2801391996,1712.652249565,74.9625187406297
1961.22296793438,1695.25229927915,74.9625187406297
1983.59433258762,979.368630375342,89.9550224887556
2222.22222222222,1685.30947054437,89.9550224887556
2229.6793437733,1675.36664180959,74.9625187406297
2232.165050957,1672.8809346259,74.9625187406297
2252.05070842655,1697.73800646284,74.9625187406297
2296.79343773304,1106.13969674372,74.9625187406297
2326.62192393736,1831.9661943823,104.947526236882
2316.67909520259,1891.62316679095,104.947526236882
2336.56475267214,1864.28038777032,89.9550224887556
2353.96470295799,1506.33855331842,104.947526236882
2358.93611732538,1784.73775789212,89.9550224887556
2363.90753169277,1772.30922197365,74.9625187406297
2368.87894606015,1799.65200099428,89.9550224887556
2376.33606761124,1742.48073576933,89.9550224887556
2386.27889634601,1518.76708923689,104.947526236882
2.48570718369376,914.740243599304,89.9550224887556
44.7427293064877,1116.0825254785,89.9550224887556
119.313944817301,735.769326373353,104.947526236882
159.085259756401,1225.45364156102,104.947526236882
325.627641063883,477.255779269202,89.9550224887556
338.056176982351,499.627143922446,89.9550224887556
347.999005717127,1464.08153119563,104.947526236882
340.541884166045,1481.48148148148,104.947526236882
352.970420084514,507.084265473527,89.9550224887556
360.427541635595,484.712900820283,104.947526236882
370.37037037037,1725.08078548347,104.947526236882
375.341784737758,1561.02411135968,89.9550224887556
382.798906288839,1486.45289584887,119.940029985007
392.741735023614,514.541387024609,104.947526236882
392.741735023614,1712.652249565,89.9550224887556
405.170270942083,1725.08078548347,89.9550224887556
420.084514044246,1692.76659209545,89.9550224887556
444.941585881183,1817.05195128014,89.9550224887556
452.398707432264,1809.59482972906,89.9550224887556
457.370121799652,1807.10912254536,89.9550224887556
526.969922943077,462.34153616704,89.9550224887556
541.88416604524,1019.13994531444,89.9550224887556
559.284116331096,178.970917225951,89.9550224887556
566.741237882178,2023.36564752672,89.9550224887556
594.084016902809,984.340044742729,89.9550224887556
604.026845637584,981.854337559036,89.9550224887556
604.026845637584,991.797166293811,89.9550224887556
616.455381556053,176.485210042257,89.9550224887556
661.19811086254,889.883171762366,89.9550224887556
668.655232413622,892.36887894606,104.947526236882
666.169525229928,1906.53740989311,104.947526236882
673.626646781009,882.426050211285,89.9550224887556
733.283619189659,216.256524981357,119.940029985007
735.769326373353,186.428038777032,119.940029985007
797.912005965697,1712.652249565,89.9550224887556
805.369127516779,1618.19537658464,104.947526236882
825.254784986329,1620.68108376833,104.947526236882
822.769077802635,1598.30971911509,89.9550224887556
835.197613721104,1638.08103405419,104.947526236882
879.940343027591,119.313944817301,104.947526236882
907.283122048223,1638.08103405419,89.9550224887556
934.625901068854,1665.42381307482,104.947526236882
981.854337559036,2366.39323887646,104.947526236882
981.854337559036,2358.93611732538,89.9550224887556
1106.13969674372,641.31245339299,89.9550224887556
1175.73949788715,474.770072085508,104.947526236882
1257.76783494904,69.5998011434253,89.9550224887556
1282.62490678598,827.740492170022,104.947526236882
1339.79617201094,874.968928660204,119.940029985007
1377.08177976634,1317.42480735769,89.9550224887556
1466.56723837932,1906.53740989311,89.9550224887556
1476.51006711409,1213.02510564256,104.947526236882
1568.48123291076,360.427541635595,119.940029985007
1578.42406164554,382.798906288839,104.947526236882
1595.82401193139,372.856077554064,89.9550224887556
1595.82401193139,362.913248819289,89.9550224887556
1635.59532687049,1538.65274670644,89.9550224887556
1635.59532687049,1533.68133233905,89.9550224887556
1643.05244842158,1541.13845389013,89.9550224887556
1645.53815560527,1511.30996768581,89.9550224887556
1648.02386278896,1536.16703952274,89.9550224887556
1670.39522744221,1998.50857568978,89.9550224887556
1670.39522744221,2003.47999005717,89.9550224887556
1692.76659209545,1533.68133233905,119.940029985007
1690.28088491176,1603.28113348248,89.9550224887556
1735.02361421825,1735.02361421825,104.947526236882
1884.16604523987,293.313447675864,104.947526236882
1943.82301764852,2348.9932885906,104.947526236882
1993.5371613224,976.882923191648,89.9550224887556
2155.10812826249,1389.51031568481,89.9550224887556
2189.9080288342,1394.4817300522,89.9550224887556
2202.33656475267,1899.08028834203,104.947526236882
2259.50782997763,1707.68083519761,89.9550224887556
2266.96495152871,1130.99676858066,104.947526236882
2299.27914491673,1928.90877454636,89.9550224887556
2306.73626646781,1491.42431021626,119.940029985007
2309.2219736515,1901.56599552573,89.9550224887556
2316.67909520259,1461.59582401193,119.940029985007
42.2570221227939,822.769077802635,119.940029985007
52.199850857569,1148.39671886652,104.947526236882
67.1140939597315,1108.62540392742,119.940029985007
121.799652000994,1409.39597315436,104.947526236882
181.456624409645,1185.68232662192,104.947526236882
188.913745960726,1193.13944817301,104.947526236882
310.71339796172,447.427293064877,104.947526236882
318.170519512801,444.941585881183,104.947526236882
328.113348247576,1466.56723837932,104.947526236882
330.59905543127,462.34153616704,104.947526236882
330.59905543127,472.284364901815,104.947526236882
335.570469798658,1983.59433258762,149.925037481259
355.456127268208,412.627392493164,104.947526236882
365.398956002983,499.627143922446,119.940029985007
362.913248819289,2003.47999005717,149.925037481259
405.170270942083,1682.82376336068,134.932533733133
427.541635595327,1486.45289584887,119.940029985007
512.055679840915,499.627143922446,119.940029985007
549.341287596321,1014.16853094705,104.947526236882
571.712652249565,1006.71140939597,104.947526236882
710.912254536416,2229.6793437733,134.932533733133
765.597812577678,139.199602286851,134.932533733133
790.454884414616,1628.13820531941,104.947526236882
792.94059159831,149.142431021626,104.947526236882
800.397713149391,1628.13820531941,104.947526236882
825.254784986329,1590.85259756401,104.947526236882
830.226199353716,173.999502858563,104.947526236882
830.226199353716,1593.3383047477,104.947526236882
835.197613721104,1613.22396221725,119.940029985007
845.140442455879,1454.13870246085,104.947526236882
857.568978374347,2242.10787969177,119.940029985007
874.968928660204,2232.165050957,119.940029985007
922.197365150385,1643.05244842158,104.947526236882
994.282873477504,2339.05045985583,119.940029985007
1048.96843151877,688.540889883172,119.940029985007
1163.31096196868,656.226696495153,104.947526236882
1190.65374098931,464.827243350733,119.940029985007
1312.45339299031,912.25453641561,104.947526236882
1324.88192890877,867.511807109123,104.947526236882
1347.25329356202,837.683320904797,119.940029985007
1359.68182948049,852.59756400696,104.947526236882
1387.02460850112,1237.88217747949,134.932533733133
1439.22445935869,1690.28088491176,119.940029985007
1491.42431021626,865.026099925429,104.947526236882
1575.93835446184,407.655978125777,119.940029985007
1638.08103405419,1508.82426050211,104.947526236882
1677.85234899329,1570.96694009446,104.947526236882
1705.19512801392,1590.85259756401,104.947526236882
1831.9661943823,1968.68008948546,119.940029985007
1841.90902311708,996.768580661198,104.947526236882
1874.2232165051,862.540392741735,134.932533733133
1899.08028834203,887.397464578673,104.947526236882
1918.96594581158,867.511807109123,104.947526236882
1941.33731046483,420.084514044246,134.932533733133
1973.65150385285,991.797166293811,104.947526236882
1976.13721103654,1700.22371364653,134.932533733133
1978.62291822023,996.768580661198,104.947526236882
1976.13721103654,1675.36664180959,119.940029985007
1993.5371613224,932.14019388516,104.947526236882
2005.96569724086,934.625901068854,104.947526236882
2102.90827740492,825.254784986329,104.947526236882
2145.16529952772,1404.42455878698,104.947526236882
2167.53666418096,1359.68182948049,104.947526236882
2174.99378573204,1406.91026597067,104.947526236882
2192.3937360179,1362.16753666418,104.947526236882
2204.82227193637,1871.7375093214,119.940029985007
2232.165050957,2048.22271936366,134.932533733133
2254.53641561024,1680.33805617698,104.947526236882
2257.02212279394,2038.27989062888,134.932533733133
2271.9363658961,2040.76559781258,119.940029985007
2274.42207307979,1126.02535421327,104.947526236882
2276.90778026349,1948.79443201591,119.940029985007
2296.79343773304,1928.90877454636,119.940029985007
2309.2219736515,1911.5088242605,119.940029985007
2319.16480238628,1483.96718866518,104.947526236882
2378.82177479493,1782.25205070843,104.947526236882
2448.42157593835,996.768580661198,119.940029985007
7.45712155108128,914.740243599304,119.940029985007
111.856823266219,728.312204822272,134.932533733133
126.771066368382,738.255033557047,119.940029985007
178.970917225951,1595.82401193139,149.925037481259
347.999005717127,1486.45289584887,119.940029985007
355.456127268208,1742.48073576933,134.932533733133
372.856077554064,1747.45215013671,119.940029985007
375.341784737758,1563.50981854338,119.940029985007
390.25602783992,1516.28138205319,134.932533733133
397.713149391002,1993.5371613224,134.932533733133
407.655978125777,2005.96569724086,119.940029985007
479.741486452896,1076.3112105394,119.940029985007
479.741486452896,1116.0825254785,119.940029985007
484.712900820283,1493.91001739995,119.940029985007
509.569972657221,526.969922943077,119.940029985007
514.541387024609,521.99850857569,119.940029985007
531.941337310465,1496.39572458364,134.932533733133
546.855580412627,183.942331593338,134.932533733133
601.54113845389,1538.65274670644,149.925037481259
608.998260004971,238.627889634601,119.940029985007
616.455381556053,173.999502858563,119.940029985007
618.941088739746,231.17076808352,119.940029985007
626.398210290828,164.056674123788,119.940029985007
663.683818046234,1217.99652000994,119.940029985007
683.569475515784,1367.13895103157,119.940029985007
790.454884414616,131.742480735769,119.940029985007
800.397713149391,2080.53691275168,149.925037481259
815.311956251554,2095.45115585384,149.925037481259
889.883171762366,131.742480735769,119.940029985007
934.625901068854,116.828237633607,119.940029985007
1036.5398956003,1227.93934874472,149.925037481259
1061.39696743724,1029.08277404922,149.925037481259
1071.33979617201,723.340790454884,119.940029985007
1133.48247576436,1009.19711657967,119.940029985007
1155.8538404176,338.056176982351,119.940029985007
1217.99652000994,412.627392493164,119.940029985007
1250.31071339796,472.284364901815,119.940029985007
1319.91051454139,2468.3072334079,149.925037481259
1337.31046482724,2478.25006214268,134.932533733133
1334.82475764355,862.540392741735,119.940029985007
1339.79617201094,892.36887894606,119.940029985007
1349.73900074571,872.48322147651,119.940029985007
1471.53865274671,822.769077802635,119.940029985007
1478.99577429779,830.226199353716,134.932533733133
1481.48148148148,94.4568729803629,134.932533733133
1488.93860303256,1215.51081282625,119.940029985007
1493.91001739995,1831.9661943823,149.925037481259
1501.36713895103,1183.19661943823,134.932533733133
1498.88143176734,857.568978374347,119.940029985007
1503.85284613473,1121.05393984589,134.932533733133
1588.36689038031,397.713149391002,119.940029985007
1600.79542629878,1302.51056425553,134.932533733133
1605.76684066617,375.341784737758,119.940029985007
1610.73825503356,1300.02485707184,134.932533733133
1620.68108376833,1295.05344270445,149.925037481259
1623.16679095203,1312.45339299031,134.932533733133
1667.90952025851,1513.7956748695,119.940029985007
1692.76659209545,894.854586129754,149.925037481259
1722.59507829978,1764.85210042257,134.932533733133
1730.05219985086,2003.47999005717,149.925037481259
1732.53790703455,584.141188168034,134.932533733133
1779.76634352473,1956.25155356699,134.932533733133
1909.02311707681,2358.93611732538,149.925037481259
1916.48023862789,2015.90852597564,119.940029985007
1936.36589609744,1958.73726075068,119.940029985007
1963.70867511807,1682.82376336068,119.940029985007
1966.19438230176,1961.22296793438,134.932533733133
2184.93661446682,1881.68033805618,119.940029985007
2217.25080785483,1891.62316679095,149.925037481259
2229.6793437733,1625.65249813572,134.932533733133
2239.62217250808,1128.51106139697,134.932533733133
2289.33631618195,1938.85160328113,119.940029985007
2304.25055928412,1436.73875217499,134.932533733133
2431.0216256525,1001.73999502859,119.940029985007
2463.33581904052,1009.19711657967,134.932533733133
32.3141933880189,822.769077802635,149.925037481259
144.171016654238,1217.99652000994,134.932533733133
173.999502858563,1640.56674123788,164.917541229385
186.428038777032,1665.42381307482,164.917541229385
216.256524981357,1349.73900074571,149.925037481259
350.48471290082,410.141685309471,134.932533733133
355.456127268208,479.741486452896,134.932533733133
372.856077554064,1737.50932140194,134.932533733133
382.798906288839,1747.45215013671,134.932533733133
397.713149391002,1720.10937111608,134.932533733133
415.113099676858,1991.0514541387,134.932533733133
420.084514044246,1551.08128262491,164.917541229385
432.513049962714,2105.39398458862,164.917541229385
469.798657718121,315.684812329108,134.932533733133
484.712900820283,1133.48247576436,149.925037481259
509.569972657221,2040.76559781258,149.925037481259
541.88416604524,1595.82401193139,134.932533733133
549.341287596321,959.482972905792,134.932533733133
561.76982351479,196.370867511807,134.932533733133
584.141188168034,183.942331593338,134.932533733133
591.598309719115,243.599304001989,134.932533733133
606.512552821278,1456.62440964454,164.917541229385
618.941088739746,1570.96694009446,164.917541229385
638.826746209297,944.568729803629,134.932533733133
653.740989311459,981.854337559036,164.917541229385
653.740989311459,1217.99652000994,134.932533733133
663.683818046234,1195.6251553567,134.932533733133
666.169525229928,1175.73949788715,134.932533733133
698.483718617947,1188.16803380562,149.925037481259
718.369376087497,2234.65075814069,134.932533733133
743.226447924435,144.171016654238,134.932533733133
758.140691026597,1508.82426050211,164.917541229385
780.512055679841,275.913497390007,149.925037481259
787.969177230922,1523.73850360428,149.925037481259
827.740492170022,285.856326124783,149.925037481259
924.683072334079,116.828237633607,134.932533733133
1043.99701715138,1014.16853094705,149.925037481259
1056.42555306985,1682.82376336068,134.932533733133
1061.39696743724,681.08376833209,134.932533733133
1071.33979617201,1705.19512801392,134.932533733133
1081.28262490679,1717.62366393239,134.932533733133
1078.79691772309,1680.33805617698,134.932533733133
1083.76833209048,705.940840169028,134.932533733133
1093.71116082525,976.882923191648,134.932533733133
1118.56823266219,1053.93984588615,164.917541229385
1126.02535421327,1006.71140939597,134.932533733133
1130.99676858066,971.911508824261,149.925037481259
1138.45389013174,343.027591349739,149.925037481259
1153.36813323391,333.084762614964,134.932533733133
1153.36813323391,1001.73999502859,149.925037481259
1175.73949788715,449.913000248571,134.932533733133
1255.28212776535,907.283122048223,149.925037481259
1275.1677852349,889.883171762366,134.932533733133
1272.68207805121,877.454635843898,134.932533733133
1287.59632115337,2458.36440467313,164.917541229385
1295.05344270445,2478.25006214268,149.925037481259
1322.39622172508,840.169028088491,134.932533733133
1396.96743723589,208.799403430276,134.932533733133
1401.93885160328,213.770817797663,134.932533733133
1421.82450907283,176.485210042257,164.917541229385
1444.19587372608,1826.99478001491,149.925037481259
1456.62440964454,2448.42157593835,149.925037481259
1459.11011682824,2423.56450410142,134.932533733133
1469.05294556301,1923.93736017897,149.925037481259
1481.48148148148,1817.05195128014,134.932533733133
1481.48148148148,1173.25379070346,134.932533733133
1488.93860303256,1767.33780760626,149.925037481259
1491.42431021626,1809.59482972906,149.925037481259
1501.36713895103,1170.76808351976,134.932533733133
1506.33855331842,1814.56624409645,134.932533733133
1521.25279642058,822.769077802635,164.917541229385
1516.28138205319,874.968928660204,134.932533733133
1521.25279642058,845.140442455879,149.925037481259
1590.85259756401,723.340790454884,134.932533733133
1677.85234899329,1364.65324384787,149.925037481259
1680.33805617698,2391.2503107134,149.925037481259
1687.79517772806,1603.28113348248,134.932533733133
1700.22371364653,606.512552821278,149.925037481259
1730.05219985086,1739.99502858563,134.932533733133
1752.4235645041,1747.45215013671,149.925037481259
1759.88068605518,1759.88068605518,134.932533733133
1767.33780760626,1973.65150385285,134.932533733133
1824.50907283122,1826.99478001491,134.932533733133
1834.451901566,1839.42331593338,134.932533733133
1846.88043748446,1807.10912254536,149.925037481259
1866.76609495401,1926.42306736266,134.932533733133
1913.9945314442,869.997514292816,134.932533733133
1923.93736017897,1700.22371364653,134.932533733133
1963.70867511807,773.05493412876,149.925037481259
2015.90852597564,1941.33731046483,134.932533733133
2192.3937360179,1856.82326621924,134.932533733133
2229.6793437733,1108.62540392742,134.932533733133
2239.62217250808,2050.70842654735,134.932533733133
2254.53641561024,1630.62391250311,134.932533733133
2257.02212279394,1645.53815560527,134.932533733133
2324.13621675367,1444.19587372608,134.932533733133
2334.07904548844,1270.19637086751,164.917541229385
2351.4789957743,1297.53914988814,164.917541229385
2353.96470295799,1133.48247576436,134.932533733133
2363.90753169277,1148.39671886652,164.917541229385
2378.82177479493,1118.56823266219,164.917541229385
2431.0216256525,989.311459110117,164.917541229385
79.5426298782003,730.797912005966,149.925037481259
198.856574695501,1620.68108376833,149.925037481259
201.342281879195,1675.36664180959,164.917541229385
203.827989062888,1690.28088491176,149.925037481259
228.685060899826,1660.45239870743,164.917541229385
268.456375838926,1715.13795674869,179.910044977511
328.113348247576,1996.02286850609,149.925037481259
367.884663186677,2018.39423315933,164.917541229385
434.998757146408,1466.56723837932,164.917541229385
472.284364901815,1391.99602286851,164.917541229385
492.170022371365,2055.67984091474,149.925037481259
589.112602535421,1536.16703952274,149.925037481259
601.54113845389,1573.45264727815,164.917541229385
606.512552821278,1493.91001739995,149.925037481259
633.855331841909,1573.45264727815,149.925037481259
671.140939597315,964.454387273179,164.917541229385
738.255033557047,1516.28138205319,164.917541229385
753.16927665921,1205.56798409147,164.917541229385
765.597812577678,1523.73850360428,164.917541229385
845.140442455879,283.370618941089,149.925037481259
964.454387273179,1277.65349241859,179.910044977511
979.368630375342,1257.76783494904,179.910044977511
979.368630375342,1287.59632115337,164.917541229385
1026.59706686552,539.398458861546,149.925037481259
1066.36838180462,999.254287844892,149.925037481259
1066.36838180462,725.826497638578,149.925037481259
1116.0825254785,1031.56848123291,164.917541229385
1178.22520507084,464.827243350733,149.925037481259
1304.99627143922,865.026099925429,149.925037481259
1399.45314441959,208.799403430276,179.910044977511
1416.85309470544,1839.42331593338,164.917541229385
1454.13870246085,1185.68232662192,149.925037481259
1459.11011682824,837.683320904797,164.917541229385
1481.48148148148,1869.25180213771,179.910044977511
1481.48148148148,1839.42331593338,164.917541229385
1503.85284613473,1777.28063634104,164.917541229385
1508.82426050211,1789.70917225951,164.917541229385
1603.28113348248,1317.42480735769,149.925037481259
1645.53815560527,574.198359433259,149.925037481259
1680.33805617698,894.854586129754,149.925037481259
1685.30947054437,792.94059159831,164.917541229385
1700.22371364653,1921.45165299528,149.925037481259
1712.652249565,2030.8227690778,149.925037481259
1712.652249565,850.111856823266,149.925037481259
1717.62366393239,2018.39423315933,164.917541229385
1737.50932140194,857.568978374347,149.925037481259
1762.36639323888,2018.39423315933,164.917541229385
1831.9661943823,1958.73726075068,149.925037481259
1928.90877454636,1491.42431021626,164.917541229385
1946.30872483221,1963.70867511807,149.925037481259
1956.25155356699,778.026348496147,164.917541229385
1961.22296793438,795.426298782004,179.910044977511
1991.0514541387,1933.88018891375,149.925037481259
2023.36564752672,1956.25155356699,149.925037481259
2189.9080288342,815.311956251554,194.902548725637
2194.87944320159,1871.7375093214,164.917541229385
2229.6793437733,1595.82401193139,149.925037481259
2239.62217250808,1946.30872483221,164.917541229385
2252.05070842655,1615.70966940094,149.925037481259
206.313696246582,1700.22371364653,179.910044977511
223.713646532438,1680.33805617698,164.917541229385
258.513547104151,1692.76659209545,179.910044977511
392.741735023614,2013.42281879195,179.910044977511
387.770320656227,2028.33706189411,164.917541229385
407.655978125777,2028.33706189411,179.910044977511
439.970171513796,1536.16703952274,179.910044977511
462.34153616704,1401.93885160328,179.910044977511
569.226945065871,1553.5669898086,164.917541229385
571.712652249565,1558.53840417599,164.917541229385
581.65548098434,668.655232413622,179.910044977511
581.65548098434,653.740989311459,209.895052473763
596.569724086503,1474.0243599304,179.910044977511
606.512552821278,1561.02411135968,164.917541229385
621.42679592344,1588.36689038031,164.917541229385
623.912503107134,1585.88118319662,164.917541229385
626.398210290828,1784.73775789212,164.917541229385
638.826746209297,1580.90976882923,164.917541229385
641.31245339299,2247.07929405916,164.917541229385
668.655232413622,2224.70792940592,164.917541229385
671.140939597315,2229.6793437733,164.917541229385
713.397961720109,1516.28138205319,179.910044977511
728.312204822272,2266.96495152871,194.902548725637
758.140691026597,2274.42207307979,194.902548725637
770.569226945066,1493.91001739995,179.910044977511
775.540641312453,1548.59557544121,179.910044977511
807.854834700472,318.170519512801,164.917541229385
822.769077802635,273.427790206314,164.917541229385
845.140442455879,275.913497390007,164.917541229385
959.482972905792,1297.53914988814,179.910044977511
1016.65423813075,186.428038777032,164.917541229385
1029.08277404922,193.885160328113,179.910044977511
1026.59706686552,186.428038777032,164.917541229385
1034.0541884166,238.627889634601,179.910044977511
1048.96843151877,390.25602783992,164.917541229385
1061.39696743724,415.113099676858,194.902548725637
1101.16828237634,2150.1367138951,194.902548725637
1108.62540392742,1024.11135968183,164.917541229385
1165.79666915237,966.940094456873,164.917541229385
1394.4817300522,1834.451901566,164.917541229385
1409.39597315436,1822.02336564753,164.917541229385
1414.36738752175,860.054685558041,164.917541229385
1414.36738752175,1819.53765846383,164.917541229385
1419.33880188914,1822.02336564753,164.917541229385
1449.16728809346,1764.85210042257,164.917541229385
1446.68158090977,1034.0541884166,179.910044977511
1459.11011682824,1009.19711657967,179.910044977511
1464.08153119563,1754.9092716878,164.917541229385
1652.99527715635,1362.16753666418,164.917541229385
1672.8809346259,2309.2219736515,179.910044977511
1707.68083519761,1986.08003977131,179.910044977511
1739.99502858563,2038.27989062888,164.917541229385
1737.50932140194,1986.08003977131,164.917541229385
1749.93785732041,1978.62291822023,164.917541229385
1851.85185185185,1794.6805866269,164.917541229385
1916.48023862789,1667.90952025851,164.917541229385
1923.93736017897,1638.08103405419,179.910044977511
2003.47999005717,1918.96594581158,164.917541229385
2008.45140442456,1916.48023862789,164.917541229385
2020.87994034303,1923.93736017897,164.917541229385
2147.65100671141,514.541387024609,179.910044977511
2184.93661446682,1046.48272433507,194.902548725637
2187.42232165051,1063.88267462093,194.902548725637
2212.27939348745,825.254784986329,194.902548725637
2224.70792940592,1073.8255033557,179.910044977511
2217.25080785483,1121.05393984589,164.917541229385
2222.22222222222,1123.53964702958,164.917541229385
2351.4789957743,1135.96818294805,179.910044977511
129.256773552076,1165.79666915237,179.910044977511
191.39945314442,832.71190653741,179.910044977511
320.656226696495,782.997762863535,209.895052473763
375.341784737758,1993.5371613224,179.910044977511
395.227442207308,2030.8227690778,194.902548725637
444.941585881183,1493.91001739995,179.910044977511
452.398707432264,2110.365398956,179.910044977511
457.370121799652,1419.33880188914,209.895052473763
462.34153616704,1389.51031568481,179.910044977511
484.712900820283,1382.05319413373,209.895052473763
484.712900820283,1404.42455878698,179.910044977511
502.11285110614,1419.33880188914,194.902548725637
566.741237882178,1466.56723837932,194.902548725637
564.255530698484,1434.2530449913,194.902548725637
571.712652249565,693.512304250559,209.895052473763
613.969674372359,1600.79542629878,179.910044977511
618.941088739746,1598.30971911509,179.910044977511
648.769574944072,1817.05195128014,179.910044977511
661.19811086254,2224.70792940592,194.902548725637
668.655232413622,1133.48247576436,179.910044977511
686.055182699478,362.913248819289,179.910044977511
688.540889883172,2269.4506587124,194.902548725637
693.512304250559,1516.28138205319,179.910044977511
708.426547352722,2264.47924434502,179.910044977511
723.340790454884,2252.05070842655,179.910044977511
720.855083271191,2217.25080785483,209.895052473763
755.654983842903,1528.70991797166,179.910044977511
795.426298782004,350.48471290082,209.895052473763
797.912005965697,1526.22421078797,179.910044977511
825.254784986329,305.741983594333,179.910044977511
852.59756400696,280.884911757395,179.910044977511
862.540392741735,298.284862043251,179.910044977511
867.511807109123,305.741983594333,179.910044977511
894.854586129754,591.598309719115,179.910044977511
942.083022619935,1285.11061396967,179.910044977511
991.797166293811,1300.02485707184,194.902548725637
996.768580661198,1295.05344270445,179.910044977511
1001.73999502859,1272.68207805121,179.910044977511
1016.65423813075,591.598309719115,179.910044977511
1014.16853094705,606.512552821278,194.902548725637
1019.13994531444,191.39945314442,179.910044977511
1026.59706686552,208.799403430276,179.910044977511
1026.59706686552,618.941088739746,179.910044977511
1034.0541884166,201.342281879195,179.910044977511
1053.93984588615,231.17076808352,194.902548725637
1123.53964702958,1086.25403927417,179.910044977511
1138.45389013174,1123.53964702958,179.910044977511
1135.96818294805,1135.96818294805,179.910044977511
1135.96818294805,2152.6224210788,179.910044977511
1145.91101168282,1106.13969674372,194.902548725637
1185.68232662192,469.798657718121,179.910044977511
1190.65374098931,325.627641063883,179.910044977511
1295.05344270445,357.941834451902,209.895052473763
1451.65299527716,1866.76609495401,179.910044977511
1454.13870246085,1876.70892368879,179.910044977511
1459.11011682824,1854.33755903555,194.902548725637
1478.99577429779,1904.05170270942,179.910044977511
1481.48148148148,1879.19463087248,179.910044977511
1523.73850360428,1836.93760874969,194.902548725637
1618.19537658464,787.969177230922,194.902548725637
1633.1096196868,1700.22371364653,209.895052473763
1648.02386278896,574.198359433259,179.910044977511
1660.45239870743,370.37037037037,179.910044977511
1667.90952025851,365.398956002983,179.910044977511
1687.79517772806,1931.39448173005,179.910044977511
1705.19512801392,1921.45165299528,194.902548725637
1744.96644295302,1988.56574695501,179.910044977511
1764.85210042257,1956.25155356699,179.910044977511
1861.79468058663,832.71190653741,179.910044977511
1886.65175242356,1715.13795674869,179.910044977511
1901.56599552573,1635.59532687049,179.910044977511
1901.56599552573,1628.13820531941,179.910044977511
1906.53740989311,1648.02386278896,179.910044977511
1933.88018891375,1496.39572458364,179.910044977511
1976.13721103654,775.540641312453,179.910044977511
1986.08003977131,1946.30872483221,209.895052473763
2085.50832711907,1871.7375093214,194.902548725637
2087.99403430276,621.42679592344,194.902548725637
2090.47974148645,1889.13745960726,179.910044977511
2145.16529952772,1121.05393984589,209.895052473763
2152.6224210788,1367.13895103157,209.895052473763
2170.02237136465,1329.85334327616,179.910044977511
2174.99378573204,1103.65398956003,194.902548725637
2177.47949291573,1053.93984588615,179.910044977511
2189.9080288342,1121.05393984589,209.895052473763
2192.3937360179,1135.96818294805,194.902548725637
2202.33656475267,1063.88267462093,179.910044977511
2237.13646532438,1111.11111111111,179.910044977511
2237.13646532438,1613.22396221725,179.910044977511
2309.2219736515,989.311459110117,194.902548725637
2381.30748197862,1215.51081282625,179.910044977511
2383.79318916232,1222.96793437733,179.910044977511
176.485210042257,1143.42530449913,224.887556221889
203.827989062888,1173.25379070346,224.887556221889
211.28511061397,1153.36813323391,209.895052473763
231.17076808352,1657.96669152374,194.902548725637
233.656475267214,1665.42381307482,194.902548725637
315.684812329108,1737.50932140194,224.887556221889
335.570469798658,1727.56649266716,194.902548725637
484.712900820283,474.770072085508,209.895052473763
509.569972657221,1411.88168033806,194.902548725637
534.427044494159,1451.65299527716,194.902548725637
589.112602535421,681.08376833209,209.895052473763
601.54113845389,668.655232413622,194.902548725637
608.998260004971,1809.59482972906,194.902548725637
676.112353964703,367.884663186677,194.902548725637
678.598061148397,1188.16803380562,224.887556221889
735.769326373353,1282.62490678598,239.880059970015
773.05493412876,2013.42281879195,209.895052473763
778.026348496147,355.456127268208,194.902548725637
792.94059159831,1506.33855331842,194.902548725637
802.883420333085,1518.76708923689,194.902548725637
1024.11135968183,385.284613472533,209.895052473763
1048.96843151877,387.770320656227,209.895052473763
1046.48272433507,427.541635595327,209.895052473763
1063.88267462093,370.37037037037,224.887556221889
1071.33979617201,382.798906288839,194.902548725637
1071.33979617201,623.912503107134,194.902548725637
1076.3112105394,621.42679592344,194.902548725637
1081.28262490679,367.884663186677,209.895052473763
1081.28262490679,646.283867760378,209.895052473763
1083.76833209048,415.113099676858,209.895052473763
1140.93959731544,1036.5398956003,209.895052473763
1287.59632115337,367.884663186677,194.902548725637
1312.45339299031,365.398956002983,194.902548725637
1441.71016654238,1901.56599552573,194.902548725637
1469.05294556301,812.82624906786,224.887556221889
1474.0243599304,1844.39473030077,194.902548725637
1533.68133233905,1188.16803380562,224.887556221889
1643.05244842158,1717.62366393239,209.895052473763
1916.48023862789,1595.82401193139,194.902548725637
1983.59433258762,802.883420333085,194.902548725637
2080.53691275168,1894.10887397465,224.887556221889
2092.96544867015,1896.59458115834,194.902548725637
2097.93686303753,1896.59458115834,194.902548725637
2117.82252050708,618.941088739746,194.902548725637
2259.50782997763,1128.51106139697,194.902548725637
2271.9363658961,1135.96818294805,209.895052473763
2281.87919463087,1123.53964702958,209.895052473763
2326.62192393736,1153.36813323391,224.887556221889
305.741983594333,812.82624906786,209.895052473763
328.113348247576,810.340541884166,209.895052473763
330.59905543127,778.026348496147,209.895052473763
457.370121799652,1374.59607258265,209.895052473763
479.741486452896,1359.68182948049,239.880059970015
494.655729555058,1782.25205070843,209.895052473763
524.484215759384,1419.33880188914,239.880059970015
546.855580412627,1414.36738752175,224.887556221889
691.026597066866,1260.25354213274,224.887556221889
695.998011434253,2224.70792940592,224.887556221889
713.397961720109,2145.16529952772,224.887556221889
730.797912005966,1203.08227690778,239.880059970015
728.312204822272,1148.39671886652,254.872563718141
725.826497638578,1178.22520507084,224.887556221889
733.283619189659,2150.1367138951,224.887556221889
743.226447924435,1168.28237633607,224.887556221889
867.511807109123,1270.19637086751,224.887556221889
894.854586129754,1275.1677852349,209.895052473763
902.311707680835,591.598309719115,224.887556221889
1071.33979617201,432.513049962714,209.895052473763
1126.02535421327,2172.50807854835,209.895052473763
1138.45389013174,2147.65100671141,209.895052473763
1143.42530449913,2219.73651503853,239.880059970015
1143.42530449913,1121.05393984589,209.895052473763
1150.88242605021,2244.59358687547,239.880059970015
1183.19661943823,320.656226696495,224.887556221889
1195.6251553567,325.627641063883,224.887556221889
1466.56723837932,1011.68282376336,209.895052473763
1476.51006711409,1001.73999502859,224.887556221889
1481.48148148148,1006.71140939597,209.895052473763
1511.30996768581,1158.33954760129,224.887556221889
1613.22396221725,2207.30797912006,239.880059970015
1633.1096196868,782.997762863535,209.895052473763
1767.33780760626,1208.05369127517,224.887556221889
2008.45140442456,1953.7658463833,224.887556221889
2053.19413373105,633.855331841909,209.895052473763
2080.53691275168,599.055431270196,209.895052473763
2083.02261993537,646.283867760378,239.880059970015
2087.99403430276,549.341287596321,224.887556221889
2107.87969177231,641.31245339299,224.887556221889
2177.47949291573,1086.25403927417,224.887556221889
2182.45090728312,1324.88192890877,209.895052473763
2197.36515038528,1295.05344270445,239.880059970015
2212.27939348745,1309.96768580661,224.887556221889
2214.76510067114,1076.3112105394,209.895052473763
2304.25055928412,1158.33954760129,224.887556221889
198.856574695501,1118.56823266219,239.880059970015
313.199105145414,800.397713149391,224.887556221889
343.027591349739,1024.11135968183,254.872563718141
367.884663186677,1593.3383047477,224.887556221889
367.884663186677,1735.02361421825,224.887556221889
390.25602783992,1836.93760874969,224.887556221889
442.455878697489,1404.42455878698,254.872563718141
472.284364901815,1426.79592344022,269.865067466267
526.969922943077,1436.73875217499,224.887556221889
564.255530698484,1434.2530449913,224.887556221889
663.683818046234,1272.68207805121,254.872563718141
678.598061148397,1133.48247576436,224.887556221889
681.08376833209,1257.76783494904,239.880059970015
720.855083271191,2167.53666418096,239.880059970015
723.340790454884,1265.22495650012,239.880059970015
733.283619189659,1230.42505592841,239.880059970015
730.797912005966,1083.76833209048,254.872563718141
738.255033557047,1252.79642058166,239.880059970015
750.683569475516,1096.19686800895,254.872563718141
758.140691026597,1267.71066368382,224.887556221889
755.654983842903,1175.73949788715,239.880059970015
800.397713149391,1518.76708923689,224.887556221889
874.968928660204,507.084265473527,254.872563718141
892.36887894606,1295.05344270445,224.887556221889
887.397464578673,362.913248819289,239.880059970015
944.568729803629,574.198359433259,224.887556221889
971.911508824261,1782.25205070843,224.887556221889
1029.08277404922,405.170270942083,224.887556221889
1111.11111111111,1643.05244842158,224.887556221889
1118.56823266219,1643.05244842158,224.887556221889
1126.02535421327,1643.05244842158,224.887556221889
1128.51106139697,1638.08103405419,224.887556221889
1133.48247576436,2237.13646532438,239.880059970015
1155.8538404176,2234.65075814069,224.887556221889
1190.65374098931,2239.62217250808,239.880059970015
1208.05369127517,2224.70792940592,254.872563718141
1213.02510564256,1240.36788466319,254.872563718141
1285.11061396967,1396.96743723589,224.887556221889
1300.02485707184,1406.91026597067,224.887556221889
1307.48197862292,1391.99602286851,254.872563718141
1324.88192890877,1369.62465821526,224.887556221889
1329.85334327616,663.683818046234,239.880059970015
1339.79617201094,641.31245339299,254.872563718141
1367.13895103157,579.169773800646,224.887556221889
1374.59607258265,574.198359433259,224.887556221889
1384.53890131742,586.626895351728,239.880059970015
1449.16728809346,1854.33755903555,239.880059970015
1478.99577429779,1906.53740989311,224.887556221889
1491.42431021626,270.94208302262,224.887556221889
1511.30996768581,1213.02510564256,239.880059970015
1528.70991797166,1200.59656972409,224.887556221889
1665.42381307482,1133.48247576436,239.880059970015
1662.93810589113,2020.87994034303,239.880059970015
1677.85234899329,845.140442455879,239.880059970015
1682.82376336068,897.340293313448,269.865067466267
1695.25229927915,1091.22545364156,239.880059970015
1737.50932140194,2105.39398458862,269.865067466267
1742.48073576933,1344.76758637832,224.887556221889
1764.85210042257,2130.25105642555,239.880059970015
1807.10912254536,2162.56524981357,239.880059970015
1951.2801391996,1466.56723837932,239.880059970015
1951.2801391996,1332.33905045986,224.887556221889
1968.68008948546,1347.25329356202,239.880059970015
1966.19438230176,1324.88192890877,269.865067466267
2038.27989062888,661.19811086254,239.880059970015
2033.3084762615,678.598061148397,224.887556221889
2075.56549838429,1884.16604523987,224.887556221889
2100.42257022123,1896.59458115834,239.880059970015
2117.82252050708,1334.82475764355,224.887556221889
2122.79393487447,631.369624658215,224.887556221889
2132.73676360925,1861.79468058663,239.880059970015
2155.10812826249,1290.08202833706,239.880059970015
2162.56524981357,1302.51056425553,239.880059970015
2192.3937360179,1337.31046482724,239.880059970015
2237.13646532438,1638.08103405419,224.887556221889
2264.47924434502,1123.53964702958,224.887556221889
340.541884166045,1730.05219985086,239.880059970015
365.398956002983,1605.76684066617,254.872563718141
439.970171513796,1429.28163062391,254.872563718141
494.655729555058,894.854586129754,254.872563718141
643.798160576684,1476.51006711409,254.872563718141
648.769574944072,484.712900820283,269.865067466267
658.712403678847,482.22719363659,239.880059970015
671.140939597315,1078.79691772309,239.880059970015
681.08376833209,1570.96694009446,239.880059970015
683.569475515784,1449.16728809346,254.872563718141
698.483718617947,1265.22495650012,239.880059970015
700.969425801641,1185.68232662192,239.880059970015
703.455132985334,1255.28212776535,239.880059970015
723.340790454884,1225.45364156102,239.880059970015
718.369376087497,571.712652249565,269.865067466267
723.340790454884,1096.19686800895,239.880059970015
730.797912005966,2224.70792940592,239.880059970015
738.255033557047,1138.45389013174,254.872563718141
745.712155108128,1150.88242605021,239.880059970015
765.597812577678,1280.13919960229,269.865067466267
773.05493412876,1168.28237633607,284.857571214393
785.483470047228,1140.93959731544,269.865067466267
780.512055679841,1265.22495650012,254.872563718141
780.512055679841,1292.56773552076,239.880059970015
797.912005965697,1590.85259756401,269.865067466267
889.883171762366,514.541387024609,239.880059970015
904.797414864529,1282.62490678598,239.880059970015
1034.0541884166,494.655729555058,254.872563718141
1053.93984588615,380.313199105145,239.880059970015
1280.13919960229,1382.05319413373,254.872563718141
1282.62490678598,1409.39597315436,239.880059970015
1287.59632115337,837.683320904797,254.872563718141
1309.96768580661,889.883171762366,239.880059970015
1319.91051454139,695.998011434253,239.880059970015
1332.33905045986,688.540889883172,239.880059970015
1337.31046482724,688.540889883172,239.880059970015
1369.62465821526,576.684066616953,254.872563718141
1401.93885160328,658.712403678847,239.880059970015
1660.45239870743,855.083271190654,239.880059970015
1670.39522744221,2179.96520009943,254.872563718141
1675.36664180959,2202.33656475267,239.880059970015
1715.13795674869,912.25453641561,239.880059970015
1722.59507829978,904.797414864529,239.880059970015
1727.56649266716,922.197365150385,239.880059970015
1727.56649266716,1359.68182948049,239.880059970015
1730.05219985086,1302.51056425553,239.880059970015
1732.53790703455,867.511807109123,269.865067466267
1742.48073576933,894.854586129754,254.872563718141
1752.4235645041,2142.67959234402,269.865067466267
1772.30922197365,2155.10812826249,254.872563718141
1859.30897340293,1543.62416107383,239.880059970015
1918.96594581158,1414.36738752175,254.872563718141
1958.73726075068,1349.73900074571,269.865067466267
2015.90852597564,618.941088739746,239.880059970015
2065.62266964952,611.483967188665,239.880059970015
2070.5940840169,1899.08028834203,239.880059970015
2075.56549838429,1904.05170270942,239.880059970015
2092.96544867015,1871.7375093214,239.880059970015
2135.22247079294,1290.08202833706,239.880059970015
2162.56524981357,1071.33979617201,239.880059970015
198.856574695501,1150.88242605021,254.872563718141
298.284862043251,1016.65423813075,269.865067466267
303.256276410639,1001.73999502859,269.865067466267
377.827491921452,1595.82401193139,254.872563718141
417.598806860552,927.168779517773,269.865067466267
427.541635595327,676.112353964703,254.872563718141
425.055928411633,907.283122048223,269.865067466267
618.941088739746,937.111608252548,269.865067466267
626.398210290828,1459.11011682824,269.865067466267
676.112353964703,477.255779269202,269.865067466267
673.626646781009,1446.68158090977,284.857571214393
720.855083271191,1118.56823266219,254.872563718141
733.283619189659,2150.1367138951,254.872563718141
750.683569475516,932.14019388516,254.872563718141
755.654983842903,1138.45389013174,254.872563718141
768.083519761372,1140.93959731544,254.872563718141
773.05493412876,966.940094456873,269.865067466267
780.512055679841,1126.02535421327,254.872563718141
842.654735272185,996.768580661198,254.872563718141
850.111856823266,956.997265722098,254.872563718141
850.111856823266,981.854337559036,254.872563718141
1041.51130996769,922.197365150385,254.872563718141
1048.96843151877,1441.71016654238,284.857571214393
1076.3112105394,924.683072334079,329.835082458771
1128.51106139697,1640.56674123788,254.872563718141
1160.82525478499,869.997514292816,269.865067466267
1168.28237633607,2050.70842654735,254.872563718141
1160.82525478499,2053.19413373105,284.857571214393
1260.25354213274,1382.05319413373,254.872563718141
1262.73924931643,1389.51031568481,254.872563718141
1277.65349241859,1401.93885160328,269.865067466267
1287.59632115337,802.883420333085,254.872563718141
1384.53890131742,559.284116331096,254.872563718141
1409.39597315436,564.255530698484,269.865067466267
1496.39572458364,1143.42530449913,254.872563718141
1508.82426050211,579.169773800646,254.872563718141
1588.36689038031,1774.79492915735,254.872563718141
1700.22371364653,850.111856823266,269.865067466267
1720.10937111608,882.426050211285,269.865067466267
1730.05219985086,884.911757394979,254.872563718141
1739.99502858563,845.140442455879,269.865067466267
1757.39497887149,909.768829231916,254.872563718141
1762.36639323888,874.968928660204,254.872563718141
1769.82351478996,892.36887894606,299.850074962519
1896.59458115834,1409.39597315436,254.872563718141
1906.53740989311,1391.99602286851,254.872563718141
1918.96594581158,1426.79592344022,254.872563718141
1953.7658463833,1735.02361421825,254.872563718141
1983.59433258762,1334.82475764355,254.872563718141
1991.0514541387,1220.48222719364,269.865067466267
2003.47999005717,601.54113845389,254.872563718141
2048.22271936366,1230.42505592841,299.850074962519
2060.65125528213,589.112602535421,284.857571214393
2162.56524981357,574.198359433259,254.872563718141
2202.33656475267,1302.51056425553,254.872563718141
2214.76510067114,1312.45339299031,254.872563718141
270.94208302262,1426.79592344022,284.857571214393
278.399204573701,1426.79592344022,284.857571214393
303.256276410639,984.340044742729,299.850074962519
333.084762614964,1595.82401193139,269.865067466267
340.541884166045,1585.88118319662,269.865067466267
352.970420084514,1610.73825503356,269.865067466267
425.055928411633,1426.79592344022,284.857571214393
477.255779269202,1362.16753666418,269.865067466267
507.084265473527,899.826000497141,269.865067466267
514.541387024609,897.340293313448,284.857571214393
529.455630126771,961.968680089485,269.865067466267
536.912751677852,961.968680089485,269.865067466267
596.569724086503,989.311459110117,299.850074962519
599.055431270196,1640.56674123788,299.850074962519
623.912503107134,494.655729555058,269.865067466267
638.826746209297,507.084265473527,269.865067466267
658.712403678847,1474.0243599304,299.850074962519
671.140939597315,499.627143922446,284.857571214393
673.626646781009,1580.90976882923,269.865067466267
673.626646781009,1570.96694009446,269.865067466267
678.598061148397,872.48322147651,299.850074962519
678.598061148397,904.797414864529,314.842578710645
703.455132985334,2020.87994034303,314.842578710645
708.426547352722,1083.76833209048,269.865067466267
713.397961720109,1088.73974645787,269.865067466267
723.340790454884,2224.70792940592,269.865067466267
743.226447924435,934.625901068854,284.857571214393
753.16927665921,961.968680089485,284.857571214393
758.140691026597,1103.65398956003,284.857571214393
763.112105393985,1145.91101168282,269.865067466267
773.05493412876,979.368630375342,284.857571214393
782.997762863535,1193.13944817301,284.857571214393
810.340541884166,1570.96694009446,269.865067466267
850.111856823266,1272.68207805121,269.865067466267
867.511807109123,514.541387024609,269.865067466267
879.940343027591,482.22719363659,269.865067466267
986.825751926423,628.883917474521,299.850074962519
1029.08277404922,599.055431270196,269.865067466267
1116.0825254785,2202.33656475267,284.857571214393
1118.56823266219,1643.05244842158,269.865067466267
1135.96818294805,869.997514292816,269.865067466267
1148.39671886652,872.48322147651,299.850074962519
1148.39671886652,837.683320904797,284.857571214393
1165.79666915237,2145.16529952772,314.842578710645
1193.13944817301,1242.85359184688,269.865067466267
1270.19637086751,1377.08177976634,269.865067466267
1272.68207805121,840.169028088491,269.865067466267
1272.68207805121,827.740492170022,269.865067466267
1277.65349241859,802.883420333085,269.865067466267
1280.13919960229,1394.4817300522,269.865067466267
1287.59632115337,827.740492170022,284.857571214393
1297.53914988814,1374.59607258265,269.865067466267
1304.99627143922,1978.62291822023,299.850074962519
1319.91051454139,666.169525229928,269.865067466267
1389.51031568481,1966.19438230176,299.850074962519
1404.42455878698,623.912503107134,299.850074962519
1426.79592344022,668.655232413622,314.842578710645
1476.51006711409,750.683569475516,299.850074962519
1498.88143176734,579.169773800646,299.850074962519
1506.33855331842,554.312701963709,284.857571214393
1565.99552572707,1948.79443201591,314.842578710645
1568.48123291076,1799.65200099428,269.865067466267
1603.28113348248,2209.79368630375,269.865067466267
1603.28113348248,1357.19612229679,284.857571214393
1660.45239870743,2177.47949291573,269.865067466267
1690.28088491176,862.540392741735,314.842578710645
1707.68083519761,832.71190653741,299.850074962519
1712.652249565,1304.99627143922,269.865067466267
1722.59507829978,917.225950782998,284.857571214393
1727.56649266716,892.36887894606,284.857571214393
1737.50932140194,949.540144171017,284.857571214393
1737.50932140194,929.654486701467,269.865067466267
1752.4235645041,912.25453641561,284.857571214393
1764.85210042257,860.054685558041,299.850074962519
1754.9092716878,2127.76534924186,284.857571214393
1757.39497887149,2160.07954262988,269.865067466267
1762.36639323888,2110.365398956,284.857571214393
1787.22346507581,2162.56524981357,284.857571214393
1812.08053691275,852.59756400696,284.857571214393
1886.65175242356,904.797414864529,269.865067466267
1913.9945314442,1702.70942083023,299.850074962519
1926.42306736266,1426.79592344022,284.857571214393
1938.85160328113,1329.85334327616,269.865067466267
1938.85160328113,1439.22445935869,269.865067466267
1943.82301764852,1595.82401193139,299.850074962519
1941.33731046483,1461.59582401193,269.865067466267
1946.30872483221,1334.82475764355,269.865067466267
1948.79443201591,1384.53890131742,284.857571214393
1983.59433258762,1237.88217747949,269.865067466267
1988.56574695501,1277.65349241859,299.850074962519
1991.0514541387,601.54113845389,269.865067466267
2000.99428287348,1213.02510564256,299.850074962519
2008.45140442456,616.455381556053,269.865067466267
2025.85135471042,1399.45314441959,299.850074962519
2025.85135471042,678.598061148397,269.865067466267
2055.67984091474,1210.53939845886,284.857571214393
2055.67984091474,613.969674372359,269.865067466267
2105.39398458862,1670.39522744221,299.850074962519
2120.30822769078,643.798160576684,284.857571214393
2155.10812826249,571.712652249565,269.865067466267
2155.10812826249,576.684066616953,269.865067466267
2189.9080288342,1295.05344270445,269.865067466267
2194.87944320159,1302.51056425553,269.865067466267
367.884663186677,1588.36689038031,284.857571214393
594.084016902809,1633.1096196868,284.857571214393
618.941088739746,1471.53865274671,284.857571214393
671.140939597315,892.36887894606,284.857571214393
686.055182699478,459.855828983346,284.857571214393
710.912254536416,907.283122048223,314.842578710645
738.255033557047,971.911508824261,284.857571214393
748.197862291822,979.368630375342,284.857571214393
758.140691026597,979.368630375342,284.857571214393
778.026348496147,1121.05393984589,284.857571214393
956.997265722098,740.740740740741,314.842578710645
979.368630375342,596.569724086503,299.850074962519
979.368630375342,1600.79542629878,284.857571214393
989.311459110117,1588.36689038031,284.857571214393
991.797166293811,1580.90976882923,284.857571214393
1006.71140939597,589.112602535421,314.842578710645
1046.48272433507,914.740243599304,299.850074962519
1093.71116082525,897.340293313448,284.857571214393
1113.5968182948,1185.68232662192,299.850074962519
1130.99676858066,1203.08227690778,329.835082458771
1128.51106139697,2192.3937360179,284.857571214393
1130.99676858066,912.25453641561,284.857571214393
1140.93959731544,1225.45364156102,314.842578710645
1140.93959731544,2187.42232165051,299.850074962519
1150.88242605021,919.711657966692,284.857571214393
1158.33954760129,2207.30797912006,314.842578710645
1163.31096196868,2184.93661446682,314.842578710645
1158.33954760129,914.740243599304,284.857571214393
1175.73949788715,2043.25130499627,299.850074962519
1282.62490678598,850.111856823266,284.857571214393
1290.08202833706,1354.7104151131,284.857571214393
1304.99627143922,608.998260004971,284.857571214393
1439.22445935869,626.398210290828,284.857571214393
1456.62440964454,621.42679592344,314.842578710645
1478.99577429779,663.683818046234,314.842578710645
1528.70991797166,713.397961720109,314.842578710645
1580.90976882923,1334.82475764355,314.842578710645
1590.85259756401,1772.30922197365,299.850074962519
1662.93810589113,904.797414864529,284.857571214393
1702.70942083023,1804.62341536167,284.857571214393
1722.59507829978,1936.36589609744,284.857571214393
1739.99502858563,874.968928660204,284.857571214393
1884.16604523987,1108.62540392742,299.850074962519
1896.59458115834,1367.13895103157,299.850074962519
1896.59458115834,1439.22445935869,284.857571214393
1904.05170270942,1441.71016654238,284.857571214393
1943.82301764852,1372.11036539896,284.857571214393
1973.65150385285,1252.79642058166,284.857571214393
2092.96544867015,1667.90952025851,299.850074962519
2160.07954262988,1367.13895103157,299.850074962519
2167.53666418096,1399.45314441959,314.842578710645
372.856077554064,1426.79592344022,299.850074962519
390.25602783992,1426.79592344022,314.842578710645
385.284613472533,1404.42455878698,299.850074962519
407.655978125777,1575.93835446184,329.835082458771
442.455878697489,1411.88168033806,299.850074962519
571.712652249565,1014.16853094705,299.850074962519
576.684066616953,1014.16853094705,299.850074962519
581.65548098434,1009.19711657967,299.850074962519
628.883917474521,1461.59582401193,299.850074962519
636.341039025603,1478.99577429779,299.850074962519
671.140939597315,857.568978374347,299.850074962519
681.08376833209,2033.3084762615,329.835082458771
725.826497638578,976.882923191648,299.850074962519
730.797912005966,1521.25279642058,329.835082458771
782.997762863535,964.454387273179,299.850074962519
807.854834700472,454.884414615958,299.850074962519
817.797663435247,981.854337559036,299.850074962519
877.454635843898,884.911757394979,299.850074962519
949.540144171017,728.312204822272,299.850074962519
971.911508824261,1605.76684066617,299.850074962519
976.882923191648,1605.76684066617,299.850074962519
981.854337559036,1603.28113348248,299.850074962519
989.311459110117,584.141188168034,329.835082458771
1143.42530449913,904.797414864529,299.850074962519
1163.31096196868,897.340293313448,299.850074962519
1168.28237633607,902.311707680835,299.850074962519
1265.22495650012,830.226199353716,299.850074962519
1285.11061396967,604.026845637584,314.842578710645
1459.11011682824,673.626646781009,329.835082458771
1483.96718866518,1389.51031568481,344.827586206897
1508.82426050211,713.397961720109,299.850074962519
1543.62416107383,1123.53964702958,329.835082458771
1573.45264727815,1774.79492915735,329.835082458771
1580.90976882923,1881.68033805618,299.850074962519
1667.90952025851,924.683072334079,299.850074962519
1680.33805617698,1926.42306736266,299.850074962519
1744.96644295302,892.36887894606,299.850074962519
1749.93785732041,942.083022619935,299.850074962519
1904.05170270942,1670.39522744221,299.850074962519
1948.79443201591,797.912005965697,329.835082458771
1966.19438230176,1337.31046482724,299.850074962519
2073.0797912006,1605.76684066617,329.835082458771
2145.16529952772,1401.93885160328,299.850074962519
2167.53666418096,1347.25329356202,314.842578710645
2192.3937360179,1369.62465821526,329.835082458771
2237.13646532438,1374.59607258265,314.842578710645
653.740989311459,1478.99577429779,314.842578710645
676.112353964703,1506.33855331842,344.827586206897
681.08376833209,850.111856823266,314.842578710645
693.512304250559,1521.25279642058,314.842578710645
782.997762863535,971.911508824261,314.842578710645
872.48322147651,850.111856823266,314.842578710645
969.425801640567,802.883420333085,314.842578710645
989.311459110117,1583.39547601293,314.842578710645
989.311459110117,812.82624906786,314.842578710645
999.254287844892,991.797166293811,314.842578710645
1004.22570221228,971.911508824261,374.812593703148
1016.65423813075,944.568729803629,314.842578710645
1041.51130996769,999.254287844892,314.842578710645
1093.71116082525,899.826000497141,314.842578710645
1143.42530449913,922.197365150385,314.842578710645
1170.76808351976,745.712155108128,314.842578710645
1175.73949788715,2170.02237136465,329.835082458771
1175.73949788715,753.16927665921,314.842578710645
1193.13944817301,715.883668903803,329.835082458771
1198.11086254039,782.997762863535,329.835082458771
1302.51056425553,608.998260004971,314.842578710645
1344.76758637832,611.483967188665,314.842578710645
1466.56723837932,661.19811086254,314.842578710645
1498.88143176734,1404.42455878698,344.827586206897
1498.88143176734,728.312204822272,314.842578710645
1511.30996768581,559.284116331096,314.842578710645
1531.19562515536,1374.59607258265,329.835082458771
1556.05269699229,1849.36614466816,344.827586206897
1556.05269699229,1981.10862540393,314.842578710645
1561.02411135968,1918.96594581158,329.835082458771
1565.99552572707,1983.59433258762,314.842578710645
1580.90976882923,1846.88043748446,344.827586206897
1578.42406164554,1856.82326621924,314.842578710645
1585.88118319662,1349.73900074571,329.835082458771
1665.42381307482,904.797414864529,314.842578710645
1675.36664180959,1767.33780760626,314.842578710645
1697.73800646284,1491.42431021626,344.827586206897
1702.70942083023,867.511807109123,314.842578710645
1707.68083519761,1829.48048719861,314.842578710645
1792.1948794432,996.768580661198,314.842578710645
1968.68008948546,800.397713149391,329.835082458771
2048.22271936366,1598.30971911509,329.835082458771
2073.0797912006,1578.42406164554,314.842578710645
2217.25080785483,1352.22470792941,314.842578710645
499.627143922446,1309.96768580661,389.805097451274
668.655232413622,867.511807109123,344.827586206897
691.026597066866,1700.22371364653,359.820089955023
693.512304250559,1041.51130996769,344.827586206897
698.483718617947,1516.28138205319,344.827586206897
723.340790454884,954.511558538404,329.835082458771
882.426050211285,842.654735272185,344.827586206897
877.454635843898,862.540392741735,329.835082458771
879.940343027591,874.968928660204,329.835082458771
882.426050211285,860.054685558041,329.835082458771
969.425801640567,937.111608252548,359.820089955023
966.940094456873,778.026348496147,344.827586206897
971.911508824261,797.912005965697,329.835082458771
976.882923191648,763.112105393985,329.835082458771
989.311459110117,623.912503107134,329.835082458771
1009.19711657967,770.569226945066,329.835082458771
1004.22570221228,986.825751926423,329.835082458771
1014.16853094705,932.14019388516,344.827586206897
1024.11135968183,1014.16853094705,344.827586206897
1024.11135968183,979.368630375342,344.827586206897
1019.13994531444,817.797663435247,374.812593703148
1034.0541884166,939.597315436242,329.835082458771
1051.45413870246,1026.59706686552,374.812593703148
1051.45413870246,996.768580661198,359.820089955023
1076.3112105394,807.854834700472,359.820089955023
1103.65398956003,907.283122048223,329.835082458771
1116.0825254785,904.797414864529,329.835082458771
1148.39671886652,2187.42232165051,329.835082458771
1180.71091225454,743.226447924435,329.835082458771
1225.45364156102,1715.13795674869,359.820089955023
1220.48222719364,805.369127516779,329.835082458771
1255.28212776535,1749.93785732041,344.827586206897
1272.68207805121,830.226199353716,329.835082458771
1295.05344270445,604.026845637584,344.827586206897
1302.51056425553,1098.68257519264,374.812593703148
1312.45339299031,599.055431270196,329.835082458771
1319.91051454139,586.626895351728,344.827586206897
1429.28163062391,604.026845637584,329.835082458771
1436.73875217499,1449.16728809346,344.827586206897
1481.48148148148,1406.91026597067,359.820089955023
1493.91001739995,812.82624906786,374.812593703148
1528.70991797166,1928.90877454636,359.820089955023
1531.19562515536,1936.36589609744,329.835082458771
1558.53840417599,1792.1948794432,329.835082458771
1585.88118319662,1931.39448173005,329.835082458771
1588.36689038031,1971.16579666915,329.835082458771
1600.79542629878,1943.82301764852,344.827586206897
1595.82401193139,1851.85185185185,329.835082458771
1605.76684066617,1354.7104151131,344.827586206897
1623.16679095203,638.826746209297,374.812593703148
1638.08103405419,872.48322147651,329.835082458771
1640.56674123788,879.940343027591,329.835082458771
1648.02386278896,939.597315436242,359.820089955023
1652.99527715635,879.940343027591,329.835082458771
1660.45239870743,937.111608252548,329.835082458771
1670.39522744221,1779.76634352473,374.812593703148
1675.36664180959,959.482972905792,329.835082458771
1707.68083519761,1802.13770817798,329.835082458771
1744.96644295302,1764.85210042257,359.820089955023
1747.45215013671,872.48322147651,329.835082458771
1752.4235645041,939.597315436242,329.835082458771
1789.70917225951,1866.76609495401,344.827586206897
1822.02336564753,1861.79468058663,389.805097451274
1886.65175242356,1101.16828237634,344.827586206897
1891.62316679095,1106.13969674372,344.827586206897
1918.96594581158,1568.48123291076,359.820089955023
1931.39448173005,837.683320904797,329.835082458771
2120.30822769078,954.511558538404,329.835082458771
2135.22247079294,1389.51031568481,329.835082458771
2137.70817797663,1384.53890131742,329.835082458771
514.541387024609,974.397216007954,344.827586206897
521.99850857569,1349.73900074571,359.820089955023
668.655232413622,1702.70942083023,344.827586206897
683.569475515784,1066.36838180462,359.820089955023
688.540889883172,1048.96843151877,344.827586206897
688.540889883172,1518.76708923689,344.827586206897
730.797912005966,976.882923191648,344.827586206897
847.626149639573,894.854586129754,344.827586206897
892.36887894606,1978.62291822023,344.827586206897
927.168779517773,852.59756400696,344.827586206897
976.882923191648,782.997762863535,344.827586206897
981.854337559036,817.797663435247,359.820089955023
996.768580661198,807.854834700472,344.827586206897
1021.62565249814,1043.99701715138,374.812593703148
1026.59706686552,842.654735272185,374.812593703148
1068.85408898832,1011.68282376336,359.820089955023
1108.62540392742,1183.19661943823,344.827586206897
1158.33954760129,773.05493412876,374.812593703148
1183.19661943823,1697.73800646284,404.7976011994
1190.65374098931,2184.93661446682,344.827586206897
1195.6251553567,743.226447924435,374.812593703148
1203.08227690778,1720.10937111608,344.827586206897
1215.51081282625,1722.59507829978,344.827586206897
1232.91076311211,725.826497638578,359.820089955023
1225.45364156102,1697.73800646284,389.805097451274
1275.1677852349,705.940840169028,374.812593703148
1424.31021625653,648.769574944072,344.827586206897
1431.76733780761,1570.96694009446,344.827586206897
1454.13870246085,1411.88168033806,374.812593703148
1476.51006711409,815.311956251554,359.820089955023
1491.42431021626,1349.73900074571,344.827586206897
1568.48123291076,1981.10862540393,344.827586206897
1573.45264727815,1978.62291822023,344.827586206897
1613.22396221725,1349.73900074571,344.827586206897
1620.68108376833,1767.33780760626,344.827586206897
1640.56674123788,1769.82351478996,359.820089955023
1662.93810589113,1809.59482972906,344.827586206897
1682.82376336068,1764.85210042257,344.827586206897
1692.76659209545,959.482972905792,374.812593703148
1692.76659209545,1580.90976882923,344.827586206897
1702.70942083023,1173.25379070346,389.805097451274
1705.19512801392,1727.56649266716,359.820089955023
1715.13795674869,1717.62366393239,344.827586206897
1717.62366393239,1744.96644295302,359.820089955023
1909.02311707681,1615.70966940094,344.827586206897
2020.87994034303,1456.62440964454,389.805097451274
2152.6224210788,1399.45314441959,344.827586206897
497.141436738752,1327.36763609247,359.820089955023
514.541387024609,1312.45339299031,374.812593703148
643.798160576684,1051.45413870246,374.812593703148
668.655232413622,1098.68257519264,389.805097451274
678.598061148397,1056.42555306985,359.820089955023
857.568978374347,1217.99652000994,359.820089955023
867.511807109123,847.626149639573,359.820089955023
894.854586129754,1978.62291822023,389.805097451274
974.397216007954,994.282873477504,404.7976011994
979.368630375342,1051.45413870246,404.7976011994
994.282873477504,1006.71140939597,374.812593703148
996.768580661198,1019.13994531444,359.820089955023
1006.71140939597,835.197613721104,374.812593703148
1046.48272433507,979.368630375342,374.812593703148
1091.22545364156,909.768829231916,359.820089955023
1165.79666915237,1203.08227690778,374.812593703148
1200.59656972409,703.455132985334,374.812593703148
1265.22495650012,1779.76634352473,389.805097451274
1312.45339299031,917.225950782998,359.820089955023
1451.65299527716,1573.45264727815,359.820089955023
1528.70991797166,1978.62291822023,404.7976011994
1548.59557544121,1913.9945314442,374.812593703148
1565.99552572707,1906.53740989311,374.812593703148
1625.65249813572,628.883917474521,359.820089955023
1680.33805617698,1190.65374098931,404.7976011994
1697.73800646284,1004.22570221228,359.820089955023
1707.68083519761,1019.13994531444,359.820089955023
1799.65200099428,996.768580661198,359.820089955023
1921.45165299528,1625.65249813572,359.820089955023
613.969674372359,1130.99676858066,404.7976011994
636.341039025603,1066.36838180462,389.805097451274
681.08376833209,1362.16753666418,404.7976011994
877.454635843898,1257.76783494904,389.805097451274
884.911757394979,1976.13721103654,374.812593703148
887.397464578673,1382.05319413373,374.812593703148
897.340293313448,1399.45314441959,389.805097451274
909.768829231916,1334.82475764355,374.812593703148
912.25453641561,1183.19661943823,374.812593703148
917.225950782998,1160.82525478499,404.7976011994
917.225950782998,1399.45314441959,374.812593703148
942.083022619935,1516.28138205319,419.790104947526
949.540144171017,807.854834700472,389.805097451274
1039.02560278399,1014.16853094705,374.812593703148
1068.85408898832,981.854337559036,374.812593703148
1076.3112105394,942.083022619935,374.812593703148
1143.42530449913,1670.39522744221,374.812593703148
1170.76808351976,733.283619189659,389.805097451274
1188.16803380562,730.797912005966,374.812593703148
1190.65374098931,1712.652249565,374.812593703148
1195.6251553567,1702.70942083023,374.812593703148
1208.05369127517,1730.05219985086,389.805097451274
1312.45339299031,1844.39473030077,389.805097451274
1528.70991797166,1742.48073576933,404.7976011994
1548.59557544121,1615.70966940094,374.812593703148
1588.36689038031,981.854337559036,404.7976011994
1660.45239870743,947.054436987323,389.805097451274
1712.652249565,1712.652249565,389.805097451274
1749.93785732041,1727.56649266716,389.805097451274
1779.76634352473,1498.88143176734,374.812593703148
1794.6805866269,1523.73850360428,374.812593703148
1799.65200099428,1508.82426050211,389.805097451274
676.112353964703,1031.56848123291,389.805097451274
743.226447924435,937.111608252548,404.7976011994
889.883171762366,1993.5371613224,404.7976011994
919.711657966692,1342.28187919463,389.805097451274
922.197365150385,1048.96843151877,419.790104947526
934.625901068854,785.483470047228,389.805097451274
937.111608252548,768.083519761372,389.805097451274
947.054436987323,1359.68182948049,404.7976011994
954.511558538404,1533.68133233905,419.790104947526
961.968680089485,1016.65423813075,404.7976011994
959.482972905792,1006.71140939597,389.805097451274
959.482972905792,952.02585135471,389.805097451274
969.425801640567,1031.56848123291,389.805097451274
996.768580661198,830.226199353716,389.805097451274
1036.5398956003,1043.99701715138,389.805097451274
1153.36813323391,760.626398210291,389.805097451274
1163.31096196868,1409.39597315436,419.790104947526
1183.19661943823,1195.6251553567,389.805097451274
1183.19661943823,1717.62366393239,389.805097451274
1300.02485707184,745.712155108128,434.782608695652
1324.88192890877,1836.93760874969,404.7976011994
1334.82475764355,1322.39622172508,419.790104947526
1416.85309470544,867.511807109123,434.782608695652
1528.70991797166,681.08376833209,419.790104947526
1628.13820531941,964.454387273179,404.7976011994
1662.93810589113,1165.79666915237,419.790104947526
1657.96669152374,1210.53939845886,404.7976011994
1722.59507829978,989.311459110117,419.790104947526
1725.08078548347,971.911508824261,389.805097451274
1727.56649266716,1764.85210042257,389.805097451274
1861.79468058663,1578.42406164554,389.805097451274
1874.2232165051,1483.96718866518,389.805097451274
1879.19463087248,1488.93860303256,389.805097451274
812.82624906786,899.826000497141,404.7976011994
949.540144171017,1538.65274670644,404.7976011994
1004.22570221228,830.226199353716,419.790104947526
1173.25379070346,1339.79617201094,419.790104947526
1183.19661943823,1198.11086254039,434.782608695652
1198.11086254039,1712.652249565,404.7976011994
1245.33929903057,708.426547352722,404.7976011994
1307.48197862292,1337.31046482724,434.782608695652
1324.88192890877,1851.85185185185,404.7976011994
1367.13895103157,1290.08202833706,419.790104947526
1394.4817300522,850.111856823266,434.782608695652
1536.16703952274,695.998011434253,419.790104947526
1643.05244842158,1190.65374098931,404.7976011994
1690.28088491176,1486.45289584887,404.7976011994
1879.19463087248,1486.45289584887,434.782608695652
805.369127516779,897.340293313448,434.782608695652
884.911757394979,1553.5669898086,419.790104947526
929.654486701467,770.569226945066,419.790104947526
929.654486701467,1347.25329356202,419.790104947526
934.625901068854,787.969177230922,434.782608695652
986.825751926423,1178.22520507084,419.790104947526
996.768580661198,971.911508824261,419.790104947526
1006.71140939597,1633.1096196868,449.775112443778
1011.68282376336,1685.30947054437,434.782608695652
1026.59706686552,1051.45413870246,434.782608695652
1026.59706686552,1655.48098434004,464.767616191904
1081.28262490679,994.282873477504,419.790104947526
1083.76833209048,1001.73999502859,449.775112443778
1143.42530449913,1083.76833209048,419.790104947526
1180.71091225454,1744.96644295302,449.775112443778
1200.59656972409,1784.73775789212,449.775112443778
1382.05319413373,1389.51031568481,434.782608695652
1536.16703952274,1093.71116082525,449.775112443778
1536.16703952274,1752.4235645041,419.790104947526
1546.10986825752,1690.28088491176,449.775112443778
1648.02386278896,1217.99652000994,419.790104947526
1660.45239870743,942.083022619935,419.790104947526
1670.39522744221,1225.45364156102,434.782608695652
1672.8809346259,1488.93860303256,419.790104947526
1682.82376336068,1215.51081282625,419.790104947526
1685.30947054437,1208.05369127517,419.790104947526
743.226447924435,944.568729803629,434.782608695652
879.940343027591,1327.36763609247,434.782608695652
887.397464578673,1561.02411135968,434.782608695652
917.225950782998,999.254287844892,449.775112443778
964.454387273179,1190.65374098931,434.782608695652
979.368630375342,1662.93810589113,434.782608695652
986.825751926423,1185.68232662192,449.775112443778
989.311459110117,994.282873477504,434.782608695652
1004.22570221228,1595.82401193139,434.782608695652
1011.68282376336,1610.73825503356,464.767616191904
1034.0541884166,1672.8809346259,434.782608695652
1066.36838180462,981.854337559036,449.775112443778
1093.71116082525,1521.25279642058,449.775112443778
1106.13969674372,1503.85284613473,434.782608695652
1178.22520507084,1339.79617201094,449.775112443778
1203.08227690778,1712.652249565,434.782608695652
1245.33929903057,703.455132985334,434.782608695652
1260.25354213274,710.912254536416,449.775112443778
1302.51056425553,1456.62440964454,464.767616191904
1300.02485707184,785.483470047228,464.767616191904
1302.51056425553,775.540641312453,434.782608695652
1317.42480735769,1846.88043748446,434.782608695652
1416.85309470544,842.654735272185,434.782608695652
1508.82426050211,1068.85408898832,434.782608695652
1511.30996768581,1061.39696743724,464.767616191904
1506.33855331842,1101.16828237634,449.775112443778
1523.73850360428,1695.25229927915,464.767616191904
1538.65274670644,1650.50956997266,464.767616191904
1546.10986825752,1717.62366393239,464.767616191904
1570.96694009446,1672.8809346259,464.767616191904
1570.96694009446,1727.56649266716,464.767616191904
1578.42406164554,1732.53790703455,434.782608695652
1657.96669152374,1220.48222719364,434.782608695652
1670.39522744221,1215.51081282625,434.782608695652
877.454635843898,1558.53840417599,464.767616191904
919.711657966692,1036.5398956003,449.775112443778
927.168779517773,1034.0541884166,449.775112443778
937.111608252548,1034.0541884166,449.775112443778
996.768580661198,1056.42555306985,464.767616191904
1031.56848123291,1039.02560278399,449.775112443778
1126.02535421327,1039.02560278399,449.775112443778
1347.25329356202,976.882923191648,479.76011994003
1598.30971911509,1016.65423813075,449.775112443778
1692.76659209545,1006.71140939597,449.775112443778
1697.73800646284,999.254287844892,449.775112443778
807.854834700472,897.340293313448,464.767616191904
892.36887894606,1891.62316679095,464.767616191904
922.197365150385,1014.16853094705,464.767616191904
917.225950782998,1006.71140939597,464.767616191904
989.311459110117,1682.82376336068,479.76011994003
999.254287844892,1593.3383047477,464.767616191904
1101.16828237634,1501.36713895103,464.767616191904
1148.39671886652,1717.62366393239,464.767616191904
1334.82475764355,956.997265722098,479.76011994003
1342.28187919463,1705.19512801392,479.76011994003
1573.45264727815,1685.30947054437,464.767616191904
1580.90976882923,1652.99527715635,479.76011994003
1091.22545364156,1516.28138205319,479.76011994003
1178.22520507084,1337.31046482724,494.752623688156
1496.39572458364,1004.22570221228,494.752623688156
1588.36689038031,1695.25229927915,494.752623688156
847.626149639573,1334.82475764355,494.752623688156
1304.99627143922,1419.33880188914,494.752623688156
1387.02460850112,1558.53840417599,494.752623688156
1521.25279642058,1670.39522744221,494.752623688156
1548.59557544121,1715.13795674869,494.752623688156
1558.53840417599,1712.652249565,494.752623688156
