7.45712155108128,1993.5371613224,14.9925037481259
49.7141436738752,1205.56798409147,29.9850074962519
69.5998011434253,1205.56798409147,29.9850074962519
74.5712155108128,1928.90877454636,29.9850074962519
79.5426298782003,1096.19686800895,14.9925037481259
82.0283370618941,2068.10837683321,14.9925037481259
99.4282873477504,850.111856823266,14.9925037481259
119.313944817301,648.769574944072,14.9925037481259
116.828237633607,966.940094456873,14.9925037481259
181.456624409645,1178.22520507084,14.9925037481259
236.142182450907,1255.28212776535,14.9925037481259
241.113596818295,1265.22495650012,29.9850074962519
243.599304001989,1332.33905045986,29.9850074962519
241.113596818295,1250.31071339796,14.9925037481259
246.085011185682,1322.39622172508,14.9925037481259
260.999254287845,2373.85036042754,14.9925037481259
263.484961471539,1312.45339299031,44.9775112443778
265.970668655232,2376.33606761124,14.9925037481259
280.884911757395,1933.88018891375,29.9850074962519
275.913497390007,1324.88192890877,29.9850074962519
300.770569226945,1314.939100174,29.9850074962519
310.71339796172,1304.99627143922,29.9850074962519
310.71339796172,1347.25329356202,14.9925037481259
323.141933880189,1327.36763609247,14.9925037481259
350.48471290082,2068.10837683321,14.9925037481259
357.941834451902,1329.85334327616,29.9850074962519
584.141188168034,2224.70792940592,14.9925037481259
601.54113845389,2214.76510067114,29.9850074962519
653.740989311459,1024.11135968183,29.9850074962519
668.655232413622,1006.71140939597,14.9925037481259
728.312204822272,952.02585135471,14.9925037481259
745.712155108128,954.511558538404,14.9925037481259
778.026348496147,2194.87944320159,29.9850074962519
797.912005965697,2165.05095699727,29.9850074962519
810.340541884166,2199.85085756898,14.9925037481259
815.311956251554,1439.22445935869,44.9775112443778
840.169028088491,1449.16728809346,29.9850074962519
845.140442455879,2212.27939348745,29.9850074962519
860.054685558041,1461.59582401193,14.9925037481259
907.283122048223,432.513049962714,29.9850074962519
919.711657966692,447.427293064877,14.9925037481259
934.625901068854,521.99850857569,29.9850074962519
932.14019388516,437.484464330102,29.9850074962519
942.083022619935,447.427293064877,29.9850074962519
1128.51106139697,2453.39299030574,29.9850074962519
1140.93959731544,2433.50733283619,29.9850074962519
1227.93934874472,1401.93885160328,14.9925037481259
1235.3964702958,877.454635843898,14.9925037481259
1237.88217747949,1401.93885160328,14.9925037481259
1250.31071339796,889.883171762366,29.9850074962519
1272.68207805121,1088.73974645787,29.9850074962519
1285.11061396967,1019.13994531444,29.9850074962519
1292.56773552076,1076.3112105394,29.9850074962519
1300.02485707184,1091.22545364156,29.9850074962519
1364.65324384787,360.427541635595,29.9850074962519
1377.08177976634,375.341784737758,14.9925037481259
1474.0243599304,929.654486701467,14.9925037481259
1488.93860303256,942.083022619935,14.9925037481259
1491.42431021626,889.883171762366,14.9925037481259
1531.19562515536,2296.79343773304,14.9925037481259
1590.85259756401,623.912503107134,14.9925037481259
1595.82401193139,559.284116331096,29.9850074962519
1603.28113348248,641.31245339299,29.9850074962519
1615.70966940094,663.683818046234,29.9850074962519
1630.62391250311,643.798160576684,29.9850074962519
1652.99527715635,591.598309719115,14.9925037481259
1670.39522744221,561.76982351479,29.9850074962519
1667.90952025851,2085.50832711907,14.9925037481259
1667.90952025851,2095.45115585384,14.9925037481259
1672.8809346259,459.855828983346,29.9850074962519
1685.30947054437,571.712652249565,29.9850074962519
1794.6805866269,989.311459110117,44.9775112443778
1812.08053691275,850.111856823266,14.9925037481259
1824.50907283122,979.368630375342,29.9850074962519
1834.451901566,907.283122048223,14.9925037481259
1856.82326621924,1926.42306736266,14.9925037481259
1869.25180213771,1923.93736017897,14.9925037481259
1869.25180213771,847.626149639573,14.9925037481259
1879.19463087248,1998.50857568978,29.9850074962519
1876.70892368879,1951.2801391996,29.9850074962519
1881.68033805618,1956.25155356699,14.9925037481259
1889.13745960726,1936.36589609744,29.9850074962519
1901.56599552573,2028.33706189411,29.9850074962519
1896.59458115834,1996.02286850609,29.9850074962519
1899.08028834203,1923.93736017897,29.9850074962519
1901.56599552573,1948.79443201591,14.9925037481259
1911.5088242605,2015.90852597564,29.9850074962519
1926.42306736266,2013.42281879195,29.9850074962519
1953.7658463833,1426.79592344022,29.9850074962519
2105.39398458862,382.798906288839,29.9850074962519
2160.07954262988,2296.79343773304,29.9850074962519
2170.02237136465,2316.67909520259,29.9850074962519
2202.33656475267,860.054685558041,14.9925037481259
2204.82227193637,1702.70942083023,44.9775112443778
2207.30797912006,1966.19438230176,29.9850074962519
2209.79368630375,857.568978374347,14.9925037481259
2212.27939348745,865.026099925429,14.9925037481259
2227.19363658961,865.026099925429,29.9850074962519
2358.93611732538,1491.42431021626,44.9775112443778
2368.87894606015,1521.25279642058,14.9925037481259
2386.27889634601,1506.33855331842,29.9850074962519
91.9711657966692,2033.3084762615,29.9850074962519
101.913994531444,2038.27989062888,29.9850074962519
121.799652000994,832.71190653741,44.9775112443778
164.056674123788,879.940343027591,59.9700149925037
196.370867511807,884.911757394979,59.9700149925037
236.142182450907,1344.76758637832,29.9850074962519
246.085011185682,1359.68182948049,29.9850074962519
256.027839920457,1991.0514541387,29.9850074962519
285.856326124783,1963.70867511807,29.9850074962519
298.284862043251,1953.7658463833,44.9775112443778
343.027591349739,2078.05120556798,29.9850074962519
357.941834451902,2075.56549838429,44.9775112443778
556.798409147402,720.855083271191,29.9850074962519
586.626895351728,2179.96520009943,29.9850074962519
594.084016902809,2222.22222222222,29.9850074962519
889.883171762366,477.255779269202,59.9700149925037
892.36887894606,449.913000248571,44.9775112443778
937.111608252548,427.541635595327,29.9850074962519
944.568729803629,434.998757146408,29.9850074962519
947.054436987323,489.684315187671,29.9850074962519
1235.3964702958,1377.08177976634,29.9850074962519
1257.76783494904,1073.8255033557,44.9775112443778
1260.25354213274,1093.71116082525,29.9850074962519
1391.99602286851,397.713149391002,29.9850074962519
1444.19587372608,420.084514044246,44.9775112443778
1501.36713895103,449.913000248571,29.9850074962519
1513.7956748695,454.884414615958,29.9850074962519
1511.30996768581,840.169028088491,59.9700149925037
1583.39547601293,626.398210290828,29.9850074962519
1608.25254784986,2063.13696246582,29.9850074962519
1643.05244842158,2120.30822769078,44.9775112443778
1648.02386278896,626.398210290828,29.9850074962519
1662.93810589113,591.598309719115,44.9775112443778
1680.33805617698,2085.50832711907,29.9850074962519
1814.56624409645,812.82624906786,29.9850074962519
1856.82326621924,959.482972905792,44.9775112443778
1996.02286850609,1471.53865274671,29.9850074962519
2142.67959234402,1267.71066368382,44.9775112443778
2152.6224210788,1270.19637086751,44.9775112443778
2162.56524981357,1257.76783494904,29.9850074962519
2207.30797912006,1692.76659209545,29.9850074962519
2227.19363658961,845.140442455879,29.9850074962519
2378.82177479493,1478.99577429779,29.9850074962519
2433.50733283619,425.055928411633,29.9850074962519
17.3999502858563,1976.13721103654,44.9775112443778
116.828237633607,564.255530698484,59.9700149925037
146.656723837932,1414.36738752175,59.9700149925037
181.456624409645,2008.45140442456,44.9775112443778
191.39945314442,1628.13820531941,44.9775112443778
328.113348247576,1508.82426050211,59.9700149925037
484.712900820283,626.398210290828,59.9700149925037
521.99850857569,718.369376087497,59.9700149925037
534.427044494159,715.883668903803,44.9775112443778
554.312701963709,688.540889883172,44.9775112443778
549.341287596321,755.654983842903,74.9625187406297
564.255530698484,691.026597066866,44.9775112443778
571.712652249565,688.540889883172,44.9775112443778
579.169773800646,2172.50807854835,44.9775112443778
589.112602535421,2177.47949291573,44.9775112443778
710.912254536416,1638.08103405419,44.9775112443778
810.340541884166,2197.36515038528,44.9775112443778
877.454635843898,425.055928411633,44.9775112443778
909.768829231916,447.427293064877,44.9775112443778
1111.11111111111,1043.99701715138,59.9700149925037
1108.62540392742,156.599552572707,89.9550224887556
1180.71091225454,1352.22470792941,74.9625187406297
1188.16803380562,1352.22470792941,44.9775112443778
1203.08227690778,884.911757394979,44.9775112443778
1217.99652000994,867.511807109123,44.9775112443778
1222.96793437733,944.568729803629,59.9700149925037
1232.91076311211,956.997265722098,44.9775112443778
1230.42505592841,2229.6793437733,59.9700149925037
1240.36788466319,934.625901068854,44.9775112443778
1260.25354213274,934.625901068854,44.9775112443778
1262.73924931643,1103.65398956003,44.9775112443778
1314.939100174,1387.02460850112,59.9700149925037
1379.56748695004,375.341784737758,44.9775112443778
1548.59557544121,2063.13696246582,59.9700149925037
1610.73825503356,2127.76534924186,59.9700149925037
1645.53815560527,661.19811086254,44.9775112443778
1648.02386278896,633.855331841909,44.9775112443778
1660.45239870743,648.769574944072,44.9775112443778
1782.25205070843,251.05642555307,59.9700149925037
1866.76609495401,2043.25130499627,44.9775112443778
1983.59433258762,904.797414864529,44.9775112443778
2207.30797912006,860.054685558041,44.9775112443778
2286.85060899826,902.311707680835,59.9700149925037
2368.87894606015,1516.28138205319,44.9775112443778
4.97141436738752,1973.65150385285,59.9700149925037
64.6283867760378,1926.42306736266,59.9700149925037
91.9711657966692,2035.79418344519,59.9700149925037
124.285359184688,586.626895351728,59.9700149925037
126.771066368382,1419.33880188914,59.9700149925037
126.771066368382,1409.39597315436,59.9700149925037
134.228187919463,1399.45314441959,59.9700149925037
134.228187919463,1409.39597315436,59.9700149925037
139.199602286851,2058.16554809843,74.9625187406297
139.199602286851,1556.05269699229,59.9700149925037
139.199602286851,2035.79418344519,59.9700149925037
146.656723837932,1548.59557544121,59.9700149925037
151.628138205319,1538.65274670644,74.9625187406297
151.628138205319,2053.19413373105,74.9625187406297
176.485210042257,2095.45115585384,74.9625187406297
181.456624409645,1628.13820531941,59.9700149925037
201.342281879195,1682.82376336068,74.9625187406297
233.656475267214,1687.79517772806,74.9625187406297
248.570718369376,2269.4506587124,89.9550224887556
285.856326124783,1946.30872483221,59.9700149925037
300.770569226945,1307.48197862292,59.9700149925037
430.027342779021,748.197862291822,74.9625187406297
526.969922943077,2431.0216256525,89.9550224887556
526.969922943077,2450.90728312205,59.9700149925037
521.99850857569,693.512304250559,89.9550224887556
536.912751677852,693.512304250559,59.9700149925037
559.284116331096,688.540889883172,89.9550224887556
651.255282127765,1643.05244842158,74.9625187406297
703.455132985334,1610.73825503356,74.9625187406297
768.083519761372,2194.87944320159,59.9700149925037
812.82624906786,1690.28088491176,89.9550224887556
837.683320904797,2212.27939348745,59.9700149925037
860.054685558041,415.113099676858,74.9625187406297
872.48322147651,417.598806860552,74.9625187406297
877.454635843898,1961.22296793438,74.9625187406297
874.968928660204,449.913000248571,59.9700149925037
894.854586129754,434.998757146408,59.9700149925037
961.968680089485,1332.33905045986,89.9550224887556
1128.51106139697,1034.0541884166,74.9625187406297
1165.79666915237,1359.68182948049,59.9700149925037
1175.73949788715,1272.68207805121,74.9625187406297
1203.08227690778,2480.73576932637,59.9700149925037
1220.48222719364,1401.93885160328,59.9700149925037
1247.82500621427,1076.3112105394,59.9700149925037
1290.08202833706,1086.25403927417,59.9700149925037
1414.36738752175,1655.48098434004,104.947526236882
1431.76733780761,1643.05244842158,59.9700149925037
1441.71016654238,1662.93810589113,59.9700149925037
1439.22445935869,1670.39522744221,59.9700149925037
1441.71016654238,1682.82376336068,74.9625187406297
1459.11011682824,1973.65150385285,89.9550224887556
1459.11011682824,1648.02386278896,74.9625187406297
1466.56723837932,14.9142431021626,74.9625187406297
1518.76708923689,387.770320656227,59.9700149925037
1578.42406164554,1190.65374098931,74.9625187406297
1605.76684066617,666.169525229928,59.9700149925037
1628.13820531941,2115.33681332339,59.9700149925037
1655.48098434004,2132.73676360925,74.9625187406297
1648.02386278896,651.255282127765,59.9700149925037
1665.42381307482,2095.45115585384,59.9700149925037
1834.451901566,2167.53666418096,74.9625187406297
1876.70892368879,1869.25180213771,89.9550224887556
1871.7375093214,1996.02286850609,59.9700149925037
1931.39448173005,1319.91051454139,74.9625187406297
1971.16579666915,902.311707680835,59.9700149925037
1973.65150385285,917.225950782998,74.9625187406297
2115.33681332339,840.169028088491,74.9625187406297
2130.25105642555,1272.68207805121,59.9700149925037
2150.1367138951,2296.79343773304,59.9700149925037
96.9425801640567,1314.939100174,104.947526236882
114.342530449913,1334.82475764355,89.9550224887556
126.771066368382,2048.22271936366,74.9625187406297
131.742480735769,2043.25130499627,74.9625187406297
131.742480735769,576.684066616953,74.9625187406297
159.085259756401,2043.25130499627,74.9625187406297
203.827989062888,1670.39522744221,74.9625187406297
514.541387024609,676.112353964703,74.9625187406297
524.484215759384,2030.8227690778,104.947526236882
534.427044494159,2050.70842654735,74.9625187406297
566.741237882178,733.283619189659,74.9625187406297
656.226696495153,1630.62391250311,74.9625187406297
678.598061148397,1618.19537658464,89.9550224887556
671.140939597315,1650.50956997266,74.9625187406297
691.026597066866,686.055182699478,74.9625187406297
805.369127516779,1687.79517772806,74.9625187406297
817.797663435247,1715.13795674869,104.947526236882
855.083271190654,434.998757146408,74.9625187406297
929.654486701467,1372.11036539896,74.9625187406297
932.14019388516,248.570718369376,74.9625187406297
934.625901068854,1168.28237633607,74.9625187406297
937.111608252548,228.685060899826,74.9625187406297
942.083022619935,228.685060899826,74.9625187406297
944.568729803629,1185.68232662192,74.9625187406297
964.454387273179,166.542381307482,74.9625187406297
1043.99701715138,698.483718617947,74.9625187406297
1076.3112105394,144.171016654238,104.947526236882
1116.0825254785,1056.42555306985,74.9625187406297
1121.05393984589,1807.10912254536,74.9625187406297
1126.02535421327,1802.13770817798,74.9625187406297
1138.45389013174,1024.11135968183,74.9625187406297
1135.96818294805,1812.08053691275,74.9625187406297
1140.93959731544,1046.48272433507,74.9625187406297
1150.88242605021,1275.1677852349,74.9625187406297
1165.79666915237,745.712155108128,74.9625187406297
1185.68232662192,1282.62490678598,74.9625187406297
1208.05369127517,2242.10787969177,74.9625187406297
1225.45364156102,934.625901068854,74.9625187406297
1282.62490678598,1133.48247576436,74.9625187406297
1307.48197862292,1165.79666915237,74.9625187406297
1409.39597315436,1561.02411135968,74.9625187406297
1419.33880188914,1640.56674123788,74.9625187406297
1439.22445935869,1623.16679095203,74.9625187406297
1454.13870246085,1677.85234899329,74.9625187406297
1466.56723837932,1677.85234899329,74.9625187406297
1503.85284613473,1923.93736017897,104.947526236882
1585.88118319662,1203.08227690778,74.9625187406297
1652.99527715635,2115.33681332339,74.9625187406297
1677.85234899329,2100.42257022123,74.9625187406297
1685.30947054437,2115.33681332339,89.9550224887556
1685.30947054437,2105.39398458862,74.9625187406297
1754.9092716878,939.597315436242,74.9625187406297
1876.70892368879,1101.16828237634,89.9550224887556
1889.13745960726,1130.99676858066,74.9625187406297
1938.85160328113,1088.73974645787,89.9550224887556
1978.62291822023,872.48322147651,104.947526236882
2040.76559781258,1988.56574695501,89.9550224887556
2.48570718369376,1287.59632115337,89.9550224887556
9.94282873477504,1267.71066368382,89.9550224887556
12.4285359184688,1988.56574695501,89.9550224887556
12.4285359184688,1983.59433258762,89.9550224887556
17.3999502858563,1966.19438230176,89.9550224887556
116.828237633607,1314.939100174,104.947526236882
126.771066368382,1285.11061396967,89.9550224887556
124.285359184688,561.76982351479,89.9550224887556
124.285359184688,1332.33905045986,104.947526236882
124.285359184688,1304.99627143922,104.947526236882
131.742480735769,564.255530698484,89.9550224887556
139.199602286851,594.084016902809,89.9550224887556
141.685309470544,2020.87994034303,89.9550224887556
149.142431021626,576.684066616953,89.9550224887556
151.628138205319,2100.42257022123,104.947526236882
149.142431021626,2018.39423315933,89.9550224887556
161.570966940094,2050.70842654735,89.9550224887556
169.028088491176,2040.76559781258,89.9550224887556
181.456624409645,2117.82252050708,104.947526236882
193.885160328113,855.083271190654,89.9550224887556
216.256524981357,872.48322147651,89.9550224887556
442.455878697489,745.712155108128,89.9550224887556
497.141436738752,623.912503107134,89.9550224887556
507.084265473527,2003.47999005717,89.9550224887556
529.455630126771,2450.90728312205,89.9550224887556
526.969922943077,673.626646781009,89.9550224887556
539.398458861546,708.426547352722,89.9550224887556
539.398458861546,2445.93586875466,89.9550224887556
561.76982351479,703.455132985334,89.9550224887556
571.712652249565,733.283619189659,104.947526236882
579.169773800646,2460.85011185682,104.947526236882
584.141188168034,693.512304250559,89.9550224887556
589.112602535421,703.455132985334,89.9550224887556
681.08376833209,1650.50956997266,89.9550224887556
700.969425801641,683.569475515784,89.9550224887556
780.512055679841,2455.87869748944,89.9550224887556
820.283370618941,1700.22371364653,89.9550224887556
817.797663435247,1444.19587372608,89.9550224887556
887.397464578673,417.598806860552,89.9550224887556
904.797414864529,1178.22520507084,89.9550224887556
904.797414864529,246.085011185682,89.9550224887556
909.768829231916,1319.91051454139,104.947526236882
937.111608252548,233.656475267214,89.9550224887556
939.597315436242,1372.11036539896,89.9550224887556
954.511558538404,1203.08227690778,89.9550224887556
956.997265722098,241.113596818295,89.9550224887556
956.997265722098,1180.71091225454,104.947526236882
964.454387273179,221.227939348745,89.9550224887556
971.911508824261,1160.82525478499,104.947526236882
974.397216007954,1190.65374098931,104.947526236882
976.882923191648,164.056674123788,89.9550224887556
1051.45413870246,698.483718617947,104.947526236882
1071.33979617201,695.998011434253,104.947526236882
1076.3112105394,124.285359184688,89.9550224887556
1118.56823266219,1039.02560278399,104.947526236882
1116.0825254785,101.913994531444,104.947526236882
1121.05393984589,119.313944817301,89.9550224887556
1135.96818294805,1804.62341536167,89.9550224887556
1145.91101168282,1784.73775789212,104.947526236882
1145.91101168282,1814.56624409645,89.9550224887556
1163.31096196868,1275.1677852349,89.9550224887556
1178.22520507084,745.712155108128,89.9550224887556
1185.68232662192,1275.1677852349,89.9550224887556
1188.16803380562,914.740243599304,89.9550224887556
1227.93934874472,2237.13646532438,89.9550224887556
1237.88217747949,2222.22222222222,89.9550224887556
1252.79642058166,857.568978374347,104.947526236882
1297.53914988814,1153.36813323391,104.947526236882
1317.42480735769,1163.31096196868,104.947526236882
1367.13895103157,2309.2219736515,119.940029985007
1374.59607258265,1387.02460850112,89.9550224887556
1384.53890131742,1491.42431021626,119.940029985007
1419.33880188914,1563.50981854338,89.9550224887556
1419.33880188914,2301.76485210042,89.9550224887556
1426.79592344022,1662.93810589113,89.9550224887556
1426.79592344022,2090.47974148645,104.947526236882
1431.76733780761,1640.56674123788,89.9550224887556
1434.2530449913,1695.25229927915,104.947526236882
1446.68158090977,1638.08103405419,89.9550224887556
1449.16728809346,1916.48023862789,104.947526236882
1446.68158090977,1620.68108376833,89.9550224887556
1449.16728809346,1707.68083519761,119.940029985007
1459.11011682824,1635.59532687049,104.947526236882
1474.0243599304,1677.85234899329,119.940029985007
1478.99577429779,14.9142431021626,89.9550224887556
1511.30996768581,1884.16604523987,104.947526236882
1518.76708923689,1183.19661943823,104.947526236882
1575.93835446184,213.770817797663,119.940029985007
1590.85259756401,1185.68232662192,89.9550224887556
1590.85259756401,1200.59656972409,89.9550224887556
1620.68108376833,2127.76534924186,89.9550224887556
1625.65249813572,2132.73676360925,89.9550224887556
1777.28063634104,939.597315436242,104.947526236882
1789.70917225951,251.05642555307,89.9550224887556
1804.62341536167,984.340044742729,89.9550224887556
1817.05195128014,763.112105393985,104.947526236882
1841.90902311708,2165.05095699727,104.947526236882
1866.76609495401,1130.99676858066,104.947526236882
1864.28038777032,1148.39671886652,119.940029985007
1889.13745960726,1118.56823266219,89.9550224887556
1896.59458115834,1106.13969674372,89.9550224887556
1899.08028834203,1128.51106139697,119.940029985007
1911.5088242605,1098.68257519264,104.947526236882
1911.5088242605,1061.39696743724,89.9550224887556
1916.48023862789,1073.8255033557,104.947526236882
1968.68008948546,1909.02311707681,104.947526236882
1983.59433258762,899.826000497141,89.9550224887556
1991.0514541387,894.854586129754,89.9550224887556
2090.47974148645,710.912254536416,89.9550224887556
2115.33681332339,1948.79443201591,104.947526236882
2296.79343773304,899.826000497141,89.9550224887556
9.94282873477504,1039.02560278399,104.947526236882
166.542381307482,892.36887894606,104.947526236882
193.885160328113,2110.365398956,119.940029985007
196.370867511807,2125.27964205817,104.947526236882
517.027094208302,1976.13721103654,104.947526236882
541.88416604524,2065.62266964952,119.940029985007
633.855331841909,333.084762614964,104.947526236882
760.626398210291,2440.96445438727,104.947526236882
763.112105393985,2458.36440467313,104.947526236882
768.083519761372,216.256524981357,119.940029985007
768.083519761372,2366.39323887646,134.932533733133
778.026348496147,2428.5359184688,104.947526236882
787.969177230922,2391.2503107134,104.947526236882
860.054685558041,1707.68083519761,119.940029985007
924.683072334079,1217.99652000994,134.932533733133
932.14019388516,1232.91076311211,104.947526236882
1096.19686800895,101.913994531444,119.940029985007
1116.0825254785,129.256773552076,119.940029985007
1133.48247576436,121.799652000994,104.947526236882
1135.96818294805,1036.5398956003,104.947526236882
1150.88242605021,1767.33780760626,119.940029985007
1225.45364156102,909.768829231916,119.940029985007
1225.45364156102,872.48322147651,119.940029985007
1232.91076311211,830.226199353716,119.940029985007
1242.85359184688,847.626149639573,104.947526236882
1247.82500621427,847.626149639573,104.947526236882
1252.79642058166,852.59756400696,104.947526236882
1359.68182948049,293.313447675864,134.932533733133
1421.82450907283,1702.70942083023,104.947526236882
1421.82450907283,1687.79517772806,104.947526236882
1436.73875217499,2299.27914491673,104.947526236882
1434.2530449913,2473.27864777529,104.947526236882
1456.62440964454,1901.56599552573,104.947526236882
1456.62440964454,1692.76659209545,119.940029985007
1486.45289584887,1153.36813323391,104.947526236882
1518.76708923689,1173.25379070346,104.947526236882
1518.76708923689,1849.36614466816,104.947526236882
1526.22421078797,1916.48023862789,149.925037481259
1536.16703952274,1190.65374098931,119.940029985007
1580.90976882923,173.999502858563,134.932533733133
1618.19537658464,1503.85284613473,104.947526236882
1628.13820531941,1521.25279642058,104.947526236882
1623.16679095203,1531.19562515536,119.940029985007
1695.25229927915,144.171016654238,149.925037481259
1779.76634352473,106.885408898832,104.947526236882
1789.70917225951,778.026348496147,104.947526236882
1839.42331593338,2224.70792940592,119.940029985007
1849.36614466816,1135.96818294805,119.940029985007
1851.85185185185,2209.79368630375,134.932533733133
1871.7375093214,1113.5968182948,104.947526236882
1881.68033805618,2157.59383544618,104.947526236882
1981.10862540393,1068.85408898832,104.947526236882
2018.39423315933,760.626398210291,119.940029985007
2030.8227690778,748.197862291822,104.947526236882
2048.22271936366,606.512552821278,119.940029985007
2058.16554809843,773.05493412876,104.947526236882
2070.5940840169,775.540641312453,134.932533733133
2122.79393487447,1928.90877454636,119.940029985007
166.542381307482,2120.30822769078,134.932533733133
181.456624409645,2095.45115585384,119.940029985007
492.170022371365,2018.39423315933,119.940029985007
521.99850857569,668.655232413622,119.940029985007
544.369873228934,2055.67984091474,119.940029985007
549.341287596321,1998.50857568978,119.940029985007
653.740989311459,713.397961720109,149.925037481259
656.226696495153,320.656226696495,119.940029985007
666.169525229928,728.312204822272,164.917541229385
671.140939597315,703.455132985334,119.940029985007
705.940840169028,328.113348247576,149.925037481259
718.369376087497,355.456127268208,119.940029985007
730.797912005966,362.913248819289,134.932533733133
745.712155108128,2463.33581904052,149.925037481259
760.626398210291,2413.62167536664,149.925037481259
768.083519761372,2386.27889634601,134.932533733133
840.169028088491,2448.42157593835,134.932533733133
892.36887894606,1319.91051454139,119.940029985007
939.597315436242,1203.08227690778,119.940029985007
942.083022619935,246.085011185682,119.940029985007
952.02585135471,1217.99652000994,119.940029985007
952.02585135471,1203.08227690778,119.940029985007
971.911508824261,695.998011434253,119.940029985007
1130.99676858066,1851.85185185185,149.925037481259
1133.48247576436,1844.39473030077,119.940029985007
1168.28237633607,1799.65200099428,134.932533733133
1170.76808351976,1764.85210042257,149.925037481259
1205.56798409147,2480.73576932637,134.932533733133
1205.56798409147,937.111608252548,119.940029985007
1215.51081282625,897.340293313448,119.940029985007
1235.3964702958,884.911757394979,119.940029985007
1247.82500621427,1123.53964702958,119.940029985007
1332.33905045986,308.227690778026,134.932533733133
1339.79617201094,310.71339796172,119.940029985007
1382.05319413373,454.884414615958,134.932533733133
1399.45314441959,1449.16728809346,134.932533733133
1394.4817300522,2087.99403430276,119.940029985007
1401.93885160328,457.370121799652,134.932533733133
1404.42455878698,2304.25055928412,119.940029985007
1409.39597315436,1665.42381307482,119.940029985007
1414.36738752175,2299.27914491673,119.940029985007
1431.76733780761,1628.13820531941,119.940029985007
1464.08153119563,1717.62366393239,119.940029985007
1469.05294556301,1720.10937111608,119.940029985007
1506.33855331842,1861.79468058663,134.932533733133
1523.73850360428,2321.65050956997,119.940029985007
1536.16703952274,2319.16480238628,134.932533733133
1538.65274670644,1133.48247576436,134.932533733133
1558.53840417599,1826.99478001491,149.925037481259
1563.50981854338,2314.19338801889,134.932533733133
1565.99552572707,1135.96818294805,149.925037481259
1578.42406164554,2296.79343773304,149.925037481259
1578.42406164554,191.39945314442,134.932533733133
1593.3383047477,1516.28138205319,149.925037481259
1603.28113348248,1496.39572458364,149.925037481259
1618.19537658464,2053.19413373105,149.925037481259
1715.13795674869,1563.50981854338,134.932533733133
1752.4235645041,882.426050211285,119.940029985007
1769.82351478996,899.826000497141,134.932533733133
1774.79492915735,124.285359184688,119.940029985007
1782.25205070843,2239.62217250808,134.932533733133
1802.13770817798,785.483470047228,119.940029985007
1802.13770817798,770.569226945066,119.940029985007
1802.13770817798,77.0569226945066,119.940029985007
1804.62341536167,763.112105393985,119.940029985007
1812.08053691275,2204.82227193637,134.932533733133
1831.9661943823,2157.59383544618,119.940029985007
1839.42331593338,129.256773552076,134.932533733133
1968.68008948546,178.970917225951,149.925037481259
1976.13721103654,151.628138205319,134.932533733133
1981.10862540393,193.885160328113,134.932533733133
1986.08003977131,1918.96594581158,119.940029985007
1998.50857568978,191.39945314442,134.932533733133
1996.02286850609,1841.90902311708,134.932533733133
2003.47999005717,236.142182450907,134.932533733133
2058.16554809843,802.883420333085,134.932533733133
2135.22247079294,1466.56723837932,149.925037481259
2204.82227193637,1856.82326621924,119.940029985007
2.48570718369376,1225.45364156102,134.932533733133
19.8856574695501,1026.59706686552,134.932533733133
126.771066368382,802.883420333085,149.925037481259
203.827989062888,713.397961720109,149.925037481259
405.170270942083,1660.45239870743,134.932533733133
420.084514044246,1657.96669152374,149.925037481259
427.541635595327,1625.65249813572,149.925037481259
544.369873228934,1727.56649266716,164.917541229385
554.312701963709,1784.73775789212,134.932533733133
666.169525229928,688.540889883172,134.932533733133
683.569475515784,1618.19537658464,134.932533733133
683.569475515784,323.141933880189,134.932533733133
708.426547352722,365.398956002983,134.932533733133
725.826497638578,1655.48098434004,134.932533733133
735.769326373353,1486.45289584887,164.917541229385
780.512055679841,2453.39299030574,134.932533733133
817.797663435247,2348.9932885906,149.925037481259
832.71190653741,2361.42182450907,164.917541229385
889.883171762366,1150.88242605021,164.917541229385
902.311707680835,1165.79666915237,149.925037481259
989.311459110117,703.455132985334,134.932533733133
1014.16853094705,1135.96818294805,134.932533733133
1019.13994531444,1399.45314441959,149.925037481259
1024.11135968183,700.969425801641,134.932533733133
1026.59706686552,668.655232413622,149.925037481259
1036.5398956003,1409.39597315436,164.917541229385
1058.91126025354,1389.51031568481,134.932533733133
1068.85408898832,1377.08177976634,164.917541229385
1148.39671886652,1782.25205070843,134.932533733133
1153.36813323391,1831.9661943823,149.925037481259
1170.76808351976,1839.42331593338,134.932533733133
1185.68232662192,1819.53765846383,164.917541229385
1188.16803380562,1802.13770817798,149.925037481259
1198.11086254039,1789.70917225951,164.917541229385
1222.96793437733,927.168779517773,134.932533733133
1237.88217747949,939.597315436242,134.932533733133
1242.85359184688,1702.70942083023,164.917541229385
1431.76733780761,2291.82202336565,134.932533733133
1439.22445935869,2095.45115585384,134.932533733133
1501.36713895103,1849.36614466816,134.932533733133
1518.76708923689,2346.50758140691,164.917541229385
1521.25279642058,1864.28038777032,134.932533733133
1521.25279642058,2334.07904548844,134.932533733133
1523.73850360428,1797.16629381059,149.925037481259
1551.08128262491,1797.16629381059,134.932533733133
1556.05269699229,1148.39671886652,149.925037481259
1561.02411135968,1789.70917225951,134.932533733133
1563.50981854338,1121.05393984589,134.932533733133
1593.3383047477,203.827989062888,134.932533733133
1633.1096196868,2048.22271936366,164.917541229385
1662.93810589113,1387.02460850112,134.932533733133
1670.39522744221,1399.45314441959,149.925037481259
1685.30947054437,1396.96743723589,149.925037481259
1697.73800646284,1590.85259756401,134.932533733133
1722.59507829978,1580.90976882923,134.932533733133
1730.05219985086,1575.93835446184,134.932533733133
1732.53790703455,1570.96694009446,134.932533733133
1739.99502858563,1551.08128262491,149.925037481259
1764.85210042257,914.740243599304,134.932533733133
1792.1948794432,778.026348496147,134.932533733133
1812.08053691275,2239.62217250808,149.925037481259
1807.10912254536,114.342530449913,134.932533733133
1829.48048719861,114.342530449913,134.932533733133
1839.42331593338,1377.08177976634,149.925037481259
1851.85185185185,124.285359184688,134.932533733133
1911.5088242605,1061.39696743724,134.932533733133
1971.16579666915,1894.10887397465,149.925037481259
1993.5371613224,164.056674123788,149.925037481259
2045.73701217997,745.712155108128,149.925037481259
2055.67984091474,787.969177230922,134.932533733133
2105.39398458862,1160.82525478499,134.932533733133
2117.82252050708,1168.28237633607,149.925037481259
2207.30797912006,1841.90902311708,134.932533733133
37.2856077554064,1312.45339299031,179.910044977511
119.313944817301,817.797663435247,149.925037481259
149.142431021626,879.940343027591,179.910044977511
161.570966940094,845.140442455879,164.917541229385
221.227939348745,1235.3964702958,164.917541229385
405.170270942083,748.197862291822,149.925037481259
415.113099676858,738.255033557047,164.917541229385
487.198608003977,810.340541884166,149.925037481259
541.88416604524,1744.96644295302,164.917541229385
546.855580412627,815.311956251554,149.925037481259
666.169525229928,745.712155108128,149.925037481259
723.340790454884,1988.56574695501,164.917541229385
740.740740740741,2000.99428287348,179.910044977511
787.969177230922,2428.5359184688,164.917541229385
790.454884414616,2386.27889634601,149.925037481259
807.854834700472,243.599304001989,179.910044977511
817.797663435247,2413.62167536664,149.925037481259
852.59756400696,2356.45041014169,149.925037481259
862.540392741735,2363.90753169277,164.917541229385
956.997265722098,1103.65398956003,179.910044977511
999.254287844892,1118.56823266219,179.910044977511
1021.62565249814,1130.99676858066,179.910044977511
1046.48272433507,1389.51031568481,164.917541229385
1051.45413870246,1180.71091225454,179.910044977511
1053.93984588615,1419.33880188914,149.925037481259
1058.91126025354,1396.96743723589,149.925037481259
1088.73974645787,1394.4817300522,164.917541229385
1078.79691772309,1416.85309470544,164.917541229385
1088.73974645787,1461.59582401193,164.917541229385
1150.88242605021,1869.25180213771,149.925037481259
1173.25379070346,1849.36614466816,149.925037481259
1245.33929903057,1727.56649266716,164.917541229385
1399.45314441959,442.455878697489,149.925037481259
1409.39597315436,375.341784737758,179.910044977511
1439.22445935869,1098.68257519264,164.917541229385
1538.65274670644,1153.36813323391,149.925037481259
1556.05269699229,1916.48023862789,164.917541229385
1570.96694009446,2329.10763112105,164.917541229385
1635.59532687049,1921.45165299528,164.917541229385
1640.56674123788,1409.39597315436,149.925037481259
1662.93810589113,1710.16654238131,164.917541229385
1710.16654238131,1436.73875217499,149.925037481259
1707.68083519761,1536.16703952274,164.917541229385
1727.56649266716,1546.10986825752,149.925037481259
1735.02361421825,1533.68133233905,149.925037481259
1747.45215013671,1861.79468058663,164.917541229385
1782.25205070843,2224.70792940592,149.925037481259
1829.48048719861,2212.27939348745,149.925037481259
1869.25180213771,807.854834700472,179.910044977511
1906.53740989311,574.198359433259,179.910044977511
1953.7658463833,1227.93934874472,164.917541229385
1978.62291822023,1222.96793437733,194.902548725637
2102.90827740492,1178.22520507084,179.910044977511
2095.45115585384,1173.25379070346,149.925037481259
2110.365398956,1178.22520507084,149.925037481259
2115.33681332339,1160.82525478499,149.925037481259
2117.82252050708,1180.71091225454,149.925037481259
2157.59383544618,956.997265722098,179.910044977511
2160.07954262988,1851.85185185185,179.910044977511
124.285359184688,830.226199353716,164.917541229385
136.713895103157,837.683320904797,164.917541229385
164.056674123788,830.226199353716,164.917541229385
171.513795674869,800.397713149391,179.910044977511
161.570966940094,817.797663435247,164.917541229385
164.056674123788,894.854586129754,179.910044977511
183.942331593338,745.712155108128,179.910044977511
188.913745960726,872.48322147651,164.917541229385
201.342281879195,1359.68182948049,194.902548725637
390.25602783992,1690.28088491176,179.910044977511
430.027342779021,2043.25130499627,164.917541229385
452.398707432264,512.055679840915,194.902548725637
554.312701963709,822.769077802635,164.917541229385
561.76982351479,1337.31046482724,164.917541229385
584.141188168034,1739.99502858563,164.917541229385
683.569475515784,325.627641063883,164.917541229385
730.797912005966,2386.27889634601,164.917541229385
740.740740740741,2431.0216256525,179.910044977511
778.026348496147,2463.33581904052,194.902548725637
775.540641312453,2428.5359184688,164.917541229385
807.854834700472,2403.67884663187,164.917541229385
822.769077802635,2324.13621675367,194.902548725637
827.740492170022,333.084762614964,179.910044977511
825.254784986329,216.256524981357,164.917541229385
832.71190653741,2416.10738255034,164.917541229385
837.683320904797,2475.76435495899,179.910044977511
837.683320904797,206.313696246582,164.917541229385
837.683320904797,241.113596818295,164.917541229385
842.654735272185,2381.30748197862,164.917541229385
855.083271190654,2458.36440467313,164.917541229385
857.568978374347,218.742232165051,164.917541229385
862.540392741735,2353.96470295799,179.910044977511
865.026099925429,2435.99304001989,194.902548725637
884.911757394979,1165.79666915237,164.917541229385
897.340293313448,2391.2503107134,179.910044977511
932.14019388516,1061.39696743724,164.917541229385
939.597315436242,1058.91126025354,164.917541229385
947.054436987323,1083.76833209048,164.917541229385
954.511558538404,1058.91126025354,164.917541229385
984.340044742729,1103.65398956003,164.917541229385
984.340044742729,1128.51106139697,179.910044977511
1024.11135968183,1180.71091225454,179.910044977511
1039.02560278399,1140.93959731544,164.917541229385
1066.36838180462,1406.91026597067,164.917541229385
1088.73974645787,176.485210042257,179.910044977511
1101.16828237634,877.454635843898,179.910044977511
1135.96818294805,119.313944817301,164.917541229385
1160.82525478499,417.598806860552,164.917541229385
1178.22520507084,1789.70917225951,164.917541229385
1267.71066368382,2274.42207307979,164.917541229385
1339.79617201094,1431.76733780761,179.910044977511
1354.7104151131,1411.88168033806,179.910044977511
1377.08177976634,919.711657966692,179.910044977511
1374.59607258265,934.625901068854,164.917541229385
1389.51031568481,927.168779517773,179.910044977511
1414.36738752175,1108.62540392742,179.910044977511
1424.31021625653,357.941834451902,179.910044977511
1558.53840417599,1118.56823266219,164.917541229385
1561.02411135968,1844.39473030077,164.917541229385
1575.93835446184,1891.62316679095,164.917541229385
1585.88118319662,1859.30897340293,179.910044977511
1588.36689038031,1906.53740989311,179.910044977511
1620.68108376833,1889.13745960726,194.902548725637
1623.16679095203,2033.3084762615,179.910044977511
1633.1096196868,1416.85309470544,164.917541229385
1643.05244842158,1675.36664180959,179.910044977511
1650.50956997266,1697.73800646284,164.917541229385
1650.50956997266,2147.65100671141,164.917541229385
1670.39522744221,1623.16679095203,194.902548725637
1670.39522744221,1439.22445935869,164.917541229385
1697.73800646284,1421.82450907283,164.917541229385
1772.30922197365,1851.85185185185,164.917541229385
1826.99478001491,810.340541884166,164.917541229385
1826.99478001491,1384.53890131742,164.917541229385
1844.39473030077,800.397713149391,164.917541229385
1906.53740989311,1633.1096196868,194.902548725637
1913.9945314442,795.426298782004,179.910044977511
1923.93736017897,1605.76684066617,194.902548725637
1923.93736017897,1215.51081282625,179.910044977511
1933.88018891375,787.969177230922,164.917541229385
1946.30872483221,1590.85259756401,179.910044977511
2055.67984091474,1923.93736017897,164.917541229385
2070.5940840169,1916.48023862789,164.917541229385
2080.53691275168,1173.25379070346,179.910044977511
2100.42257022123,1138.45389013174,164.917541229385
2145.16529952772,1921.45165299528,164.917541229385
2162.56524981357,1901.56599552573,179.910044977511
2172.50807854835,1113.5968182948,194.902548725637
2279.39348744718,541.88416604524,179.910044977511
2284.36490181457,1416.85309470544,179.910044977511
2371.36465324385,882.426050211285,179.910044977511
2378.82177479493,842.654735272185,194.902548725637
2403.67884663187,842.654735272185,164.917541229385
2408.65026099925,874.968928660204,179.910044977511
2428.5359184688,1267.71066368382,179.910044977511
44.7427293064877,1297.53914988814,179.910044977511
109.371116082525,825.254784986329,194.902548725637
159.085259756401,792.94059159831,179.910044977511
176.485210042257,835.197613721104,179.910044977511
196.370867511807,1344.76758637832,179.910044977511
360.427541635595,1710.16654238131,194.902548725637
382.798906288839,1682.82376336068,179.910044977511
449.913000248571,477.255779269202,194.902548725637
472.284364901815,521.99850857569,209.895052473763
474.770072085508,479.741486452896,209.895052473763
477.255779269202,492.170022371365,179.910044977511
551.826994780015,1349.73900074571,179.910044977511
723.340790454884,1073.8255033557,194.902548725637
765.597812577678,1996.02286850609,194.902548725637
785.483470047228,820.283370618941,179.910044977511
807.854834700472,2475.76435495899,194.902548725637
817.797663435247,474.770072085508,209.895052473763
820.283370618941,2408.65026099925,194.902548725637
840.169028088491,1516.28138205319,209.895052473763
852.59756400696,2339.05045985583,194.902548725637
860.054685558041,246.085011185682,179.910044977511
889.883171762366,2361.42182450907,194.902548725637
879.940343027591,2386.27889634601,179.910044977511
884.911757394979,646.283867760378,194.902548725637
887.397464578673,203.827989062888,209.895052473763
899.826000497141,193.885160328113,194.902548725637
899.826000497141,2378.82177479493,179.910044977511
942.083022619935,1126.02535421327,194.902548725637
984.340044742729,1053.93984588615,179.910044977511
1004.22570221228,1391.99602286851,194.902548725637
1016.65423813075,1101.16828237634,179.910044977511
1019.13994531444,1168.28237633607,179.910044977511
1034.0541884166,1101.16828237634,179.910044977511
1041.51130996769,1436.73875217499,179.910044977511
1041.51130996769,1372.11036539896,194.902548725637
1051.45413870246,1431.76733780761,179.910044977511
1058.91126025354,1200.59656972409,179.910044977511
1066.36838180462,1449.16728809346,179.910044977511
1071.33979617201,1195.6251553567,194.902548725637
1078.79691772309,1431.76733780761,194.902548725637
1086.25403927417,1474.0243599304,179.910044977511
1091.22545364156,874.968928660204,179.910044977511
1093.71116082525,1449.16728809346,194.902548725637
1103.65398956003,1449.16728809346,179.910044977511
1287.59632115337,146.656723837932,224.887556221889
1354.7104151131,1439.22445935869,194.902548725637
1391.99602286851,367.884663186677,179.910044977511
1429.28163062391,2.48570718369376,179.910044977511
1449.16728809346,1083.76833209048,194.902548725637
1459.11011682824,541.88416604524,209.895052473763
1461.59582401193,561.76982351479,224.887556221889
1474.0243599304,564.255530698484,179.910044977511
1565.99552572707,1918.96594581158,194.902548725637
1573.45264727815,1911.5088242605,179.910044977511
1590.85259756401,1879.19463087248,179.910044977511
1593.3383047477,1931.39448173005,179.910044977511
1598.30971911509,1866.76609495401,179.910044977511
1603.28113348248,1911.5088242605,194.902548725637
1615.70966940094,1869.25180213771,194.902548725637
1645.53815560527,1660.45239870743,179.910044977511
1687.79517772806,1558.53840417599,179.910044977511
1700.22371364653,1588.36689038031,179.910044977511
1707.68083519761,1588.36689038031,179.910044977511
1732.53790703455,1449.16728809346,209.895052473763
1797.16629381059,1926.42306736266,209.895052473763
1836.93760874969,2224.70792940592,179.910044977511
1849.36614466816,1583.39547601293,179.910044977511
1849.36614466816,810.340541884166,179.910044977511
1849.36614466816,1332.33905045986,179.910044977511
1901.56599552573,1595.82401193139,209.895052473763
1911.5088242605,1213.02510564256,179.910044977511
1983.59433258762,1195.6251553567,194.902548725637
2050.70842654735,504.598558289833,179.910044977511
2165.05095699727,1106.13969674372,179.910044977511
2204.82227193637,556.798409147402,179.910044977511
2214.76510067114,584.141188168034,194.902548725637
2214.76510067114,556.798409147402,194.902548725637
2224.70792940592,574.198359433259,194.902548725637
2271.9363658961,673.626646781009,209.895052473763
2334.07904548844,1354.7104151131,209.895052473763
2366.39323887646,1145.91101168282,179.910044977511
2401.19313944817,1232.91076311211,209.895052473763
141.685309470544,805.369127516779,194.902548725637
380.313199105145,1705.19512801392,209.895052473763
559.284116331096,1334.82475764355,194.902548725637
561.76982351479,1357.19612229679,194.902548725637
658.712403678847,1024.11135968183,209.895052473763
676.112353964703,1071.33979617201,224.887556221889
695.998011434253,1053.93984588615,209.895052473763
708.426547352722,2366.39323887646,194.902548725637
735.769326373353,1073.8255033557,194.902548725637
768.083519761372,2388.7646035297,209.895052473763
773.05493412876,226.199353716132,209.895052473763
780.512055679841,1431.76733780761,209.895052473763
782.997762863535,1469.05294556301,209.895052473763
782.997762863535,238.627889634601,194.902548725637
785.483470047228,260.999254287845,194.902548725637
805.369127516779,1488.93860303256,224.887556221889
807.854834700472,2393.73601789709,209.895052473763
812.82624906786,1434.2530449913,224.887556221889
812.82624906786,1483.96718866518,194.902548725637
812.82624906786,1503.85284613473,209.895052473763
817.797663435247,1476.51006711409,194.902548725637
825.254784986329,285.856326124783,224.887556221889
825.254784986329,198.856574695501,194.902548725637
837.683320904797,850.111856823266,209.895052473763
835.197613721104,1541.13845389013,209.895052473763
837.683320904797,201.342281879195,209.895052473763
845.140442455879,835.197613721104,209.895052473763
852.59756400696,2455.87869748944,209.895052473763
862.540392741735,2418.59308973403,194.902548725637
874.968928660204,845.140442455879,194.902548725637
874.968928660204,877.454635843898,209.895052473763
897.340293313448,857.568978374347,194.902548725637
897.340293313448,2396.22172508079,224.887556221889
984.340044742729,1029.08277404922,194.902548725637
991.797166293811,1230.42505592841,209.895052473763
991.797166293811,1128.51106139697,194.902548725637
996.768580661198,1140.93959731544,194.902548725637
1006.71140939597,969.425801640567,194.902548725637
1083.76833209048,912.25453641561,194.902548725637
1180.71091225454,464.827243350733,194.902548725637
1344.76758637832,1312.45339299031,224.887556221889
1357.19612229679,1941.33731046483,209.895052473763
1372.11036539896,1926.42306736266,194.902548725637
1431.76733780761,1431.76733780761,194.902548725637
1533.68133233905,509.569972657221,194.902548725637
1536.16703952274,489.684315187671,224.887556221889
1575.93835446184,1896.59458115834,194.902548725637
1650.50956997266,1690.28088491176,194.902548725637
1764.85210042257,1516.28138205319,209.895052473763
1779.76634352473,686.055182699478,209.895052473763
1812.08053691275,1911.5088242605,194.902548725637
1814.56624409645,1916.48023862789,194.902548725637
1841.90902311708,1610.73825503356,209.895052473763
1864.28038777032,1613.22396221725,194.902548725637
1958.73726075068,1600.79542629878,194.902548725637
2010.93711160825,1282.62490678598,194.902548725637
2035.79418344519,1292.56773552076,209.895052473763
2058.16554809843,1923.93736017897,194.902548725637
2063.13696246582,514.541387024609,209.895052473763
2165.05095699727,974.397216007954,194.902548725637
2167.53666418096,964.454387273179,194.902548725637
2184.93661446682,584.141188168034,209.895052473763
2192.3937360179,566.741237882178,209.895052473763
2202.33656475267,571.712652249565,194.902548725637
2306.73626646781,1342.28187919463,194.902548725637
2344.02187422322,1225.45364156102,209.895052473763
2344.02187422322,1277.65349241859,209.895052473763
2361.42182450907,1297.53914988814,209.895052473763
2366.39323887646,1354.7104151131,209.895052473763
2373.85036042754,1314.939100174,209.895052473763
2371.36465324385,1247.82500621427,194.902548725637
2393.73601789709,1300.02485707184,224.887556221889
2401.19313944817,1362.16753666418,224.887556221889
166.542381307482,1332.33905045986,224.887556221889
410.141685309471,1364.65324384787,209.895052473763
415.113099676858,1369.62465821526,209.895052473763
459.855828983346,477.255779269202,209.895052473763
479.741486452896,494.655729555058,209.895052473763
479.741486452896,502.11285110614,209.895052473763
623.912503107134,554.312701963709,239.880059970015
755.654983842903,2381.30748197862,224.887556221889
775.540641312453,1501.36713895103,209.895052473763
778.026348496147,208.799403430276,224.887556221889
787.969177230922,487.198608003977,209.895052473763
790.454884414616,499.627143922446,239.880059970015
800.397713149391,1518.76708923689,209.895052473763
805.369127516779,1538.65274670644,209.895052473763
815.311956251554,1536.16703952274,209.895052473763
837.683320904797,2326.62192393736,209.895052473763
842.654735272185,472.284364901815,224.887556221889
857.568978374347,352.970420084514,209.895052473763
902.311707680835,1794.6805866269,209.895052473763
917.225950782998,1804.62341536167,209.895052473763
952.02585135471,1135.96818294805,224.887556221889
956.997265722098,2100.42257022123,209.895052473763
961.968680089485,2112.8511061397,209.895052473763
971.911508824261,2110.365398956,224.887556221889
979.368630375342,991.797166293811,209.895052473763
979.368630375342,1041.51130996769,209.895052473763
1041.51130996769,1436.73875217499,209.895052473763
1227.93934874472,1802.13770817798,209.895052473763
1329.85334327616,1324.88192890877,224.887556221889
1342.28187919463,1339.79617201094,239.880059970015
1349.73900074571,628.883917474521,254.872563718141
1354.7104151131,1931.39448173005,224.887556221889
1362.16753666418,1317.42480735769,209.895052473763
1374.59607258265,1936.36589609744,224.887556221889
1404.42455878698,1675.36664180959,254.872563718141
1409.39597315436,902.311707680835,224.887556221889
1436.73875217499,1081.28262490679,224.887556221889
1464.08153119563,1501.36713895103,224.887556221889
1672.8809346259,2125.27964205817,224.887556221889
1730.05219985086,1464.08153119563,209.895052473763
1749.93785732041,676.112353964703,209.895052473763
1752.4235645041,1506.33855331842,209.895052473763
1879.19463087248,1387.02460850112,239.880059970015
1876.70892368879,1553.5669898086,224.887556221889
1913.9945314442,1580.90976882923,209.895052473763
2010.93711160825,1309.96768580661,224.887556221889
2028.33706189411,1275.1677852349,224.887556221889
2045.73701217997,1270.19637086751,224.887556221889
2060.65125528213,1277.65349241859,224.887556221889
2130.25105642555,1210.53939845886,224.887556221889
2130.25105642555,1203.08227690778,209.895052473763
2132.73676360925,1188.16803380562,209.895052473763
2137.70817797663,1193.13944817301,209.895052473763
2145.16529952772,1225.45364156102,209.895052473763
2167.53666418096,574.198359433259,224.887556221889
2217.25080785483,544.369873228934,209.895052473763
2244.59358687547,800.397713149391,209.895052473763
2274.42207307979,1416.85309470544,209.895052473763
2314.19338801889,1275.1677852349,239.880059970015
2336.56475267214,1250.31071339796,224.887556221889
2341.53616703952,1295.05344270445,209.895052473763
2426.05021128511,1240.36788466319,224.887556221889
452.398707432264,1628.13820531941,254.872563718141
457.370121799652,1362.16753666418,224.887556221889
492.170022371365,1991.0514541387,224.887556221889
556.798409147402,1250.31071339796,239.880059970015
561.76982351479,1292.56773552076,239.880059970015
594.084016902809,1334.82475764355,224.887556221889
594.084016902809,1339.79617201094,224.887556221889
641.31245339299,1282.62490678598,224.887556221889
676.112353964703,539.398458861546,239.880059970015
698.483718617947,459.855828983346,239.880059970015
748.197862291822,1195.6251553567,239.880059970015
773.05493412876,1884.16604523987,254.872563718141
773.05493412876,1879.19463087248,224.887556221889
782.997762863535,241.113596818295,224.887556221889
807.854834700472,221.227939348745,254.872563718141
817.797663435247,2443.45016157097,224.887556221889
817.797663435247,512.055679840915,224.887556221889
827.740492170022,494.655729555058,224.887556221889
934.625901068854,1812.08053691275,224.887556221889
937.111608252548,1809.59482972906,224.887556221889
947.054436987323,1130.99676858066,224.887556221889
1026.59706686552,1210.53939845886,224.887556221889
1086.25403927417,1836.93760874969,224.887556221889
1198.11086254039,407.655978125777,239.880059970015
1195.6251553567,432.513049962714,224.887556221889
1217.99652000994,395.227442207308,269.865067466267
1215.51081282625,1777.28063634104,224.887556221889
1230.42505592841,1048.96843151877,239.880059970015
1227.93934874472,1784.73775789212,224.887556221889
1267.71066368382,206.313696246582,239.880059970015
1312.45339299031,268.456375838926,254.872563718141
1354.7104151131,1225.45364156102,224.887556221889
1362.16753666418,1334.82475764355,239.880059970015
1424.31021625653,1690.28088491176,254.872563718141
1429.28163062391,1501.36713895103,224.887556221889
1444.19587372608,1446.68158090977,224.887556221889
1486.45289584887,1501.36713895103,224.887556221889
1493.91001739995,1205.56798409147,224.887556221889
1506.33855331842,1173.25379070346,224.887556221889
1578.42406164554,2083.02261993537,254.872563718141
1583.39547601293,2097.93686303753,254.872563718141
1620.68108376833,1078.79691772309,239.880059970015
1662.93810589113,2115.33681332339,224.887556221889
1744.96644295302,678.598061148397,254.872563718141
1879.19463087248,1471.53865274671,224.887556221889
1879.19463087248,1362.16753666418,239.880059970015
1961.22296793438,1048.96843151877,254.872563718141
1983.59433258762,1073.8255033557,254.872563718141
2244.59358687547,1287.59632115337,239.880059970015
2368.87894606015,1205.56798409147,224.887556221889
2393.73601789709,1267.71066368382,224.887556221889
2401.19313944817,1352.22470792941,224.887556221889
2411.13596818295,1290.08202833706,224.887556221889
395.227442207308,1374.59607258265,239.880059970015
425.055928411633,1374.59607258265,239.880059970015
479.741486452896,695.998011434253,269.865067466267
579.169773800646,1314.939100174,239.880059970015
596.569724086503,1314.939100174,239.880059970015
755.654983842903,1884.16604523987,239.880059970015
775.540641312453,845.140442455879,269.865067466267
795.426298782004,233.656475267214,239.880059970015
795.426298782004,278.399204573701,254.872563718141
810.340541884166,1446.68158090977,239.880059970015
817.797663435247,300.770569226945,239.880059970015
822.769077802635,300.770569226945,239.880059970015
877.454635843898,1173.25379070346,269.865067466267
956.997265722098,2097.93686303753,239.880059970015
1014.16853094705,608.998260004971,254.872563718141
1227.93934874472,1034.0541884166,269.865067466267
1240.36788466319,484.712900820283,254.872563718141
1252.79642058166,1429.28163062391,284.857571214393
1280.13919960229,216.256524981357,254.872563718141
1277.65349241859,1406.91026597067,284.857571214393
1327.36763609247,221.227939348745,254.872563718141
1352.22470792941,1252.79642058166,254.872563718141
1352.22470792941,1282.62490678598,239.880059970015
1364.65324384787,1295.05344270445,254.872563718141
1364.65324384787,1317.42480735769,239.880059970015
1387.02460850112,947.054436987323,254.872563718141
1404.42455878698,912.25453641561,254.872563718141
1431.76733780761,1364.65324384787,239.880059970015
1441.71016654238,1396.96743723589,254.872563718141
1446.68158090977,1193.13944817301,239.880059970015
1451.65299527716,1357.19612229679,239.880059970015
1501.36713895103,1200.59656972409,239.880059970015
1533.68133233905,405.170270942083,239.880059970015
1536.16703952274,410.141685309471,239.880059970015
1665.42381307482,1322.39622172508,239.880059970015
1675.36664180959,2090.47974148645,254.872563718141
1727.56649266716,365.398956002983,254.872563718141
1742.48073576933,1521.25279642058,239.880059970015
1744.96644295302,703.455132985334,239.880059970015
1744.96644295302,1533.68133233905,239.880059970015
1759.88068605518,661.19811086254,239.880059970015
1762.36639323888,703.455132985334,269.865067466267
1846.88043748446,1449.16728809346,239.880059970015
1861.79468058663,1446.68158090977,254.872563718141
1871.7375093214,1061.39696743724,239.880059970015
1998.50857568978,1061.39696743724,254.872563718141
2063.13696246582,1257.76783494904,254.872563718141
2142.67959234402,1193.13944817301,254.872563718141
2145.16529952772,1230.42505592841,254.872563718141
2331.59333830475,1242.85359184688,239.880059970015
2353.96470295799,1210.53939845886,239.880059970015
536.912751677852,1322.39622172508,254.872563718141
539.398458861546,1327.36763609247,254.872563718141
549.341287596321,1327.36763609247,269.865067466267
549.341287596321,1247.82500621427,269.865067466267
569.226945065871,1784.73775789212,284.857571214393
571.712652249565,1292.56773552076,254.872563718141
576.684066616953,1292.56773552076,269.865067466267
718.369376087497,479.741486452896,254.872563718141
760.626398210291,1866.76609495401,254.872563718141
760.626398210291,1859.30897340293,254.872563718141
805.369127516779,989.311459110117,269.865067466267
850.111856823266,1178.22520507084,284.857571214393
971.911508824261,407.655978125777,284.857571214393
984.340044742729,1364.65324384787,269.865067466267
989.311459110117,295.799154859558,284.857571214393
1019.13994531444,571.712652249565,284.857571214393
1046.48272433507,554.312701963709,269.865067466267
1091.22545364156,673.626646781009,269.865067466267
1111.11111111111,668.655232413622,269.865067466267
1106.13969674372,681.08376833209,269.865067466267
1168.28237633607,1884.16604523987,254.872563718141
1193.13944817301,387.770320656227,254.872563718141
1193.13944817301,1083.76833209048,269.865067466267
1217.99652000994,1051.45413870246,284.857571214393
1225.45364156102,1093.71116082525,269.865067466267
1227.93934874472,1779.76634352473,254.872563718141
1240.36788466319,1086.25403927417,269.865067466267
1250.31071339796,1389.51031568481,254.872563718141
1252.79642058166,1041.51130996769,269.865067466267
1270.19637086751,241.113596818295,269.865067466267
1275.1677852349,1377.08177976634,254.872563718141
1304.99627143922,203.827989062888,254.872563718141
1304.99627143922,186.428038777032,284.857571214393
1312.45339299031,216.256524981357,254.872563718141
1324.88192890877,183.942331593338,269.865067466267
1352.22470792941,1297.53914988814,254.872563718141
1359.68182948049,1225.45364156102,269.865067466267
1394.4817300522,959.482972905792,254.872563718141
1404.42455878698,964.454387273179,254.872563718141
1411.88168033806,897.340293313448,254.872563718141
1419.33880188914,390.25602783992,254.872563718141
1486.45289584887,1665.42381307482,254.872563718141
1536.16703952274,395.227442207308,269.865067466267
1618.19537658464,1041.51130996769,269.865067466267
1625.65249813572,2115.33681332339,269.865067466267
1635.59532687049,1048.96843151877,299.850074962519
1638.08103405419,397.713149391002,269.865067466267
1700.22371364653,405.170270942083,269.865067466267
1931.39448173005,1058.91126025354,254.872563718141
1956.25155356699,1066.36838180462,254.872563718141
1966.19438230176,984.340044742729,269.865067466267
1986.08003977131,1208.05369127517,254.872563718141
1988.56574695501,1329.85334327616,269.865067466267
2003.47999005717,1213.02510564256,269.865067466267
2090.47974148645,713.397961720109,269.865067466267
2100.42257022123,713.397961720109,269.865067466267
2331.59333830475,1312.45339299031,269.865067466267
2351.4789957743,1290.08202833706,269.865067466267
2416.10738255034,1287.59632115337,254.872563718141
338.056176982351,1672.8809346259,284.857571214393
352.970420084514,1585.88118319662,284.857571214393
556.798409147402,611.483967188665,269.865067466267
556.798409147402,1250.31071339796,269.865067466267
569.226945065871,1317.42480735769,284.857571214393
581.65548098434,1799.65200099428,284.857571214393
604.026845637584,1769.82351478996,284.857571214393
606.512552821278,1812.08053691275,284.857571214393
606.512552821278,1784.73775789212,269.865067466267
606.512552821278,1787.22346507581,269.865067466267
658.712403678847,1652.99527715635,269.865067466267
700.969425801641,1220.48222719364,299.850074962519
703.455132985334,489.684315187671,269.865067466267
705.940840169028,477.255779269202,269.865067466267
740.740740740741,842.654735272185,314.842578710645
743.226447924435,825.254784986329,284.857571214393
763.112105393985,1879.19463087248,269.865067466267
787.969177230922,934.625901068854,284.857571214393
832.71190653741,1384.53890131742,299.850074962519
857.568978374347,745.712155108128,299.850074962519
897.340293313448,914.740243599304,299.850074962519
902.311707680835,932.14019388516,299.850074962519
929.654486701467,966.940094456873,299.850074962519
947.054436987323,1352.22470792941,284.857571214393
954.511558538404,1396.96743723589,269.865067466267
971.911508824261,1396.96743723589,284.857571214393
974.397216007954,387.770320656227,284.857571214393
991.797166293811,313.199105145414,269.865067466267
1011.68282376336,390.25602783992,284.857571214393
1086.25403927417,1884.16604523987,299.850074962519
1111.11111111111,1899.08028834203,284.857571214393
1111.11111111111,1886.65175242356,269.865067466267
1148.39671886652,432.513049962714,269.865067466267
1205.56798409147,1039.02560278399,284.857571214393
1267.71066368382,1369.62465821526,269.865067466267
1295.05344270445,1391.99602286851,269.865067466267
1295.05344270445,1424.31021625653,269.865067466267
1307.48197862292,228.685060899826,284.857571214393
1319.91051454139,1220.48222719364,269.865067466267
1339.79617201094,298.284862043251,269.865067466267
1391.99602286851,927.168779517773,269.865067466267
1389.51031568481,1203.08227690778,269.865067466267
1406.91026597067,412.627392493164,284.857571214393
1419.33880188914,956.997265722098,269.865067466267
1431.76733780761,400.198856574696,269.865067466267
1538.65274670644,410.141685309471,269.865067466267
1620.68108376833,1068.85408898832,284.857571214393
1652.99527715635,387.770320656227,284.857571214393
1667.90952025851,345.513298533433,269.865067466267
1672.8809346259,340.541884166045,269.865067466267
1722.59507829978,1603.28113348248,269.865067466267
1730.05219985086,380.313199105145,269.865067466267
1889.13745960726,1036.5398956003,269.865067466267
1933.88018891375,1091.22545364156,269.865067466267
1981.10862540393,899.826000497141,299.850074962519
1983.59433258762,1083.76833209048,269.865067466267
2073.0797912006,1282.62490678598,269.865067466267
2100.42257022123,1575.93835446184,299.850074962519
2107.87969177231,1595.82401193139,284.857571214393
320.656226696495,1352.22470792941,314.842578710645
407.655978125777,1595.82401193139,299.850074962519
594.084016902809,698.483718617947,299.850074962519
626.398210290828,1782.25205070843,299.850074962519
713.397961720109,765.597812577678,299.850074962519
713.397961720109,825.254784986329,299.850074962519
723.340790454884,1881.68033805618,329.835082458771
718.369376087497,479.741486452896,284.857571214393
852.59756400696,904.797414864529,314.842578710645
894.854586129754,1252.79642058166,299.850074962519
904.797414864529,1230.42505592841,299.850074962519
919.711657966692,1247.82500621427,299.850074962519
939.597315436242,1384.53890131742,299.850074962519
944.568729803629,1304.99627143922,299.850074962519
947.054436987323,1019.13994531444,299.850074962519
952.02585135471,1406.91026597067,284.857571214393
949.540144171017,1287.59632115337,299.850074962519
966.940094456873,937.111608252548,284.857571214393
974.397216007954,780.512055679841,299.850074962519
984.340044742729,469.798657718121,299.850074962519
996.768580661198,420.084514044246,284.857571214393
999.254287844892,375.341784737758,299.850074962519
1009.19711657967,740.740740740741,299.850074962519
1014.16853094705,768.083519761372,299.850074962519
1039.02560278399,574.198359433259,299.850074962519
1091.22545364156,698.483718617947,299.850074962519
1123.53964702958,1904.05170270942,299.850074962519
1128.51106139697,1884.16604523987,284.857571214393
1140.93959731544,1536.16703952274,284.857571214393
1165.79666915237,1019.13994531444,284.857571214393
1168.28237633607,1034.0541884166,284.857571214393
1175.73949788715,1031.56848123291,284.857571214393
1250.31071339796,1387.02460850112,284.857571214393
1349.73900074571,355.456127268208,314.842578710645
1359.68182948049,425.055928411633,284.857571214393
1414.36738752175,974.397216007954,284.857571214393
1424.31021625653,964.454387273179,284.857571214393
1603.28113348248,1041.51130996769,284.857571214393
1680.33805617698,365.398956002983,299.850074962519
1677.85234899329,355.456127268208,284.857571214393
1695.25229927915,382.798906288839,299.850074962519
1943.82301764852,879.940343027591,284.857571214393
1978.62291822023,1449.16728809346,329.835082458771
1986.08003977131,1213.02510564256,299.850074962519
1978.62291822023,879.940343027591,314.842578710645
2015.90852597564,1217.99652000994,284.857571214393
2112.8511061397,1588.36689038031,284.857571214393
347.999005717127,1593.3383047477,314.842578710645
395.227442207308,1130.99676858066,314.842578710645
407.655978125777,1148.39671886652,344.827586206897
539.398458861546,1031.56848123291,314.842578710645
554.312701963709,1354.7104151131,299.850074962519
604.026845637584,837.683320904797,329.835082458771
616.455381556053,1792.1948794432,314.842578710645
718.369376087497,850.111856823266,314.842578710645
710.912254536416,778.026348496147,299.850074962519
730.797912005966,1836.93760874969,299.850074962519
733.283619189659,758.140691026597,299.850074962519
743.226447924435,810.340541884166,344.827586206897
785.483470047228,800.397713149391,314.842578710645
874.968928660204,758.140691026597,299.850074962519
884.911757394979,780.512055679841,299.850074962519
932.14019388516,1016.65423813075,299.850074962519
959.482972905792,1300.02485707184,299.850074962519
969.425801640567,795.426298782004,299.850074962519
991.797166293811,313.199105145414,299.850074962519
1063.88267462093,579.169773800646,314.842578710645
1076.3112105394,678.598061148397,314.842578710645
1103.65398956003,405.170270942083,329.835082458771
1113.5968182948,1881.68033805618,314.842578710645
1128.51106139697,415.113099676858,359.820089955023
1133.48247576436,1921.45165299528,314.842578710645
1153.36813323391,1066.36838180462,314.842578710645
1163.31096196868,1183.19661943823,299.850074962519
1175.73949788715,1071.33979617201,314.842578710645
1262.73924931643,1921.45165299528,299.850074962519
1290.08202833706,1436.73875217499,329.835082458771
1307.48197862292,1419.33880188914,314.842578710645
1329.85334327616,352.970420084514,299.850074962519
1339.79617201094,340.541884166045,299.850074962519
1394.4817300522,961.968680089485,299.850074962519
1414.36738752175,430.027342779021,299.850074962519
1531.19562515536,566.741237882178,344.827586206897
1568.48123291076,705.940840169028,299.850074962519
1742.48073576933,1570.96694009446,314.842578710645
1841.90902311708,780.512055679841,314.842578710645
1958.73726075068,1506.33855331842,329.835082458771
1963.70867511807,1466.56723837932,314.842578710645
1988.56574695501,1471.53865274671,329.835082458771
1996.02286850609,1242.85359184688,299.850074962519
420.084514044246,1160.82525478499,314.842578710645
658.712403678847,1652.99527715635,314.842578710645
710.912254536416,790.454884414616,344.827586206897
728.312204822272,787.969177230922,314.842578710645
735.769326373353,865.026099925429,314.842578710645
852.59756400696,976.882923191648,344.827586206897
949.540144171017,1948.79443201591,344.827586206897
969.425801640567,1565.99552572707,329.835082458771
979.368630375342,1610.73825503356,329.835082458771
986.825751926423,1585.88118319662,344.827586206897
991.797166293811,390.25602783992,314.842578710645
1006.71140939597,1575.93835446184,314.842578710645
1021.62565249814,576.684066616953,314.842578710645
1046.48272433507,1600.79542629878,344.827586206897
1051.45413870246,559.284116331096,314.842578710645
1121.05393984589,395.227442207308,314.842578710645
1143.42530449913,417.598806860552,344.827586206897
1160.82525478499,1538.65274670644,344.827586206897
1170.76808351976,422.570221227939,314.842578710645
1267.71066368382,1459.11011682824,344.827586206897
1451.65299527716,1128.51106139697,329.835082458771
1493.91001739995,1118.56823266219,344.827586206897
1593.3383047477,1061.39696743724,314.842578710645
1603.28113348248,1058.91126025354,314.842578710645
1757.39497887149,1585.88118319662,329.835082458771
2020.87994034303,1121.05393984589,329.835082458771
2050.70842654735,1135.96818294805,314.842578710645
350.48471290082,1585.88118319662,329.835082458771
539.398458861546,1014.16853094705,359.820089955023
551.826994780015,1031.56848123291,344.827586206897
691.026597066866,1861.79468058663,359.820089955023
1066.36838180462,1610.73825503356,359.820089955023
1111.11111111111,1011.68282376336,329.835082458771
1113.5968182948,1016.65423813075,329.835082458771
1304.99627143922,1401.93885160328,359.820089955023
1486.45289584887,1103.65398956003,359.820089955023
1585.88118319662,1787.22346507581,329.835082458771
1593.3383047477,1772.30922197365,329.835082458771
1598.30971911509,1777.28063634104,329.835082458771
1849.36614466816,802.883420333085,344.827586206897
1911.5088242605,1628.13820531941,344.827586206897
1904.05170270942,1533.68133233905,359.820089955023
1936.36589609744,1538.65274670644,359.820089955023
1966.19438230176,1570.96694009446,344.827586206897
1966.19438230176,1613.22396221725,359.820089955023
2060.65125528213,1135.96818294805,359.820089955023
561.76982351479,1046.48272433507,374.812593703148
621.42679592344,1083.76833209048,344.827586206897
633.855331841909,1053.93984588615,359.820089955023
708.426547352722,1861.79468058663,344.827586206897
713.397961720109,1904.05170270942,344.827586206897
733.283619189659,1901.56599552573,374.812593703148
738.255033557047,790.454884414616,359.820089955023
1063.88267462093,596.569724086503,344.827586206897
1063.88267462093,1595.82401193139,359.820089955023
1118.56823266219,708.426547352722,374.812593703148
1123.53964702958,2023.36564752672,344.827586206897
1128.51106139697,1923.93736017897,359.820089955023
1158.33954760129,1558.53840417599,359.820089955023
1260.25354213274,847.626149639573,344.827586206897
1324.88192890877,1913.9945314442,374.812593703148
1459.11011682824,1140.93959731544,344.827586206897
1508.82426050211,1113.5968182948,359.820089955023
1511.30996768581,1635.59532687049,344.827586206897
1628.13820531941,1774.79492915735,344.827586206897
1787.22346507581,1292.56773552076,374.812593703148
1804.62341536167,1046.48272433507,374.812593703148
1891.62316679095,1575.93835446184,344.827586206897
1904.05170270942,1506.33855331842,359.820089955023
1911.5088242605,1565.99552572707,344.827586206897
1916.48023862789,1570.96694009446,344.827586206897
1926.42306736266,1546.10986825752,344.827586206897
1943.82301764852,1570.96694009446,374.812593703148
1956.25155356699,1620.68108376833,344.827586206897
1963.70867511807,1103.65398956003,359.820089955023
2038.27989062888,1088.73974645787,359.820089955023
400.198856574696,1262.73924931643,359.820089955023
561.76982351479,1029.08277404922,359.820089955023
608.998260004971,1001.73999502859,389.805097451274
623.912503107134,1404.42455878698,374.812593703148
623.912503107134,961.968680089485,389.805097451274
668.655232413622,1625.65249813572,389.805097451274
695.998011434253,1628.13820531941,374.812593703148
705.940840169028,1891.62316679095,359.820089955023
750.683569475516,1844.39473030077,374.812593703148
797.912005965697,807.854834700472,389.805097451274
832.71190653741,947.054436987323,389.805097451274
850.111856823266,1854.33755903555,374.812593703148
872.48322147651,852.59756400696,359.820089955023
882.426050211285,857.568978374347,359.820089955023
1063.88267462093,1352.22470792941,359.820089955023
1210.53939845886,1948.79443201591,389.805097451274
1215.51081282625,1928.90877454636,374.812593703148
1295.05344270445,1973.65150385285,374.812593703148
1307.48197862292,1943.82301764852,389.805097451274
1332.33905045986,1491.42431021626,359.820089955023
1498.88143176734,1590.85259756401,374.812593703148
1590.85259756401,1744.96644295302,389.805097451274
1590.85259756401,1774.79492915735,359.820089955023
1829.48048719861,1034.0541884166,374.812593703148
1841.90902311708,763.112105393985,374.812593703148
1839.42331593338,1024.11135968183,374.812593703148
1851.85185185185,1051.45413870246,389.805097451274
1864.28038777032,758.140691026597,359.820089955023
1861.79468058663,718.369376087497,359.820089955023
1938.85160328113,1603.28113348248,374.812593703148
1956.25155356699,1570.96694009446,359.820089955023
2000.99428287348,1106.13969674372,374.812593703148
2038.27989062888,1126.02535421327,374.812593703148
2043.25130499627,1113.5968182948,359.820089955023
604.026845637584,1024.11135968183,404.7976011994
638.826746209297,999.254287844892,434.782608695652
656.226696495153,1735.02361421825,389.805097451274
738.255033557047,1869.25180213771,389.805097451274
835.197613721104,976.882923191648,374.812593703148
869.997514292816,1396.96743723589,389.805097451274
879.940343027591,1389.51031568481,389.805097451274
892.36887894606,1369.62465821526,389.805097451274
994.282873477504,1319.91051454139,404.7976011994
1073.8255033557,1342.28187919463,389.805097451274
1101.16828237634,952.02585135471,389.805097451274
1135.96818294805,944.568729803629,374.812593703148
1165.79666915237,780.512055679841,404.7976011994
1178.22520507084,770.569226945066,374.812593703148
1198.11086254039,1918.96594581158,374.812593703148
1217.99652000994,1153.36813323391,374.812593703148
1217.99652000994,1183.19661943823,374.812593703148
1235.3964702958,1593.3383047477,404.7976011994
1235.3964702958,1210.53939845886,389.805097451274
1237.88217747949,1215.51081282625,374.812593703148
1295.05344270445,1993.5371613224,404.7976011994
1575.93835446184,1150.88242605021,404.7976011994
1799.65200099428,1327.36763609247,434.782608695652
1866.76609495401,715.883668903803,404.7976011994
2073.0797912006,1126.02535421327,389.805097451274
584.141188168034,1048.96843151877,419.790104947526
576.684066616953,1009.19711657967,404.7976011994
641.31245339299,949.540144171017,389.805097451274
683.569475515784,1046.48272433507,404.7976011994
802.883420333085,1670.39522744221,389.805097451274
837.683320904797,966.940094456873,389.805097451274
867.511807109123,1841.90902311708,389.805097451274
889.883171762366,1354.7104151131,389.805097451274
947.054436987323,1951.2801391996,389.805097451274
1021.62565249814,1332.33905045986,419.790104947526
1031.56848123291,1063.88267462093,419.790104947526
1043.99701715138,1598.30971911509,389.805097451274
1048.96843151877,1324.88192890877,389.805097451274
1130.99676858066,758.140691026597,404.7976011994
1185.68232662192,1936.36589609744,389.805097451274
1183.19661943823,765.597812577678,389.805097451274
1195.6251553567,1941.33731046483,389.805097451274
1203.08227690778,1190.65374098931,389.805097451274
1205.56798409147,1933.88018891375,389.805097451274
1205.56798409147,1148.39671886652,389.805097451274
1220.48222719364,1175.73949788715,419.790104947526
1213.02510564256,1143.42530449913,389.805097451274
1217.99652000994,1145.91101168282,389.805097451274
1227.93934874472,1210.53939845886,389.805097451274
1327.36763609247,2003.47999005717,419.790104947526
1334.82475764355,1966.19438230176,404.7976011994
1339.79617201094,1938.85160328113,389.805097451274
1357.19612229679,1933.88018891375,389.805097451274
1362.16753666418,1948.79443201591,389.805097451274
1362.16753666418,1928.90877454636,389.805097451274
1369.62465821526,1088.73974645787,404.7976011994
1372.11036539896,1928.90877454636,389.805097451274
1377.08177976634,1946.30872483221,389.805097451274
1538.65274670644,947.054436987323,419.790104947526
1551.08128262491,1588.36689038031,419.790104947526
1551.08128262491,601.54113845389,419.790104947526
1568.48123291076,1180.71091225454,419.790104947526
1575.93835446184,1593.3383047477,389.805097451274
1588.36689038031,1600.79542629878,434.782608695652
1598.30971911509,1464.08153119563,404.7976011994
1608.25254784986,1491.42431021626,419.790104947526
1623.16679095203,1461.59582401193,389.805097451274
1680.33805617698,984.340044742729,404.7976011994
1844.39473030077,1001.73999502859,389.805097451274
1859.30897340293,760.626398210291,404.7976011994
2013.42281879195,1113.5968182948,389.805097451274
594.084016902809,971.911508824261,434.782608695652
589.112602535421,1011.68282376336,404.7976011994
591.598309719115,996.768580661198,404.7976011994
666.169525229928,1300.02485707184,449.775112443778
708.426547352722,1620.68108376833,404.7976011994
750.683569475516,1844.39473030077,404.7976011994
795.426298782004,1128.51106139697,449.775112443778
820.283370618941,1536.16703952274,404.7976011994
825.254784986329,1533.68133233905,404.7976011994
837.683320904797,1379.56748695004,404.7976011994
872.48322147651,860.054685558041,404.7976011994
899.826000497141,1126.02535421327,419.790104947526
897.340293313448,1553.5669898086,434.782608695652
917.225950782998,1528.70991797166,419.790104947526
1014.16853094705,1339.79617201094,419.790104947526
1145.91101168282,753.16927665921,404.7976011994
1145.91101168282,981.854337559036,434.782608695652
1173.25379070346,768.083519761372,419.790104947526
1242.85359184688,1170.76808351976,404.7976011994
1280.13919960229,1981.10862540393,404.7976011994
1312.45339299031,1978.62291822023,434.782608695652
1304.99627143922,1041.51130996769,404.7976011994
1344.76758637832,1143.42530449913,404.7976011994
1352.22470792941,1043.99701715138,449.775112443778
1590.85259756401,1747.45215013671,404.7976011994
1608.25254784986,1439.22445935869,404.7976011994
1613.22396221725,1434.2530449913,404.7976011994
626.398210290828,1014.16853094705,419.790104947526
633.855331841909,1006.71140939597,419.790104947526
651.255282127765,949.540144171017,419.790104947526
740.740740740741,1282.62490678598,419.790104947526
805.369127516779,1670.39522744221,434.782608695652
989.311459110117,1416.85309470544,464.767616191904
1043.99701715138,743.226447924435,449.775112443778
1083.76833209048,994.282873477504,434.782608695652
1130.99676858066,1225.45364156102,464.767616191904
1128.51106139697,1317.42480735769,419.790104947526
1170.76808351976,1292.56773552076,449.775112443778
1183.19661943823,1257.76783494904,434.782608695652
1203.08227690778,1941.33731046483,419.790104947526
1222.96793437733,1257.76783494904,419.790104947526
1260.25354213274,618.941088739746,434.782608695652
1257.76783494904,599.055431270196,419.790104947526
1304.99627143922,1188.16803380562,419.790104947526
1364.65324384787,810.340541884166,464.767616191904
1561.02411135968,964.454387273179,449.775112443778
1680.33805617698,1183.19661943823,449.775112443778
1807.10912254536,1317.42480735769,419.790104947526
636.341039025603,959.482972905792,434.782608695652
671.140939597315,1265.22495650012,464.767616191904
693.512304250559,1086.25403927417,449.775112443778
695.998011434253,1265.22495650012,464.767616191904
728.312204822272,1121.05393984589,449.775112443778
748.197862291822,1106.13969674372,449.775112443778
820.283370618941,1531.19562515536,449.775112443778
942.083022619935,1568.48123291076,464.767616191904
1041.51130996769,1061.39696743724,434.782608695652
1071.33979617201,976.882923191648,434.782608695652
1135.96818294805,989.311459110117,434.782608695652
1153.36813323391,1302.51056425553,449.775112443778
1190.65374098931,1208.05369127517,449.775112443778
1195.6251553567,1135.96818294805,464.767616191904
1188.16803380562,1158.33954760129,449.775112443778
1193.13944817301,1150.88242605021,434.782608695652
1304.99627143922,1041.51130996769,449.775112443778
1319.91051454139,1048.96843151877,434.782608695652
1337.31046482724,1150.88242605021,449.775112443778
1344.76758637832,1143.42530449913,434.782608695652
1384.53890131742,1016.65423813075,434.782608695652
1391.99602286851,815.311956251554,464.767616191904
1690.28088491176,1419.33880188914,449.775112443778
740.740740740741,1282.62490678598,479.76011994003
778.026348496147,1618.19537658464,464.767616191904
971.911508824261,1394.4817300522,464.767616191904
1031.56848123291,730.797912005966,449.775112443778
1210.53939845886,1165.79666915237,464.767616191904
1292.56773552076,1183.19661943823,449.775112443778
1309.96768580661,1188.16803380562,464.767616191904
1319.91051454139,1528.70991797166,479.76011994003
1337.31046482724,989.311459110117,449.775112443778
1344.76758637832,979.368630375342,464.767616191904
1476.51006711409,872.48322147651,449.775112443778
1558.53840417599,1488.93860303256,479.76011994003
1630.62391250311,1464.08153119563,449.775112443778
1677.85234899329,1451.65299527716,449.775112443778
1799.65200099428,1334.82475764355,449.775112443778
663.683818046234,1250.31071339796,479.76011994003
733.283619189659,1113.5968182948,464.767616191904
785.483470047228,1608.25254784986,464.767616191904
792.94059159831,1603.28113348248,464.767616191904
902.311707680835,1126.02535421327,479.76011994003
996.768580661198,1444.19587372608,479.76011994003
1051.45413870246,907.283122048223,479.76011994003
1160.82525478499,994.282873477504,479.76011994003
1173.25379070346,1302.51056425553,464.767616191904
1173.25379070346,1021.62565249814,479.76011994003
1518.76708923689,909.768829231916,479.76011994003
1548.59557544121,1481.48148148148,464.767616191904
1548.59557544121,835.197613721104,464.767616191904
1556.05269699229,942.083022619935,464.767616191904
1568.48123291076,1478.99577429779,479.76011994003
1190.65374098931,1158.33954760129,494.752623688156
1200.59656972409,1327.36763609247,494.752623688156
1523.73850360428,919.711657966692,479.76011994003
1697.73800646284,1419.33880188914,494.752623688156
1222.96793437733,1354.7104151131,494.752623688156
1235.3964702958,1349.73900074571,494.752623688156
1553.5669898086,971.911508824261,494.752623688156
1578.42406164554,974.397216007954,494.752623688156
