54.6855580412627,1700.22371364653,29.9850074962519
96.9425801640567,1051.45413870246,14.9925037481259
104.399701715138,1046.48272433507,44.9775112443778
116.828237633607,787.969177230922,44.9775112443778
256.027839920457,372.856077554064,14.9925037481259
256.027839920457,608.998260004971,14.9925037481259
310.71339796172,1257.76783494904,29.9850074962519
310.71339796172,989.311459110117,14.9925037481259
447.427293064877,367.884663186677,29.9850074962519
474.770072085508,1991.0514541387,14.9925037481259
521.99850857569,1680.33805617698,14.9925037481259
536.912751677852,964.454387273179,14.9925037481259
539.398458861546,186.428038777032,44.9775112443778
531.941337310465,1073.8255033557,14.9925037481259
536.912751677852,929.654486701467,14.9925037481259
591.598309719115,1088.73974645787,14.9925037481259
599.055431270196,1063.88267462093,14.9925037481259
601.54113845389,1031.56848123291,29.9850074962519
638.826746209297,1135.96818294805,14.9925037481259
636.341039025603,1150.88242605021,14.9925037481259
643.798160576684,1145.91101168282,14.9925037481259
663.683818046234,1113.5968182948,29.9850074962519
651.255282127765,1160.82525478499,14.9925037481259
678.598061148397,1143.42530449913,14.9925037481259
676.112353964703,1133.48247576436,14.9925037481259
688.540889883172,1133.48247576436,29.9850074962519
686.055182699478,1103.65398956003,14.9925037481259
693.512304250559,1113.5968182948,29.9850074962519
698.483718617947,566.741237882178,14.9925037481259
720.855083271191,564.255530698484,29.9850074962519
755.654983842903,1697.73800646284,14.9925037481259
770.569226945066,797.912005965697,14.9925037481259
768.083519761372,2020.87994034303,14.9925037481259
832.71190653741,574.198359433259,14.9925037481259
835.197613721104,748.197862291822,29.9850074962519
840.169028088491,569.226945065871,14.9925037481259
842.654735272185,1936.36589609744,14.9925037481259
850.111856823266,576.684066616953,14.9925037481259
899.826000497141,1014.16853094705,14.9925037481259
929.654486701467,1011.68282376336,14.9925037481259
944.568729803629,1014.16853094705,14.9925037481259
944.568729803629,1021.62565249814,14.9925037481259
959.482972905792,1024.11135968183,14.9925037481259
986.825751926423,1988.56574695501,14.9925037481259
989.311459110117,1998.50857568978,14.9925037481259
1001.73999502859,661.19811086254,29.9850074962519
1016.65423813075,917.225950782998,14.9925037481259
1024.11135968183,862.540392741735,14.9925037481259
1041.51130996769,641.31245339299,14.9925037481259
1039.02560278399,651.255282127765,44.9775112443778
1051.45413870246,658.712403678847,29.9850074962519
1046.48272433507,2028.33706189411,14.9925037481259
1051.45413870246,651.255282127765,14.9925037481259
1053.93984588615,897.340293313448,14.9925037481259
1068.85408898832,874.968928660204,14.9925037481259
1081.28262490679,653.740989311459,29.9850074962519
1076.3112105394,912.25453641561,29.9850074962519
1101.16828237634,974.397216007954,14.9925037481259
1138.45389013174,770.569226945066,29.9850074962519
1153.36813323391,942.083022619935,14.9925037481259
1153.36813323391,964.454387273179,14.9925037481259
1155.8538404176,425.055928411633,14.9925037481259
1220.48222719364,320.656226696495,29.9850074962519
1319.91051454139,2068.10837683321,14.9925037481259
1322.39622172508,2063.13696246582,14.9925037481259
1339.79617201094,626.398210290828,14.9925037481259
1349.73900074571,2073.0797912006,14.9925037481259
1379.56748695004,546.855580412627,29.9850074962519
1387.02460850112,2028.33706189411,14.9925037481259
1436.73875217499,596.569724086503,29.9850074962519
1446.68158090977,2361.42182450907,14.9925037481259
1461.59582401193,2361.42182450907,29.9850074962519
1469.05294556301,2348.9932885906,14.9925037481259
1466.56723837932,651.255282127765,14.9925037481259
1483.96718866518,1570.96694009446,14.9925037481259
1493.91001739995,668.655232413622,14.9925037481259
1531.19562515536,681.08376833209,14.9925037481259
1543.62416107383,934.625901068854,29.9850074962519
1561.02411135968,887.397464578673,14.9925037481259
1573.45264727815,1526.22421078797,29.9850074962519
1603.28113348248,862.540392741735,14.9925037481259
1603.28113348248,974.397216007954,14.9925037481259
1603.28113348248,1787.22346507581,14.9925037481259
1603.28113348248,1777.28063634104,14.9925037481259
1610.73825503356,1802.13770817798,14.9925037481259
1610.73825503356,1774.79492915735,14.9925037481259
1615.70966940094,1789.70917225951,14.9925037481259
1620.68108376833,976.882923191648,14.9925037481259
1628.13820531941,979.368630375342,14.9925037481259
1638.08103405419,949.540144171017,29.9850074962519
1643.05244842158,1414.36738752175,29.9850074962519
1652.99527715635,1282.62490678598,14.9925037481259
1660.45239870743,840.169028088491,14.9925037481259
1675.36664180959,1352.22470792941,29.9850074962519
1662.93810589113,1498.88143176734,14.9925037481259
1660.45239870743,2259.50782997763,14.9925037481259
1665.42381307482,2242.10787969177,29.9850074962519
1670.39522744221,832.71190653741,14.9925037481259
1672.8809346259,1265.22495650012,14.9925037481259
1677.85234899329,1682.82376336068,14.9925037481259
1697.73800646284,529.455630126771,14.9925037481259
1710.16654238131,1496.39572458364,14.9925037481259
1722.59507829978,1454.13870246085,29.9850074962519
1730.05219985086,1759.88068605518,29.9850074962519
1730.05219985086,1168.28237633607,14.9925037481259
1737.50932140194,1469.05294556301,14.9925037481259
1739.99502858563,1454.13870246085,14.9925037481259
1744.96644295302,778.026348496147,14.9925037481259
1744.96644295302,678.598061148397,14.9925037481259
1744.96644295302,1145.91101168282,14.9925037481259
1744.96644295302,758.140691026597,14.9925037481259
1747.45215013671,671.140939597315,14.9925037481259
1747.45215013671,1461.59582401193,14.9925037481259
1754.9092716878,760.626398210291,29.9850074962519
1749.93785732041,1687.79517772806,14.9925037481259
1752.4235645041,845.140442455879,29.9850074962519
1767.33780760626,1446.68158090977,29.9850074962519
1774.79492915735,566.741237882178,14.9925037481259
1774.79492915735,877.454635843898,14.9925037481259
1769.82351478996,1135.96818294805,14.9925037481259
1769.82351478996,549.341287596321,14.9925037481259
1779.76634352473,718.369376087497,29.9850074962519
1777.28063634104,830.226199353716,14.9925037481259
1784.73775789212,850.111856823266,14.9925037481259
1789.70917225951,681.08376833209,44.9775112443778
1787.22346507581,1551.08128262491,14.9925037481259
1812.08053691275,710.912254536416,44.9775112443778
1807.10912254536,817.797663435247,14.9925037481259
1812.08053691275,954.511558538404,14.9925037481259
1812.08053691275,850.111856823266,14.9925037481259
1836.93760874969,835.197613721104,29.9850074962519
1824.50907283122,1135.96818294805,29.9850074962519
1839.42331593338,874.968928660204,44.9775112443778
1844.39473030077,855.083271190654,29.9850074962519
1866.76609495401,1608.25254784986,29.9850074962519
1864.28038777032,1108.62540392742,14.9925037481259
1866.76609495401,1262.73924931643,14.9925037481259
1871.7375093214,879.940343027591,44.9775112443778
1876.70892368879,1272.68207805121,14.9925037481259
1871.7375093214,1282.62490678598,14.9925037481259
1874.2232165051,415.113099676858,14.9925037481259
1876.70892368879,840.169028088491,14.9925037481259
1881.68033805618,1260.25354213274,14.9925037481259
1886.65175242356,420.084514044246,14.9925037481259
1884.16604523987,1275.1677852349,14.9925037481259
1891.62316679095,855.083271190654,29.9850074962519
1894.10887397465,924.683072334079,14.9925037481259
1894.10887397465,1014.16853094705,29.9850074962519
1894.10887397465,698.483718617947,14.9925037481259
1901.56599552573,1024.11135968183,14.9925037481259
1904.05170270942,1029.08277404922,14.9925037481259
1909.02311707681,693.512304250559,14.9925037481259
1906.53740989311,678.598061148397,14.9925037481259
1909.02311707681,703.455132985334,14.9925037481259
1916.48023862789,924.683072334079,29.9850074962519
1923.93736017897,947.054436987323,29.9850074962519
1941.33731046483,2122.79393487447,14.9925037481259
1936.36589609744,738.255033557047,29.9850074962519
1936.36589609744,2137.70817797663,14.9925037481259
1938.85160328113,1675.36664180959,44.9775112443778
1951.2801391996,959.482972905792,29.9850074962519
1948.79443201591,738.255033557047,14.9925037481259
1988.56574695501,927.168779517773,14.9925037481259
1991.0514541387,869.997514292816,29.9850074962519
1988.56574695501,852.59756400696,14.9925037481259
1996.02286850609,1168.28237633607,14.9925037481259
2000.99428287348,822.769077802635,14.9925037481259
2003.47999005717,1183.19661943823,14.9925037481259
2008.45140442456,927.168779517773,29.9850074962519
2005.96569724086,922.197365150385,14.9925037481259
2015.90852597564,1153.36813323391,14.9925037481259
2015.90852597564,1203.08227690778,29.9850074962519
2048.22271936366,1178.22520507084,14.9925037481259
2083.02261993537,817.797663435247,29.9850074962519
2110.365398956,865.026099925429,14.9925037481259
2271.9363658961,1001.73999502859,29.9850074962519
2291.82202336565,984.340044742729,44.9775112443778
2301.76485210042,1011.68282376336,29.9850074962519
2448.42157593835,855.083271190654,14.9925037481259
2455.87869748944,867.511807109123,29.9850074962519
2460.85011185682,845.140442455879,14.9925037481259
47.2284364901815,1004.22570221228,44.9775112443778
91.9711657966692,1066.36838180462,29.9850074962519
119.313944817301,1016.65423813075,29.9850074962519
181.456624409645,1128.51106139697,59.9700149925037
233.656475267214,748.197862291822,44.9775112443778
246.085011185682,705.940840169028,29.9850074962519
293.313447675864,1240.36788466319,29.9850074962519
333.084762614964,1237.88217747949,59.9700149925037
335.570469798658,989.311459110117,29.9850074962519
377.827491921452,969.425801640567,44.9775112443778
402.684563758389,1620.68108376833,29.9850074962519
417.598806860552,1620.68108376833,29.9850074962519
526.969922943077,1655.48098434004,44.9775112443778
554.312701963709,952.02585135471,29.9850074962519
589.112602535421,1096.19686800895,29.9850074962519
601.54113845389,1091.22545364156,29.9850074962519
606.512552821278,1066.36838180462,44.9775112443778
663.683818046234,1145.91101168282,44.9775112443778
845.140442455879,745.712155108128,44.9775112443778
855.083271190654,1779.76634352473,29.9850074962519
869.997514292816,1789.70917225951,44.9775112443778
949.540144171017,1016.65423813075,29.9850074962519
1014.16853094705,663.683818046234,44.9775112443778
1046.48272433507,683.569475515784,44.9775112443778
1061.39696743724,2018.39423315933,29.9850074962519
1058.91126025354,897.340293313448,29.9850074962519
1063.88267462093,656.226696495153,29.9850074962519
1073.8255033557,656.226696495153,29.9850074962519
1076.3112105394,661.19811086254,29.9850074962519
1108.62540392742,1948.79443201591,29.9850074962519
1143.42530449913,1163.31096196868,29.9850074962519
1163.31096196868,422.570221227939,29.9850074962519
1160.82525478499,964.454387273179,29.9850074962519
1165.79666915237,430.027342779021,29.9850074962519
1372.11036539896,2070.5940840169,74.9625187406297
1406.91026597067,544.369873228934,29.9850074962519
1421.82450907283,539.398458861546,44.9775112443778
1481.48148148148,1558.53840417599,29.9850074962519
1556.05269699229,944.568729803629,29.9850074962519
1603.28113348248,902.311707680835,29.9850074962519
1620.68108376833,952.02585135471,29.9850074962519
1623.16679095203,929.654486701467,29.9850074962519
1640.56674123788,1319.91051454139,29.9850074962519
1650.50956997266,1319.91051454139,29.9850074962519
1665.42381307482,1359.68182948049,29.9850074962519
1680.33805617698,1265.22495650012,29.9850074962519
1695.25229927915,1757.39497887149,29.9850074962519
1707.68083519761,1665.42381307482,44.9775112443778
1747.45215013671,1444.19587372608,29.9850074962519
1744.96644295302,723.340790454884,44.9775112443778
1749.93785732041,693.512304250559,44.9775112443778
1752.4235645041,912.25453641561,44.9775112443778
1749.93785732041,773.05493412876,29.9850074962519
1752.4235645041,782.997762863535,29.9850074962519
1752.4235645041,837.683320904797,29.9850074962519
1762.36639323888,889.883171762366,44.9775112443778
1759.88068605518,705.940840169028,29.9850074962519
1759.88068605518,1682.82376336068,29.9850074962519
1759.88068605518,825.254784986329,29.9850074962519
1807.10912254536,743.226447924435,44.9775112443778
1814.56624409645,827.740492170022,59.9700149925037
1819.53765846383,852.59756400696,29.9850074962519
1824.50907283122,892.36887894606,29.9850074962519
1829.48048719861,1568.48123291076,29.9850074962519
1831.9661943823,904.797414864529,44.9775112443778
1829.48048719861,887.397464578673,29.9850074962519
1841.90902311708,887.397464578673,29.9850074962519
1854.33755903555,897.340293313448,44.9775112443778
1871.7375093214,855.083271190654,44.9775112443778
1869.25180213771,1267.71066368382,29.9850074962519
1876.70892368879,1282.62490678598,29.9850074962519
1913.9945314442,954.511558538404,29.9850074962519
1953.7658463833,1690.28088491176,29.9850074962519
2321.65050956997,1585.88118319662,44.9775112443778
7.45712155108128,1344.76758637832,44.9775112443778
126.771066368382,1217.99652000994,59.9700149925037
173.999502858563,1143.42530449913,59.9700149925037
278.399204573701,1372.11036539896,44.9775112443778
293.313447675864,999.254287844892,44.9775112443778
395.227442207308,1923.93736017897,59.9700149925037
559.284116331096,1066.36838180462,44.9775112443778
586.626895351728,733.283619189659,74.9625187406297
616.455381556053,1824.50907283122,59.9700149925037
626.398210290828,1839.42331593338,74.9625187406297
636.341039025603,1824.50907283122,44.9775112443778
656.226696495153,1814.56624409645,74.9625187406297
847.626149639573,1774.79492915735,44.9775112443778
855.083271190654,1938.85160328113,44.9775112443778
862.540392741735,1772.30922197365,44.9775112443778
874.968928660204,1757.39497887149,59.9700149925037
912.25453641561,2005.96569724086,59.9700149925037
954.511558538404,2025.85135471042,74.9625187406297
974.397216007954,2013.42281879195,59.9700149925037
1071.33979617201,1911.5088242605,59.9700149925037
1098.68257519264,1976.13721103654,74.9625187406297
1116.0825254785,1565.99552572707,59.9700149925037
1272.68207805121,2018.39423315933,44.9775112443778
1362.16753666418,2115.33681332339,59.9700149925037
1359.68182948049,2092.96544867015,74.9625187406297
1379.56748695004,2105.39398458862,74.9625187406297
1486.45289584887,750.683569475516,74.9625187406297
1615.70966940094,865.026099925429,44.9775112443778
1648.02386278896,1697.73800646284,44.9775112443778
1730.05219985086,715.883668903803,59.9700149925037
1737.50932140194,805.369127516779,44.9775112443778
1742.48073576933,815.311956251554,44.9775112443778
1744.96644295302,708.426547352722,44.9775112443778
1754.9092716878,1461.59582401193,44.9775112443778
1754.9092716878,745.712155108128,74.9625187406297
1757.39497887149,1471.53865274671,44.9775112443778
1767.33780760626,1680.33805617698,44.9775112443778
1772.30922197365,1685.30947054437,44.9775112443778
1779.76634352473,1561.02411135968,44.9775112443778
1777.28063634104,1541.13845389013,59.9700149925037
1787.22346507581,832.71190653741,44.9775112443778
1794.6805866269,852.59756400696,59.9700149925037
1802.13770817798,683.569475515784,44.9775112443778
1804.62341536167,869.997514292816,59.9700149925037
1819.53765846383,902.311707680835,44.9775112443778
1839.42331593338,725.826497638578,44.9775112443778
1864.28038777032,860.054685558041,44.9775112443778
1866.76609495401,894.854586129754,44.9775112443778
2120.30822769078,865.026099925429,44.9775112443778
2324.13621675367,994.282873477504,59.9700149925037
124.285359184688,1205.56798409147,59.9700149925037
164.056674123788,1222.96793437733,74.9625187406297
169.028088491176,1126.02535421327,59.9700149925037
173.999502858563,1232.91076311211,59.9700149925037
183.942331593338,1215.51081282625,59.9700149925037
293.313447675864,1434.2530449913,74.9625187406297
352.970420084514,862.540392741735,59.9700149925037
464.827243350733,971.911508824261,74.9625187406297
534.427044494159,1652.99527715635,59.9700149925037
541.88416604524,1648.02386278896,59.9700149925037
631.369624658215,1804.62341536167,89.9550224887556
646.283867760378,1844.39473030077,74.9625187406297
648.769574944072,1834.451901566,59.9700149925037
686.055182699478,1876.70892368879,74.9625187406297
894.854586129754,1789.70917225951,59.9700149925037
961.968680089485,2020.87994034303,59.9700149925037
971.911508824261,2040.76559781258,59.9700149925037
1036.5398956003,1946.30872483221,59.9700149925037
1046.48272433507,1948.79443201591,59.9700149925037
1088.73974645787,599.055431270196,89.9550224887556
1116.0825254785,581.65548098434,74.9625187406297
1135.96818294805,601.54113845389,59.9700149925037
1130.99676858066,626.398210290828,74.9625187406297
1133.48247576436,1170.76808351976,89.9550224887556
1143.42530449913,554.312701963709,74.9625187406297
1178.22520507084,596.569724086503,74.9625187406297
1178.22520507084,1270.19637086751,74.9625187406297
1183.19661943823,1304.99627143922,59.9700149925037
1208.05369127517,554.312701963709,74.9625187406297
1382.05319413373,2135.22247079294,74.9625187406297
1384.53890131742,2150.1367138951,59.9700149925037
1387.02460850112,2145.16529952772,59.9700149925037
1411.88168033806,1802.13770817798,74.9625187406297
1521.25279642058,1911.5088242605,74.9625187406297
1657.96669152374,1662.93810589113,59.9700149925037
1662.93810589113,1657.96669152374,59.9700149925037
1759.88068605518,812.82624906786,59.9700149925037
1774.79492915735,1168.28237633607,74.9625187406297
1789.70917225951,837.683320904797,74.9625187406297
1809.59482972906,1230.42505592841,59.9700149925037
1807.10912254536,1185.68232662192,74.9625187406297
1961.22296793438,1588.36689038031,74.9625187406297
1976.13721103654,1600.79542629878,74.9625187406297
1983.59433258762,1568.48123291076,89.9550224887556
2157.59383544618,668.655232413622,89.9550224887556
2475.76435495899,792.94059159831,89.9550224887556
74.5712155108128,1685.30947054437,104.947526236882
164.056674123788,1213.02510564256,89.9550224887556
298.284862043251,1461.59582401193,89.9550224887556
519.512801391996,937.111608252548,74.9625187406297
611.483967188665,1812.08053691275,89.9550224887556
636.341039025603,1585.88118319662,89.9550224887556
643.798160576684,1799.65200099428,74.9625187406297
658.712403678847,1625.65249813572,89.9550224887556
693.512304250559,1851.85185185185,74.9625187406297
695.998011434253,1856.82326621924,74.9625187406297
710.912254536416,1257.76783494904,104.947526236882
715.883668903803,1068.85408898832,104.947526236882
725.826497638578,1076.3112105394,104.947526236882
897.340293313448,1051.45413870246,104.947526236882
1014.16853094705,1943.82301764852,89.9550224887556
1039.02560278399,1936.36589609744,74.9625187406297
1043.99701715138,1981.10862540393,74.9625187406297
1048.96843151877,1976.13721103654,74.9625187406297
1058.91126025354,621.42679592344,89.9550224887556
1063.88267462093,1799.65200099428,89.9550224887556
1071.33979617201,1603.28113348248,89.9550224887556
1073.8255033557,1633.1096196868,74.9625187406297
1083.76833209048,1779.76634352473,104.947526236882
1091.22545364156,571.712652249565,89.9550224887556
1088.73974645787,1966.19438230176,74.9625187406297
1098.68257519264,1792.1948794432,104.947526236882
1098.68257519264,1948.79443201591,89.9550224887556
1101.16828237634,1638.08103405419,74.9625187406297
1116.0825254785,643.798160576684,119.940029985007
1150.88242605021,611.483967188665,89.9550224887556
1158.33954760129,594.084016902809,89.9550224887556
1175.73949788715,616.455381556053,89.9550224887556
1190.65374098931,666.169525229928,89.9550224887556
1334.82475764355,1802.13770817798,104.947526236882
1354.7104151131,2058.16554809843,74.9625187406297
1384.53890131742,2125.27964205817,74.9625187406297
1561.02411135968,797.912005965697,104.947526236882
1575.93835446184,1670.39522744221,104.947526236882
1623.16679095203,817.797663435247,74.9625187406297
1638.08103405419,1752.4235645041,89.9550224887556
1739.99502858563,725.826497638578,74.9625187406297
1764.85210042257,1491.42431021626,74.9625187406297
1792.1948794432,1367.13895103157,89.9550224887556
1797.16629381059,1404.42455878698,74.9625187406297
1799.65200099428,1399.45314441959,74.9625187406297
1824.50907283122,1409.39597315436,74.9625187406297
1859.30897340293,1846.88043748446,89.9550224887556
1948.79443201591,1558.53840417599,104.947526236882
1958.73726075068,1605.76684066617,74.9625187406297
1968.68008948546,768.083519761372,74.9625187406297
1963.70867511807,792.94059159831,74.9625187406297
1966.19438230176,775.540641312453,74.9625187406297
1968.68008948546,1595.82401193139,74.9625187406297
1976.13721103654,1615.70966940094,89.9550224887556
2003.47999005717,1630.62391250311,89.9550224887556
2010.93711160825,1585.88118319662,74.9625187406297
2015.90852597564,1483.96718866518,89.9550224887556
2035.79418344519,1441.71016654238,104.947526236882
2038.27989062888,1379.56748695004,89.9550224887556
2319.16480238628,902.311707680835,104.947526236882
2346.50758140691,1203.08227690778,104.947526236882
2396.22172508079,1163.31096196868,74.9625187406297
2416.10738255034,1180.71091225454,89.9550224887556
2478.25006214268,765.597812577678,89.9550224887556
171.513795674869,1232.91076311211,89.9550224887556
280.884911757395,1439.22445935869,104.947526236882
300.770569226945,1854.33755903555,134.932533733133
313.199105145414,1804.62341536167,119.940029985007
323.141933880189,1834.451901566,119.940029985007
589.112602535421,1382.05319413373,89.9550224887556
623.912503107134,1339.79617201094,89.9550224887556
636.341039025603,1608.25254784986,104.947526236882
643.798160576684,1638.08103405419,89.9550224887556
648.769574944072,1354.7104151131,89.9550224887556
651.255282127765,1585.88118319662,89.9550224887556
656.226696495153,1638.08103405419,89.9550224887556
740.740740740741,1019.13994531444,104.947526236882
877.454635843898,1759.88068605518,89.9550224887556
1014.16853094705,700.969425801641,104.947526236882
1039.02560278399,1911.5088242605,89.9550224887556
1048.96843151877,1943.82301764852,89.9550224887556
1056.42555306985,1911.5088242605,89.9550224887556
1066.36838180462,1943.82301764852,89.9550224887556
1068.85408898832,1628.13820531941,89.9550224887556
1081.28262490679,534.427044494159,119.940029985007
1098.68257519264,1961.22296793438,104.947526236882
1098.68257519264,1804.62341536167,104.947526236882
1108.62540392742,1794.6805866269,89.9550224887556
1126.02535421327,551.826994780015,119.940029985007
1126.02535421327,1630.62391250311,89.9550224887556
1138.45389013174,1630.62391250311,89.9550224887556
1148.39671886652,956.997265722098,119.940029985007
1163.31096196868,586.626895351728,89.9550224887556
1168.28237633607,648.769574944072,104.947526236882
1205.56798409147,594.084016902809,104.947526236882
1213.02510564256,626.398210290828,104.947526236882
1220.48222719364,589.112602535421,104.947526236882
1220.48222719364,579.169773800646,89.9550224887556
1225.45364156102,2276.90778026349,119.940029985007
1242.85359184688,569.226945065871,104.947526236882
1369.62465821526,1814.56624409645,119.940029985007
1389.51031568481,1787.22346507581,89.9550224887556
1396.96743723589,1792.1948794432,89.9550224887556
1506.33855331842,1615.70966940094,104.947526236882
1516.28138205319,1623.16679095203,104.947526236882
1523.73850360428,1730.05219985086,119.940029985007
1568.48123291076,976.882923191648,104.947526236882
1575.93835446184,1600.79542629878,104.947526236882
1580.90976882923,2015.90852597564,104.947526236882
1588.36689038031,1665.42381307482,104.947526236882
1598.30971911509,1752.4235645041,89.9550224887556
1628.13820531941,1730.05219985086,89.9550224887556
1645.53815560527,1623.16679095203,89.9550224887556
1660.45239870743,1628.13820531941,89.9550224887556
1667.90952025851,1101.16828237634,89.9550224887556
1687.79517772806,1113.5968182948,89.9550224887556
1737.50932140194,708.426547352722,89.9550224887556
1739.99502858563,700.969425801641,89.9550224887556
1772.30922197365,1364.65324384787,119.940029985007
1804.62341536167,1374.59607258265,104.947526236882
1856.82326621924,1866.76609495401,89.9550224887556
1931.39448173005,1578.42406164554,104.947526236882
1963.70867511807,807.854834700472,89.9550224887556
1971.16579666915,792.94059159831,89.9550224887556
1983.59433258762,1488.93860303256,134.932533733133
1978.62291822023,1469.05294556301,104.947526236882
1996.02286850609,1583.39547601293,89.9550224887556
1998.50857568978,1603.28113348248,89.9550224887556
2008.45140442456,1638.08103405419,89.9550224887556
2015.90852597564,1454.13870246085,119.940029985007
2048.22271936366,1347.25329356202,89.9550224887556
2219.73651503853,750.683569475516,89.9550224887556
2304.25055928412,1496.39572458364,104.947526236882
2314.19338801889,1446.68158090977,89.9550224887556
2329.10763112105,653.740989311459,119.940029985007
2418.59308973403,686.055182699478,119.940029985007
2475.76435495899,830.226199353716,89.9550224887556
126.771066368382,1864.28038777032,119.940029985007
144.171016654238,1767.33780760626,119.940029985007
151.628138205319,1846.88043748446,119.940029985007
156.599552572707,1854.33755903555,104.947526236882
169.028088491176,1874.2232165051,134.932533733133
181.456624409645,1854.33755903555,119.940029985007
280.884911757395,1856.82326621924,134.932533733133
599.055431270196,1016.65423813075,104.947526236882
608.998260004971,1379.56748695004,104.947526236882
613.969674372359,1334.82475764355,119.940029985007
618.941088739746,1329.85334327616,104.947526236882
623.912503107134,1389.51031568481,104.947526236882
633.855331841909,1384.53890131742,104.947526236882
651.255282127765,1595.82401193139,104.947526236882
653.740989311459,2182.45090728312,134.932533733133
745.712155108128,1628.13820531941,134.932533733133
770.569226945066,1034.0541884166,104.947526236882
832.71190653741,2035.79418344519,134.932533733133
865.026099925429,2035.79418344519,164.917541229385
872.48322147651,1362.16753666418,119.940029985007
877.454635843898,1048.96843151877,104.947526236882
892.36887894606,1036.5398956003,119.940029985007
907.283122048223,1764.85210042257,104.947526236882
917.225950782998,1518.76708923689,119.940029985007
929.654486701467,1705.19512801392,104.947526236882
976.882923191648,1991.0514541387,134.932533733133
1061.39696743724,1618.19537658464,104.947526236882
1068.85408898832,559.284116331096,119.940029985007
1066.36838180462,1615.70966940094,119.940029985007
1086.25403927417,2165.05095699727,104.947526236882
1123.53964702958,678.598061148397,119.940029985007
1135.96818294805,584.141188168034,104.947526236882
1135.96818294805,566.741237882178,119.940029985007
1143.42530449913,877.454635843898,119.940029985007
1145.91101168282,636.341039025603,104.947526236882
1180.71091225454,877.454635843898,119.940029985007
1185.68232662192,966.940094456873,119.940029985007
1178.22520507084,571.712652249565,134.932533733133
1190.65374098931,904.797414864529,104.947526236882
1198.11086254039,584.141188168034,119.940029985007
1195.6251553567,917.225950782998,104.947526236882
1200.59656972409,589.112602535421,104.947526236882
1332.33905045986,1856.82326621924,119.940029985007
1367.13895103157,1856.82326621924,119.940029985007
1399.45314441959,1812.08053691275,149.925037481259
1419.33880188914,1824.50907283122,119.940029985007
1441.71016654238,1814.56624409645,104.947526236882
1464.08153119563,1784.73775789212,104.947526236882
1469.05294556301,1804.62341536167,104.947526236882
1573.45264727815,1633.1096196868,119.940029985007
1585.88118319662,1280.13919960229,119.940029985007
1590.85259756401,1292.56773552076,119.940029985007
1605.76684066617,1277.65349241859,104.947526236882
1628.13820531941,1722.59507829978,104.947526236882
1677.85234899329,1048.96843151877,119.940029985007
1680.33805617698,1123.53964702958,119.940029985007
1779.76634352473,1337.31046482724,119.940029985007
1782.25205070843,1600.79542629878,134.932533733133
1799.65200099428,1377.08177976634,104.947526236882
1799.65200099428,1349.73900074571,104.947526236882
1817.05195128014,1367.13895103157,119.940029985007
1976.13721103654,1585.88118319662,119.940029985007
2023.36564752672,1359.68182948049,104.947526236882
2025.85135471042,1354.7104151131,104.947526236882
2053.19413373105,1396.96743723589,119.940029985007
2100.42257022123,1588.36689038031,149.925037481259
2311.7076808352,1486.45289584887,134.932533733133
2334.07904548844,1208.05369127517,119.940029985007
2351.4789957743,1429.28163062391,119.940029985007
2344.02187422322,681.08376833209,119.940029985007
2353.96470295799,1474.0243599304,134.932533733133
2398.70743226448,800.397713149391,119.940029985007
2463.33581904052,840.169028088491,104.947526236882
2470.7929405916,847.626149639573,119.940029985007
218.742232165051,1859.30897340293,149.925037481259
275.913497390007,1876.70892368879,134.932533733133
608.998260004971,1337.31046482724,119.940029985007
631.369624658215,1344.76758637832,119.940029985007
710.912254536416,1968.68008948546,134.932533733133
718.369376087497,1657.96669152374,119.940029985007
725.826497638578,1943.82301764852,134.932533733133
763.112105393985,1014.16853094705,119.940029985007
800.397713149391,1951.2801391996,134.932533733133
830.226199353716,1996.02286850609,149.925037481259
1009.19711657967,2194.87944320159,149.925037481259
1009.19711657967,2005.96569724086,149.925037481259
1068.85408898832,1628.13820531941,119.940029985007
1103.65398956003,971.911508824261,119.940029985007
1106.13969674372,569.226945065871,119.940029985007
1153.36813323391,671.140939597315,134.932533733133
1163.31096196868,944.568729803629,119.940029985007
1185.68232662192,599.055431270196,149.925037481259
1203.08227690778,574.198359433259,119.940029985007
1391.99602286851,1784.73775789212,119.940029985007
1498.88143176734,1620.68108376833,119.940029985007
1501.36713895103,1697.73800646284,149.925037481259
1516.28138205319,1715.13795674869,119.940029985007
1531.19562515536,1715.13795674869,119.940029985007
1541.13845389013,1618.19537658464,119.940029985007
1573.45264727815,1615.70966940094,119.940029985007
1695.25229927915,1466.56723837932,119.940029985007
1697.73800646284,1083.76833209048,149.925037481259
1702.70942083023,1483.96718866518,119.940029985007
1779.76634352473,1921.45165299528,149.925037481259
1804.62341536167,1334.82475764355,119.940029985007
1822.02336564753,1861.79468058663,119.940029985007
1836.93760874969,2015.90852597564,119.940029985007
1841.90902311708,2010.93711160825,119.940029985007
1866.76609495401,1859.30897340293,134.932533733133
1986.08003977131,1421.82450907283,149.925037481259
1998.50857568978,1444.19587372608,134.932533733133
2050.70842654735,989.311459110117,149.925037481259
2234.65075814069,636.341039025603,149.925037481259
2296.79343773304,1488.93860303256,119.940029985007
2304.25055928412,1506.33855331842,119.940029985007
2324.13621675367,1446.68158090977,149.925037481259
2346.50758140691,1444.19587372608,134.932533733133
2473.27864777529,830.226199353716,119.940029985007
116.828237633607,1802.13770817798,134.932533733133
119.313944817301,1809.59482972906,149.925037481259
263.484961471539,1802.13770817798,134.932533733133
310.71339796172,1819.53765846383,149.925037481259
608.998260004971,2115.33681332339,149.925037481259
633.855331841909,1595.82401193139,134.932533733133
643.798160576684,2167.53666418096,134.932533733133
663.683818046234,2142.67959234402,149.925037481259
681.08376833209,2137.70817797663,134.932533733133
700.969425801641,2120.30822769078,164.917541229385
695.998011434253,1608.25254784986,179.910044977511
738.255033557047,1933.88018891375,134.932533733133
760.626398210291,1956.25155356699,134.932533733133
765.597812577678,1948.79443201591,134.932533733133
899.826000497141,1359.68182948049,149.925037481259
947.054436987323,937.111608252548,134.932533733133
996.768580661198,1981.10862540393,149.925037481259
1071.33979617201,1334.82475764355,134.932533733133
1170.76808351976,626.398210290828,164.917541229385
1389.51031568481,1826.99478001491,134.932533733133
1451.65299527716,1652.99527715635,149.925037481259
1474.0243599304,1628.13820531941,164.917541229385
1486.45289584887,1650.50956997266,134.932533733133
1503.85284613473,1598.30971911509,134.932533733133
1575.93835446184,971.911508824261,164.917541229385
1700.22371364653,1839.42331593338,164.917541229385
1707.68083519761,1071.33979617201,149.925037481259
1722.59507829978,1083.76833209048,134.932533733133
1757.39497887149,1312.45339299031,134.932533733133
1769.82351478996,1936.36589609744,134.932533733133
1777.28063634104,1585.88118319662,149.925037481259
1789.70917225951,1613.22396221725,134.932533733133
1804.62341536167,1598.30971911509,149.925037481259
1856.82326621924,1387.02460850112,134.932533733133
1986.08003977131,1436.73875217499,134.932533733133
2013.42281879195,1431.76733780761,134.932533733133
2122.79393487447,1705.19512801392,149.925037481259
2212.27939348745,648.769574944072,149.925037481259
2249.56500124285,648.769574944072,149.925037481259
2351.4789957743,725.826497638578,134.932533733133
2353.96470295799,740.740740740741,134.932533733133
2353.96470295799,830.226199353716,149.925037481259
141.685309470544,1817.05195128014,149.925037481259
290.82774049217,1836.93760874969,149.925037481259
315.684812329108,1464.08153119563,149.925037481259
589.112602535421,2115.33681332339,149.925037481259
633.855331841909,2107.87969177231,179.910044977511
673.626646781009,2122.79393487447,164.917541229385
681.08376833209,1608.25254784986,164.917541229385
688.540889883172,1941.33731046483,164.917541229385
695.998011434253,1650.50956997266,164.917541229385
695.998011434253,1976.13721103654,164.917541229385
713.397961720109,1613.22396221725,149.925037481259
713.397961720109,1600.79542629878,149.925037481259
860.054685558041,1996.02286850609,149.925037481259
939.597315436242,1657.96669152374,164.917541229385
1193.13944817301,1971.16579666915,179.910044977511
1205.56798409147,1996.02286850609,179.910044977511
1282.62490678598,1891.62316679095,149.925037481259
1287.59632115337,1889.13745960726,149.925037481259
1541.13845389013,1409.39597315436,164.917541229385
1538.65274670644,1391.99602286851,179.910044977511
1558.53840417599,1429.28163062391,164.917541229385
1561.02411135968,979.368630375342,164.917541229385
1570.96694009446,1441.71016654238,164.917541229385
1578.42406164554,981.854337559036,164.917541229385
1638.08103405419,1784.73775789212,149.925037481259
1685.30947054437,1772.30922197365,149.925037481259
1717.62366393239,1081.28262490679,149.925037481259
1764.85210042257,1928.90877454636,149.925037481259
1804.62341536167,869.997514292816,164.917541229385
1812.08053691275,1993.5371613224,149.925037481259
1822.02336564753,1849.36614466816,149.925037481259
1824.50907283122,1814.56624409645,164.917541229385
1864.28038777032,1879.19463087248,194.902548725637
1976.13721103654,1058.91126025354,179.910044977511
2008.45140442456,1441.71016654238,149.925037481259
2085.50832711907,1551.08128262491,179.910044977511
2212.27939348745,658.712403678847,149.925037481259
2239.62217250808,608.998260004971,164.917541229385
648.769574944072,2085.50832711907,164.917541229385
661.19811086254,1603.28113348248,179.910044977511
673.626646781009,1603.28113348248,164.917541229385
673.626646781009,1590.85259756401,194.902548725637
693.512304250559,2137.70817797663,164.917541229385
715.883668903803,2092.96544867015,194.902548725637
750.683569475516,1382.05319413373,194.902548725637
837.683320904797,1424.31021625653,164.917541229385
894.854586129754,1657.96669152374,164.917541229385
904.797414864529,1630.62391250311,164.917541229385
959.482972905792,2003.47999005717,179.910044977511
1123.53964702958,2097.93686303753,179.910044977511
1163.31096196868,2073.0797912006,179.910044977511
1250.31071339796,2003.47999005717,179.910044977511
1461.59582401193,1106.13969674372,194.902548725637
1488.93860303256,877.454635843898,194.902548725637
1553.5669898086,1446.68158090977,179.910044977511
1556.05269699229,1633.1096196868,179.910044977511
1563.50981854338,897.340293313448,179.910044977511
1563.50981854338,954.511558538404,179.910044977511
1588.36689038031,974.397216007954,164.917541229385
1623.16679095203,2038.27989062888,194.902548725637
1625.65249813572,1543.62416107383,179.910044977511
1650.50956997266,1747.45215013671,179.910044977511
1650.50956997266,1565.99552572707,179.910044977511
1707.68083519761,1859.30897340293,164.917541229385
1752.4235645041,1314.939100174,164.917541229385
1774.79492915735,1342.28187919463,164.917541229385
1777.28063634104,1444.19587372608,164.917541229385
1787.22346507581,1613.22396221725,164.917541229385
1831.9661943823,1881.68033805618,179.910044977511
1963.70867511807,1762.36639323888,179.910044977511
2015.90852597564,1088.73974645787,179.910044977511
2013.42281879195,1063.88267462093,194.902548725637
2030.8227690778,1076.3112105394,194.902548725637
2038.27989062888,1451.65299527716,164.917541229385
2040.76559781258,1116.0825254785,194.902548725637
2073.0797912006,1531.19562515536,164.917541229385
2078.05120556798,1536.16703952274,179.910044977511
2092.96544867015,1620.68108376833,179.910044977511
2127.76534924186,735.769326373353,194.902548725637
350.48471290082,1722.59507829978,194.902548725637
387.770320656227,1513.7956748695,194.902548725637
589.112602535421,1389.51031568481,209.895052473763
668.655232413622,2115.33681332339,194.902548725637
668.655232413622,1973.65150385285,179.910044977511
678.598061148397,1630.62391250311,194.902548725637
971.911508824261,2008.45140442456,179.910044977511
981.854337559036,2010.93711160825,179.910044977511
989.311459110117,2008.45140442456,179.910044977511
1063.88267462093,1203.08227690778,194.902548725637
1071.33979617201,1235.3964702958,179.910044977511
1086.25403927417,1250.31071339796,179.910044977511
1133.48247576436,2078.05120556798,194.902548725637
1138.45389013174,2095.45115585384,179.910044977511
1217.99652000994,1779.76634352473,179.910044977511
1230.42505592841,1759.88068605518,194.902548725637
1272.68207805121,1864.28038777032,194.902548725637
1491.42431021626,1667.90952025851,179.910044977511
1498.88143176734,1702.70942083023,179.910044977511
1511.30996768581,860.054685558041,179.910044977511
1521.25279642058,1108.62540392742,194.902548725637
1553.5669898086,1593.3383047477,179.910044977511
1568.48123291076,1543.62416107383,194.902548725637
1570.96694009446,1779.76634352473,179.910044977511
1585.88118319662,1511.30996768581,209.895052473763
1578.42406164554,1772.30922197365,179.910044977511
1590.85259756401,1553.5669898086,179.910044977511
1605.76684066617,1551.08128262491,194.902548725637
1618.19537658464,1257.76783494904,179.910044977511
1645.53815560527,1267.71066368382,209.895052473763
1650.50956997266,1232.91076311211,209.895052473763
1715.13795674869,961.968680089485,224.887556221889
1787.22346507581,1978.62291822023,179.910044977511
1804.62341536167,1958.73726075068,224.887556221889
1817.05195128014,1864.28038777032,179.910044977511
1831.9661943823,1824.50907283122,194.902548725637
1886.65175242356,1918.96594581158,194.902548725637
1891.62316679095,1814.56624409645,194.902548725637
1906.53740989311,1814.56624409645,179.910044977511
1918.96594581158,1712.652249565,209.895052473763
1938.85160328113,1051.45413870246,179.910044977511
1941.33731046483,1096.19686800895,179.910044977511
1946.30872483221,1076.3112105394,194.902548725637
1978.62291822023,1026.59706686552,179.910044977511
1996.02286850609,1021.62565249814,179.910044977511
1996.02286850609,1009.19711657967,179.910044977511
2005.96569724086,1101.16828237634,179.910044977511
2023.36564752672,1441.71016654238,179.910044977511
2053.19413373105,1543.62416107383,179.910044977511
2050.70842654735,1103.65398956003,209.895052473763
2065.62266964952,1541.13845389013,179.910044977511
2070.5940840169,1506.33855331842,179.910044977511
2075.56549838429,1508.82426050211,179.910044977511
2083.02261993537,1513.7956748695,179.910044977511
2120.30822769078,1603.28113348248,179.910044977511
2356.45041014169,825.254784986329,179.910044977511
402.684563758389,1516.28138205319,209.895052473763
405.170270942083,1501.36713895103,194.902548725637
574.198359433259,1406.91026597067,224.887556221889
643.798160576684,1879.19463087248,224.887556221889
1471.53865274671,1130.99676858066,194.902548725637
1496.39572458364,1088.73974645787,194.902548725637
1501.36713895103,1128.51106139697,224.887556221889
1511.30996768581,1101.16828237634,194.902548725637
1523.73850360428,1185.68232662192,194.902548725637
1518.76708923689,1657.96669152374,209.895052473763
1531.19562515536,1227.93934874472,224.887556221889
1541.13845389013,1662.93810589113,194.902548725637
1563.50981854338,1511.30996768581,194.902548725637
1600.79542629878,1526.22421078797,194.902548725637
1623.16679095203,1225.45364156102,194.902548725637
1620.68108376833,1280.13919960229,209.895052473763
1633.1096196868,1282.62490678598,209.895052473763
1638.08103405419,1250.31071339796,194.902548725637
1645.53815560527,1722.59507829978,209.895052473763
1717.62366393239,1896.59458115834,239.880059970015
1764.85210042257,1195.6251553567,194.902548725637
1968.68008948546,1086.25403927417,194.902548725637
1986.08003977131,1098.68257519264,209.895052473763
1993.5371613224,1071.33979617201,194.902548725637
2018.39423315933,1108.62540392742,209.895052473763
2040.76559781258,1481.48148148148,239.880059970015
2122.79393487447,1406.91026597067,224.887556221889
2135.22247079294,1379.56748695004,224.887556221889
2184.93661446682,1215.51081282625,239.880059970015
611.483967188665,1874.2232165051,239.880059970015
661.19811086254,1603.28113348248,209.895052473763
686.055182699478,1580.90976882923,209.895052473763
733.283619189659,1389.51031568481,209.895052473763
748.197862291822,1369.62465821526,209.895052473763
1168.28237633607,2073.0797912006,209.895052473763
1190.65374098931,1799.65200099428,224.887556221889
1217.99652000994,1779.76634352473,209.895052473763
1250.31071339796,1906.53740989311,209.895052473763
1262.73924931643,1889.13745960726,209.895052473763
1270.19637086751,1899.08028834203,209.895052473763
1483.96718866518,1128.51106139697,209.895052473763
1506.33855331842,1958.73726075068,224.887556221889
1503.85284613473,1108.62540392742,209.895052473763
1508.82426050211,1195.6251553567,209.895052473763
1511.30996768581,1088.73974645787,209.895052473763
1536.16703952274,1188.16803380562,224.887556221889
1551.08128262491,1650.50956997266,224.887556221889
1551.08128262491,1590.85259756401,209.895052473763
1575.93835446184,1628.13820531941,209.895052473763
1580.90976882923,1807.10912254536,209.895052473763
1615.70966940094,1710.16654238131,209.895052473763
1625.65249813572,1705.19512801392,224.887556221889
1735.02361421825,1705.19512801392,239.880059970015
1759.88068605518,768.083519761372,209.895052473763
1804.62341536167,1001.73999502859,209.895052473763
1841.90902311708,1886.65175242356,224.887556221889
1879.19463087248,795.426298782004,224.887556221889
1881.68033805618,1846.88043748446,209.895052473763
1891.62316679095,1839.42331593338,209.895052473763
1938.85160328113,1096.19686800895,209.895052473763
1998.50857568978,1106.13969674372,224.887556221889
2157.59383544618,1183.19661943823,254.872563718141
484.712900820283,1764.85210042257,254.872563718141
755.654983842903,1300.02485707184,239.880059970015
758.140691026597,1317.42480735769,239.880059970015
1237.88217747949,1891.62316679095,224.887556221889
1252.79642058166,2015.90852597564,239.880059970015
1272.68207805121,1998.50857568978,239.880059970015
1277.65349241859,1906.53740989311,224.887556221889
1324.88192890877,1782.25205070843,239.880059970015
1352.22470792941,1777.28063634104,224.887556221889
1354.7104151131,1744.96644295302,239.880059970015
1404.42455878698,1267.71066368382,254.872563718141
1456.62440964454,1742.48073576933,254.872563718141
1491.42431021626,932.14019388516,239.880059970015
1523.73850360428,1034.0541884166,269.865067466267
1573.45264727815,966.940094456873,224.887556221889
1578.42406164554,969.425801640567,224.887556221889
1588.36689038031,907.283122048223,239.880059970015
1610.73825503356,1247.82500621427,239.880059970015
1623.16679095203,1230.42505592841,224.887556221889
1705.19512801392,1700.22371364653,239.880059970015
1749.93785732041,1901.56599552573,254.872563718141
1754.9092716878,1735.02361421825,254.872563718141
1764.85210042257,1752.4235645041,239.880059970015
1784.73775789212,1006.71140939597,224.887556221889
1948.79443201591,1215.51081282625,239.880059970015
1951.2801391996,1240.36788466319,254.872563718141
1976.13721103654,1058.91126025354,224.887556221889
2010.93711160825,1083.76833209048,224.887556221889
2025.85135471042,773.05493412876,239.880059970015
628.883917474521,1871.7375093214,239.880059970015
641.31245339299,1652.99527715635,239.880059970015
643.798160576684,1896.59458115834,239.880059970015
648.769574944072,1648.02386278896,239.880059970015
656.226696495153,1672.8809346259,269.865067466267
656.226696495153,1645.53815560527,239.880059970015
740.740740740741,1357.19612229679,239.880059970015
748.197862291822,1349.73900074571,254.872563718141
768.083519761372,1352.22470792941,239.880059970015
810.340541884166,1329.85334327616,239.880059970015
1083.76833209048,1421.82450907283,284.857571214393
1088.73974645787,1511.30996768581,299.850074962519
1230.42505592841,1700.22371364653,254.872563718141
1337.31046482724,1747.45215013671,239.880059970015
1416.85309470544,1655.48098434004,269.865067466267
1426.79592344022,1677.85234899329,269.865067466267
1436.73875217499,1804.62341536167,269.865067466267
1449.16728809346,1665.42381307482,239.880059970015
1449.16728809346,1777.28063634104,269.865067466267
1454.13870246085,1792.1948794432,239.880059970015
1474.0243599304,1670.39522744221,254.872563718141
1483.96718866518,1150.88242605021,269.865067466267
1491.42431021626,1528.70991797166,239.880059970015
1521.25279642058,1106.13969674372,239.880059970015
1538.65274670644,927.168779517773,239.880059970015
1541.13845389013,1660.45239870743,239.880059970015
1565.99552572707,917.225950782998,239.880059970015
1573.45264727815,917.225950782998,239.880059970015
1580.90976882923,882.426050211285,269.865067466267
1603.28113348248,1548.59557544121,239.880059970015
1610.73825503356,929.654486701467,254.872563718141
1618.19537658464,1262.73924931643,239.880059970015
1662.93810589113,939.597315436242,269.865067466267
1730.05219985086,1672.8809346259,254.872563718141
1752.4235645041,1103.65398956003,254.872563718141
1757.39497887149,1933.88018891375,239.880059970015
1762.36639323888,1938.85160328113,239.880059970015
1779.76634352473,1048.96843151877,254.872563718141
1789.70917225951,1695.25229927915,239.880059970015
1817.05195128014,1019.13994531444,239.880059970015
1941.33731046483,1222.96793437733,239.880059970015
1961.22296793438,1220.48222719364,239.880059970015
2025.85135471042,1493.91001739995,239.880059970015
2030.8227690778,1496.39572458364,239.880059970015
2063.13696246582,1024.11135968183,254.872563718141
2097.93686303753,1004.22570221228,269.865067466267
2152.6224210788,1118.56823266219,239.880059970015
2155.10812826249,1111.11111111111,239.880059970015
2189.9080288342,1175.73949788715,269.865067466267
760.626398210291,1426.79592344022,284.857571214393
976.882923191648,1461.59582401193,254.872563718141
1078.79691772309,1401.93885160328,284.857571214393
1083.76833209048,1382.05319413373,314.842578710645
1165.79666915237,1834.451901566,284.857571214393
1242.85359184688,1705.19512801392,254.872563718141
1247.82500621427,1824.50907283122,299.850074962519
1421.82450907283,1839.42331593338,299.850074962519
1471.53865274671,1163.31096196868,269.865067466267
1474.0243599304,1737.50932140194,299.850074962519
1481.48148148148,1722.59507829978,269.865067466267
1481.48148148148,939.597315436242,254.872563718141
1493.91001739995,1697.73800646284,284.857571214393
1516.28138205319,959.482972905792,254.872563718141
1536.16703952274,1130.99676858066,254.872563718141
1548.59557544121,1058.91126025354,269.865067466267
1556.05269699229,889.883171762366,269.865067466267
1551.08128262491,1113.5968182948,254.872563718141
1561.02411135968,959.482972905792,269.865067466267
1600.79542629878,944.568729803629,254.872563718141
1628.13820531941,966.940094456873,269.865067466267
1648.02386278896,1111.11111111111,269.865067466267
1662.93810589113,1121.05393984589,269.865067466267
1707.68083519761,1404.42455878698,299.850074962519
1764.85210042257,1106.13969674372,269.865067466267
1807.10912254536,1011.68282376336,254.872563718141
1998.50857568978,778.026348496147,254.872563718141
2068.10837683321,1041.51130996769,269.865067466267
2142.67959234402,1155.8538404176,254.872563718141
497.141436738752,1769.82351478996,269.865067466267
773.05493412876,1424.31021625653,269.865067466267
971.911508824261,1491.42431021626,284.857571214393
986.825751926423,1476.51006711409,269.865067466267
1088.73974645787,1329.85334327616,299.850074962519
1111.11111111111,1503.85284613473,269.865067466267
1126.02535421327,1506.33855331842,269.865067466267
1130.99676858066,1478.99577429779,269.865067466267
1200.59656972409,1066.36838180462,269.865067466267
1205.56798409147,1058.91126025354,269.865067466267
1324.88192890877,1744.96644295302,269.865067466267
1364.65324384787,1270.19637086751,284.857571214393
1404.42455878698,1826.99478001491,284.857571214393
1446.68158090977,1198.11086254039,284.857571214393
1449.16728809346,1876.70892368879,299.850074962519
1449.16728809346,1692.76659209545,299.850074962519
1483.96718866518,1809.59482972906,299.850074962519
1508.82426050211,1053.93984588615,269.865067466267
1506.33855331842,1180.71091225454,284.857571214393
1518.76708923689,917.225950782998,314.842578710645
1528.70991797166,1382.05319413373,284.857571214393
1531.19562515536,1056.42555306985,284.857571214393
1543.62416107383,927.168779517773,284.857571214393
1548.59557544121,1364.65324384787,284.857571214393
1575.93835446184,937.111608252548,269.865067466267
1573.45264727815,989.311459110117,284.857571214393
1600.79542629878,889.883171762366,284.857571214393
1672.8809346259,1436.73875217499,299.850074962519
1779.76634352473,1762.36639323888,269.865067466267
1789.70917225951,1700.22371364653,269.865067466267
1782.25205070843,1705.19512801392,269.865067466267
1789.70917225951,1687.79517772806,269.865067466267
1789.70917225951,1757.39497887149,269.865067466267
1797.16629381059,1737.50932140194,269.865067466267
1807.10912254536,1058.91126025354,284.857571214393
1822.02336564753,1722.59507829978,269.865067466267
2055.67984091474,1061.39696743724,269.865067466267
2060.65125528213,1058.91126025354,269.865067466267
2063.13696246582,1048.96843151877,269.865067466267
2155.10812826249,1225.45364156102,269.865067466267
740.740740740741,1739.99502858563,314.842578710645
1026.59706686552,1538.65274670644,299.850074962519
1031.56848123291,1496.39572458364,284.857571214393
1053.93984588615,1498.88143176734,299.850074962519
1076.3112105394,1352.22470792941,284.857571214393
1096.19686800895,1481.48148148148,299.850074962519
1113.5968182948,1391.99602286851,299.850074962519
1111.11111111111,1327.36763609247,299.850074962519
1130.99676858066,1369.62465821526,299.850074962519
1135.96818294805,1474.0243599304,284.857571214393
1200.59656972409,1056.42555306985,284.857571214393
1213.02510564256,1083.76833209048,284.857571214393
1285.11061396967,1677.85234899329,314.842578710645
1369.62465821526,1687.79517772806,299.850074962519
1377.08177976634,1759.88068605518,284.857571214393
1382.05319413373,1854.33755903555,314.842578710645
1409.39597315436,1804.62341536167,284.857571214393
1419.33880188914,1822.02336564753,284.857571214393
1431.76733780761,1222.96793437733,284.857571214393
1449.16728809346,1715.13795674869,299.850074962519
1446.68158090977,1217.99652000994,299.850074962519
1459.11011682824,1831.9661943823,284.857571214393
1461.59582401193,1645.53815560527,284.857571214393
1469.05294556301,1720.10937111608,284.857571214393
1471.53865274671,1856.82326621924,314.842578710645
1541.13845389013,1247.82500621427,284.857571214393
1551.08128262491,937.111608252548,284.857571214393
1575.93835446184,914.740243599304,284.857571214393
1585.88118319662,956.997265722098,284.857571214393
1680.33805617698,1411.88168033806,299.850074962519
1692.76659209545,1600.79542629878,329.835082458771
1749.93785732041,1086.25403927417,284.857571214393
1754.9092716878,1081.28262490679,284.857571214393
996.768580661198,1503.85284613473,329.835082458771
1068.85408898832,1508.82426050211,329.835082458771
1123.53964702958,1339.79617201094,299.850074962519
1160.82525478499,1163.31096196868,329.835082458771
1285.11061396967,1829.48048719861,329.835082458771
1339.79617201094,1707.68083519761,314.842578710645
1441.71016654238,1638.08103405419,299.850074962519
1471.53865274671,1692.76659209545,299.850074962519
1516.28138205319,1215.51081282625,299.850074962519
1652.99527715635,1103.65398956003,299.850074962519
1710.16654238131,1588.36689038031,329.835082458771
1839.42331593338,939.597315436242,299.850074962519
952.02585135471,1712.652249565,344.827586206897
1031.56848123291,1493.91001739995,314.842578710645
1096.19686800895,1359.68182948049,314.842578710645
1188.16803380562,1730.05219985086,344.827586206897
1267.71066368382,1836.93760874969,329.835082458771
1277.65349241859,1690.28088491176,314.842578710645
1354.7104151131,1692.76659209545,314.842578710645
1369.62465821526,1762.36639323888,329.835082458771
1444.19587372608,1230.42505592841,314.842578710645
1449.16728809346,1831.9661943823,314.842578710645
1759.88068605518,927.168779517773,329.835082458771
1772.30922197365,1098.68257519264,344.827586206897
867.511807109123,1491.42431021626,374.812593703148
929.654486701467,1570.96694009446,344.827586206897
976.882923191648,1705.19512801392,359.820089955023
994.282873477504,1670.39522744221,359.820089955023
1006.71140939597,1655.48098434004,359.820089955023
1031.56848123291,1538.65274670644,329.835082458771
1295.05344270445,1826.99478001491,329.835082458771
1580.90976882923,1222.96793437733,374.812593703148
1720.10937111608,919.711657966692,344.827586206897
1744.96644295302,902.311707680835,359.820089955023
1754.9092716878,944.568729803629,344.827586206897
1769.82351478996,947.054436987323,344.827586206897
889.883171762366,1503.85284613473,389.805097451274
939.597315436242,1556.05269699229,344.827586206897
937.111608252548,1660.45239870743,359.820089955023
939.597315436242,1536.16703952274,344.827586206897
944.568729803629,1682.82376336068,374.812593703148
1337.31046482724,1195.6251553567,374.812593703148
1382.05319413373,1083.76833209048,344.827586206897
1387.02460850112,1071.33979617201,359.820089955023
1401.93885160328,1086.25403927417,344.827586206897
1451.65299527716,1829.48048719861,344.827586206897
1459.11011682824,1814.56624409645,344.827586206897
1610.73825503356,1262.73924931643,374.812593703148
1667.90952025851,1280.13919960229,359.820089955023
1700.22371364653,1063.88267462093,359.820089955023
922.197365150385,1553.5669898086,359.820089955023
952.02585135471,1648.02386278896,374.812593703148
1153.36813323391,1170.76808351976,359.820089955023
1347.25329356202,1150.88242605021,404.7976011994
1449.16728809346,1128.51106139697,404.7976011994
1652.99527715635,1245.33929903057,359.820089955023
1662.93810589113,1208.05369127517,389.805097451274
1677.85234899329,1237.88217747949,389.805097451274
1712.652249565,1409.39597315436,359.820089955023
1767.33780760626,917.225950782998,374.812593703148
1322.39622172508,1185.68232662192,374.812593703148
1337.31046482724,1173.25379070346,374.812593703148
1401.93885160328,1123.53964702958,404.7976011994
1409.39597315436,1076.3112105394,374.812593703148
1446.68158090977,1103.65398956003,389.805097451274
1466.56723837932,1093.71116082525,419.790104947526
1603.28113348248,1302.51056425553,419.790104947526
1623.16679095203,1287.59632115337,404.7976011994
1648.02386278896,1222.96793437733,389.805097451274
1767.33780760626,934.625901068854,374.812593703148
874.968928660204,1498.88143176734,389.805097451274
1195.6251553567,1185.68232662192,389.805097451274
1198.11086254039,1193.13944817301,389.805097451274
1635.59532687049,1285.11061396967,389.805097451274
1643.05244842158,1240.36788466319,389.805097451274
1667.90952025851,1265.22495650012,389.805097451274
1670.39522744221,1272.68207805121,389.805097451274
1337.31046482724,1198.11086254039,404.7976011994
1347.25329356202,1183.19661943823,404.7976011994
1409.39597315436,1111.11111111111,404.7976011994
1416.85309470544,1103.65398956003,404.7976011994
1638.08103405419,1262.73924931643,419.790104947526
1322.39622172508,1205.56798409147,419.790104947526
1396.96743723589,1150.88242605021,434.782608695652
1416.85309470544,1138.45389013174,419.790104947526
1434.2530449913,1086.25403927417,419.790104947526
1575.93835446184,1252.79642058166,419.790104947526
1590.85259756401,1272.68207805121,434.782608695652
1603.28113348248,1272.68207805121,434.782608695652
