22.3713646532438,437.484464330102,14.9925037481259
129.256773552076,507.084265473527,14.9925037481259
134.228187919463,2167.53666418096,14.9925037481259
149.142431021626,502.11285110614,14.9925037481259
251.05642555307,236.142182450907,14.9925037481259
268.456375838926,228.685060899826,14.9925037481259
273.427790206314,1568.48123291076,14.9925037481259
288.342033308476,1364.65324384787,14.9925037481259
300.770569226945,1372.11036539896,14.9925037481259
305.741983594333,1362.16753666418,14.9925037481259
310.71339796172,1362.16753666418,14.9925037481259
328.113348247576,2065.62266964952,14.9925037481259
328.113348247576,2078.05120556798,14.9925037481259
338.056176982351,1379.56748695004,14.9925037481259
434.998757146408,2100.42257022123,14.9925037481259
521.99850857569,400.198856574696,14.9925037481259
529.455630126771,1856.82326621924,14.9925037481259
536.912751677852,400.198856574696,14.9925037481259
539.398458861546,444.941585881183,14.9925037481259
546.855580412627,601.54113845389,14.9925037481259
561.76982351479,1339.79617201094,14.9925037481259
564.255530698484,1275.1677852349,14.9925037481259
579.169773800646,1163.31096196868,29.9850074962519
584.141188168034,1757.39497887149,14.9925037481259
589.112602535421,139.199602286851,14.9925037481259
591.598309719115,1759.88068605518,14.9925037481259
604.026845637584,146.656723837932,14.9925037481259
611.483967188665,323.141933880189,14.9925037481259
658.712403678847,213.770817797663,14.9925037481259
663.683818046234,208.799403430276,14.9925037481259
770.569226945066,154.113845389013,14.9925037481259
865.026099925429,1923.93736017897,14.9925037481259
867.511807109123,387.770320656227,14.9925037481259
867.511807109123,400.198856574696,14.9925037481259
872.48322147651,228.685060899826,14.9925037481259
872.48322147651,1918.96594581158,14.9925037481259
882.426050211285,407.655978125777,14.9925037481259
912.25453641561,1901.56599552573,14.9925037481259
914.740243599304,151.628138205319,14.9925037481259
914.740243599304,129.256773552076,14.9925037481259
924.683072334079,1829.48048719861,14.9925037481259
929.654486701467,1846.88043748446,14.9925037481259
937.111608252548,1834.451901566,14.9925037481259
949.540144171017,1841.90902311708,14.9925037481259
952.02585135471,1831.9661943823,29.9850074962519
964.454387273179,1899.08028834203,29.9850074962519
966.940094456873,1869.25180213771,14.9925037481259
984.340044742729,425.055928411633,14.9925037481259
1026.59706686552,1749.93785732041,14.9925037481259
1029.08277404922,1620.68108376833,14.9925037481259
1061.39696743724,1608.25254784986,14.9925037481259
1066.36838180462,1200.59656972409,14.9925037481259
1101.16828237634,1446.68158090977,29.9850074962519
1128.51106139697,256.027839920457,14.9925037481259
1130.99676858066,290.82774049217,14.9925037481259
1163.31096196868,268.456375838926,14.9925037481259
1208.05369127517,104.399701715138,14.9925037481259
1317.42480735769,1859.30897340293,29.9850074962519
1337.31046482724,2010.93711160825,14.9925037481259
1339.79617201094,2035.79418344519,14.9925037481259
1352.22470792941,1986.08003977131,14.9925037481259
1352.22470792941,2010.93711160825,29.9850074962519
1379.56748695004,303.256276410639,14.9925037481259
1382.05319413373,305.741983594333,14.9925037481259
1389.51031568481,758.140691026597,14.9925037481259
1394.4817300522,768.083519761372,14.9925037481259
1416.85309470544,768.083519761372,14.9925037481259
1419.33880188914,444.941585881183,14.9925037481259
1431.76733780761,385.284613472533,14.9925037481259
1451.65299527716,477.255779269202,14.9925037481259
1451.65299527716,444.941585881183,14.9925037481259
1464.08153119563,477.255779269202,14.9925037481259
1461.59582401193,405.170270942083,29.9850074962519
1481.48148148148,412.627392493164,14.9925037481259
1478.99577429779,425.055928411633,14.9925037481259
1486.45289584887,728.312204822272,14.9925037481259
1493.91001739995,434.998757146408,14.9925037481259
1493.91001739995,743.226447924435,14.9925037481259
1501.36713895103,2339.05045985583,14.9925037481259
1498.88143176734,29.8284862043251,14.9925037481259
1493.91001739995,402.684563758389,29.9850074962519
1513.7956748695,2336.56475267214,14.9925037481259
1516.28138205319,236.142182450907,14.9925037481259
1518.76708923689,228.685060899826,14.9925037481259
1521.25279642058,2341.53616703952,14.9925037481259
1526.22421078797,228.685060899826,14.9925037481259
1523.73850360428,34.7999005717127,14.9925037481259
1538.65274670644,1958.73726075068,29.9850074962519
1541.13845389013,840.169028088491,14.9925037481259
1543.62416107383,830.226199353716,14.9925037481259
1561.02411135968,845.140442455879,14.9925037481259
1575.93835446184,405.170270942083,14.9925037481259
1583.39547601293,405.170270942083,14.9925037481259
1590.85259756401,1183.19661943823,14.9925037481259
1590.85259756401,807.854834700472,14.9925037481259
1595.82401193139,246.085011185682,14.9925037481259
1595.82401193139,845.140442455879,14.9925037481259
1605.76684066617,265.970668655232,14.9925037481259
1603.28113348248,300.770569226945,14.9925037481259
1618.19537658464,308.227690778026,14.9925037481259
1630.62391250311,820.283370618941,14.9925037481259
1633.1096196868,879.940343027591,14.9925037481259
1633.1096196868,817.797663435247,14.9925037481259
1638.08103405419,795.426298782004,14.9925037481259
1638.08103405419,775.540641312453,14.9925037481259
1650.50956997266,186.428038777032,14.9925037481259
1650.50956997266,1235.3964702958,14.9925037481259
1650.50956997266,994.282873477504,29.9850074962519
1662.93810589113,340.541884166045,14.9925037481259
1655.48098434004,683.569475515784,14.9925037481259
1660.45239870743,323.141933880189,14.9925037481259
1660.45239870743,676.112353964703,14.9925037481259
1660.45239870743,1180.71091225454,14.9925037481259
1662.93810589113,330.59905543127,14.9925037481259
1667.90952025851,2358.93611732538,14.9925037481259
1670.39522744221,820.283370618941,14.9925037481259
1675.36664180959,703.455132985334,14.9925037481259
1675.36664180959,971.911508824261,29.9850074962519
1675.36664180959,1235.3964702958,14.9925037481259
1675.36664180959,636.341039025603,14.9925037481259
1685.30947054437,638.826746209297,14.9925037481259
1682.82376336068,621.42679592344,14.9925037481259
1682.82376336068,683.569475515784,14.9925037481259
1687.79517772806,330.59905543127,29.9850074962519
1687.79517772806,850.111856823266,14.9925037481259
1695.25229927915,840.169028088491,14.9925037481259
1692.76659209545,1004.22570221228,14.9925037481259
1692.76659209545,989.311459110117,14.9925037481259
1697.73800646284,206.313696246582,14.9925037481259
1737.50932140194,959.482972905792,14.9925037481259
1737.50932140194,676.112353964703,14.9925037481259
1737.50932140194,2122.79393487447,14.9925037481259
1739.99502858563,2117.82252050708,14.9925037481259
1739.99502858563,2127.76534924186,14.9925037481259
1742.48073576933,2140.19388516033,14.9925037481259
1792.1948794432,2090.47974148645,14.9925037481259
1794.6805866269,2083.02261993537,14.9925037481259
1802.13770817798,1988.56574695501,14.9925037481259
1802.13770817798,2075.56549838429,14.9925037481259
1807.10912254536,2015.90852597564,14.9925037481259
1809.59482972906,954.511558538404,14.9925037481259
1812.08053691275,203.827989062888,14.9925037481259
1819.53765846383,981.854337559036,14.9925037481259
1822.02336564753,196.370867511807,14.9925037481259
1824.50907283122,1001.73999502859,14.9925037481259
1824.50907283122,994.282873477504,14.9925037481259
1846.88043748446,216.256524981357,14.9925037481259
1871.7375093214,686.055182699478,14.9925037481259
1896.59458115834,633.855331841909,29.9850074962519
1906.53740989311,330.59905543127,14.9925037481259
1899.08028834203,651.255282127765,14.9925037481259
1904.05170270942,641.31245339299,14.9925037481259
1906.53740989311,633.855331841909,14.9925037481259
1909.02311707681,937.111608252548,14.9925037481259
1913.9945314442,395.227442207308,14.9925037481259
1921.45165299528,713.397961720109,14.9925037481259
1923.93736017897,2199.85085756898,14.9925037481259
1931.39448173005,733.283619189659,14.9925037481259
1946.30872483221,884.911757394979,14.9925037481259
1948.79443201591,1849.36614466816,14.9925037481259
1966.19438230176,315.684812329108,14.9925037481259
1968.68008948546,295.799154859558,14.9925037481259
1976.13721103654,760.626398210291,14.9925037481259
1976.13721103654,1886.65175242356,29.9850074962519
1978.62291822023,295.799154859558,14.9925037481259
1991.0514541387,1021.62565249814,14.9925037481259
2065.62266964952,800.397713149391,14.9925037481259
2078.05120556798,782.997762863535,14.9925037481259
2083.02261993537,1841.90902311708,14.9925037481259
2083.02261993537,800.397713149391,14.9925037481259
2100.42257022123,1849.36614466816,14.9925037481259
2147.65100671141,865.026099925429,14.9925037481259
2155.10812826249,845.140442455879,29.9850074962519
2184.93661446682,748.197862291822,14.9925037481259
2192.3937360179,758.140691026597,14.9925037481259
2242.10787969177,1088.73974645787,44.9775112443778
2296.79343773304,1043.99701715138,29.9850074962519
2301.76485210042,1053.93984588615,14.9925037481259
546.855580412627,1319.91051454139,29.9850074962519
616.455381556053,146.656723837932,29.9850074962519
912.25453641561,300.770569226945,44.9775112443778
929.654486701467,310.71339796172,29.9850074962519
937.111608252548,293.313447675864,29.9850074962519
966.940094456873,1824.50907283122,29.9850074962519
1178.22520507084,738.255033557047,44.9775112443778
1193.13944817301,708.426547352722,44.9775112443778
1203.08227690778,745.712155108128,44.9775112443778
1245.33929903057,231.17076808352,29.9850074962519
1444.19587372608,390.25602783992,29.9850074962519
1461.59582401193,360.427541635595,29.9850074962519
1459.11011682824,400.198856574696,29.9850074962519
1478.99577429779,352.970420084514,29.9850074962519
1486.45289584887,385.284613472533,29.9850074962519
1511.30996768581,370.37037037037,44.9775112443778
1573.45264727815,787.969177230922,29.9850074962519
1585.88118319662,847.626149639573,29.9850074962519
1580.90976882923,897.340293313448,44.9775112443778
1623.16679095203,2073.0797912006,29.9850074962519
1652.99527715635,1220.48222719364,44.9775112443778
1667.90952025851,1260.25354213274,44.9775112443778
1680.33805617698,1227.93934874472,44.9775112443778
1692.76659209545,1250.31071339796,29.9850074962519
1777.28063634104,1039.02560278399,59.9700149925037
1839.42331593338,201.342281879195,29.9850074962519
1971.16579666915,750.683569475516,29.9850074962519
2222.22222222222,1051.45413870246,44.9775112443778
2247.07929405916,1041.51130996769,44.9775112443778
2254.53641561024,1496.39572458364,29.9850074962519
2264.47924434502,1096.19686800895,59.9700149925037
2269.4506587124,1031.56848123291,29.9850074962519
2281.87919463087,1053.93984588615,29.9850074962519
2284.36490181457,1046.48272433507,29.9850074962519
2289.33631618195,1068.85408898832,44.9775112443778
469.798657718121,611.483967188665,44.9775112443778
509.569972657221,1354.7104151131,44.9775112443778
529.455630126771,1406.91026597067,44.9775112443778
559.284116331096,2028.33706189411,44.9775112443778
606.512552821278,725.826497638578,44.9775112443778
648.769574944072,691.026597066866,44.9775112443778
902.311707680835,310.71339796172,44.9775112443778
907.283122048223,290.82774049217,59.9700149925037
1195.6251553567,748.197862291822,44.9775112443778
1208.05369127517,713.397961720109,44.9775112443778
1526.22421078797,380.313199105145,44.9775112443778
1635.59532687049,1242.85359184688,44.9775112443778
1638.08103405419,1252.79642058166,44.9775112443778
1660.45239870743,1213.02510564256,44.9775112443778
1702.70942083023,1257.76783494904,59.9700149925037
1737.50932140194,1039.02560278399,59.9700149925037
1812.08053691275,720.855083271191,59.9700149925037
1918.96594581158,1014.16853094705,44.9775112443778
2033.3084762615,1635.59532687049,59.9700149925037
2028.33706189411,1613.22396221725,44.9775112443778
2229.6793437733,1106.13969674372,59.9700149925037
2229.6793437733,1041.51130996769,44.9775112443778
2257.02212279394,1128.51106139697,59.9700149925037
2247.07929405916,1061.39696743724,44.9775112443778
474.770072085508,646.283867760378,74.9625187406297
534.427044494159,1409.39597315436,74.9625187406297
554.312701963709,1384.53890131742,74.9625187406297
606.512552821278,718.369376087497,59.9700149925037
646.283867760378,1889.13745960726,74.9625187406297
658.712403678847,688.540889883172,59.9700149925037
658.712403678847,1894.10887397465,59.9700149925037
919.711657966692,328.113348247576,74.9625187406297
952.02585135471,233.656475267214,74.9625187406297
1093.71116082525,315.684812329108,59.9700149925037
1195.6251553567,1265.22495650012,74.9625187406297
1208.05369127517,1257.76783494904,74.9625187406297
1208.05369127517,1307.48197862292,74.9625187406297
1217.99652000994,1300.02485707184,59.9700149925037
1220.48222719364,1292.56773552076,74.9625187406297
1436.73875217499,663.683818046234,74.9625187406297
1454.13870246085,648.769574944072,74.9625187406297
1521.25279642058,370.37037037037,59.9700149925037
1618.19537658464,1819.53765846383,59.9700149925037
1648.02386278896,1245.33929903057,59.9700149925037
1720.10937111608,1048.96843151877,59.9700149925037
1757.39497887149,1056.42555306985,74.9625187406297
1762.36639323888,1043.99701715138,59.9700149925037
1779.76634352473,2120.30822769078,74.9625187406297
1809.59482972906,691.026597066866,59.9700149925037
1983.59433258762,1580.90976882923,59.9700149925037
1991.0514541387,1578.42406164554,59.9700149925037
2038.27989062888,1603.28113348248,59.9700149925037
2152.6224210788,840.169028088491,59.9700149925037
2237.13646532438,1039.02560278399,59.9700149925037
2261.99353716132,1036.5398956003,59.9700149925037
231.17076808352,1652.99527715635,89.9550224887556
241.113596818295,1608.25254784986,89.9550224887556
256.027839920457,1635.59532687049,89.9550224887556
251.05642555307,1648.02386278896,74.9625187406297
253.542132736764,1657.96669152374,74.9625187406297
410.141685309471,626.398210290828,74.9625187406297
517.027094208302,1396.96743723589,74.9625187406297
608.998260004971,730.797912005966,74.9625187406297
623.912503107134,725.826497638578,74.9625187406297
633.855331841909,725.826497638578,74.9625187406297
636.341039025603,1869.25180213771,89.9550224887556
653.740989311459,1824.50907283122,104.947526236882
661.19811086254,1859.30897340293,74.9625187406297
671.140939597315,1834.451901566,89.9550224887556
1143.42530449913,922.197365150385,89.9550224887556
1235.3964702958,1304.99627143922,89.9550224887556
1237.88217747949,1314.939100174,74.9625187406297
1523.73850360428,2100.42257022123,89.9550224887556
1533.68133233905,2122.79393487447,74.9625187406297
1553.5669898086,2107.87969177231,89.9550224887556
1570.96694009446,681.08376833209,89.9550224887556
1692.76659209545,1257.76783494904,74.9625187406297
1739.99502858563,1071.33979617201,74.9625187406297
1789.70917225951,2160.07954262988,89.9550224887556
1854.33755903555,738.255033557047,104.947526236882
1874.2232165051,822.769077802635,74.9625187406297
1976.13721103654,1568.48123291076,89.9550224887556
1998.50857568978,1590.85259756401,74.9625187406297
2005.96569724086,1593.3383047477,74.9625187406297
2008.45140442456,1608.25254784986,89.9550224887556
2023.36564752672,1618.19537658464,89.9550224887556
2033.3084762615,1585.88118319662,74.9625187406297
2110.365398956,760.626398210291,89.9550224887556
2145.16529952772,790.454884414616,89.9550224887556
2150.1367138951,792.94059159831,74.9625187406297
2214.76510067114,715.883668903803,74.9625187406297
2219.73651503853,723.340790454884,74.9625187406297
2227.19363658961,715.883668903803,74.9625187406297
236.142182450907,1643.05244842158,104.947526236882
251.05642555307,1615.70966940094,89.9550224887556
335.570469798658,472.284364901815,89.9550224887556
345.513298533433,474.770072085508,89.9550224887556
350.48471290082,477.255779269202,89.9550224887556
412.627392493164,1103.65398956003,119.940029985007
566.741237882178,1988.56574695501,104.947526236882
628.883917474521,1886.65175242356,89.9550224887556
631.369624658215,1849.36614466816,89.9550224887556
681.08376833209,1859.30897340293,89.9550224887556
894.854586129754,1904.05170270942,104.947526236882
934.625901068854,2028.33706189411,89.9550224887556
966.940094456873,2010.93711160825,89.9550224887556
964.454387273179,2033.3084762615,104.947526236882
969.425801640567,1551.08128262491,104.947526236882
1217.99652000994,1297.53914988814,89.9550224887556
1250.31071339796,313.199105145414,104.947526236882
1267.71066368382,338.056176982351,104.947526236882
1282.62490678598,338.056176982351,89.9550224887556
1322.39622172508,1799.65200099428,89.9550224887556
1406.91026597067,740.740740740741,89.9550224887556
1531.19562515536,2090.47974148645,89.9550224887556
1623.16679095203,362.913248819289,104.947526236882
1752.4235645041,2140.19388516033,89.9550224887556
1757.39497887149,2147.65100671141,89.9550224887556
1921.45165299528,989.311459110117,89.9550224887556
1946.30872483221,964.454387273179,89.9550224887556
1993.5371613224,1568.48123291076,89.9550224887556
2132.73676360925,792.94059159831,89.9550224887556
2214.76510067114,705.940840169028,89.9550224887556
2276.90778026349,1307.48197862292,104.947526236882
231.17076808352,454.884414615958,119.940029985007
265.970668655232,484.712900820283,119.940029985007
265.970668655232,464.827243350733,119.940029985007
265.970668655232,512.055679840915,119.940029985007
283.370618941089,479.741486452896,119.940029985007
303.256276410639,477.255779269202,104.947526236882
300.770569226945,462.34153616704,104.947526236882
318.170519512801,459.855828983346,119.940029985007
390.25602783992,1088.73974645787,119.940029985007
457.370121799652,656.226696495153,104.947526236882
507.084265473527,2048.22271936366,104.947526236882
512.055679840915,2033.3084762615,104.947526236882
521.99850857569,2038.27989062888,104.947526236882
531.941337310465,2040.76559781258,119.940029985007
589.112602535421,1978.62291822023,119.940029985007
594.084016902809,2023.36564752672,119.940029985007
601.54113845389,2000.99428287348,104.947526236882
618.941088739746,1854.33755903555,104.947526236882
676.112353964703,1909.02311707681,119.940029985007
770.569226945066,1849.36614466816,119.940029985007
842.654735272185,1834.451901566,119.940029985007
855.083271190654,1881.68033805618,104.947526236882
857.568978374347,1193.13944817301,104.947526236882
862.540392741735,1849.36614466816,104.947526236882
907.283122048223,1123.53964702958,104.947526236882
934.625901068854,2005.96569724086,119.940029985007
942.083022619935,2015.90852597564,104.947526236882
944.568729803629,2023.36564752672,104.947526236882
952.02585135471,1998.50857568978,104.947526236882
969.425801640567,1998.50857568978,104.947526236882
974.397216007954,2030.8227690778,104.947526236882
979.368630375342,2015.90852597564,104.947526236882
1126.02535421327,912.25453641561,104.947526236882
1217.99652000994,357.941834451902,104.947526236882
1227.93934874472,340.541884166045,104.947526236882
1240.36788466319,352.970420084514,104.947526236882
1247.82500621427,365.398956002983,104.947526236882
1250.31071339796,1297.53914988814,119.940029985007
1528.70991797166,2015.90852597564,104.947526236882
1528.70991797166,2107.87969177231,104.947526236882
1538.65274670644,2010.93711160825,119.940029985007
1757.39497887149,2140.19388516033,104.947526236882
1824.50907283122,715.883668903803,104.947526236882
1936.36589609744,984.340044742729,104.947526236882
1943.82301764852,956.997265722098,104.947526236882
1943.82301764852,989.311459110117,119.940029985007
1951.2801391996,964.454387273179,104.947526236882
1953.7658463833,969.425801640567,104.947526236882
1966.19438230176,999.254287844892,119.940029985007
1988.56574695501,989.311459110117,104.947526236882
2194.87944320159,929.654486701467,119.940029985007
2197.36515038528,907.283122048223,119.940029985007
2209.79368630375,939.597315436242,119.940029985007
2291.82202336565,1280.13919960229,104.947526236882
211.28511061397,437.484464330102,134.932533733133
253.542132736764,474.770072085508,134.932533733133
251.05642555307,499.627143922446,134.932533733133
275.913497390007,457.370121799652,134.932533733133
278.399204573701,442.455878697489,119.940029985007
285.856326124783,512.055679840915,119.940029985007
308.227690778026,507.084265473527,134.932533733133
315.684812329108,497.141436738752,134.932533733133
442.455878697489,663.683818046234,119.940029985007
492.170022371365,1836.93760874969,119.940029985007
509.569972657221,1836.93760874969,134.932533733133
586.626895351728,1884.16604523987,134.932533733133
748.197862291822,1864.28038777032,134.932533733133
750.683569475516,1856.82326621924,119.940029985007
758.140691026597,1861.79468058663,119.940029985007
760.626398210291,1879.19463087248,134.932533733133
787.969177230922,1879.19463087248,119.940029985007
792.94059159831,1899.08028834203,134.932533733133
807.854834700472,1846.88043748446,134.932533733133
802.883420333085,1128.51106139697,119.940029985007
805.369127516779,1135.96818294805,119.940029985007
807.854834700472,1864.28038777032,134.932533733133
820.283370618941,1901.56599552573,134.932533733133
832.71190653741,1901.56599552573,119.940029985007
835.197613721104,1874.2232165051,134.932533733133
845.140442455879,1906.53740989311,119.940029985007
840.169028088491,1215.51081282625,134.932533733133
860.054685558041,1871.7375093214,134.932533733133
862.540392741735,1918.96594581158,134.932533733133
872.48322147651,1891.62316679095,134.932533733133
874.968928660204,1198.11086254039,119.940029985007
889.883171762366,1921.45165299528,119.940029985007
904.797414864529,1725.08078548347,134.932533733133
922.197365150385,1732.53790703455,134.932533733133
932.14019388516,1754.9092716878,134.932533733133
932.14019388516,1769.82351478996,134.932533733133
956.997265722098,1764.85210042257,134.932533733133
961.968680089485,1747.45215013671,119.940029985007
1031.56848123291,2378.82177479493,119.940029985007
1133.48247576436,914.740243599304,119.940029985007
1190.65374098931,178.970917225951,119.940029985007
1208.05369127517,203.827989062888,119.940029985007
1324.88192890877,2107.87969177231,134.932533733133
1357.19612229679,1747.45215013671,134.932533733133
1369.62465821526,2130.25105642555,134.932533733133
1516.28138205319,2023.36564752672,119.940029985007
1526.22421078797,2028.33706189411,119.940029985007
1901.56599552573,750.683569475516,134.932533733133
1918.96594581158,695.998011434253,134.932533733133
1931.39448173005,768.083519761372,119.940029985007
2030.8227690778,1128.51106139697,119.940029985007
2135.22247079294,884.911757394979,119.940029985007
2264.47924434502,1290.08202833706,119.940029985007
2348.9932885906,1347.25329356202,119.940029985007
2353.96470295799,1349.73900074571,119.940029985007
144.171016654238,1337.31046482724,134.932533733133
198.856574695501,1237.88217747949,134.932533733133
203.827989062888,427.541635595327,149.925037481259
211.28511061397,1222.96793437733,134.932533733133
213.770817797663,591.598309719115,134.932533733133
213.770817797663,618.941088739746,149.925037481259
226.199353716132,1354.7104151131,134.932533733133
233.656475267214,1324.88192890877,149.925037481259
238.627889634601,608.998260004971,149.925037481259
243.599304001989,1347.25329356202,149.925037481259
273.427790206314,452.398707432264,134.932533733133
377.827491921452,947.054436987323,149.925037481259
514.541387024609,1993.5371613224,149.925037481259
517.027094208302,1971.16579666915,134.932533733133
564.255530698484,221.227939348745,134.932533733133
564.255530698484,1876.70892368879,134.932533733133
569.226945065871,1871.7375093214,134.932533733133
586.626895351728,1851.85185185185,134.932533733133
770.569226945066,1861.79468058663,134.932533733133
802.883420333085,1889.13745960726,149.925037481259
832.71190653741,1909.02311707681,134.932533733133
837.683320904797,1913.9945314442,134.932533733133
855.083271190654,1861.79468058663,134.932533733133
877.454635843898,1899.08028834203,134.932533733133
877.454635843898,1909.02311707681,134.932533733133
882.426050211285,1210.53939845886,149.925037481259
882.426050211285,1737.50932140194,134.932533733133
882.426050211285,1894.10887397465,134.932533733133
889.883171762366,1889.13745960726,134.932533733133
889.883171762366,1963.70867511807,134.932533733133
894.854586129754,1747.45215013671,134.932533733133
907.283122048223,1747.45215013671,134.932533733133
922.197365150385,1891.62316679095,134.932533733133
929.654486701467,1705.19512801392,149.925037481259
937.111608252548,1732.53790703455,134.932533733133
942.083022619935,2127.76534924186,134.932533733133
944.568729803629,1712.652249565,149.925037481259
949.540144171017,1730.05219985086,134.932533733133
966.940094456873,1754.9092716878,134.932533733133
1076.3112105394,2008.45140442456,149.925037481259
1081.28262490679,2025.85135471042,134.932533733133
1091.22545364156,2033.3084762615,149.925037481259
1086.25403927417,2356.45041014169,149.925037481259
1111.11111111111,2038.27989062888,134.932533733133
1126.02535421327,2023.36564752672,149.925037481259
1362.16753666418,2110.365398956,149.925037481259
1372.11036539896,1742.48073576933,134.932533733133
1372.11036539896,2092.96544867015,134.932533733133
1377.08177976634,2105.39398458862,134.932533733133
1431.76733780761,1757.39497887149,149.925037481259
1859.30897340293,2095.45115585384,134.932533733133
2018.39423315933,1143.42530449913,134.932533733133
2020.87994034303,1150.88242605021,134.932533733133
2025.85135471042,1153.36813323391,134.932533733133
2035.79418344519,1158.33954760129,134.932533733133
2038.27989062888,1173.25379070346,134.932533733133
2063.13696246582,1153.36813323391,134.932533733133
2068.10837683321,1123.53964702958,134.932533733133
2087.99403430276,1772.30922197365,134.932533733133
2102.90827740492,1792.1948794432,149.925037481259
2311.7076808352,1414.36738752175,149.925037481259
116.828237633607,1357.19612229679,149.925037481259
121.799652000994,1364.65324384787,149.925037481259
181.456624409645,1230.42505592841,164.917541229385
188.913745960726,432.513049962714,149.925037481259
188.913745960726,608.998260004971,164.917541229385
191.39945314442,1205.56798409147,149.925037481259
196.370867511807,444.941585881183,149.925037481259
211.28511061397,1337.31046482724,164.917541229385
216.256524981357,1242.85359184688,149.925037481259
218.742232165051,1215.51081282625,149.925037481259
228.685060899826,579.169773800646,149.925037481259
226.199353716132,1225.45364156102,149.925037481259
228.685060899826,633.855331841909,164.917541229385
236.142182450907,591.598309719115,149.925037481259
248.570718369376,628.883917474521,164.917541229385
258.513547104151,1352.22470792941,149.925037481259
288.342033308476,412.627392493164,149.925037481259
293.313447675864,599.055431270196,164.917541229385
300.770569226945,442.455878697489,164.917541229385
303.256276410639,626.398210290828,164.917541229385
310.71339796172,427.541635595327,149.925037481259
362.913248819289,954.511558538404,149.925037481259
370.37037037037,952.02585135471,149.925037481259
457.370121799652,1946.30872483221,149.925037481259
499.627143922446,1971.16579666915,149.925037481259
517.027094208302,1983.59433258762,149.925037481259
534.427044494159,1971.16579666915,149.925037481259
566.741237882178,201.342281879195,164.917541229385
576.684066616953,206.313696246582,149.925037481259
661.19811086254,1282.62490678598,164.917541229385
666.169525229928,1302.51056425553,164.917541229385
710.912254536416,2192.3937360179,149.925037481259
715.883668903803,2197.36515038528,149.925037481259
728.312204822272,2202.33656475267,149.925037481259
728.312204822272,2192.3937360179,149.925037481259
733.283619189659,2189.9080288342,149.925037481259
760.626398210291,2199.85085756898,149.925037481259
820.283370618941,1884.16604523987,149.925037481259
822.769077802635,1190.65374098931,164.917541229385
832.71190653741,1921.45165299528,149.925037481259
974.397216007954,365.398956002983,164.917541229385
986.825751926423,2217.25080785483,149.925037481259
991.797166293811,2167.53666418096,164.917541229385
991.797166293811,357.941834451902,164.917541229385
1093.71116082525,2331.59333830475,164.917541229385
1121.05393984589,2396.22172508079,164.917541229385
1138.45389013174,2366.39323887646,149.925037481259
1138.45389013174,2383.79318916232,149.925037481259
1165.79666915237,2356.45041014169,149.925037481259
1195.6251553567,2391.2503107134,149.925037481259
1235.3964702958,2398.70743226448,164.917541229385
1374.59607258265,2097.93686303753,149.925037481259
1416.85309470544,2227.19363658961,164.917541229385
1421.82450907283,2214.76510067114,149.925037481259
1421.82450907283,134.228187919463,164.917541229385
1481.48148148148,1913.9945314442,164.917541229385
1506.33855331842,1904.05170270942,164.917541229385
1720.10937111608,1513.7956748695,164.917541229385
1737.50932140194,1493.91001739995,164.917541229385
1752.4235645041,1496.39572458364,164.917541229385
1772.30922197365,519.512801391996,164.917541229385
1804.62341536167,526.969922943077,164.917541229385
1844.39473030077,2102.90827740492,149.925037481259
1936.36589609744,1769.82351478996,149.925037481259
2025.85135471042,1145.91101168282,149.925037481259
2043.25130499627,1175.73949788715,149.925037481259
2058.16554809843,1158.33954760129,149.925037481259
2055.67984091474,1809.59482972906,164.917541229385
2060.65125528213,1103.65398956003,149.925037481259
2078.05120556798,1123.53964702958,149.925037481259
2090.47974148645,1779.76634352473,149.925037481259
2100.42257022123,1779.76634352473,149.925037481259
2112.8511061397,1826.99478001491,164.917541229385
2361.42182450907,1304.99627143922,164.917541229385
213.770817797663,589.112602535421,164.917541229385
221.227939348745,517.027094208302,164.917541229385
238.627889634601,504.598558289833,179.910044977511
238.627889634601,1362.16753666418,164.917541229385
243.599304001989,521.99850857569,179.910044977511
248.570718369376,663.683818046234,179.910044977511
258.513547104151,643.798160576684,179.910044977511
268.456375838926,613.969674372359,179.910044977511
283.370618941089,658.712403678847,164.917541229385
499.627143922446,1700.22371364653,164.917541229385
504.598558289833,1680.33805617698,179.910044977511
531.941337310465,2005.96569724086,164.917541229385
539.398458861546,2023.36564752672,179.910044977511
606.512552821278,231.17076808352,179.910044977511
648.769574944072,1297.53914988814,164.917541229385
658.712403678847,1317.42480735769,164.917541229385
837.683320904797,1208.05369127517,164.917541229385
899.826000497141,1180.71091225454,164.917541229385
929.654486701467,1175.73949788715,164.917541229385
929.654486701467,1168.28237633607,164.917541229385
964.454387273179,333.084762614964,164.917541229385
969.425801640567,380.313199105145,164.917541229385
1108.62540392742,2388.7646035297,164.917541229385
1165.79666915237,1645.53815560527,164.917541229385
1193.13944817301,2426.05021128511,179.910044977511
1329.85334327616,1759.88068605518,164.917541229385
1372.11036539896,2192.3937360179,179.910044977511
1389.51031568481,2182.45090728312,164.917541229385
1414.36738752175,111.856823266219,179.910044977511
1429.28163062391,2212.27939348745,179.910044977511
1705.19512801392,1498.88143176734,164.917541229385
1707.68083519761,1528.70991797166,179.910044977511
1715.13795674869,1491.42431021626,164.917541229385
1732.53790703455,1543.62416107383,164.917541229385
1779.76634352473,526.969922943077,164.917541229385
1784.73775789212,509.569972657221,164.917541229385
1787.22346507581,524.484215759384,164.917541229385
1824.50907283122,2020.87994034303,179.910044977511
1831.9661943823,2043.25130499627,179.910044977511
1871.7375093214,1973.65150385285,179.910044977511
1894.10887397465,2023.36564752672,164.917541229385
1933.88018891375,1643.05244842158,164.917541229385
2063.13696246582,1792.1948794432,164.917541229385
2087.99403430276,1814.56624409645,164.917541229385
2122.79393487447,1804.62341536167,164.917541229385
2177.47949291573,1414.36738752175,179.910044977511
2336.56475267214,1312.45339299031,164.917541229385
2341.53616703952,1302.51056425553,164.917541229385
2353.96470295799,1290.08202833706,164.917541229385
2363.90753169277,1332.33905045986,164.917541229385
101.913994531444,1220.48222719364,194.902548725637
119.313944817301,1227.93934874472,194.902548725637
176.485210042257,1262.73924931643,179.910044977511
218.742232165051,499.627143922446,179.910044977511
221.227939348745,1359.68182948049,179.910044977511
218.742232165051,531.941337310465,179.910044977511
270.94208302262,631.369624658215,179.910044977511
295.799154859558,608.998260004971,179.910044977511
357.941834451902,584.141188168034,179.910044977511
365.398956002983,599.055431270196,179.910044977511
454.884414615958,1986.08003977131,194.902548725637
497.141436738752,2015.90852597564,179.910044977511
544.369873228934,1593.3383047477,179.910044977511
596.569724086503,335.570469798658,194.902548725637
713.397961720109,1257.76783494904,194.902548725637
720.855083271191,1526.22421078797,194.902548725637
800.397713149391,1173.25379070346,194.902548725637
807.854834700472,1200.59656972409,179.910044977511
817.797663435247,1217.99652000994,194.902548725637
840.169028088491,1222.96793437733,179.910044977511
865.026099925429,840.169028088491,209.895052473763
947.054436987323,330.59905543127,179.910044977511
1021.62565249814,2346.50758140691,179.910044977511
1088.73974645787,347.999005717127,179.910044977511
1088.73974645787,367.884663186677,179.910044977511
1093.71116082525,375.341784737758,179.910044977511
1098.68257519264,2314.19338801889,179.910044977511
1106.13969674372,362.913248819289,179.910044977511
1111.11111111111,333.084762614964,179.910044977511
1128.51106139697,350.48471290082,179.910044977511
1128.51106139697,357.941834451902,179.910044977511
1145.91101168282,2346.50758140691,179.910044977511
1379.56748695004,2170.02237136465,179.910044977511
1387.02460850112,129.256773552076,194.902548725637
1389.51031568481,114.342530449913,179.910044977511
1401.93885160328,2239.62217250808,179.910044977511
1406.91026597067,161.570966940094,179.910044977511
1742.48073576933,1526.22421078797,179.910044977511
1844.39473030077,2025.85135471042,179.910044977511
2048.22271936366,1700.22371364653,209.895052473763
2122.79393487447,1503.85284613473,209.895052473763
2184.93661446682,753.16927665921,179.910044977511
2194.87944320159,810.340541884166,194.902548725637
2199.85085756898,800.397713149391,194.902548725637
2326.62192393736,1327.36763609247,179.910044977511
2331.59333830475,1362.16753666418,179.910044977511
2346.50758140691,1369.62465821526,179.910044977511
106.885408898832,1247.82500621427,224.887556221889
139.199602286851,1302.51056425553,209.895052473763
193.885160328113,1265.22495650012,194.902548725637
196.370867511807,1297.53914988814,209.895052473763
265.970668655232,1401.93885160328,194.902548725637
303.256276410639,599.055431270196,194.902548725637
325.627641063883,671.140939597315,194.902548725637
343.027591349739,1595.82401193139,194.902548725637
362.913248819289,1583.39547601293,209.895052473763
370.37037037037,1324.88192890877,194.902548725637
402.684563758389,410.141685309471,209.895052473763
402.684563758389,454.884414615958,194.902548725637
415.113099676858,444.941585881183,194.902548725637
434.998757146408,385.284613472533,209.895052473763
591.598309719115,305.741983594333,194.902548725637
626.398210290828,425.055928411633,194.902548725637
636.341039025603,1449.16728809346,194.902548725637
641.31245339299,1439.22445935869,209.895052473763
715.883668903803,606.512552821278,209.895052473763
748.197862291822,1250.31071339796,209.895052473763
758.140691026597,1215.51081282625,194.902548725637
770.569226945066,1200.59656972409,194.902548725637
780.512055679841,1245.33929903057,194.902548725637
780.512055679841,1178.22520507084,194.902548725637
797.912005965697,1148.39671886652,194.902548725637
899.826000497141,822.769077802635,209.895052473763
1006.71140939597,1854.33755903555,194.902548725637
999.254287844892,1831.9661943823,209.895052473763
1014.16853094705,94.4568729803629,209.895052473763
1039.02560278399,1665.42381307482,194.902548725637
1076.3112105394,2413.62167536664,194.902548725637
1098.68257519264,395.227442207308,209.895052473763
1121.05393984589,397.713149391002,209.895052473763
1170.76808351976,1205.56798409147,194.902548725637
1168.28237633607,1183.19661943823,209.895052473763
1198.11086254039,1200.59656972409,194.902548725637
1292.56773552076,173.999502858563,209.895052473763
1309.96768580661,236.142182450907,209.895052473763
1379.56748695004,146.656723837932,194.902548725637
1523.73850360428,328.113348247576,209.895052473763
1548.59557544121,333.084762614964,209.895052473763
1603.28113348248,1998.50857568978,194.902548725637
1610.73825503356,1996.02286850609,194.902548725637
1640.56674123788,2028.33706189411,194.902548725637
1899.08028834203,1101.16828237634,209.895052473763
2023.36564752672,1822.02336564753,224.887556221889
2020.87994034303,1720.10937111608,209.895052473763
2025.85135471042,1700.22371364653,209.895052473763
2177.47949291573,785.483470047228,194.902548725637
121.799652000994,1130.99676858066,209.895052473763
134.228187919463,1153.36813323391,209.895052473763
144.171016654238,1058.91126025354,209.895052473763
144.171016654238,1225.45364156102,224.887556221889
146.656723837932,1267.71066368382,209.895052473763
156.599552572707,1297.53914988814,209.895052473763
156.599552572707,1098.68257519264,224.887556221889
193.885160328113,1324.88192890877,209.895052473763
221.227939348745,959.482972905792,224.887556221889
243.599304001989,964.454387273179,224.887556221889
285.856326124783,673.626646781009,224.887556221889
343.027591349739,551.826994780015,209.895052473763
345.513298533433,529.455630126771,224.887556221889
340.541884166045,425.055928411633,209.895052473763
347.999005717127,586.626895351728,209.895052473763
377.827491921452,425.055928411633,224.887556221889
382.798906288839,1329.85334327616,209.895052473763
382.798906288839,1319.91051454139,209.895052473763
397.713149391002,442.455878697489,224.887556221889
464.827243350733,1968.68008948546,224.887556221889
467.312950534427,382.798906288839,209.895052473763
477.255779269202,2005.96569724086,209.895052473763
541.88416604524,718.369376087497,224.887556221889
564.255530698484,723.340790454884,224.887556221889
581.65548098434,686.055182699478,224.887556221889
604.026845637584,1195.6251553567,224.887556221889
608.998260004971,686.055182699478,209.895052473763
618.941088739746,1434.2530449913,224.887556221889
633.855331841909,395.227442207308,209.895052473763
633.855331841909,1389.51031568481,209.895052473763
636.341039025603,1476.51006711409,209.895052473763
638.826746209297,400.198856574696,209.895052473763
648.769574944072,1459.11011682824,209.895052473763
686.055182699478,604.026845637584,224.887556221889
688.540889883172,596.569724086503,209.895052473763
705.940840169028,591.598309719115,224.887556221889
778.026348496147,1257.76783494904,224.887556221889
810.340541884166,1247.82500621427,209.895052473763
817.797663435247,1230.42505592841,209.895052473763
852.59756400696,2142.67959234402,224.887556221889
1073.8255033557,2398.70743226448,209.895052473763
1081.28262490679,2378.82177479493,209.895052473763
1138.45389013174,412.627392493164,209.895052473763
1140.93959731544,430.027342779021,209.895052473763
1188.16803380562,477.255779269202,209.895052473763
1188.16803380562,489.684315187671,224.887556221889
1213.02510564256,129.256773552076,224.887556221889
1225.45364156102,2023.36564752672,209.895052473763
1227.93934874472,2018.39423315933,209.895052473763
1280.13919960229,196.370867511807,209.895052473763
1302.51056425553,193.885160328113,209.895052473763
1309.96768580661,173.999502858563,209.895052473763
1359.68182948049,260.999254287845,209.895052473763
1374.59607258265,156.599552572707,209.895052473763
1391.99602286851,178.970917225951,224.887556221889
1399.45314441959,454.884414615958,209.895052473763
1421.82450907283,203.827989062888,224.887556221889
1441.71016654238,236.142182450907,239.880059970015
1441.71016654238,183.942331593338,239.880059970015
1451.65299527716,343.027591349739,224.887556221889
1493.91001739995,206.313696246582,209.895052473763
1493.91001739995,198.856574695501,209.895052473763
1516.28138205319,283.370618941089,224.887556221889
1543.62416107383,298.284862043251,209.895052473763
1548.59557544121,300.770569226945,209.895052473763
1657.96669152374,2035.79418344519,224.887556221889
1652.99527715635,2100.42257022123,224.887556221889
2028.33706189411,1732.53790703455,209.895052473763
2028.33706189411,1685.30947054437,224.887556221889
2038.27989062888,1802.13770817798,224.887556221889
2045.73701217997,1712.652249565,209.895052473763
2065.62266964952,1754.9092716878,224.887556221889
2097.93686303753,1491.42431021626,209.895052473763
2107.87969177231,802.883420333085,209.895052473763
2140.19388516033,1508.82426050211,209.895052473763
2160.07954262988,770.569226945066,209.895052473763
121.799652000994,1245.33929903057,224.887556221889
151.628138205319,1319.91051454139,224.887556221889
156.599552572707,1083.76833209048,224.887556221889
268.456375838926,792.94059159831,239.880059970015
268.456375838926,678.598061148397,239.880059970015
315.684812329108,591.598309719115,224.887556221889
323.141933880189,571.712652249565,239.880059970015
333.084762614964,524.484215759384,224.887556221889
347.999005717127,725.826497638578,224.887556221889
352.970420084514,422.570221227939,224.887556221889
355.456127268208,621.42679592344,224.887556221889
355.456127268208,521.99850857569,224.887556221889
362.913248819289,514.541387024609,224.887556221889
365.398956002983,452.398707432264,239.880059970015
370.37037037037,1317.42480735769,224.887556221889
370.37037037037,497.141436738752,224.887556221889
387.770320656227,370.37037037037,224.887556221889
395.227442207308,370.37037037037,224.887556221889
400.198856574696,462.34153616704,224.887556221889
397.713149391002,723.340790454884,239.880059970015
417.598806860552,362.913248819289,224.887556221889
439.970171513796,338.056176982351,224.887556221889
472.284364901815,280.884911757395,224.887556221889
556.798409147402,775.540641312453,239.880059970015
571.712652249565,782.997762863535,239.880059970015
576.684066616953,770.569226945066,224.887556221889
594.084016902809,785.483470047228,239.880059970015
626.398210290828,1198.11086254039,224.887556221889
638.826746209297,1401.93885160328,224.887556221889
663.683818046234,1431.76733780761,224.887556221889
780.512055679841,857.568978374347,224.887556221889
862.540392741735,2197.36515038528,224.887556221889
887.397464578673,867.511807109123,224.887556221889
894.854586129754,857.568978374347,224.887556221889
907.283122048223,867.511807109123,224.887556221889
942.083022619935,1866.76609495401,239.880059970015
976.882923191648,1891.62316679095,224.887556221889
986.825751926423,1824.50907283122,224.887556221889
994.282873477504,1822.02336564753,224.887556221889
1001.73999502859,1814.56624409645,224.887556221889
1011.68282376336,1891.62316679095,239.880059970015
1140.93959731544,1986.08003977131,224.887556221889
1145.91101168282,1991.0514541387,224.887556221889
1158.33954760129,1255.28212776535,224.887556221889
1178.22520507084,1180.71091225454,224.887556221889
1220.48222719364,1210.53939845886,239.880059970015
1230.42505592841,2038.27989062888,224.887556221889
1272.68207805121,295.799154859558,239.880059970015
1309.96768580661,303.256276410639,239.880059970015
1332.33905045986,241.113596818295,224.887556221889
1339.79617201094,188.913745960726,224.887556221889
1364.65324384787,183.942331593338,224.887556221889
1367.13895103157,298.284862043251,224.887556221889
1372.11036539896,171.513795674869,224.887556221889
1377.08177976634,290.82774049217,224.887556221889
1367.13895103157,270.94208302262,239.880059970015
1382.05319413373,310.71339796172,224.887556221889
1404.42455878698,226.199353716132,239.880059970015
1421.82450907283,290.82774049217,224.887556221889
1454.13870246085,191.39945314442,239.880059970015
1464.08153119563,213.770817797663,239.880059970015
1474.0243599304,169.028088491176,224.887556221889
1493.91001739995,323.141933880189,224.887556221889
1543.62416107383,328.113348247576,224.887556221889
1570.96694009446,305.741983594333,224.887556221889
1570.96694009446,275.913497390007,224.887556221889
1565.99552572707,228.685060899826,254.872563718141
1600.79542629878,2050.70842654735,239.880059970015
1633.1096196868,2038.27989062888,224.887556221889
1769.82351478996,1613.22396221725,224.887556221889
1817.05195128014,2043.25130499627,224.887556221889
1891.62316679095,1088.73974645787,224.887556221889
2020.87994034303,1757.39497887149,224.887556221889
2020.87994034303,1844.39473030077,224.887556221889
2038.27989062888,1757.39497887149,224.887556221889
2050.70842654735,1856.82326621924,239.880059970015
2117.82252050708,1747.45215013671,224.887556221889
2142.67959234402,1349.73900074571,239.880059970015
74.5712155108128,1332.33905045986,239.880059970015
79.5426298782003,1334.82475764355,239.880059970015
91.9711657966692,1342.28187919463,239.880059970015
111.856823266219,1282.62490678598,239.880059970015
275.913497390007,676.112353964703,239.880059970015
283.370618941089,1511.30996768581,254.872563718141
295.799154859558,656.226696495153,239.880059970015
313.199105145414,566.741237882178,239.880059970015
360.427541635595,425.055928411633,239.880059970015
367.884663186677,700.969425801641,239.880059970015
375.341784737758,437.484464330102,254.872563718141
382.798906288839,633.855331841909,254.872563718141
382.798906288839,464.827243350733,254.872563718141
387.770320656227,735.769326373353,239.880059970015
397.713149391002,417.598806860552,239.880059970015
412.627392493164,1541.13845389013,239.880059970015
417.598806860552,1538.65274670644,239.880059970015
420.084514044246,464.827243350733,239.880059970015
449.913000248571,1951.2801391996,239.880059970015
454.884414615958,1953.7658463833,239.880059970015
492.170022371365,208.799403430276,269.865067466267
504.598558289833,303.256276410639,254.872563718141
521.99850857569,290.82774049217,254.872563718141
531.941337310465,775.540641312453,254.872563718141
569.226945065871,792.94059159831,239.880059970015
601.54113845389,822.769077802635,239.880059970015
604.026845637584,768.083519761372,239.880059970015
608.998260004971,760.626398210291,239.880059970015
641.31245339299,937.111608252548,254.872563718141
651.255282127765,1578.42406164554,239.880059970015
653.740989311459,1595.82401193139,239.880059970015
748.197862291822,1170.76808351976,239.880059970015
807.854834700472,1454.13870246085,239.880059970015
820.283370618941,1441.71016654238,239.880059970015
820.283370618941,1421.82450907283,254.872563718141
919.711657966692,1516.28138205319,254.872563718141
944.568729803629,1854.33755903555,239.880059970015
969.425801640567,1923.93736017897,254.872563718141
1208.05369127517,2023.36564752672,239.880059970015
1267.71066368382,1511.30996768581,269.865067466267
1275.1677852349,1483.96718866518,269.865067466267
1280.13919960229,1518.76708923689,254.872563718141
1282.62490678598,164.056674123788,239.880059970015
1297.53914988814,278.399204573701,239.880059970015
1304.99627143922,1483.96718866518,239.880059970015
1304.99627143922,1511.30996768581,239.880059970015
1307.48197862292,1471.53865274671,239.880059970015
1309.96768580661,1476.51006711409,239.880059970015
1314.939100174,1503.85284613473,254.872563718141
1314.939100174,1486.45289584887,269.865067466267
1337.31046482724,171.513795674869,239.880059970015
1354.7104151131,181.456624409645,239.880059970015
1367.13895103157,280.884911757395,239.880059970015
1389.51031568481,208.799403430276,239.880059970015
1424.31021625653,256.027839920457,254.872563718141
1426.79592344022,243.599304001989,239.880059970015
1444.19587372608,1876.70892368879,254.872563718141
1476.51006711409,176.485210042257,239.880059970015
1481.48148148148,178.970917225951,239.880059970015
1563.50981854338,1474.0243599304,254.872563718141
1583.39547601293,1469.05294556301,239.880059970015
1583.39547601293,1573.45264727815,254.872563718141
1585.88118319662,1486.45289584887,254.872563718141
1585.88118319662,228.685060899826,254.872563718141
1605.76684066617,2075.56549838429,239.880059970015
1615.70966940094,2107.87969177231,239.880059970015
1615.70966940094,2095.45115585384,239.880059970015
1625.65249813572,2083.02261993537,239.880059970015
1635.59532687049,2090.47974148645,254.872563718141
1682.82376336068,2005.96569724086,254.872563718141
1695.25229927915,2003.47999005717,239.880059970015
1754.9092716878,1384.53890131742,239.880059970015
2003.47999005717,1747.45215013671,254.872563718141
2035.79418344519,1744.96644295302,239.880059970015
2038.27989062888,1861.79468058663,239.880059970015
2050.70842654735,1732.53790703455,239.880059970015
2078.05120556798,1732.53790703455,254.872563718141
2115.33681332339,1727.56649266716,239.880059970015
2122.79393487447,1854.33755903555,239.880059970015
2132.73676360925,1732.53790703455,254.872563718141
2145.16529952772,1329.85334327616,239.880059970015
74.5712155108128,1364.65324384787,269.865067466267
89.4854586129754,1384.53890131742,269.865067466267
310.71339796172,728.312204822272,269.865067466267
323.141933880189,713.397961720109,269.865067466267
350.48471290082,653.740989311459,254.872563718141
347.999005717127,367.884663186677,254.872563718141
347.999005717127,733.283619189659,254.872563718141
410.141685309471,1493.91001739995,269.865067466267
449.913000248571,303.256276410639,269.865067466267
459.855828983346,1225.45364156102,284.857571214393
477.255779269202,288.342033308476,254.872563718141
487.198608003977,315.684812329108,254.872563718141
509.569972657221,241.113596818295,254.872563718141
517.027094208302,1227.93934874472,254.872563718141
526.969922943077,270.94208302262,254.872563718141
579.169773800646,797.912005965697,254.872563718141
606.512552821278,810.340541884166,254.872563718141
623.912503107134,246.085011185682,254.872563718141
641.31245339299,1558.53840417599,269.865067466267
800.397713149391,1434.2530449913,269.865067466267
807.854834700472,1434.2530449913,254.872563718141
832.71190653741,775.540641312453,254.872563718141
840.169028088491,797.912005965697,269.865067466267
912.25453641561,869.997514292816,254.872563718141
917.225950782998,1523.73850360428,254.872563718141
922.197365150385,1548.59557544121,269.865067466267
927.168779517773,1541.13845389013,254.872563718141
942.083022619935,1526.22421078797,254.872563718141
984.340044742729,1921.45165299528,254.872563718141
1061.39696743724,581.65548098434,254.872563718141
1180.71091225454,845.140442455879,254.872563718141
1235.3964702958,171.513795674869,254.872563718141
1240.36788466319,1501.36713895103,269.865067466267
1255.28212776535,1496.39572458364,254.872563718141
1255.28212776535,1478.99577429779,284.857571214393
1270.19637086751,1578.42406164554,254.872563718141
1277.65349241859,1585.88118319662,269.865067466267
1277.65349241859,1533.68133233905,254.872563718141
1290.08202833706,1563.50981854338,254.872563718141
1307.48197862292,1464.08153119563,269.865067466267
1309.96768580661,1536.16703952274,254.872563718141
1312.45339299031,1568.48123291076,269.865067466267
1324.88192890877,313.199105145414,254.872563718141
1337.31046482724,1516.28138205319,269.865067466267
1364.65324384787,159.085259756401,254.872563718141
1391.99602286851,251.05642555307,254.872563718141
1416.85309470544,208.799403430276,254.872563718141
1464.08153119563,1861.79468058663,284.857571214393
1488.93860303256,1869.25180213771,254.872563718141
1558.53840417599,1590.85259756401,269.865067466267
1561.02411135968,1498.88143176734,254.872563718141
1573.45264727815,1625.65249813572,269.865067466267
1585.88118319662,1630.62391250311,269.865067466267
1585.88118319662,1588.36689038031,254.872563718141
1588.36689038031,1598.30971911509,254.872563718141
1588.36689038031,2068.10837683321,254.872563718141
1598.30971911509,1615.70966940094,269.865067466267
1645.53815560527,2018.39423315933,254.872563718141
1690.28088491176,2020.87994034303,254.872563718141
1697.73800646284,1998.50857568978,254.872563718141
1700.22371364653,2013.42281879195,254.872563718141
1971.16579666915,1595.82401193139,269.865067466267
2005.96569724086,1759.88068605518,254.872563718141
2013.42281879195,1787.22346507581,254.872563718141
2033.3084762615,1859.30897340293,254.872563718141
2117.82252050708,1685.30947054437,254.872563718141
2120.30822769078,1752.4235645041,254.872563718141
2150.1367138951,1158.33954760129,269.865067466267
74.5712155108128,1384.53890131742,269.865067466267
300.770569226945,710.912254536416,269.865067466267
357.941834451902,636.341039025603,269.865067466267
360.427541635595,1685.30947054437,269.865067466267
382.798906288839,661.19811086254,284.857571214393
377.827491921452,1680.33805617698,269.865067466267
385.284613472533,482.22719363659,269.865067466267
402.684563758389,1630.62391250311,269.865067466267
415.113099676858,1645.53815560527,284.857571214393
422.570221227939,1648.02386278896,269.865067466267
439.970171513796,1675.36664180959,299.850074962519
517.027094208302,1257.76783494904,284.857571214393
526.969922943077,1242.85359184688,269.865067466267
534.427044494159,283.370618941089,269.865067466267
536.912751677852,243.599304001989,284.857571214393
544.369873228934,221.227939348745,269.865067466267
564.255530698484,270.94208302262,284.857571214393
561.76982351479,897.340293313448,269.865067466267
569.226945065871,738.255033557047,269.865067466267
571.712652249565,929.654486701467,284.857571214393
643.798160576684,1570.96694009446,269.865067466267
658.712403678847,1593.3383047477,269.865067466267
673.626646781009,847.626149639573,269.865067466267
745.712155108128,2005.96569724086,284.857571214393
778.026348496147,1434.2530449913,284.857571214393
785.483470047228,1449.16728809346,269.865067466267
790.454884414616,1941.33731046483,299.850074962519
805.369127516779,1471.53865274671,284.857571214393
812.82624906786,1396.96743723589,284.857571214393
989.311459110117,484.712900820283,299.850074962519
981.854337559036,1901.56599552573,269.865067466267
984.340044742729,1909.02311707681,269.865067466267
1096.19686800895,1387.02460850112,284.857571214393
1093.71116082525,797.912005965697,284.857571214393
1140.93959731544,1319.91051454139,269.865067466267
1220.48222719364,902.311707680835,269.865067466267
1240.36788466319,887.397464578673,269.865067466267
1262.73924931643,1518.76708923689,284.857571214393
1267.71066368382,1461.59582401193,269.865067466267
1270.19637086751,1556.05269699229,284.857571214393
1282.62490678598,1498.88143176734,269.865067466267
1292.56773552076,1476.51006711409,269.865067466267
1300.02485707184,1496.39572458364,269.865067466267
1300.02485707184,1580.90976882923,269.865067466267
1314.939100174,1548.59557544121,269.865067466267
1339.79617201094,1488.93860303256,284.857571214393
1461.59582401193,156.599552572707,284.857571214393
1466.56723837932,1899.08028834203,269.865067466267
1551.08128262491,1496.39572458364,269.865067466267
1561.02411135968,1511.30996768581,269.865067466267
1580.90976882923,1454.13870246085,269.865067466267
1593.3383047477,1498.88143176734,269.865067466267
1608.25254784986,146.656723837932,269.865067466267
1605.76684066617,1496.39572458364,269.865067466267
1712.652249565,1093.71116082525,269.865067466267
1727.56649266716,1108.62540392742,284.857571214393
1730.05219985086,1083.76833209048,284.857571214393
1916.48023862789,1600.79542629878,284.857571214393
1948.79443201591,1578.42406164554,269.865067466267
1951.2801391996,1620.68108376833,269.865067466267
2065.62266964952,1687.79517772806,269.865067466267
392.741735023614,1662.93810589113,284.857571214393
402.684563758389,1665.42381307482,284.857571214393
425.055928411633,1605.76684066617,314.842578710645
439.970171513796,1722.59507829978,284.857571214393
439.970171513796,1667.90952025851,299.850074962519
467.312950534427,1628.13820531941,299.850074962519
489.684315187671,1697.73800646284,299.850074962519
561.76982351479,914.740243599304,284.857571214393
571.712652249565,285.856326124783,299.850074962519
576.684066616953,218.742232165051,284.857571214393
594.084016902809,265.970668655232,284.857571214393
782.997762863535,1966.19438230176,284.857571214393
787.969177230922,2035.79418344519,284.857571214393
790.454884414616,2008.45140442456,284.857571214393
792.94059159831,2025.85135471042,284.857571214393
797.912005965697,1971.16579666915,299.850074962519
797.912005965697,1996.02286850609,284.857571214393
820.283370618941,1971.16579666915,284.857571214393
832.71190653741,1978.62291822023,299.850074962519
832.71190653741,2013.42281879195,284.857571214393
917.225950782998,1230.42505592841,299.850074962519
932.14019388516,275.913497390007,299.850074962519
947.054436987323,251.05642555307,299.850074962519
959.482972905792,265.970668655232,284.857571214393
984.340044742729,502.11285110614,284.857571214393
986.825751926423,246.085011185682,284.857571214393
1058.91126025354,725.826497638578,284.857571214393
1086.25403927417,432.513049962714,299.850074962519
1091.22545364156,1369.62465821526,299.850074962519
1096.19686800895,439.970171513796,314.842578710645
1111.11111111111,812.82624906786,299.850074962519
1111.11111111111,1372.11036539896,299.850074962519
1227.93934874472,855.083271190654,284.857571214393
1247.82500621427,867.511807109123,299.850074962519
1267.71066368382,1536.16703952274,299.850074962519
1272.68207805121,1548.59557544121,284.857571214393
1277.65349241859,1561.02411135968,284.857571214393
1543.62416107383,1488.93860303256,284.857571214393
1543.62416107383,1523.73850360428,299.850074962519
1556.05269699229,1516.28138205319,284.857571214393
1568.48123291076,1511.30996768581,284.857571214393
1590.85259756401,1474.0243599304,284.857571214393
1598.30971911509,1553.5669898086,299.850074962519
1605.76684066617,169.028088491176,299.850074962519
1620.68108376833,156.599552572707,284.857571214393
1625.65249813572,169.028088491176,299.850074962519
1705.19512801392,1071.33979617201,284.857571214393
1933.88018891375,773.05493412876,299.850074962519
1936.36589609744,815.311956251554,299.850074962519
1956.25155356699,1324.88192890877,284.857571214393
1963.70867511807,758.140691026597,284.857571214393
2083.02261993537,1103.65398956003,284.857571214393
397.713149391002,676.112353964703,299.850074962519
425.055928411633,1640.56674123788,299.850074962519
454.884414615958,1019.13994531444,314.842578710645
487.198608003977,1665.42381307482,299.850074962519
504.598558289833,1660.45239870743,299.850074962519
519.512801391996,1749.93785732041,299.850074962519
526.969922943077,865.026099925429,299.850074962519
539.398458861546,1767.33780760626,299.850074962519
780.512055679841,1988.56574695501,299.850074962519
1078.79691772309,730.797912005966,299.850074962519
1108.62540392742,1354.7104151131,314.842578710645
1277.65349241859,1461.59582401193,299.850074962519
1568.48123291076,1531.19562515536,314.842578710645
1575.93835446184,825.254784986329,299.850074962519
1585.88118319662,832.71190653741,299.850074962519
1692.76659209545,1106.13969674372,299.850074962519
1918.96594581158,825.254784986329,314.842578710645
1948.79443201591,1327.36763609247,299.850074962519
375.341784737758,1650.50956997266,314.842578710645
385.284613472533,1640.56674123788,329.835082458771
457.370121799652,1605.76684066617,314.842578710645
472.284364901815,1610.73825503356,314.842578710645
569.226945065871,268.456375838926,329.835082458771
576.684066616953,260.999254287845,314.842578710645
758.140691026597,1083.76833209048,314.842578710645
782.997762863535,1270.19637086751,329.835082458771
795.426298782004,1981.10862540393,314.842578710645
1034.0541884166,763.112105393985,314.842578710645
1051.45413870246,760.626398210291,314.842578710645
1048.96843151877,773.05493412876,314.842578710645
1066.36838180462,773.05493412876,314.842578710645
1068.85408898832,795.426298782004,314.842578710645
1101.16828237634,1344.76758637832,314.842578710645
1113.5968182948,1337.31046482724,314.842578710645
1185.68232662192,579.169773800646,344.827586206897
1307.48197862292,482.22719363659,329.835082458771
1411.88168033806,392.741735023614,314.842578710645
1580.90976882923,810.340541884166,329.835082458771
1675.36664180959,1364.65324384787,329.835082458771
1690.28088491176,698.483718617947,329.835082458771
1762.36639323888,892.36887894606,344.827586206897
355.456127268208,1638.08103405419,344.827586206897
370.37037037037,1633.1096196868,329.835082458771
385.284613472533,1660.45239870743,329.835082458771
477.255779269202,984.340044742729,344.827586206897
487.198608003977,1034.0541884166,344.827586206897
743.226447924435,1332.33905045986,344.827586206897
740.740740740741,1297.53914988814,344.827586206897
753.16927665921,1302.51056425553,329.835082458771
763.112105393985,914.740243599304,359.820089955023
770.569226945066,1066.36838180462,329.835082458771
785.483470047228,1824.50907283122,344.827586206897
892.36887894606,464.827243350733,344.827586206897
1061.39696743724,748.197862291822,329.835082458771
1073.8255033557,780.512055679841,329.835082458771
1073.8255033557,770.569226945066,329.835082458771
1091.22545364156,800.397713149391,344.827586206897
1148.39671886652,611.483967188665,344.827586206897
1180.71091225454,594.084016902809,344.827586206897
1193.13944817301,596.569724086503,344.827586206897
1570.96694009446,835.197613721104,344.827586206897
1575.93835446184,869.997514292816,344.827586206897
1715.13795674869,874.968928660204,329.835082458771
1742.48073576933,860.054685558041,344.827586206897
1834.451901566,979.368630375342,344.827586206897
362.913248819289,1613.22396221725,344.827586206897
402.684563758389,1615.70966940094,344.827586206897
422.570221227939,1590.85259756401,344.827586206897
432.513049962714,1001.73999502859,344.827586206897
720.855083271191,894.854586129754,359.820089955023
728.312204822272,1322.39622172508,344.827586206897
738.255033557047,1352.22470792941,344.827586206897
760.626398210291,887.397464578673,344.827586206897
763.112105393985,566.741237882178,344.827586206897
768.083519761372,1864.28038777032,359.820089955023
785.483470047228,1876.70892368879,344.827586206897
787.969177230922,1275.1677852349,344.827586206897
872.48322147651,464.827243350733,359.820089955023
897.340293313448,427.541635595327,359.820089955023
899.826000497141,984.340044742729,359.820089955023
1011.68282376336,415.113099676858,359.820089955023
1019.13994531444,1807.10912254536,359.820089955023
1068.85408898832,792.94059159831,344.827586206897
1116.0825254785,1255.28212776535,359.820089955023
1135.96818294805,596.569724086503,344.827586206897
1140.93959731544,1185.68232662192,344.827586206897
1165.79666915237,596.569724086503,359.820089955023
1168.28237633607,628.883917474521,359.820089955023
1195.6251553567,641.31245339299,359.820089955023
1312.45339299031,464.827243350733,359.820089955023
1329.85334327616,472.284364901815,344.827586206897
1700.22371364653,855.083271190654,344.827586206897
1722.59507829978,882.426050211285,344.827586206897
1727.56649266716,877.454635843898,359.820089955023
479.741486452896,1004.22570221228,359.820089955023
541.88416604524,1469.05294556301,374.812593703148
556.798409147402,1464.08153119563,389.805097451274
708.426547352722,937.111608252548,374.812593703148
725.826497638578,952.02585135471,359.820089955023
740.740740740741,1319.91051454139,359.820089955023
743.226447924435,897.340293313448,359.820089955023
755.654983842903,1285.11061396967,359.820089955023
760.626398210291,1342.28187919463,359.820089955023
758.140691026597,882.426050211285,359.820089955023
763.112105393985,1312.45339299031,359.820089955023
775.540641312453,1367.13895103157,374.812593703148
899.826000497141,447.427293064877,359.820089955023
914.740243599304,452.398707432264,359.820089955023
1066.36838180462,1769.82351478996,359.820089955023
1071.33979617201,1048.96843151877,374.812593703148
1081.28262490679,1063.88267462093,374.812593703148
1096.19686800895,1066.36838180462,359.820089955023
1108.62540392742,1026.59706686552,359.820089955023
1188.16803380562,623.912503107134,359.820089955023
1210.53939845886,589.112602535421,359.820089955023
1210.53939845886,626.398210290828,359.820089955023
1210.53939845886,608.998260004971,374.812593703148
1292.56773552076,1377.08177976634,389.805097451274
1521.25279642058,1593.3383047477,374.812593703148
1533.68133233905,1603.28113348248,359.820089955023
1675.36664180959,1190.65374098931,374.812593703148
1675.36664180959,1598.30971911509,374.812593703148
1685.30947054437,860.054685558041,359.820089955023
1702.70942083023,1389.51031568481,359.820089955023
1702.70942083023,1394.4817300522,359.820089955023
1707.68083519761,882.426050211285,359.820089955023
1720.10937111608,907.283122048223,374.812593703148
1896.59458115834,1113.5968182948,359.820089955023
452.398707432264,1041.51130996769,389.805097451274
462.34153616704,1034.0541884166,374.812593703148
474.770072085508,1061.39696743724,389.805097451274
574.198359433259,1451.65299527716,389.805097451274
715.883668903803,924.683072334079,374.812593703148
720.855083271191,952.02585135471,374.812593703148
730.797912005966,1379.56748695004,374.812593703148
745.712155108128,1357.19612229679,374.812593703148
755.654983842903,584.141188168034,374.812593703148
765.597812577678,571.712652249565,374.812593703148
773.05493412876,581.65548098434,374.812593703148
1053.93984588615,1784.73775789212,374.812593703148
1076.3112105394,1744.96644295302,389.805097451274
1086.25403927417,1702.70942083023,374.812593703148
1088.73974645787,1081.28262490679,374.812593703148
1103.65398956003,536.912751677852,389.805097451274
1098.68257519264,1043.99701715138,389.805097451274
1101.16828237634,1026.59706686552,374.812593703148
1106.13969674372,1056.42555306985,389.805097451274
1148.39671886652,626.398210290828,374.812593703148
1148.39671886652,1794.6805866269,404.7976011994
1178.22520507084,1799.65200099428,374.812593703148
1198.11086254039,599.055431270196,374.812593703148
1317.42480735769,514.541387024609,389.805097451274
1508.82426050211,1588.36689038031,374.812593703148
1533.68133233905,1561.02411135968,374.812593703148
1553.5669898086,792.94059159831,374.812593703148
1553.5669898086,778.026348496147,374.812593703148
1625.65249813572,1185.68232662192,374.812593703148
1648.02386278896,1220.48222719364,389.805097451274
740.740740740741,1372.11036539896,404.7976011994
750.683569475516,524.484215759384,404.7976011994
760.626398210291,536.912751677852,389.805097451274
1078.79691772309,559.284116331096,389.805097451274
1081.28262490679,1764.85210042257,404.7976011994
1088.73974645787,1717.62366393239,404.7976011994
1108.62540392742,1749.93785732041,404.7976011994
1113.5968182948,554.312701963709,389.805097451274
1133.48247576436,1822.02336564753,404.7976011994
1135.96818294805,1839.42331593338,404.7976011994
1188.16803380562,1774.79492915735,389.805097451274
1247.82500621427,641.31245339299,404.7976011994
1272.68207805121,653.740989311459,404.7976011994
1426.79592344022,586.626895351728,389.805097451274
1446.68158090977,594.084016902809,389.805097451274
1456.62440964454,604.026845637584,389.805097451274
1531.19562515536,1598.30971911509,389.805097451274
1541.13845389013,1200.59656972409,404.7976011994
1570.96694009446,735.769326373353,389.805097451274
1625.65249813572,1213.02510564256,404.7976011994
1662.93810589113,1193.13944817301,404.7976011994
1705.19512801392,1436.73875217499,389.805097451274
1039.02560278399,1752.4235645041,419.790104947526
1048.96843151877,1648.02386278896,404.7976011994
1058.91126025354,1759.88068605518,404.7976011994
1061.39696743724,1769.82351478996,404.7976011994
1091.22545364156,1640.56674123788,419.790104947526
1098.68257519264,1677.85234899329,419.790104947526
1128.51106139697,1749.93785732041,404.7976011994
1126.02535421327,1685.30947054437,434.782608695652
1130.99676858066,1789.70917225951,419.790104947526
1150.88242605021,1819.53765846383,419.790104947526
1153.36813323391,1762.36639323888,404.7976011994
1170.76808351976,1722.59507829978,434.782608695652
1180.71091225454,1802.13770817798,404.7976011994
1188.16803380562,1797.16629381059,404.7976011994
1257.76783494904,653.740989311459,419.790104947526
1265.22495650012,633.855331841909,419.790104947526
1275.1677852349,608.998260004971,419.790104947526
1285.11061396967,1406.91026597067,404.7976011994
1342.28187919463,1439.22445935869,419.790104947526
1362.16753666418,1409.39597315436,434.782608695652
1588.36689038031,1215.51081282625,404.7976011994
1638.08103405419,1200.59656972409,404.7976011994
1690.28088491176,1193.13944817301,404.7976011994
1697.73800646284,1396.96743723589,404.7976011994
681.08376833209,820.283370618941,434.782608695652
1004.22570221228,1034.0541884166,434.782608695652
1031.56848123291,1737.50932140194,419.790104947526
1041.51130996769,1732.53790703455,419.790104947526
1043.99701715138,1769.82351478996,419.790104947526
1058.91126025354,1687.79517772806,419.790104947526
1086.25403927417,1662.93810589113,419.790104947526
1106.13969674372,1772.30922197365,434.782608695652
1106.13969674372,1623.16679095203,449.775112443778
1116.0825254785,1638.08103405419,434.782608695652
1130.99676858066,1640.56674123788,434.782608695652
1332.33905045986,1429.28163062391,434.782608695652
1334.82475764355,1466.56723837932,434.782608695652
1362.16753666418,1451.65299527716,449.775112443778
1491.42431021626,1630.62391250311,434.782608695652
1506.33855331842,1655.48098434004,434.782608695652
681.08376833209,805.369127516779,449.775112443778
748.197862291822,1086.25403927417,449.775112443778
773.05493412876,964.454387273179,449.775112443778
939.597315436242,1200.59656972409,449.775112443778
971.911508824261,1029.08277404922,464.767616191904
986.825751926423,996.768580661198,449.775112443778
986.825751926423,1053.93984588615,449.775112443778
986.825751926423,1739.99502858563,434.782608695652
991.797166293811,1759.88068605518,434.782608695652
1011.68282376336,1757.39497887149,449.775112443778
1026.59706686552,1730.05219985086,434.782608695652
1058.91126025354,1804.62341536167,449.775112443778
1088.73974645787,1802.13770817798,434.782608695652
1093.71116082525,1787.22346507581,449.775112443778
1093.71116082525,1744.96644295302,434.782608695652
1163.31096196868,1630.62391250311,434.782608695652
1170.76808351976,1700.22371364653,434.782608695652
1369.62465821526,1434.2530449913,449.775112443778
1469.05294556301,1491.42431021626,464.767616191904
1471.53865274671,1506.33855331842,434.782608695652
1474.0243599304,1513.7956748695,434.782608695652
1478.99577429779,1643.05244842158,449.775112443778
1511.30996768581,1635.59532687049,449.775112443778
1645.53815560527,1024.11135968183,449.775112443778
1645.53815560527,1014.16853094705,449.775112443778
932.14019388516,1205.56798409147,449.775112443778
944.568729803629,1066.36838180462,464.767616191904
956.997265722098,1066.36838180462,449.775112443778
1004.22570221228,1016.65423813075,449.775112443778
1006.71140939597,994.282873477504,464.767616191904
1009.19711657967,1014.16853094705,449.775112443778
1019.13994531444,1744.96644295302,464.767616191904
1056.42555306985,1014.16853094705,449.775112443778
1113.5968182948,1700.22371364653,464.767616191904
1312.45339299031,1091.22545364156,449.775112443778
1521.25279642058,1645.53815560527,449.775112443778
1648.02386278896,984.340044742729,464.767616191904
745.712155108128,1078.79691772309,479.76011994003
1001.73999502859,1009.19711657967,464.767616191904
1029.08277404922,1700.22371364653,464.767616191904
1036.5398956003,1643.05244842158,479.76011994003
1046.48272433507,1702.70942083023,464.767616191904
1068.85408898832,1660.45239870743,464.767616191904
1081.28262490679,1640.56674123788,464.767616191904
1086.25403927417,1779.76634352473,464.767616191904
1091.22545364156,1630.62391250311,464.767616191904
1103.65398956003,1615.70966940094,464.767616191904
1145.91101168282,1645.53815560527,464.767616191904
1292.56773552076,1083.76833209048,479.76011994003
1300.02485707184,1103.65398956003,479.76011994003
1319.91051454139,1086.25403927417,494.752623688156
1389.51031568481,1312.45339299031,509.745127436282
1498.88143176734,1508.82426050211,464.767616191904
1630.62391250311,1019.13994531444,464.767616191904
1173.25379070346,1155.8538404176,479.76011994003
1178.22520507084,1145.91101168282,479.76011994003
1193.13944817301,1153.36813323391,494.752623688156
1290.08202833706,1098.68257519264,494.752623688156
1367.13895103157,1255.28212776535,509.745127436282
1394.4817300522,1237.88217747949,509.745127436282
1391.99602286851,1257.76783494904,509.745127436282
1406.91026597067,1222.96793437733,509.745127436282
1411.88168033806,1275.1677852349,494.752623688156
1379.56748695004,1222.96793437733,509.745127436282
1394.4817300522,1292.56773552076,494.752623688156
1406.91026597067,1302.51056425553,494.752623688156
1429.28163062391,1240.36788466319,509.745127436282
1295.05344270445,1088.73974645787,509.745127436282
1300.02485707184,1096.19686800895,509.745127436282
1426.79592344022,1260.25354213274,509.745127436282
1309.96768580661,1091.22545364156,524.737631184408
