42.2570221227939,763.112105393985,44.9775112443778
72.0855083271191,753.16927665921,44.9775112443778
84.5140442455879,753.16927665921,29.9850074962519
141.685309470544,765.597812577678,29.9850074962519
129.256773552076,902.311707680835,14.9925037481259
156.599552572707,718.369376087497,29.9850074962519
176.485210042257,1737.50932140194,29.9850074962519
181.456624409645,1725.08078548347,14.9925037481259
208.799403430276,1707.68083519761,44.9775112443778
246.085011185682,673.626646781009,29.9850074962519
273.427790206314,840.169028088491,14.9925037481259
273.427790206314,852.59756400696,14.9925037481259
288.342033308476,850.111856823266,14.9925037481259
293.313447675864,882.426050211285,14.9925037481259
290.82774049217,845.140442455879,14.9925037481259
293.313447675864,852.59756400696,14.9925037481259
303.256276410639,847.626149639573,14.9925037481259
310.71339796172,830.226199353716,14.9925037481259
444.941585881183,2403.67884663187,29.9850074962519
454.884414615958,2413.62167536664,14.9925037481259
459.855828983346,2406.16455381556,14.9925037481259
574.198359433259,1083.76833209048,14.9925037481259
601.54113845389,1859.30897340293,14.9925037481259
611.483967188665,1849.36614466816,29.9850074962519
604.026845637584,1866.76609495401,14.9925037481259
616.455381556053,1861.79468058663,14.9925037481259
633.855331841909,1563.50981854338,14.9925037481259
643.798160576684,49.7141436738752,29.9850074962519
698.483718617947,1613.22396221725,29.9850074962519
686.055182699478,1665.42381307482,29.9850074962519
691.026597066866,1593.3383047477,29.9850074962519
710.912254536416,2289.33631618195,29.9850074962519
715.883668903803,1652.99527715635,29.9850074962519
723.340790454884,1682.82376336068,14.9925037481259
723.340790454884,1690.28088491176,29.9850074962519
728.312204822272,1575.93835446184,29.9850074962519
753.16927665921,1630.62391250311,14.9925037481259
775.540641312453,725.826497638578,29.9850074962519
782.997762863535,1280.13919960229,29.9850074962519
790.454884414616,1610.73825503356,29.9850074962519
810.340541884166,12.4285359184688,29.9850074962519
807.854834700472,1160.82525478499,14.9925037481259
820.283370618941,2.48570718369376,14.9925037481259
830.226199353716,2276.90778026349,14.9925037481259
835.197613721104,1648.02386278896,14.9925037481259
837.683320904797,1165.79666915237,14.9925037481259
837.683320904797,1138.45389013174,14.9925037481259
840.169028088491,2269.4506587124,14.9925037481259
837.683320904797,2301.76485210042,29.9850074962519
845.140442455879,2311.7076808352,14.9925037481259
852.59756400696,1150.88242605021,14.9925037481259
869.997514292816,1620.68108376833,14.9925037481259
869.997514292816,315.684812329108,29.9850074962519
872.48322147651,298.284862043251,29.9850074962519
882.426050211285,285.856326124783,14.9925037481259
884.911757394979,1943.82301764852,44.9775112443778
887.397464578673,293.313447675864,14.9925037481259
887.397464578673,2368.87894606015,29.9850074962519
894.854586129754,325.627641063883,29.9850074962519
904.797414864529,305.741983594333,29.9850074962519
902.311707680835,347.999005717127,29.9850074962519
907.283122048223,2373.85036042754,29.9850074962519
909.768829231916,320.656226696495,44.9775112443778
907.283122048223,2207.30797912006,29.9850074962519
1026.59706686552,519.512801391996,29.9850074962519
1076.3112105394,1150.88242605021,14.9925037481259
1086.25403927417,1148.39671886652,14.9925037481259
1240.36788466319,1160.82525478499,29.9850074962519
1387.02460850112,1235.3964702958,14.9925037481259
1387.02460850112,576.684066616953,44.9775112443778
1399.45314441959,1290.08202833706,14.9925037481259
1396.96743723589,1322.39622172508,44.9775112443778
1404.42455878698,1195.6251553567,44.9775112443778
1434.2530449913,1399.45314441959,44.9775112443778
1439.22445935869,1419.33880188914,29.9850074962519
1459.11011682824,1359.68182948049,14.9925037481259
1459.11011682824,231.17076808352,29.9850074962519
1478.99577429779,2050.70842654735,29.9850074962519
1474.0243599304,2120.30822769078,29.9850074962519
1486.45289584887,2035.79418344519,29.9850074962519
1493.91001739995,1404.42455878698,29.9850074962519
1501.36713895103,2013.42281879195,29.9850074962519
1508.82426050211,2060.65125528213,29.9850074962519
1528.70991797166,1389.51031568481,29.9850074962519
1528.70991797166,1966.19438230176,59.9700149925037
1580.90976882923,1227.93934874472,29.9850074962519
1598.30971911509,1240.36788466319,29.9850074962519
1672.8809346259,574.198359433259,44.9775112443778
1700.22371364653,594.084016902809,29.9850074962519
1717.62366393239,576.684066616953,29.9850074962519
1869.25180213771,1481.48148148148,44.9775112443778
1876.70892368879,1145.91101168282,29.9850074962519
1889.13745960726,1108.62540392742,44.9775112443778
1986.08003977131,1019.13994531444,29.9850074962519
2000.99428287348,1021.62565249814,29.9850074962519
2010.93711160825,1188.16803380562,44.9775112443778
2013.42281879195,1185.68232662192,14.9925037481259
2100.42257022123,2426.05021128511,29.9850074962519
2130.25105642555,2443.45016157097,29.9850074962519
2130.25105642555,1230.42505592841,44.9775112443778
2306.73626646781,1185.68232662192,29.9850074962519
14.9142431021626,750.683569475516,44.9775112443778
22.3713646532438,1469.05294556301,44.9775112443778
64.6283867760378,743.226447924435,29.9850074962519
109.371116082525,715.883668903803,29.9850074962519
129.256773552076,1784.73775789212,44.9775112443778
136.713895103157,750.683569475516,29.9850074962519
151.628138205319,750.683569475516,29.9850074962519
149.142431021626,775.540641312453,29.9850074962519
156.599552572707,770.569226945066,29.9850074962519
159.085259756401,760.626398210291,29.9850074962519
218.742232165051,1391.99602286851,44.9775112443778
223.713646532438,1692.76659209545,29.9850074962519
231.17076808352,1685.30947054437,59.9700149925037
241.113596818295,1384.53890131742,44.9775112443778
246.085011185682,1332.33905045986,29.9850074962519
265.970668655232,1367.13895103157,59.9700149925037
546.855580412627,1819.53765846383,29.9850074962519
613.969674372359,1568.48123291076,44.9775112443778
705.940840169028,1677.85234899329,44.9775112443778
708.426547352722,1695.25229927915,44.9775112443778
710.912254536416,1702.70942083023,29.9850074962519
730.797912005966,1739.99502858563,59.9700149925037
785.483470047228,1628.13820531941,29.9850074962519
845.140442455879,2276.90778026349,29.9850074962519
884.911757394979,1978.62291822023,59.9700149925037
892.36887894606,310.71339796172,44.9775112443778
1034.0541884166,2319.16480238628,29.9850074962519
1041.51130996769,2316.67909520259,44.9775112443778
1193.13944817301,1071.33979617201,29.9850074962519
1389.51031568481,1409.39597315436,29.9850074962519
1394.4817300522,1367.13895103157,44.9775112443778
1404.42455878698,1349.73900074571,29.9850074962519
1419.33880188914,1188.16803380562,29.9850074962519
1426.79592344022,1297.53914988814,29.9850074962519
1449.16728809346,2.48570718369376,44.9775112443778
1474.0243599304,1384.53890131742,29.9850074962519
1471.53865274671,2043.25130499627,29.9850074962519
1501.36713895103,1314.939100174,44.9775112443778
1506.33855331842,1309.96768580661,29.9850074962519
1521.25279642058,2048.22271936366,29.9850074962519
1531.19562515536,613.969674372359,29.9850074962519
1561.02411135968,1324.88192890877,29.9850074962519
1580.90976882923,889.883171762366,44.9775112443778
1583.39547601293,907.283122048223,44.9775112443778
1590.85259756401,914.740243599304,29.9850074962519
1824.50907283122,1565.99552572707,59.9700149925037
1839.42331593338,1488.93860303256,59.9700149925037
1886.65175242356,1483.96718866518,59.9700149925037
1894.10887397465,1130.99676858066,44.9775112443778
59.6569724086503,778.026348496147,44.9775112443778
124.285359184688,703.455132985334,44.9775112443778
171.513795674869,526.969922943077,44.9775112443778
201.342281879195,688.540889883172,44.9775112443778
206.313696246582,912.25453641561,44.9775112443778
206.313696246582,919.711657966692,44.9775112443778
211.28511061397,688.540889883172,44.9775112443778
216.256524981357,1377.08177976634,44.9775112443778
226.199353716132,735.769326373353,44.9775112443778
278.399204573701,850.111856823266,44.9775112443778
298.284862043251,1712.652249565,59.9700149925037
335.570469798658,1732.53790703455,59.9700149925037
343.027591349739,1700.22371364653,59.9700149925037
370.37037037037,1739.99502858563,59.9700149925037
407.655978125777,1849.36614466816,44.9775112443778
482.22719363659,1441.71016654238,44.9775112443778
549.341287596321,979.368630375342,74.9625187406297
584.141188168034,347.999005717127,59.9700149925037
691.026597066866,1158.33954760129,44.9775112443778
708.426547352722,1593.3383047477,44.9775112443778
718.369376087497,1605.76684066617,59.9700149925037
730.797912005966,1727.56649266716,44.9775112443778
758.140691026597,2249.56500124285,59.9700149925037
780.512055679841,2207.30797912006,59.9700149925037
768.083519761372,735.769326373353,44.9775112443778
800.397713149391,1583.39547601293,59.9700149925037
797.912005965697,2122.79393487447,44.9775112443778
797.912005965697,1630.62391250311,44.9775112443778
817.797663435247,2284.36490181457,44.9775112443778
830.226199353716,2276.90778026349,44.9775112443778
832.71190653741,2150.1367138951,74.9625187406297
845.140442455879,2309.2219736515,44.9775112443778
852.59756400696,1123.53964702958,44.9775112443778
887.397464578673,295.799154859558,44.9775112443778
887.397464578673,1963.70867511807,44.9775112443778
894.854586129754,288.342033308476,44.9775112443778
989.311459110117,1546.10986825752,44.9775112443778
1006.71140939597,417.598806860552,44.9775112443778
1019.13994531444,531.941337310465,44.9775112443778
1160.82525478499,820.283370618941,89.9550224887556
1384.53890131742,1300.02485707184,44.9775112443778
1411.88168033806,1302.51056425553,44.9775112443778
1414.36738752175,1314.939100174,44.9775112443778
1464.08153119563,0,44.9775112443778
1503.85284613473,2035.79418344519,44.9775112443778
1620.68108376833,561.76982351479,59.9700149925037
1645.53815560527,1538.65274670644,59.9700149925037
1675.36664180959,2160.07954262988,74.9625187406297
1692.76659209545,554.312701963709,44.9775112443778
1822.02336564753,1483.96718866518,59.9700149925037
1829.48048719861,1506.33855331842,59.9700149925037
1918.96594581158,1066.36838180462,74.9625187406297
29.8284862043251,745.712155108128,59.9700149925037
27.3427790206314,581.65548098434,89.9550224887556
49.7141436738752,787.969177230922,59.9700149925037
54.6855580412627,554.312701963709,74.9625187406297
72.0855083271191,792.94059159831,59.9700149925037
77.0569226945066,1874.2232165051,89.9550224887556
106.885408898832,1590.85259756401,104.947526236882
131.742480735769,700.969425801641,59.9700149925037
171.513795674869,713.397961720109,59.9700149925037
178.970917225951,526.969922943077,74.9625187406297
206.313696246582,1357.19612229679,74.9625187406297
213.770817797663,909.768829231916,89.9550224887556
223.713646532438,688.540889883172,59.9700149925037
223.713646532438,1384.53890131742,59.9700149925037
233.656475267214,740.740740740741,74.9625187406297
236.142182450907,730.797912005966,59.9700149925037
243.599304001989,733.283619189659,59.9700149925037
243.599304001989,904.797414864529,74.9625187406297
241.113596818295,1347.25329356202,89.9550224887556
243.599304001989,1414.36738752175,89.9550224887556
241.113596818295,917.225950782998,74.9625187406297
243.599304001989,708.426547352722,59.9700149925037
258.513547104151,1329.85334327616,74.9625187406297
260.999254287845,1401.93885160328,89.9550224887556
308.227690778026,1712.652249565,59.9700149925037
325.627641063883,201.342281879195,89.9550224887556
357.941834451902,561.76982351479,89.9550224887556
415.113099676858,1844.39473030077,59.9700149925037
494.655729555058,477.255779269202,74.9625187406297
499.627143922446,1456.62440964454,59.9700149925037
589.112602535421,335.570469798658,59.9700149925037
596.569724086503,347.999005717127,59.9700149925037
623.912503107134,303.256276410639,89.9550224887556
638.826746209297,256.027839920457,89.9550224887556
653.740989311459,285.856326124783,74.9625187406297
673.626646781009,1563.50981854338,74.9625187406297
671.140939597315,683.569475515784,89.9550224887556
688.540889883172,1548.59557544121,89.9550224887556
705.940840169028,1150.88242605021,59.9700149925037
720.855083271191,1126.02535421327,74.9625187406297
778.026348496147,735.769326373353,59.9700149925037
805.369127516779,2117.82252050708,74.9625187406297
812.82624906786,1625.65249813572,59.9700149925037
837.683320904797,2264.47924434502,59.9700149925037
837.683320904797,1590.85259756401,59.9700149925037
842.654735272185,1593.3383047477,59.9700149925037
845.140442455879,2252.05070842655,59.9700149925037
857.568978374347,1633.1096196868,59.9700149925037
860.054685558041,1640.56674123788,74.9625187406297
867.511807109123,1608.25254784986,74.9625187406297
884.911757394979,1899.08028834203,89.9550224887556
902.311707680835,293.313447675864,59.9700149925037
912.25453641561,347.999005717127,59.9700149925037
917.225950782998,320.656226696495,59.9700149925037
996.768580661198,1543.62416107383,59.9700149925037
1014.16853094705,417.598806860552,89.9550224887556
1034.0541884166,2085.50832711907,89.9550224887556
1098.68257519264,1148.39671886652,59.9700149925037
1118.56823266219,611.483967188665,89.9550224887556
1150.88242605021,1635.59532687049,89.9550224887556
1160.82525478499,1680.33805617698,74.9625187406297
1180.71091225454,840.169028088491,74.9625187406297
1208.05369127517,909.768829231916,89.9550224887556
1357.19612229679,489.684315187671,74.9625187406297
1387.02460850112,1178.22520507084,89.9550224887556
1382.05319413373,2378.82177479493,89.9550224887556
1421.82450907283,1135.96818294805,89.9550224887556
1454.13870246085,1394.4817300522,59.9700149925037
1476.51006711409,1163.31096196868,59.9700149925037
1558.53840417599,1300.02485707184,74.9625187406297
1598.30971911509,917.225950782998,89.9550224887556
1620.68108376833,1556.05269699229,59.9700149925037
1697.73800646284,2177.47949291573,59.9700149925037
1936.36589609744,1076.3112105394,74.9625187406297
27.3427790206314,1118.56823266219,89.9550224887556
59.6569724086503,1135.96818294805,74.9625187406297
181.456624409645,1643.05244842158,89.9550224887556
256.027839920457,715.883668903803,74.9625187406297
273.427790206314,879.940343027591,104.947526236882
305.741983594333,1364.65324384787,89.9550224887556
310.71339796172,1409.39597315436,74.9625187406297
340.541884166045,203.827989062888,89.9550224887556
442.455878697489,412.627392493164,74.9625187406297
467.312950534427,392.741735023614,89.9550224887556
492.170022371365,492.170022371365,89.9550224887556
517.027094208302,1744.96644295302,89.9550224887556
529.455630126771,1488.93860303256,74.9625187406297
536.912751677852,1717.62366393239,89.9550224887556
534.427044494159,1757.39497887149,134.932533733133
571.712652249565,1792.1948794432,89.9550224887556
574.198359433259,1471.53865274671,74.9625187406297
589.112602535421,1046.48272433507,89.9550224887556
586.626895351728,1019.13994531444,104.947526236882
596.569724086503,1789.70917225951,89.9550224887556
613.969674372359,1041.51130996769,104.947526236882
661.19811086254,1536.16703952274,89.9550224887556
668.655232413622,270.94208302262,74.9625187406297
691.026597066866,298.284862043251,74.9625187406297
698.483718617947,1138.45389013174,89.9550224887556
703.455132985334,1118.56823266219,89.9550224887556
730.797912005966,1140.93959731544,89.9550224887556
852.59756400696,1600.79542629878,74.9625187406297
884.911757394979,1638.08103405419,89.9550224887556
937.111608252548,626.398210290828,119.940029985007
1071.33979617201,1551.08128262491,89.9550224887556
1150.88242605021,1648.02386278896,74.9625187406297
1153.36813323391,830.226199353716,74.9625187406297
1170.76808351976,847.626149639573,104.947526236882
1185.68232662192,1685.30947054437,104.947526236882
1508.82426050211,2249.56500124285,104.947526236882
1600.79542629878,929.654486701467,104.947526236882
1630.62391250311,447.427293064877,89.9550224887556
1707.68083519761,907.283122048223,104.947526236882
1707.68083519761,897.340293313448,74.9625187406297
1789.70917225951,2020.87994034303,89.9550224887556
1804.62341536167,1481.48148148148,89.9550224887556
2142.67959234402,1715.13795674869,89.9550224887556
2.48570718369376,604.026845637584,104.947526236882
12.4285359184688,1143.42530449913,89.9550224887556
54.6855580412627,536.912751677852,104.947526236882
156.599552572707,1916.48023862789,104.947526236882
226.199353716132,889.883171762366,89.9550224887556
231.17076808352,1409.39597315436,89.9550224887556
238.627889634601,1387.02460850112,89.9550224887556
263.484961471539,867.511807109123,89.9550224887556
430.027342779021,1876.70892368879,89.9550224887556
444.941585881183,392.741735023614,89.9550224887556
467.312950534427,1183.19661943823,89.9550224887556
474.770072085508,447.427293064877,104.947526236882
479.741486452896,551.826994780015,89.9550224887556
497.141436738752,1702.70942083023,119.940029985007
504.598558289833,524.484215759384,89.9550224887556
509.569972657221,519.512801391996,89.9550224887556
507.084265473527,529.455630126771,89.9550224887556
556.798409147402,1744.96644295302,89.9550224887556
554.312701963709,1774.79492915735,104.947526236882
551.826994780015,1822.02336564753,89.9550224887556
566.741237882178,1717.62366393239,119.940029985007
571.712652249565,1757.39497887149,104.947526236882
561.76982351479,1812.08053691275,134.932533733133
589.112602535421,335.570469798658,89.9550224887556
606.512552821278,1809.59482972906,89.9550224887556
616.455381556053,1799.65200099428,104.947526236882
621.42679592344,1573.45264727815,119.940029985007
666.169525229928,320.656226696495,89.9550224887556
735.769326373353,288.342033308476,104.947526236882
810.340541884166,1628.13820531941,89.9550224887556
825.254784986329,228.685060899826,89.9550224887556
889.883171762366,1911.5088242605,89.9550224887556
1046.48272433507,407.655978125777,119.940029985007
1053.93984588615,1531.19562515536,89.9550224887556
1130.99676858066,616.455381556053,104.947526236882
1168.28237633607,869.997514292816,119.940029985007
1165.79666915237,1926.42306736266,119.940029985007
1225.45364156102,1817.05195128014,119.940029985007
1240.36788466319,1839.42331593338,104.947526236882
1245.33929903057,275.913497390007,119.940029985007
1347.25329356202,437.484464330102,104.947526236882
1352.22470792941,447.427293064877,89.9550224887556
1396.96743723589,1185.68232662192,89.9550224887556
1474.0243599304,1163.31096196868,89.9550224887556
1488.93860303256,2232.165050957,104.947526236882
1541.13845389013,695.998011434253,119.940029985007
1583.39547601293,924.683072334079,89.9550224887556
1595.82401193139,947.054436987323,104.947526236882
1774.79492915735,2010.93711160825,134.932533733133
49.7141436738752,526.969922943077,119.940029985007
69.5998011434253,531.941337310465,119.940029985007
72.0855083271191,618.941088739746,134.932533733133
91.9711657966692,1041.51130996769,104.947526236882
151.628138205319,1650.50956997266,104.947526236882
151.628138205319,1628.13820531941,134.932533733133
196.370867511807,887.397464578673,104.947526236882
206.313696246582,1650.50956997266,119.940029985007
211.28511061397,904.797414864529,104.947526236882
251.05642555307,887.397464578673,119.940029985007
268.456375838926,939.597315436242,134.932533733133
340.541884166045,1600.79542629878,119.940029985007
380.313199105145,633.855331841909,149.925037481259
457.370121799652,482.22719363659,119.940029985007
459.855828983346,171.513795674869,104.947526236882
469.798657718121,1173.25379070346,119.940029985007
529.455630126771,1690.28088491176,119.940029985007
534.427044494159,1824.50907283122,104.947526236882
574.198359433259,1774.79492915735,104.947526236882
596.569724086503,1831.9661943823,134.932533733133
594.084016902809,343.027591349739,104.947526236882
623.912503107134,1784.73775789212,104.947526236882
681.08376833209,678.598061148397,104.947526236882
795.426298782004,310.71339796172,134.932533733133
877.454635843898,1650.50956997266,104.947526236882
922.197365150385,1014.16853094705,134.932533733133
1145.91101168282,502.11285110614,119.940029985007
1173.25379070346,1655.48098434004,119.940029985007
1173.25379070346,1670.39522744221,104.947526236882
1337.31046482724,400.198856574696,104.947526236882
1347.25329356202,462.34153616704,104.947526236882
1379.56748695004,469.798657718121,104.947526236882
1384.53890131742,1220.48222719364,134.932533733133
1387.02460850112,474.770072085508,104.947526236882
1481.48148148148,444.941585881183,134.932533733133
1498.88143176734,2219.73651503853,104.947526236882
1705.19512801392,892.36887894606,119.940029985007
1717.62366393239,902.311707680835,119.940029985007
1782.25205070843,1543.62416107383,119.940029985007
1782.25205070843,1511.30996768581,104.947526236882
1936.36589609744,775.540641312453,119.940029985007
2090.47974148645,1881.68033805618,134.932533733133
2142.67959234402,1891.62316679095,119.940029985007
2286.85060899826,1531.19562515536,119.940029985007
2304.25055928412,1558.53840417599,104.947526236882
2321.65050956997,1573.45264727815,134.932533733133
2339.05045985583,1690.28088491176,149.925037481259
2388.7646035297,1098.68257519264,119.940029985007
2450.90728312205,1372.11036539896,119.940029985007
2450.90728312205,1476.51006711409,134.932533733133
47.2284364901815,561.76982351479,119.940029985007
59.6569724086503,1652.99527715635,134.932533733133
86.9997514292816,1039.02560278399,149.925037481259
243.599304001989,865.026099925429,119.940029985007
260.999254287845,865.026099925429,119.940029985007
260.999254287845,909.768829231916,119.940029985007
263.484961471539,956.997265722098,134.932533733133
278.399204573701,1926.42306736266,149.925037481259
295.799154859558,1941.33731046483,149.925037481259
315.684812329108,1588.36689038031,149.925037481259
325.627641063883,1575.93835446184,149.925037481259
335.570469798658,574.198359433259,119.940029985007
355.456127268208,1590.85259756401,134.932533733133
499.627143922446,198.856574695501,119.940029985007
504.598558289833,203.827989062888,119.940029985007
514.541387024609,1730.05219985086,134.932533733133
514.541387024609,1779.76634352473,134.932533733133
524.484215759384,1638.08103405419,134.932533733133
536.912751677852,1804.62341536167,119.940029985007
534.427044494159,1730.05219985086,119.940029985007
539.398458861546,1633.1096196868,134.932533733133
566.741237882178,263.484961471539,119.940029985007
571.712652249565,1623.16679095203,134.932533733133
594.084016902809,952.02585135471,134.932533733133
591.598309719115,1744.96644295302,119.940029985007
596.569724086503,216.256524981357,119.940029985007
591.598309719115,1523.73850360428,149.925037481259
608.998260004971,999.254287844892,119.940029985007
611.483967188665,1767.33780760626,119.940029985007
613.969674372359,1009.19711657967,119.940029985007
626.398210290828,1814.56624409645,119.940029985007
748.197862291822,1483.96718866518,134.932533733133
815.311956251554,300.770569226945,134.932533733133
894.854586129754,1652.99527715635,119.940029985007
899.826000497141,1635.59532687049,134.932533733133
952.02585135471,613.969674372359,119.940029985007
976.882923191648,646.283867760378,149.925037481259
1145.91101168282,1657.96669152374,119.940029985007
1203.08227690778,1824.50907283122,119.940029985007
1205.56798409147,1846.88043748446,119.940029985007
1215.51081282625,795.426298782004,149.925037481259
1215.51081282625,1834.451901566,119.940029985007
1275.1677852349,412.627392493164,119.940029985007
1297.53914988814,412.627392493164,119.940029985007
1401.93885160328,2264.47924434502,119.940029985007
1421.82450907283,2010.93711160825,149.925037481259
1471.53865274671,2237.13646532438,164.917541229385
1493.91001739995,442.455878697489,149.925037481259
1501.36713895103,2087.99403430276,134.932533733133
1518.76708923689,2378.82177479493,119.940029985007
1556.05269699229,2192.3937360179,149.925037481259
1620.68108376833,2309.2219736515,149.925037481259
1881.68033805618,462.34153616704,119.940029985007
1948.79443201591,2058.16554809843,134.932533733133
2097.93686303753,1643.05244842158,149.925037481259
2110.365398956,1640.56674123788,134.932533733133
2112.8511061397,1725.08078548347,119.940029985007
2117.82252050708,1600.79542629878,149.925037481259
2167.53666418096,571.712652249565,119.940029985007
2177.47949291573,556.798409147402,134.932533733133
2271.9363658961,1521.25279642058,119.940029985007
2271.9363658961,1511.30996768581,119.940029985007
2279.39348744718,1498.88143176734,134.932533733133
2344.02187422322,1705.19512801392,119.940029985007
2361.42182450907,1697.73800646284,134.932533733133
2361.42182450907,1685.30947054437,119.940029985007
2440.96445438727,1722.59507829978,119.940029985007
2468.3072334079,1715.13795674869,149.925037481259
305.741983594333,1635.59532687049,134.932533733133
313.199105145414,1635.59532687049,134.932533733133
442.455878697489,159.085259756401,134.932533733133
449.913000248571,1277.65349241859,164.917541229385
454.884414615958,1322.39622172508,149.925037481259
464.827243350733,1332.33905045986,164.917541229385
472.284364901815,1297.53914988814,149.925037481259
489.684315187671,243.599304001989,134.932533733133
499.627143922446,238.627889634601,149.925037481259
521.99850857569,1802.13770817798,149.925037481259
531.941337310465,2147.65100671141,134.932533733133
554.312701963709,1625.65249813572,134.932533733133
551.826994780015,1725.08078548347,134.932533733133
556.798409147402,1531.19562515536,134.932533733133
556.798409147402,1610.73825503356,164.917541229385
594.084016902809,1759.88068605518,134.932533733133
604.026845637584,1749.93785732041,164.917541229385
695.998011434253,2189.9080288342,149.925037481259
912.25453641561,1053.93984588615,149.925037481259
1133.48247576436,1961.22296793438,134.932533733133
1220.48222719364,1809.59482972906,149.925037481259
1257.76783494904,862.540392741735,179.910044977511
1391.99602286851,2257.02212279394,134.932533733133
1401.93885160328,2289.33631618195,164.917541229385
1498.88143176734,2334.07904548844,149.925037481259
1508.82426050211,2371.36465324385,134.932533733133
1516.28138205319,2336.56475267214,134.932533733133
1533.68133233905,2339.05045985583,134.932533733133
1620.68108376833,1277.65349241859,164.917541229385
1633.1096196868,1262.73924931643,149.925037481259
1752.4235645041,278.399204573701,149.925037481259
1762.36639323888,1150.88242605021,164.917541229385
1769.82351478996,333.084762614964,164.917541229385
1774.79492915735,1981.10862540393,134.932533733133
1797.16629381059,2010.93711160825,134.932533733133
1802.13770817798,2150.1367138951,149.925037481259
1804.62341536167,2165.05095699727,164.917541229385
1854.33755903555,380.313199105145,134.932533733133
1896.59458115834,2060.65125528213,179.910044977511
1899.08028834203,437.484464330102,134.932533733133
1906.53740989311,2197.36515038528,164.917541229385
2003.47999005717,1051.45413870246,164.917541229385
2083.02261993537,1603.28113348248,149.925037481259
2095.45115585384,1580.90976882923,164.917541229385
2107.87969177231,1565.99552572707,134.932533733133
2162.56524981357,564.255530698484,134.932533733133
2266.96495152871,1551.08128262491,134.932533733133
2348.9932885906,1675.36664180959,134.932533733133
2373.85036042754,1675.36664180959,134.932533733133
2435.99304001989,1374.59607258265,164.917541229385
2443.45016157097,1712.652249565,164.917541229385
2443.45016157097,1727.56649266716,149.925037481259
2453.39299030574,1501.36713895103,164.917541229385
2460.85011185682,1459.11011682824,149.925037481259
2463.33581904052,1349.73900074571,164.917541229385
206.313696246582,1648.02386278896,149.925037481259
246.085011185682,981.854337559036,149.925037481259
303.256276410639,947.054436987323,164.917541229385
410.141685309471,666.169525229928,149.925037481259
417.598806860552,318.170519512801,179.910044977511
425.055928411633,1317.42480735769,164.917541229385
434.998757146408,1314.939100174,149.925037481259
457.370121799652,1304.99627143922,149.925037481259
472.284364901815,1314.939100174,179.910044977511
536.912751677852,1812.08053691275,149.925037481259
536.912751677852,241.113596818295,179.910044977511
551.826994780015,1556.05269699229,149.925037481259
554.312701963709,1869.25180213771,164.917541229385
566.741237882178,1739.99502858563,164.917541229385
586.626895351728,1511.30996768581,149.925037481259
591.598309719115,1503.85284613473,164.917541229385
599.055431270196,1513.7956748695,149.925037481259
604.026845637584,1541.13845389013,149.925037481259
686.055182699478,432.513049962714,179.910044977511
713.397961720109,1511.30996768581,149.925037481259
725.826497638578,2224.70792940592,149.925037481259
748.197862291822,275.913497390007,149.925037481259
758.140691026597,270.94208302262,164.917541229385
763.112105393985,576.684066616953,179.910044977511
775.540641312453,1690.28088491176,164.917541229385
778.026348496147,1717.62366393239,164.917541229385
792.94059159831,1677.85234899329,179.910044977511
792.94059159831,1710.16654238131,164.917541229385
954.511558538404,618.941088739746,149.925037481259
961.968680089485,638.826746209297,149.925037481259
1118.56823266219,1956.25155356699,149.925037481259
1188.16803380562,840.169028088491,164.917541229385
1232.91076311211,894.854586129754,149.925037481259
1252.79642058166,907.283122048223,179.910044977511
1257.76783494904,889.883171762366,179.910044977511
1384.53890131742,740.740740740741,164.917541229385
1439.22445935869,2018.39423315933,149.925037481259
1496.39572458364,2351.4789957743,149.925037481259
1531.19562515536,2376.33606761124,149.925037481259
1625.65249813572,2299.27914491673,149.925037481259
1630.62391250311,2346.50758140691,164.917541229385
1764.85210042257,315.684812329108,164.917541229385
1787.22346507581,2187.42232165051,164.917541229385
1844.39473030077,2167.53666418096,164.917541229385
1854.33755903555,400.198856574696,149.925037481259
1889.13745960726,2179.96520009943,179.910044977511
1891.62316679095,2160.07954262988,179.910044977511
2075.56549838429,1730.05219985086,179.910044977511
2105.39398458862,1618.19537658464,149.925037481259
2150.1367138951,1595.82401193139,149.925037481259
2172.50807854835,574.198359433259,149.925037481259
2274.42207307979,1521.25279642058,149.925037481259
2351.4789957743,919.711657966692,149.925037481259
2356.45041014169,1707.68083519761,149.925037481259
228.685060899826,961.968680089485,164.917541229385
265.970668655232,969.425801640567,179.910044977511
265.970668655232,618.941088739746,179.910044977511
283.370618941089,937.111608252548,164.917541229385
295.799154859558,934.625901068854,164.917541229385
295.799154859558,611.483967188665,164.917541229385
318.170519512801,914.740243599304,164.917541229385
347.999005717127,1575.93835446184,164.917541229385
350.48471290082,1583.39547601293,164.917541229385
385.284613472533,1551.08128262491,194.902548725637
434.998757146408,323.141933880189,179.910044977511
484.712900820283,1319.91051454139,179.910044977511
502.11285110614,1297.53914988814,179.910044977511
504.598558289833,1826.99478001491,194.902548725637
512.055679840915,1861.79468058663,164.917541229385
524.484215759384,1874.2232165051,164.917541229385
529.455630126771,2150.1367138951,179.910044977511
526.969922943077,1822.02336564753,179.910044977511
551.826994780015,1814.56624409645,164.917541229385
576.684066616953,1732.53790703455,179.910044977511
611.483967188665,280.884911757395,194.902548725637
613.969674372359,1516.28138205319,179.910044977511
631.369624658215,1737.50932140194,179.910044977511
636.341039025603,1712.652249565,179.910044977511
641.31245339299,1784.73775789212,179.910044977511
648.769574944072,1739.99502858563,194.902548725637
651.255282127765,2194.87944320159,179.910044977511
651.255282127765,2152.6224210788,194.902548725637
658.712403678847,1759.88068605518,179.910044977511
683.569475515784,2212.27939348745,164.917541229385
681.08376833209,2177.47949291573,194.902548725637
705.940840169028,2162.56524981357,194.902548725637
735.769326373353,1869.25180213771,179.910044977511
768.083519761372,1854.33755903555,164.917541229385
773.05493412876,1650.50956997266,164.917541229385
927.168779517773,1039.02560278399,179.910044977511
966.940094456873,705.940840169028,194.902548725637
1051.45413870246,2301.76485210042,194.902548725637
1098.68257519264,1317.42480735769,179.910044977511
1118.56823266219,1282.62490678598,179.910044977511
1128.51106139697,2361.42182450907,194.902548725637
1203.08227690778,2179.96520009943,179.910044977511
1235.3964702958,720.855083271191,179.910044977511
1232.91076311211,867.511807109123,164.917541229385
1240.36788466319,867.511807109123,164.917541229385
1260.25354213274,432.513049962714,179.910044977511
1265.22495650012,750.683569475516,194.902548725637
1275.1677852349,785.483470047228,179.910044977511
1295.05344270445,715.883668903803,164.917541229385
1334.82475764355,648.769574944072,179.910044977511
1374.59607258265,750.683569475516,164.917541229385
1551.08128262491,1983.59433258762,179.910044977511
1565.99552572707,2008.45140442456,179.910044977511
1620.68108376833,2244.59358687547,164.917541229385
1620.68108376833,2269.4506587124,194.902548725637
1670.39522744221,703.455132985334,194.902548725637
1695.25229927915,2346.50758140691,164.917541229385
1695.25229927915,2336.56475267214,179.910044977511
1732.53790703455,2266.96495152871,194.902548725637
1744.96644295302,300.770569226945,179.910044977511
1787.22346507581,2167.53666418096,164.917541229385
1856.82326621924,380.313199105145,164.917541229385
1899.08028834203,1570.96694009446,194.902548725637
1899.08028834203,2025.85135471042,164.917541229385
1993.5371613224,1036.5398956003,164.917541229385
2127.76534924186,1730.05219985086,194.902548725637
2160.07954262988,564.255530698484,164.917541229385
2269.4506587124,1250.31071339796,194.902548725637
2376.33606761124,1240.36788466319,194.902548725637
2373.85036042754,1222.96793437733,164.917541229385
2418.59308973403,1163.31096196868,164.917541229385
2475.76435495899,1687.79517772806,179.910044977511
126.771066368382,832.71190653741,209.895052473763
159.085259756401,631.369624658215,194.902548725637
270.94208302262,631.369624658215,179.910044977511
308.227690778026,631.369624658215,179.910044977511
310.71339796172,459.855828983346,194.902548725637
328.113348247576,454.884414615958,179.910044977511
330.59905543127,579.169773800646,194.902548725637
330.59905543127,459.855828983346,179.910044977511
395.227442207308,666.169525229928,194.902548725637
434.998757146408,1332.33905045986,194.902548725637
449.913000248571,1312.45339299031,194.902548725637
492.170022371365,243.599304001989,179.910044977511
504.598558289833,1804.62341536167,194.902548725637
509.569972657221,1329.85334327616,179.910044977511
521.99850857569,2050.70842654735,179.910044977511
524.484215759384,2040.76559781258,179.910044977511
526.969922943077,2063.13696246582,179.910044977511
541.88416604524,1382.05319413373,194.902548725637
579.169773800646,1531.19562515536,179.910044977511
594.084016902809,1538.65274670644,179.910044977511
591.598309719115,1861.79468058663,179.910044977511
591.598309719115,270.94208302262,194.902548725637
591.598309719115,283.370618941089,194.902548725637
594.084016902809,325.627641063883,194.902548725637
601.54113845389,206.313696246582,209.895052473763
606.512552821278,300.770569226945,209.895052473763
604.026845637584,263.484961471539,194.902548725637
613.969674372359,1536.16703952274,179.910044977511
631.369624658215,1759.88068605518,179.910044977511
668.655232413622,2187.42232165051,194.902548725637
686.055182699478,1737.50932140194,224.887556221889
698.483718617947,1501.36713895103,179.910044977511
720.855083271191,2214.76510067114,179.910044977511
723.340790454884,2224.70792940592,179.910044977511
778.026348496147,2199.85085756898,194.902548725637
795.426298782004,2199.85085756898,194.902548725637
837.683320904797,2005.96569724086,194.902548725637
884.911757394979,1963.70867511807,194.902548725637
902.311707680835,1973.65150385285,194.902548725637
909.768829231916,1993.5371613224,194.902548725637
919.711657966692,1998.50857568978,194.902548725637
964.454387273179,1063.88267462093,194.902548725637
964.454387273179,638.826746209297,194.902548725637
966.940094456873,1556.05269699229,179.910044977511
976.882923191648,710.912254536416,179.910044977511
986.825751926423,479.741486452896,179.910044977511
991.797166293811,1096.19686800895,194.902548725637
1001.73999502859,1071.33979617201,194.902548725637
1029.08277404922,1764.85210042257,179.910044977511
1046.48272433507,253.542132736764,194.902548725637
1053.93984588615,236.142182450907,179.910044977511
1051.45413870246,124.285359184688,194.902548725637
1061.39696743724,164.056674123788,209.895052473763
1076.3112105394,248.570718369376,194.902548725637
1101.16828237634,1677.85234899329,179.910044977511
1118.56823266219,1314.939100174,179.910044977511
1128.51106139697,1309.96768580661,179.910044977511
1190.65374098931,825.254784986329,179.910044977511
1193.13944817301,1312.45339299031,179.910044977511
1203.08227690778,420.084514044246,179.910044977511
1227.93934874472,705.940840169028,179.910044977511
1235.3964702958,892.36887894606,179.910044977511
1240.36788466319,1262.73924931643,194.902548725637
1252.79642058166,872.48322147651,179.910044977511
1260.25354213274,770.569226945066,179.910044977511
1260.25354213274,822.769077802635,209.895052473763
1267.71066368382,444.941585881183,179.910044977511
1265.22495650012,196.370867511807,194.902548725637
1270.19637086751,810.340541884166,194.902548725637
1275.1677852349,705.940840169028,194.902548725637
1280.13919960229,805.369127516779,179.910044977511
1287.59632115337,213.770817797663,209.895052473763
1300.02485707184,812.82624906786,194.902548725637
1300.02485707184,2358.93611732538,179.910044977511
1322.39622172508,2331.59333830475,194.902548725637
1334.82475764355,2353.96470295799,179.910044977511
1506.33855331842,2368.87894606015,179.910044977511
1518.76708923689,298.284862043251,194.902548725637
1551.08128262491,2311.7076808352,209.895052473763
1553.5669898086,2219.73651503853,179.910044977511
1573.45264727815,2321.65050956997,194.902548725637
1583.39547601293,2291.82202336565,224.887556221889
1583.39547601293,2010.93711160825,194.902548725637
1585.88118319662,2341.53616703952,194.902548725637
1588.36689038031,1983.59433258762,194.902548725637
1603.28113348248,2324.13621675367,209.895052473763
1623.16679095203,2229.6793437733,179.910044977511
1628.13820531941,2229.6793437733,179.910044977511
1645.53815560527,198.856574695501,194.902548725637
1665.42381307482,1183.19661943823,179.910044977511
1667.90952025851,1185.68232662192,179.910044977511
1680.33805617698,720.855083271191,194.902548725637
1695.25229927915,1188.16803380562,194.902548725637
1705.19512801392,1034.0541884166,209.895052473763
1702.70942083023,2361.42182450907,179.910044977511
1804.62341536167,2197.36515038528,179.910044977511
1831.9661943823,442.455878697489,179.910044977511
2040.76559781258,894.854586129754,194.902548725637
2083.02261993537,1752.4235645041,179.910044977511
2095.45115585384,1613.22396221725,179.910044977511
2100.42257022123,554.312701963709,194.902548725637
2115.33681332339,710.912254536416,194.902548725637
2120.30822769078,1615.70966940094,179.910044977511
2140.19388516033,1707.68083519761,194.902548725637
2145.16529952772,1737.50932140194,179.910044977511
2155.10812826249,1590.85259756401,179.910044977511
2252.05070842655,1255.28212776535,179.910044977511
2289.33631618195,1735.02361421825,224.887556221889
2321.65050956997,1083.76833209048,209.895052473763
2351.4789957743,914.740243599304,179.910044977511
2363.90753169277,1185.68232662192,194.902548725637
2386.27889634601,1220.48222719364,179.910044977511
2391.2503107134,1235.3964702958,179.910044977511
2401.19313944817,1225.45364156102,179.910044977511
2470.7929405916,1672.8809346259,179.910044977511
159.085259756401,902.311707680835,194.902548725637
305.741983594333,718.369376087497,194.902548725637
313.199105145414,728.312204822272,194.902548725637
355.456127268208,1814.56624409645,209.895052473763
417.598806860552,1312.45339299031,194.902548725637
474.770072085508,345.513298533433,194.902548725637
489.684315187671,1374.59607258265,194.902548725637
539.398458861546,305.741983594333,209.895052473763
529.455630126771,1916.48023862789,194.902548725637
554.312701963709,280.884911757395,209.895052473763
556.798409147402,228.685060899826,194.902548725637
589.112602535421,191.39945314442,209.895052473763
656.226696495153,1769.82351478996,194.902548725637
663.683818046234,308.227690778026,209.895052473763
666.169525229928,1769.82351478996,194.902548725637
683.569475515784,1772.30922197365,209.895052473763
683.569475515784,1779.76634352473,194.902548725637
713.397961720109,2202.33656475267,194.902548725637
715.883668903803,2187.42232165051,194.902548725637
720.855083271191,2132.73676360925,224.887556221889
730.797912005966,280.884911757395,194.902548725637
760.626398210291,2170.02237136465,194.902548725637
770.569226945066,2177.47949291573,194.902548725637
775.540641312453,2162.56524981357,209.895052473763
855.083271190654,1963.70867511807,224.887556221889
869.997514292816,2003.47999005717,209.895052473763
874.968928660204,2187.42232165051,209.895052473763
884.911757394979,1471.53865274671,209.895052473763
907.283122048223,1938.85160328113,209.895052473763
919.711657966692,1978.62291822023,194.902548725637
937.111608252548,2008.45140442456,209.895052473763
939.597315436242,810.340541884166,194.902548725637
966.940094456873,1583.39547601293,194.902548725637
1004.22570221228,1528.70991797166,209.895052473763
1011.68282376336,1531.19562515536,194.902548725637
1043.99701715138,161.570966940094,209.895052473763
1043.99701715138,146.656723837932,194.902548725637
1163.31096196868,1227.93934874472,194.902548725637
1198.11086254039,2376.33606761124,194.902548725637
1220.48222719364,484.712900820283,209.895052473763
1232.91076311211,459.855828983346,194.902548725637
1240.36788466319,952.02585135471,209.895052473763
1240.36788466319,730.797912005966,194.902548725637
1260.25354213274,897.340293313448,194.902548725637
1275.1677852349,1053.93984588615,224.887556221889
1285.11061396967,1086.25403927417,209.895052473763
1287.59632115337,1066.36838180462,194.902548725637
1290.08202833706,1048.96843151877,194.902548725637
1304.99627143922,1066.36838180462,194.902548725637
1307.48197862292,2346.50758140691,194.902548725637
1307.48197862292,1081.28262490679,209.895052473763
1543.62416107383,380.313199105145,194.902548725637
1556.05269699229,2010.93711160825,224.887556221889
1568.48123291076,2334.07904548844,194.902548725637
1570.96694009446,2363.90753169277,209.895052473763
1585.88118319662,2271.9363658961,194.902548725637
1603.28113348248,333.084762614964,194.902548725637
1625.65249813572,2252.05070842655,194.902548725637
1680.33805617698,1198.11086254039,209.895052473763
1687.79517772806,482.22719363659,224.887556221889
1695.25229927915,1205.56798409147,194.902548725637
1717.62366393239,1190.65374098931,194.902548725637
1735.02361421825,380.313199105145,194.902548725637
1744.96644295302,855.083271190654,194.902548725637
1752.4235645041,293.313447675864,194.902548725637
1831.9661943823,437.484464330102,209.895052473763
1849.36614466816,2053.19413373105,209.895052473763
1856.82326621924,2028.33706189411,209.895052473763
1899.08028834203,2137.70817797663,209.895052473763
1913.9945314442,1869.25180213771,194.902548725637
2038.27989062888,879.940343027591,209.895052473763
2043.25130499627,909.768829231916,194.902548725637
2145.16529952772,551.826994780015,194.902548725637
2157.59383544618,966.940094456873,209.895052473763
2170.02237136465,981.854337559036,209.895052473763
2194.87944320159,1737.50932140194,194.902548725637
2219.73651503853,1727.56649266716,194.902548725637
2219.73651503853,1884.16604523987,209.895052473763
2227.19363658961,1851.85185185185,194.902548725637
2227.19363658961,1874.2232165051,194.902548725637
2249.56500124285,1737.50932140194,224.887556221889
2242.10787969177,1859.30897340293,209.895052473763
2244.59358687547,1884.16604523987,194.902548725637
2269.4506587124,1265.22495650012,209.895052473763
2309.2219736515,1083.76833209048,209.895052473763
2346.50758140691,1237.88217747949,194.902548725637
2351.4789957743,1188.16803380562,209.895052473763
2356.45041014169,1225.45364156102,209.895052473763
2366.39323887646,1173.25379070346,209.895052473763
2381.30748197862,1185.68232662192,209.895052473763
2413.62167536664,855.083271190654,224.887556221889
2416.10738255034,1150.88242605021,209.895052473763
156.599552572707,882.426050211285,209.895052473763
161.570966940094,1493.91001739995,224.887556221889
265.970668655232,768.083519761372,209.895052473763
280.884911757395,765.597812577678,209.895052473763
325.627641063883,457.370121799652,209.895052473763
469.798657718121,350.48471290082,209.895052473763
477.255779269202,949.540144171017,209.895052473763
536.912751677852,1913.9945314442,224.887556221889
531.941337310465,1904.05170270942,209.895052473763
549.341287596321,1904.05170270942,209.895052473763
554.312701963709,243.599304001989,209.895052473763
556.798409147402,335.570469798658,209.895052473763
559.284116331096,246.085011185682,209.895052473763
571.712652249565,273.427790206314,209.895052473763
581.65548098434,258.513547104151,209.895052473763
606.512552821278,325.627641063883,209.895052473763
626.398210290828,285.856326124783,224.887556221889
641.31245339299,820.283370618941,209.895052473763
651.255282127765,2184.93661446682,209.895052473763
718.369376087497,1583.39547601293,239.880059970015
718.369376087497,2222.22222222222,209.895052473763
723.340790454884,2227.19363658961,209.895052473763
738.255033557047,2167.53666418096,209.895052473763
760.626398210291,2115.33681332339,239.880059970015
825.254784986329,1981.10862540393,209.895052473763
842.654735272185,2025.85135471042,209.895052473763
845.140442455879,1899.08028834203,209.895052473763
842.654735272185,1986.08003977131,209.895052473763
847.626149639573,1986.08003977131,209.895052473763
855.083271190654,2204.82227193637,209.895052473763
857.568978374347,166.542381307482,209.895052473763
884.911757394979,1986.08003977131,209.895052473763
902.311707680835,1963.70867511807,224.887556221889
902.311707680835,2000.99428287348,239.880059970015
981.854337559036,474.770072085508,209.895052473763
986.825751926423,482.22719363659,209.895052473763
1058.91126025354,1543.62416107383,209.895052473763
1066.36838180462,241.113596818295,209.895052473763
1068.85408898832,129.256773552076,209.895052473763
1098.68257519264,1292.56773552076,239.880059970015
1093.71116082525,84.5140442455879,209.895052473763
1126.02535421327,1307.48197862292,209.895052473763
1148.39671886652,151.628138205319,209.895052473763
1188.16803380562,2366.39323887646,209.895052473763
1242.85359184688,822.769077802635,209.895052473763
1245.33929903057,420.084514044246,209.895052473763
1252.79642058166,961.968680089485,209.895052473763
1260.25354213274,840.169028088491,209.895052473763
1262.73924931643,947.054436987323,209.895052473763
1262.73924931643,845.140442455879,209.895052473763
1265.22495650012,718.369376087497,209.895052473763
1280.13919960229,2336.56475267214,209.895052473763
1282.62490678598,832.71190653741,224.887556221889
1282.62490678598,979.368630375342,209.895052473763
1374.59607258265,743.226447924435,209.895052473763
1536.16703952274,2279.39348744718,239.880059970015
1548.59557544121,2291.82202336565,209.895052473763
1558.53840417599,1988.56574695501,209.895052473763
1598.30971911509,2261.99353716132,209.895052473763
1605.76684066617,2266.96495152871,209.895052473763
1730.05219985086,867.511807109123,209.895052473763
1814.56624409645,2234.65075814069,254.872563718141
1819.53765846383,427.541635595327,209.895052473763
1826.99478001491,420.084514044246,209.895052473763
1831.9661943823,444.941585881183,209.895052473763
1841.90902311708,1314.939100174,209.895052473763
1844.39473030077,2165.05095699727,209.895052473763
1844.39473030077,1797.16629381059,209.895052473763
1859.30897340293,1302.51056425553,209.895052473763
1871.7375093214,1802.13770817798,239.880059970015
1886.65175242356,1886.65175242356,209.895052473763
1889.13745960726,1889.13745960726,209.895052473763
1891.62316679095,1918.96594581158,209.895052473763
1918.96594581158,2274.42207307979,209.895052473763
2045.73701217997,939.597315436242,224.887556221889
2055.67984091474,628.883917474521,209.895052473763
2073.0797912006,1613.22396221725,209.895052473763
2075.56549838429,1620.68108376833,209.895052473763
2078.05120556798,1672.8809346259,209.895052473763
2090.47974148645,1628.13820531941,209.895052473763
2150.1367138951,534.427044494159,209.895052473763
2160.07954262988,991.797166293811,209.895052473763
2197.36515038528,1749.93785732041,209.895052473763
2204.82227193637,1725.08078548347,209.895052473763
2234.65075814069,1889.13745960726,224.887556221889
2329.10763112105,1732.53790703455,239.880059970015
2353.96470295799,1242.85359184688,209.895052473763
2386.27889634601,845.140442455879,209.895052473763
2401.19313944817,860.054685558041,209.895052473763
2433.50733283619,1558.53840417599,209.895052473763
2480.73576932637,1797.16629381059,209.895052473763
161.570966940094,1521.25279642058,224.887556221889
166.542381307482,907.283122048223,239.880059970015
166.542381307482,884.911757394979,224.887556221889
171.513795674869,631.369624658215,224.887556221889
171.513795674869,1493.91001739995,224.887556221889
280.884911757395,1349.73900074571,239.880059970015
303.256276410639,1364.65324384787,239.880059970015
340.541884166045,579.169773800646,224.887556221889
397.713149391002,1553.5669898086,239.880059970015
427.541635595327,318.170519512801,224.887556221889
482.22719363659,345.513298533433,239.880059970015
489.684315187671,952.02585135471,254.872563718141
509.569972657221,1824.50907283122,224.887556221889
519.512801391996,666.169525229928,224.887556221889
526.969922943077,956.997265722098,269.865067466267
529.455630126771,265.970668655232,239.880059970015
531.941337310465,656.226696495153,239.880059970015
536.912751677852,1372.11036539896,224.887556221889
541.88416604524,1904.05170270942,224.887556221889
544.369873228934,340.541884166045,224.887556221889
554.312701963709,251.05642555307,239.880059970015
546.855580412627,1921.45165299528,224.887556221889
559.284116331096,270.94208302262,224.887556221889
564.255530698484,290.82774049217,239.880059970015
569.226945065871,233.656475267214,224.887556221889
584.141188168034,275.913497390007,239.880059970015
601.54113845389,193.885160328113,224.887556221889
618.941088739746,265.970668655232,224.887556221889
636.341039025603,1735.02361421825,239.880059970015
636.341039025603,293.313447675864,224.887556221889
646.283867760378,1779.76634352473,239.880059970015
651.255282127765,825.254784986329,239.880059970015
658.712403678847,2150.1367138951,224.887556221889
661.19811086254,2167.53666418096,224.887556221889
661.19811086254,1737.50932140194,239.880059970015
663.683818046234,2184.93661446682,224.887556221889
681.08376833209,1754.9092716878,224.887556221889
686.055182699478,1556.05269699229,224.887556221889
686.055182699478,1570.96694009446,239.880059970015
693.512304250559,1767.33780760626,239.880059970015
681.08376833209,775.540641312453,269.865067466267
703.455132985334,2132.73676360925,239.880059970015
730.797912005966,2219.73651503853,254.872563718141
738.255033557047,2142.67959234402,239.880059970015
750.683569475516,2165.05095699727,239.880059970015
755.654983842903,2083.02261993537,254.872563718141
765.597812577678,2177.47949291573,239.880059970015
773.05493412876,1851.85185185185,224.887556221889
785.483470047228,2162.56524981357,224.887556221889
785.483470047228,2197.36515038528,224.887556221889
807.854834700472,1864.28038777032,239.880059970015
845.140442455879,1943.82301764852,224.887556221889
857.568978374347,1899.08028834203,254.872563718141
867.511807109123,1943.82301764852,254.872563718141
867.511807109123,2202.33656475267,224.887556221889
869.997514292816,171.513795674869,224.887556221889
879.940343027591,1956.25155356699,224.887556221889
874.968928660204,1968.68008948546,224.887556221889
879.940343027591,2003.47999005717,239.880059970015
877.454635843898,1973.65150385285,224.887556221889
897.340293313448,1983.59433258762,239.880059970015
897.340293313448,1469.05294556301,239.880059970015
949.540144171017,812.82624906786,239.880059970015
976.882923191648,1551.08128262491,224.887556221889
979.368630375342,705.940840169028,224.887556221889
994.282873477504,479.741486452896,239.880059970015
1019.13994531444,1518.76708923689,224.887556221889
1056.42555306985,144.171016654238,224.887556221889
1058.91126025354,124.285359184688,224.887556221889
1058.91126025354,149.142431021626,224.887556221889
1063.88267462093,136.713895103157,224.887556221889
1066.36838180462,2296.79343773304,224.887556221889
1066.36838180462,1546.10986825752,224.887556221889
1068.85408898832,2289.33631618195,224.887556221889
1106.13969674372,86.9997514292816,224.887556221889
1106.13969674372,104.399701715138,239.880059970015
1108.62540392742,1314.939100174,224.887556221889
1126.02535421327,1287.59632115337,239.880059970015
1133.48247576436,1304.99627143922,224.887556221889
1173.25379070346,2329.10763112105,239.880059970015
1205.56798409147,2376.33606761124,239.880059970015
1215.51081282625,725.826497638578,224.887556221889
1232.91076311211,484.712900820283,224.887556221889
1247.82500621427,720.855083271191,224.887556221889
1252.79642058166,427.541635595327,224.887556221889
1255.28212776535,932.14019388516,224.887556221889
1270.19637086751,2311.7076808352,239.880059970015
1267.71066368382,845.140442455879,239.880059970015
1275.1677852349,2274.42207307979,254.872563718141
1270.19637086751,947.054436987323,224.887556221889
1272.68207805121,2326.62192393736,224.887556221889
1275.1677852349,750.683569475516,224.887556221889
1277.65349241859,720.855083271191,224.887556221889
1280.13919960229,778.026348496147,224.887556221889
1282.62490678598,810.340541884166,224.887556221889
1285.11061396967,2339.05045985583,239.880059970015
1295.05344270445,981.854337559036,224.887556221889
1297.53914988814,2331.59333830475,224.887556221889
1300.02485707184,1098.68257519264,224.887556221889
1302.51056425553,226.199353716132,224.887556221889
1302.51056425553,830.226199353716,224.887556221889
1312.45339299031,815.311956251554,224.887556221889
1319.91051454139,976.882923191648,269.865067466267
1319.91051454139,1083.76833209048,224.887556221889
1352.22470792941,656.226696495153,224.887556221889
1531.19562515536,300.770569226945,224.887556221889
1538.65274670644,293.313447675864,224.887556221889
1538.65274670644,169.028088491176,254.872563718141
1553.5669898086,2376.33606761124,239.880059970015
1553.5669898086,382.798906288839,224.887556221889
1558.53840417599,390.25602783992,224.887556221889
1561.02411135968,397.713149391002,224.887556221889
1570.96694009446,1988.56574695501,224.887556221889
1585.88118319662,2363.90753169277,224.887556221889
1588.36689038031,1998.50857568978,239.880059970015
1588.36689038031,2309.2219736515,224.887556221889
1603.28113348248,2247.07929405916,224.887556221889
1608.25254784986,2311.7076808352,224.887556221889
1633.1096196868,2326.62192393736,224.887556221889
1633.1096196868,2266.96495152871,224.887556221889
1655.48098434004,2289.33631618195,239.880059970015
1665.42381307482,2252.05070842655,239.880059970015
1677.85234899329,792.94059159831,224.887556221889
1682.82376336068,703.455132985334,224.887556221889
1690.28088491176,720.855083271191,224.887556221889
1692.76659209545,2252.05070842655,239.880059970015
1690.28088491176,2271.9363658961,239.880059970015
1700.22371364653,502.11285110614,224.887556221889
1725.08078548347,1190.65374098931,239.880059970015
1735.02361421825,869.997514292816,254.872563718141
1752.4235645041,855.083271190654,239.880059970015
1809.59482972906,1590.85259756401,254.872563718141
1817.05195128014,2212.27939348745,239.880059970015
1829.48048719861,425.055928411633,254.872563718141
1841.90902311708,442.455878697489,224.887556221889
1849.36614466816,1312.45339299031,254.872563718141
1859.30897340293,2281.87919463087,239.880059970015
1861.79468058663,2050.70842654735,224.887556221889
1869.25180213771,1302.51056425553,239.880059970015
1886.65175242356,1317.42480735769,239.880059970015
1891.62316679095,2281.87919463087,239.880059970015
1926.42306736266,1831.9661943823,224.887556221889
1933.88018891375,2274.42207307979,239.880059970015
2075.56549838429,1630.62391250311,254.872563718141
2085.50832711907,1615.70966940094,239.880059970015
2087.99403430276,1677.85234899329,239.880059970015
2092.96544867015,1836.93760874969,239.880059970015
2095.45115585384,1635.59532687049,239.880059970015
2102.90827740492,1628.13820531941,239.880059970015
2112.8511061397,554.312701963709,224.887556221889
2127.76534924186,705.940840169028,224.887556221889
2132.73676360925,715.883668903803,224.887556221889
2152.6224210788,1707.68083519761,224.887556221889
2160.07954262988,536.912751677852,224.887556221889
2157.59383544618,559.284116331096,224.887556221889
2155.10812826249,549.341287596321,239.880059970015
2174.99378573204,974.397216007954,239.880059970015
2172.50807854835,996.768580661198,224.887556221889
2174.99378573204,541.88416604524,224.887556221889
2242.10787969177,1846.88043748446,224.887556221889
2257.02212279394,1881.68033805618,224.887556221889
2281.87919463087,1250.31071339796,224.887556221889
2299.27914491673,1720.10937111608,239.880059970015
2353.96470295799,1744.96644295302,224.887556221889
2361.42182450907,1188.16803380562,224.887556221889
2393.73601789709,1203.08227690778,224.887556221889
2396.22172508079,1185.68232662192,224.887556221889
2418.59308973403,832.71190653741,254.872563718141
2426.05021128511,1150.88242605021,224.887556221889
2431.0216256525,1158.33954760129,224.887556221889
2440.96445438727,964.454387273179,239.880059970015
2465.82152622421,1543.62416107383,224.887556221889
173.999502858563,899.826000497141,239.880059970015
223.713646532438,835.197613721104,254.872563718141
273.427790206314,1536.16703952274,284.857571214393
469.798657718121,482.22719363659,269.865067466267
497.141436738752,673.626646781009,239.880059970015
502.11285110614,956.997265722098,239.880059970015
539.398458861546,338.056176982351,239.880059970015
638.826746209297,817.797663435247,254.872563718141
641.31245339299,795.426298782004,269.865067466267
651.255282127765,782.997762863535,254.872563718141
668.655232413622,2187.42232165051,239.880059970015
673.626646781009,792.94059159831,239.880059970015
673.626646781009,2197.36515038528,239.880059970015
686.055182699478,795.426298782004,239.880059970015
676.112353964703,802.883420333085,269.865067466267
681.08376833209,787.969177230922,239.880059970015
691.026597066866,805.369127516779,254.872563718141
688.540889883172,2214.76510067114,239.880059970015
698.483718617947,2207.30797912006,239.880059970015
695.998011434253,2095.45115585384,254.872563718141
708.426547352722,2100.42257022123,254.872563718141
715.883668903803,2214.76510067114,254.872563718141
723.340790454884,2177.47949291573,254.872563718141
723.340790454884,1538.65274670644,254.872563718141
728.312204822272,2070.5940840169,239.880059970015
740.740740740741,2050.70842654735,254.872563718141
758.140691026597,857.568978374347,254.872563718141
787.969177230922,852.59756400696,269.865067466267
800.397713149391,1116.0825254785,284.857571214393
812.82624906786,872.48322147651,239.880059970015
827.740492170022,1956.25155356699,254.872563718141
822.769077802635,1983.59433258762,239.880059970015
832.71190653741,1986.08003977131,239.880059970015
944.568729803629,1245.33929903057,254.872563718141
956.997265722098,1292.56773552076,239.880059970015
1086.25403927417,82.0283370618941,239.880059970015
1116.0825254785,136.713895103157,254.872563718141
1116.0825254785,119.313944817301,269.865067466267
1153.36813323391,1275.1677852349,239.880059970015
1160.82525478499,109.371116082525,254.872563718141
1200.59656972409,2366.39323887646,239.880059970015
1227.93934874472,825.254784986329,239.880059970015
1230.42505592841,939.597315436242,239.880059970015
1240.36788466319,427.541635595327,254.872563718141
1257.76783494904,2316.67909520259,239.880059970015
1265.22495650012,2301.76485210042,239.880059970015
1270.19637086751,201.342281879195,239.880059970015
1270.19637086751,211.28511061397,239.880059970015
1270.19637086751,718.369376087497,239.880059970015
1270.19637086751,196.370867511807,239.880059970015
1282.62490678598,303.256276410639,239.880059970015
1290.08202833706,1066.36838180462,239.880059970015
1295.05344270445,969.425801640567,239.880059970015
1312.45339299031,1081.28262490679,239.880059970015
1387.02460850112,109.371116082525,254.872563718141
1399.45314441959,89.4854586129754,239.880059970015
1411.88168033806,109.371116082525,239.880059970015
1486.45289584887,300.770569226945,239.880059970015
1501.36713895103,223.713646532438,269.865067466267
1498.88143176734,280.884911757395,254.872563718141
1518.76708923689,300.770569226945,239.880059970015
1526.22421078797,256.027839920457,239.880059970015
1533.68133233905,196.370867511807,269.865067466267
1546.10986825752,243.599304001989,254.872563718141
1556.05269699229,2361.42182450907,254.872563718141
1558.53840417599,425.055928411633,254.872563718141
1561.02411135968,380.313199105145,239.880059970015
1565.99552572707,2336.56475267214,254.872563718141
1570.96694009446,402.684563758389,254.872563718141
1580.90976882923,2276.90778026349,239.880059970015
1610.73825503356,1625.65249813572,284.857571214393
1660.45239870743,899.826000497141,269.865067466267
1662.93810589113,802.883420333085,239.880059970015
1667.90952025851,2271.9363658961,254.872563718141
1670.39522744221,790.454884414616,254.872563718141
1682.82376336068,1896.59458115834,299.850074962519
1690.28088491176,499.627143922446,239.880059970015
1690.28088491176,464.827243350733,239.880059970015
1700.22371364653,1200.59656972409,239.880059970015
1722.59507829978,768.083519761372,254.872563718141
1824.50907283122,2252.05070842655,239.880059970015
1839.42331593338,1794.6805866269,239.880059970015
1854.33755903555,708.426547352722,239.880059970015
1936.36589609744,1839.42331593338,239.880059970015
1951.2801391996,1573.45264727815,284.857571214393
2008.45140442456,589.112602535421,269.865067466267
2075.56549838429,1648.02386278896,239.880059970015
2105.39398458862,551.826994780015,239.880059970015
2115.33681332339,1185.68232662192,239.880059970015
2115.33681332339,1180.71091225454,239.880059970015
2334.07904548844,1272.68207805121,239.880059970015
2428.5359184688,959.482972905792,239.880059970015
2440.96445438727,842.654735272185,239.880059970015
203.827989062888,1421.82450907283,284.857571214393
238.627889634601,830.226199353716,254.872563718141
335.570469798658,1041.51130996769,284.857571214393
352.970420084514,1041.51130996769,269.865067466267
499.627143922446,703.455132985334,269.865067466267
509.569972657221,688.540889883172,269.865067466267
512.055679840915,658.712403678847,254.872563718141
512.055679840915,969.425801640567,254.872563718141
526.969922943077,663.683818046234,254.872563718141
661.19811086254,775.540641312453,269.865067466267
695.998011434253,2125.27964205817,269.865067466267
760.626398210291,2055.67984091474,269.865067466267
768.083519761372,817.797663435247,254.872563718141
770.569226945066,2105.39398458862,254.872563718141
778.026348496147,922.197365150385,254.872563718141
787.969177230922,1068.85408898832,284.857571214393
782.997762863535,2107.87969177231,254.872563718141
785.483470047228,2102.90827740492,254.872563718141
872.48322147651,2023.36564752672,269.865067466267
889.883171762366,1737.50932140194,284.857571214393
914.740243599304,1725.08078548347,284.857571214393
932.14019388516,1958.73726075068,254.872563718141
942.083022619935,1722.59507829978,284.857571214393
954.511558538404,1752.4235645041,284.857571214393
956.997265722098,1715.13795674869,284.857571214393
984.340044742729,1744.96644295302,299.850074962519
991.797166293811,464.827243350733,299.850074962519
1061.39696743724,101.913994531444,254.872563718141
1101.16828237634,86.9997514292816,254.872563718141
1106.13969674372,82.0283370618941,254.872563718141
1111.11111111111,966.940094456873,314.842578710645
1126.02535421327,119.313944817301,254.872563718141
1128.51106139697,129.256773552076,269.865067466267
1168.28237633607,121.799652000994,254.872563718141
1213.02510564256,723.340790454884,254.872563718141
1222.96793437733,832.71190653741,254.872563718141
1247.82500621427,444.941585881183,254.872563718141
1332.33905045986,171.513795674869,269.865067466267
1347.25329356202,171.513795674869,284.857571214393
1372.11036539896,1588.36689038031,254.872563718141
1399.45314441959,84.5140442455879,254.872563718141
1406.91026597067,84.5140442455879,254.872563718141
1419.33880188914,109.371116082525,254.872563718141
1429.28163062391,201.342281879195,269.865067466267
1481.48148148148,651.255282127765,269.865067466267
1496.39572458364,1578.42406164554,269.865067466267
1513.7956748695,283.370618941089,254.872563718141
1531.19562515536,268.456375838926,284.857571214393
1533.68133233905,412.627392493164,269.865067466267
1541.13845389013,395.227442207308,254.872563718141
1556.05269699229,260.999254287845,269.865067466267
1558.53840417599,273.427790206314,254.872563718141
1575.93835446184,397.713149391002,254.872563718141
1595.82401193139,1876.70892368879,254.872563718141
1613.22396221725,260.999254287845,284.857571214393
1613.22396221725,1856.82326621924,269.865067466267
1628.13820531941,1881.68033805618,254.872563718141
1628.13820531941,1911.5088242605,254.872563718141
1630.62391250311,1841.90902311708,254.872563718141
1638.08103405419,221.227939348745,254.872563718141
1638.08103405419,1859.30897340293,254.872563718141
1638.08103405419,1342.28187919463,269.865067466267
1638.08103405419,2296.79343773304,254.872563718141
1650.50956997266,1836.93760874969,254.872563718141
1648.02386278896,887.397464578673,269.865067466267
1652.99527715635,1891.62316679095,254.872563718141
1685.30947054437,1864.28038777032,284.857571214393
1695.25229927915,320.656226696495,299.850074962519
1700.22371364653,676.112353964703,254.872563718141
1700.22371364653,763.112105393985,254.872563718141
1712.652249565,730.797912005966,284.857571214393
1720.10937111608,1036.5398956003,269.865067466267
1717.62366393239,887.397464578673,254.872563718141
1727.56649266716,902.311707680835,269.865067466267
1749.93785732041,275.913497390007,284.857571214393
1762.36639323888,1339.79617201094,254.872563718141
1809.59482972906,2227.19363658961,254.872563718141
1834.451901566,462.34153616704,269.865067466267
1916.48023862789,1387.02460850112,284.857571214393
2070.5940840169,621.42679592344,254.872563718141
2078.05120556798,621.42679592344,254.872563718141
2097.93686303753,984.340044742729,284.857571214393
2107.87969177231,631.369624658215,284.857571214393
2115.33681332339,586.626895351728,254.872563718141
2130.25105642555,1011.68282376336,269.865067466267
2145.16529952772,1029.08277404922,269.865067466267
2170.02237136465,1043.99701715138,254.872563718141
2314.19338801889,1344.76758637832,269.865067466267
2326.62192393736,1337.31046482724,269.865067466267
2339.05045985583,1290.08202833706,254.872563718141
2346.50758140691,1304.99627143922,254.872563718141
497.141436738752,956.997265722098,284.857571214393
512.055679840915,705.940840169028,284.857571214393
514.541387024609,1625.65249813572,269.865067466267
519.512801391996,1620.68108376833,269.865067466267
539.398458861546,1384.53890131742,284.857571214393
539.398458861546,703.455132985334,284.857571214393
656.226696495153,802.883420333085,284.857571214393
758.140691026597,2107.87969177231,269.865067466267
773.05493412876,2087.99403430276,269.865067466267
778.026348496147,874.968928660204,269.865067466267
782.997762863535,2065.62266964952,269.865067466267
815.311956251554,797.912005965697,284.857571214393
812.82624906786,857.568978374347,269.865067466267
822.769077802635,865.026099925429,269.865067466267
845.140442455879,1943.82301764852,269.865067466267
899.826000497141,1953.7658463833,269.865067466267
994.282873477504,1732.53790703455,299.850074962519
1006.71140939597,457.370121799652,284.857571214393
1056.42555306985,318.170519512801,284.857571214393
1126.02535421327,1113.5968182948,269.865067466267
1140.93959731544,2055.67984091474,284.857571214393
1148.39671886652,2030.8227690778,269.865067466267
1165.79666915237,2053.19413373105,269.865067466267
1163.31096196868,994.282873477504,269.865067466267
1170.76808351976,999.254287844892,269.865067466267
1173.25379070346,109.371116082525,269.865067466267
1314.939100174,1391.99602286851,269.865067466267
1327.36763609247,966.940094456873,269.865067466267
1327.36763609247,1411.88168033806,269.865067466267
1334.82475764355,954.511558538404,299.850074962519
1421.82450907283,191.39945314442,269.865067466267
1483.96718866518,231.17076808352,284.857571214393
1493.91001739995,631.369624658215,269.865067466267
1508.82426050211,253.542132736764,269.865067466267
1516.28138205319,1558.53840417599,269.865067466267
1518.76708923689,1573.45264727815,284.857571214393
1536.16703952274,1573.45264727815,269.865067466267
1541.13845389013,1009.19711657967,284.857571214393
1548.59557544121,380.313199105145,269.865067466267
1595.82401193139,1841.90902311708,284.857571214393
1633.1096196868,1851.85185185185,269.865067466267
1677.85234899329,315.684812329108,299.850074962519
1732.53790703455,1088.73974645787,314.842578710645
1735.02361421825,887.397464578673,269.865067466267
1739.99502858563,556.798409147402,314.842578710645
1749.93785732041,1068.85408898832,314.842578710645
1757.39497887149,758.140691026597,284.857571214393
1754.9092716878,1327.36763609247,269.865067466267
1764.85210042257,1357.19612229679,284.857571214393
1831.9661943823,405.170270942083,299.850074962519
1854.33755903555,1787.22346507581,269.865067466267
1864.28038777032,422.570221227939,299.850074962519
1871.7375093214,452.398707432264,299.850074962519
1896.59458115834,1446.68158090977,284.857571214393
1904.05170270942,1379.56748695004,269.865067466267
1911.5088242605,1404.42455878698,284.857571214393
1921.45165299528,1411.88168033806,284.857571214393
2013.42281879195,509.569972657221,314.842578710645
2048.22271936366,531.941337310465,284.857571214393
2053.19413373105,608.998260004971,269.865067466267
2075.56549838429,534.427044494159,284.857571214393
2075.56549838429,1640.56674123788,269.865067466267
2095.45115585384,1001.73999502859,269.865067466267
2097.93686303753,1165.79666915237,269.865067466267
2304.25055928412,1344.76758637832,269.865067466267
2403.67884663187,840.169028088491,269.865067466267
2418.59308973403,857.568978374347,269.865067466267
2426.05021128511,825.254784986329,269.865067466267
258.513547104151,1262.73924931643,284.857571214393
268.456375838926,1265.22495650012,284.857571214393
278.399204573701,1260.25354213274,299.850074962519
305.741983594333,1185.68232662192,299.850074962519
452.398707432264,1531.19562515536,299.850074962519
472.284364901815,1595.82401193139,299.850074962519
499.627143922446,1568.48123291076,299.850074962519
521.99850857569,671.140939597315,284.857571214393
534.427044494159,1394.4817300522,284.857571214393
646.283867760378,805.369127516779,284.857571214393
646.283867760378,812.82624906786,284.857571214393
710.912254536416,596.569724086503,329.835082458771
718.369376087497,586.626895351728,299.850074962519
728.312204822272,581.65548098434,284.857571214393
735.769326373353,526.969922943077,284.857571214393
753.16927665921,2097.93686303753,284.857571214393
768.083519761372,815.311956251554,284.857571214393
787.969177230922,909.768829231916,284.857571214393
790.454884414616,1126.02535421327,284.857571214393
805.369127516779,922.197365150385,299.850074962519
810.340541884166,1061.39696743724,284.857571214393
815.311956251554,840.169028088491,284.857571214393
825.254784986329,1066.36838180462,314.842578710645
830.226199353716,1046.48272433507,299.850074962519
924.683072334079,1749.93785732041,284.857571214393
934.625901068854,1754.9092716878,284.857571214393
999.254287844892,343.027591349739,314.842578710645
1086.25403927417,952.02585135471,314.842578710645
1098.68257519264,1096.19686800895,284.857571214393
1128.51106139697,1553.5669898086,284.857571214393
1138.45389013174,569.226945065871,284.857571214393
1140.93959731544,939.597315436242,284.857571214393
1150.88242605021,1580.90976882923,284.857571214393
1155.8538404176,1588.36689038031,299.850074962519
1170.76808351976,581.65548098434,314.842578710645
1178.22520507084,1578.42406164554,299.850074962519
1175.73949788715,1548.59557544121,314.842578710645
1232.91076311211,758.140691026597,284.857571214393
1272.68207805121,991.797166293811,284.857571214393
1285.11061396967,999.254287844892,284.857571214393
1377.08177976634,2028.33706189411,299.850074962519
1449.16728809346,208.799403430276,299.850074962519
1461.59582401193,663.683818046234,314.842578710645
1464.08153119563,668.655232413622,284.857571214393
1471.53865274671,1511.30996768581,314.842578710645
1483.96718866518,631.369624658215,299.850074962519
1478.99577429779,663.683818046234,299.850074962519
1481.48148148148,211.28511061397,284.857571214393
1486.45289584887,300.770569226945,284.857571214393
1486.45289584887,454.884414615958,299.850074962519
1503.85284613473,236.142182450907,284.857571214393
1506.33855331842,601.54113845389,284.857571214393
1508.82426050211,616.455381556053,299.850074962519
1508.82426050211,479.741486452896,329.835082458771
1548.59557544121,1262.73924931643,284.857571214393
1565.99552572707,422.570221227939,284.857571214393
1568.48123291076,1307.48197862292,284.857571214393
1593.3383047477,1874.2232165051,284.857571214393
1623.16679095203,1603.28113348248,329.835082458771
1623.16679095203,1841.90902311708,284.857571214393
1640.56674123788,1317.42480735769,299.850074962519
1667.90952025851,1849.36614466816,299.850074962519
1672.8809346259,1391.99602286851,314.842578710645
1677.85234899329,1881.68033805618,299.850074962519
1692.76659209545,937.111608252548,284.857571214393
1697.73800646284,909.768829231916,299.850074962519
1695.25229927915,942.083022619935,284.857571214393
1700.22371364653,1854.33755903555,284.857571214393
1702.70942083023,459.855828983346,329.835082458771
1712.652249565,897.340293313448,284.857571214393
1722.59507829978,892.36887894606,284.857571214393
1730.05219985086,1061.39696743724,284.857571214393
1735.02361421825,1053.93984588615,329.835082458771
1739.99502858563,519.512801391996,299.850074962519
1747.45215013671,1324.88192890877,284.857571214393
1762.36639323888,529.455630126771,284.857571214393
1794.6805866269,554.312701963709,329.835082458771
1871.7375093214,1774.79492915735,299.850074962519
1886.65175242356,430.027342779021,299.850074962519
1904.05170270942,1414.36738752175,284.857571214393
1966.19438230176,894.854586129754,284.857571214393
1993.5371613224,879.940343027591,299.850074962519
2048.22271936366,596.569724086503,284.857571214393
2048.22271936366,969.425801640567,284.857571214393
2055.67984091474,626.398210290828,299.850074962519
2053.19413373105,974.397216007954,284.857571214393
2063.13696246582,539.398458861546,284.857571214393
2060.65125528213,616.455381556053,299.850074962519
2286.85060899826,1401.93885160328,284.857571214393
2301.76485210042,1352.22470792941,299.850074962519
251.05642555307,1275.1677852349,299.850074962519
258.513547104151,1247.82500621427,299.850074962519
325.627641063883,1178.22520507084,314.842578710645
521.99850857569,1588.36689038031,299.850074962519
723.340790454884,564.255530698484,314.842578710645
745.712155108128,855.083271190654,299.850074962519
805.369127516779,850.111856823266,299.850074962519
837.683320904797,837.683320904797,299.850074962519
937.111608252548,1744.96644295302,299.850074962519
989.311459110117,318.170519512801,299.850074962519
1001.73999502859,313.199105145414,299.850074962519
1098.68257519264,932.14019388516,314.842578710645
1098.68257519264,1116.0825254785,299.850074962519
1108.62540392742,564.255530698484,314.842578710645
1108.62540392742,1121.05393984589,299.850074962519
1111.11111111111,927.168779517773,329.835082458771
1121.05393984589,1088.73974645787,299.850074962519
1138.45389013174,1001.73999502859,299.850074962519
1138.45389013174,991.797166293811,299.850074962519
1170.76808351976,1585.88118319662,314.842578710645
1175.73949788715,1565.99552572707,299.850074962519
1178.22520507084,852.59756400696,314.842578710645
1183.19661943823,628.883917474521,299.850074962519
1486.45289584887,1488.93860303256,329.835082458771
1501.36713895103,626.398210290828,299.850074962519
1511.30996768581,1454.13870246085,299.850074962519
1511.30996768581,1496.39572458364,314.842578710645
1533.68133233905,459.855828983346,314.842578710645
1575.93835446184,1272.68207805121,299.850074962519
1633.1096196868,1854.33755903555,299.850074962519
1657.96669152374,280.884911757395,314.842578710645
1690.28088491176,1384.53890131742,299.850074962519
1722.59507829978,504.598558289833,314.842578710645
1747.45215013671,1339.79617201094,299.850074962519
1759.88068605518,1342.28187919463,299.850074962519
1774.79492915735,507.084265473527,314.842578710645
1777.28063634104,544.369873228934,299.850074962519
1779.76634352473,531.941337310465,314.842578710645
1797.16629381059,636.341039025603,344.827586206897
1809.59482972906,750.683569475516,344.827586206897
1864.28038777032,1744.96644295302,299.850074962519
1874.2232165051,797.912005965697,314.842578710645
1886.65175242356,1735.02361421825,314.842578710645
1894.10887397465,1434.2530449913,299.850074962519
1899.08028834203,1794.6805866269,329.835082458771
1911.5088242605,1779.76634352473,314.842578710645
1968.68008948546,914.740243599304,329.835082458771
2045.73701217997,544.369873228934,329.835082458771
2105.39398458862,959.482972905792,314.842578710645
2122.79393487447,1503.85284613473,329.835082458771
2269.4506587124,1404.42455878698,299.850074962519
382.798906288839,1215.51081282625,314.842578710645
382.798906288839,1242.85359184688,329.835082458771
484.712900820283,1712.652249565,314.842578710645
556.798409147402,1357.19612229679,314.842578710645
768.083519761372,1578.42406164554,314.842578710645
790.454884414616,1126.02535421327,314.842578710645
1053.93984588615,956.997265722098,314.842578710645
1083.76833209048,932.14019388516,329.835082458771
1128.51106139697,942.083022619935,314.842578710645
1133.48247576436,1106.13969674372,314.842578710645
1135.96818294805,700.969425801641,314.842578710645
1140.93959731544,981.854337559036,329.835082458771
1160.82525478499,1563.50981854338,329.835082458771
1160.82525478499,1536.16703952274,314.842578710645
1170.76808351976,832.71190653741,314.842578710645
1357.19612229679,2030.8227690778,314.842578710645
1501.36713895103,1461.59582401193,314.842578710645
1508.82426050211,608.998260004971,329.835082458771
1513.7956748695,1469.05294556301,314.842578710645
1590.85259756401,1252.79642058166,344.827586206897
1610.73825503356,1314.939100174,329.835082458771
1623.16679095203,1364.65324384787,314.842578710645
1628.13820531941,1297.53914988814,314.842578710645
1710.16654238131,512.055679840915,314.842578710645
1710.16654238131,1866.76609495401,344.827586206897
1722.59507829978,894.854586129754,314.842578710645
1732.53790703455,546.855580412627,314.842578710645
1906.53740989311,1712.652249565,344.827586206897
1963.70867511807,892.36887894606,314.842578710645
1971.16579666915,892.36887894606,314.842578710645
2281.87919463087,1424.31021625653,314.842578710645
2284.36490181457,1401.93885160328,314.842578710645
367.884663186677,1225.45364156102,329.835082458771
380.313199105145,1227.93934874472,329.835082458771
636.341039025603,1583.39547601293,359.820089955023
733.283619189659,576.684066616953,329.835082458771
827.740492170022,1046.48272433507,329.835082458771
832.71190653741,1046.48272433507,329.835082458771
991.797166293811,1478.99577429779,344.827586206897
999.254287844892,961.968680089485,359.820089955023
1098.68257519264,584.141188168034,359.820089955023
1133.48247576436,1546.10986825752,344.827586206897
1155.8538404176,1588.36689038031,329.835082458771
1203.08227690778,753.16927665921,359.820089955023
1357.19612229679,1899.08028834203,329.835082458771
1476.51006711409,641.31245339299,329.835082458771
1648.02386278896,1856.82326621924,344.827586206897
1670.39522744221,1297.53914988814,344.827586206897
1670.39522744221,1280.13919960229,329.835082458771
1754.9092716878,519.512801391996,329.835082458771
1789.70917225951,740.740740740741,344.827586206897
1814.56624409645,626.398210290828,344.827586206897
1829.48048719861,656.226696495153,344.827586206897
1909.02311707681,1697.73800646284,329.835082458771
1988.56574695501,874.968928660204,329.835082458771
2050.70842654735,1307.48197862292,359.820089955023
2053.19413373105,529.455630126771,344.827586206897
362.913248819289,1240.36788466319,344.827586206897
365.398956002983,1210.53939845886,344.827586206897
382.798906288839,1198.11086254039,344.827586206897
392.741735023614,1213.02510564256,359.820089955023
631.369624658215,1203.08227690778,344.827586206897
653.740989311459,745.712155108128,359.820089955023
730.797912005966,860.054685558041,404.7976011994
894.854586129754,539.398458861546,344.827586206897
1056.42555306985,1854.33755903555,359.820089955023
1061.39696743724,646.283867760378,374.812593703148
1081.28262490679,1859.30897340293,359.820089955023
1135.96818294805,1372.11036539896,359.820089955023
1138.45389013174,492.170022371365,344.827586206897
1148.39671886652,497.141436738752,344.827586206897
1153.36813323391,477.255779269202,359.820089955023
1153.36813323391,499.627143922446,344.827586206897
1175.73949788715,1824.50907283122,374.812593703148
1183.19661943823,626.398210290828,344.827586206897
1297.53914988814,1769.82351478996,359.820089955023
1295.05344270445,919.711657966692,389.805097451274
1342.28187919463,1093.71116082525,359.820089955023
1354.7104151131,489.684315187671,359.820089955023
1503.85284613473,1456.62440964454,344.827586206897
1513.7956748695,1466.56723837932,344.827586206897
1556.05269699229,904.797414864529,374.812593703148
1563.50981854338,1180.71091225454,359.820089955023
1578.42406164554,1195.6251553567,344.827586206897
1580.90976882923,1200.59656972409,344.827586206897
1585.88118319662,1220.48222719364,359.820089955023
1603.28113348248,1232.91076311211,344.827586206897
1610.73825503356,1280.13919960229,344.827586206897
1635.59532687049,927.168779517773,359.820089955023
1712.652249565,1506.33855331842,389.805097451274
1727.56649266716,517.027094208302,359.820089955023
1732.53790703455,1232.91076311211,344.827586206897
1737.50932140194,512.055679840915,344.827586206897
1844.39473030077,653.740989311459,344.827586206897
1859.30897340293,658.712403678847,389.805097451274
2018.39423315933,1272.68207805121,359.820089955023
362.913248819289,1227.93934874472,359.820089955023
377.827491921452,1217.99652000994,389.805097451274
387.770320656227,1237.88217747949,359.820089955023
526.969922943077,1531.19562515536,404.7976011994
554.312701963709,1516.28138205319,389.805097451274
561.76982351479,1538.65274670644,374.812593703148
561.76982351479,1563.50981854338,389.805097451274
626.398210290828,1240.36788466319,374.812593703148
840.169028088491,643.798160576684,359.820089955023
974.397216007954,964.454387273179,374.812593703148
1016.65423813075,964.454387273179,359.820089955023
1019.13994531444,633.855331841909,389.805097451274
1058.91126025354,1777.28063634104,374.812593703148
1111.11111111111,1382.05319413373,374.812593703148
1349.73900074571,1909.02311707681,374.812593703148
1354.7104151131,1106.13969674372,359.820089955023
1372.11036539896,1061.39696743724,374.812593703148
1377.08177976634,1904.05170270942,374.812593703148
1481.48148148148,1021.62565249814,359.820089955023
1481.48148148148,1036.5398956003,359.820089955023
1493.91001739995,1029.08277404922,359.820089955023
1508.82426050211,1449.16728809346,359.820089955023
1570.96694009446,959.482972905792,359.820089955023
1690.28088491176,1203.08227690778,359.820089955023
1702.70942083023,1546.10986825752,404.7976011994
1720.10937111608,1464.08153119563,404.7976011994
1720.10937111608,1894.10887397465,374.812593703148
1749.93785732041,1483.96718866518,389.805097451274
1787.22346507581,618.941088739746,359.820089955023
1789.70917225951,608.998260004971,374.812593703148
507.084265473527,1511.30996768581,404.7976011994
529.455630126771,1556.05269699229,374.812593703148
534.427044494159,1496.39572458364,374.812593703148
544.369873228934,1536.16703952274,374.812593703148
658.712403678847,909.768829231916,404.7976011994
1026.59706686552,613.969674372359,389.805097451274
1066.36838180462,616.455381556053,404.7976011994
1058.91126025354,1849.36614466816,374.812593703148
1063.88267462093,1829.48048719861,374.812593703148
1083.76833209048,1374.59607258265,419.790104947526
1088.73974645787,636.341039025603,374.812593703148
1091.22545364156,633.855331841909,374.812593703148
1150.88242605021,1001.73999502859,374.812593703148
1165.79666915237,1794.6805866269,389.805097451274
1173.25379070346,1548.59557544121,374.812593703148
1173.25379070346,1789.70917225951,389.805097451274
1178.22520507084,1797.16629381059,374.812593703148
1213.02510564256,740.740740740741,404.7976011994
1222.96793437733,2000.99428287348,374.812593703148
1262.73924931643,1744.96644295302,374.812593703148
1354.7104151131,1096.19686800895,374.812593703148
1357.19612229679,1093.71116082525,374.812593703148
1367.13895103157,1101.16828237634,404.7976011994
1369.62465821526,991.797166293811,389.805097451274
1377.08177976634,991.797166293811,374.812593703148
1543.62416107383,832.71190653741,404.7976011994
1551.08128262491,862.540392741735,404.7976011994
1553.5669898086,882.426050211285,374.812593703148
1556.05269699229,1245.33929903057,389.805097451274
1558.53840417599,1277.65349241859,404.7976011994
1590.85259756401,1277.65349241859,389.805097451274
1628.13820531941,934.625901068854,374.812593703148
1657.96669152374,1334.82475764355,374.812593703148
1672.8809346259,1446.68158090977,389.805097451274
1690.28088491176,1615.70966940094,419.790104947526
1737.50932140194,1436.73875217499,374.812593703148
1779.76634352473,1491.42431021626,404.7976011994
1784.73775789212,1521.25279642058,419.790104947526
1807.10912254536,626.398210290828,374.812593703148
1909.02311707681,1697.73800646284,374.812593703148
377.827491921452,1235.3964702958,389.805097451274
526.969922943077,1493.91001739995,404.7976011994
536.912751677852,1506.33855331842,389.805097451274
549.341287596321,1528.70991797166,389.805097451274
594.084016902809,1543.62416107383,419.790104947526
623.912503107134,1198.11086254039,389.805097451274
738.255033557047,805.369127516779,404.7976011994
755.654983842903,825.254784986329,419.790104947526
755.654983842903,852.59756400696,404.7976011994
837.683320904797,641.31245339299,419.790104947526
889.883171762366,1359.68182948049,419.790104947526
1039.02560278399,1379.56748695004,419.790104947526
1048.96843151877,1779.76634352473,404.7976011994
1053.93984588615,1826.99478001491,389.805097451274
1056.42555306985,1787.22346507581,389.805097451274
1071.33979617201,1396.96743723589,419.790104947526
1126.02535421327,1369.62465821526,389.805097451274
1143.42530449913,497.141436738752,389.805097451274
1217.99652000994,1993.5371613224,389.805097451274
1257.76783494904,929.654486701467,419.790104947526
1287.59632115337,902.311707680835,419.790104947526
1424.31021625653,1150.88242605021,419.790104947526
1446.68158090977,1121.05393984589,434.782608695652
1648.02386278896,1334.82475764355,419.790104947526
1665.42381307482,1295.05344270445,389.805097451274
1712.652249565,1891.62316679095,389.805097451274
1732.53790703455,1496.39572458364,389.805097451274
1762.36639323888,1478.99577429779,389.805097451274
1769.82351478996,1464.08153119563,389.805097451274
2048.22271936366,1307.48197862292,389.805097451274
546.855580412627,1493.91001739995,404.7976011994
643.798160576684,745.712155108128,419.790104947526
661.19811086254,991.797166293811,419.790104947526
708.426547352722,847.626149639573,404.7976011994
710.912254536416,842.654735272185,404.7976011994
869.997514292816,1352.22470792941,419.790104947526
887.397464578673,1414.36738752175,404.7976011994
959.482972905792,867.511807109123,404.7976011994
976.882923191648,877.454635843898,419.790104947526
1026.59706686552,1384.53890131742,434.782608695652
1113.5968182948,1396.96743723589,479.76011994003
1302.51056425553,1419.33880188914,464.767616191904
1379.56748695004,1583.39547601293,449.775112443778
1416.85309470544,1128.51106139697,419.790104947526
1469.05294556301,1153.36813323391,464.767616191904
1556.05269699229,882.426050211285,419.790104947526
1595.82401193139,815.311956251554,404.7976011994
1603.28113348248,1039.02560278399,464.767616191904
1610.73825503356,802.883420333085,404.7976011994
1687.79517772806,1483.96718866518,449.775112443778
1687.79517772806,1498.88143176734,434.782608695652
1702.70942083023,1481.48148148148,419.790104947526
539.398458861546,1508.82426050211,419.790104947526
539.398458861546,1538.65274670644,419.790104947526
638.826746209297,1004.22570221228,419.790104947526
728.312204822272,874.968928660204,419.790104947526
755.654983842903,1088.73974645787,419.790104947526
822.769077802635,1493.91001739995,449.775112443778
855.083271190654,1344.76758637832,419.790104947526
897.340293313448,1416.85309470544,419.790104947526
971.911508824261,842.654735272185,419.790104947526
971.911508824261,869.997514292816,419.790104947526
986.825751926423,855.083271190654,419.790104947526
994.282873477504,658.712403678847,419.790104947526
1026.59706686552,892.36887894606,449.775112443778
1056.42555306985,653.740989311459,419.790104947526
1061.39696743724,1628.13820531941,434.782608695652
1242.85359184688,1501.36713895103,434.782608695652
1262.73924931643,1476.51006711409,434.782608695652
1285.11061396967,1439.22445935869,449.775112443778
1314.939100174,1444.19587372608,419.790104947526
1334.82475764355,1093.71116082525,419.790104947526
1478.99577429779,971.911508824261,419.790104947526
1511.30996768581,1188.16803380562,434.782608695652
1533.68133233905,1255.28212776535,434.782608695652
1556.05269699229,1225.45364156102,479.76011994003
1618.19537658464,810.340541884166,419.790104947526
1690.28088491176,1506.33855331842,419.790104947526
1697.73800646284,1620.68108376833,419.790104947526
1697.73800646284,1506.33855331842,419.790104947526
1759.88068605518,1464.08153119563,449.775112443778
1764.85210042257,1491.42431021626,464.767616191904
1767.33780760626,1478.99577429779,419.790104947526
1799.65200099428,1506.33855331842,419.790104947526
1809.59482972906,1501.36713895103,419.790104947526
812.82624906786,1215.51081282625,464.767616191904
989.311459110117,648.769574944072,434.782608695652
991.797166293811,651.255282127765,434.782608695652
1123.53964702958,1439.22445935869,479.76011994003
1126.02535421327,1354.7104151131,449.775112443778
1307.48197862292,1449.16728809346,494.752623688156
1332.33905045986,1135.96818294805,434.782608695652
1404.42455878698,1561.02411135968,479.76011994003
1516.28138205319,1205.56798409147,434.782608695652
1762.36639323888,1528.70991797166,434.782608695652
1767.33780760626,1546.10986825752,449.775112443778
745.712155108128,857.568978374347,449.775112443778
753.16927665921,1086.25403927417,464.767616191904
822.769077802635,1208.05369127517,449.775112443778
1282.62490678598,902.311707680835,449.775112443778
1461.59582401193,1111.11111111111,464.767616191904
1533.68133233905,1193.13944817301,449.775112443778
1533.68133233905,1133.48247576436,449.775112443778
1533.68133233905,1140.93959731544,449.775112443778
1538.65274670644,1200.59656972409,449.775112443778
1546.10986825752,820.283370618941,449.775112443778
1546.10986825752,1240.36788466319,449.775112443778
1551.08128262491,1138.45389013174,449.775112443778
1794.6805866269,1503.85284613473,449.775112443778
1802.13770817798,1506.33855331842,449.775112443778
817.797663435247,1203.08227690778,464.767616191904
932.14019388516,1332.33905045986,494.752623688156
1101.16828237634,1426.79592344022,479.76011994003
1332.33905045986,1439.22445935869,479.76011994003
1513.7956748695,1203.08227690778,479.76011994003
1516.28138205319,1190.65374098931,464.767616191904
1523.73850360428,1260.25354213274,464.767616191904
758.140691026597,1088.73974645787,479.76011994003
1130.99676858066,1354.7104151131,479.76011994003
1416.85309470544,1150.88242605021,494.752623688156
1558.53840417599,1180.71091225454,494.752623688156
1565.99552572707,1188.16803380562,494.752623688156
832.71190653741,1486.45289584887,494.752623688156
974.397216007954,1312.45339299031,494.752623688156
1093.71116082525,1367.13895103157,494.752623688156
1106.13969674372,1419.33880188914,494.752623688156
1128.51106139697,1377.08177976634,494.752623688156
1531.19562515536,1262.73924931643,509.745127436282
812.82624906786,1215.51081282625,524.737631184408
820.283370618941,1491.42431021626,509.745127436282
1078.79691772309,1374.59607258265,509.745127436282
1086.25403927417,1369.62465821526,509.745127436282
1106.13969674372,1421.82450907283,524.737631184408
1426.79592344022,2172.50807854835,524.737631184408
1769.82351478996,1488.93860303256,524.737631184408
2398.70743226448,2259.50782997763,524.737631184408
