7.45712155108128,2102.90827740492,14.9925037481259
19.8856574695501,2087.99403430276,29.9850074962519
32.3141933880189,2090.47974148645,29.9850074962519
39.7713149391002,1948.79443201591,44.9775112443778
94.4568729803629,2179.96520009943,29.9850074962519
96.9425801640567,221.227939348745,14.9925037481259
124.285359184688,290.82774049217,29.9850074962519
129.256773552076,270.94208302262,14.9925037481259
154.113845389013,1267.71066368382,29.9850074962519
171.513795674869,673.626646781009,14.9925037481259
193.885160328113,1680.33805617698,14.9925037481259
198.856574695501,1585.88118319662,44.9775112443778
208.799403430276,748.197862291822,29.9850074962519
263.484961471539,817.797663435247,29.9850074962519
278.399204573701,323.141933880189,44.9775112443778
360.427541635595,2445.93586875466,14.9925037481259
365.398956002983,1429.28163062391,29.9850074962519
365.398956002983,1991.0514541387,29.9850074962519
370.37037037037,633.855331841909,29.9850074962519
377.827491921452,1456.62440964454,14.9925037481259
377.827491921452,1421.82450907283,14.9925037481259
380.313199105145,2448.42157593835,29.9850074962519
385.284613472533,623.912503107134,29.9850074962519
427.541635595327,278.399204573701,29.9850074962519
439.970171513796,1486.45289584887,29.9850074962519
457.370121799652,320.656226696495,29.9850074962519
514.541387024609,1769.82351478996,14.9925037481259
604.026845637584,1175.73949788715,14.9925037481259
636.341039025603,295.799154859558,14.9925037481259
683.569475515784,2058.16554809843,29.9850074962519
735.769326373353,1076.3112105394,14.9925037481259
785.483470047228,2219.73651503853,29.9850074962519
805.369127516779,1769.82351478996,29.9850074962519
807.854834700472,2172.50807854835,14.9925037481259
827.740492170022,121.799652000994,29.9850074962519
879.940343027591,1739.99502858563,14.9925037481259
887.397464578673,524.484215759384,29.9850074962519
894.854586129754,1752.4235645041,14.9925037481259
904.797414864529,1901.56599552573,14.9925037481259
904.797414864529,457.370121799652,29.9850074962519
914.740243599304,1744.96644295302,14.9925037481259
949.540144171017,59.6569724086503,14.9925037481259
976.882923191648,1185.68232662192,29.9850074962519
986.825751926423,1802.13770817798,14.9925037481259
1011.68282376336,1078.79691772309,44.9775112443778
1029.08277404922,1643.05244842158,14.9925037481259
1031.56848123291,1111.11111111111,29.9850074962519
1091.22545364156,1772.30922197365,14.9925037481259
1091.22545364156,258.513547104151,14.9925037481259
1103.65398956003,835.197613721104,29.9850074962519
1215.51081282625,790.454884414616,44.9775112443778
1282.62490678598,942.083022619935,14.9925037481259
1297.53914988814,937.111608252548,14.9925037481259
1344.76758637832,357.941834451902,14.9925037481259
1362.16753666418,805.369127516779,29.9850074962519
1436.73875217499,748.197862291822,29.9850074962519
1459.11011682824,1523.73850360428,29.9850074962519
1469.05294556301,1553.5669898086,14.9925037481259
1469.05294556301,1541.13845389013,29.9850074962519
1471.53865274671,1570.96694009446,14.9925037481259
1488.93860303256,1546.10986825752,29.9850074962519
1531.19562515536,1851.85185185185,29.9850074962519
1561.02411135968,2475.76435495899,59.9700149925037
1565.99552572707,1083.76833209048,29.9850074962519
1570.96694009446,489.684315187671,29.9850074962519
1570.96694009446,1946.30872483221,44.9775112443778
1580.90976882923,338.056176982351,14.9925037481259
1593.3383047477,328.113348247576,29.9850074962519
1615.70966940094,367.884663186677,29.9850074962519
1623.16679095203,345.513298533433,29.9850074962519
1625.65249813572,768.083519761372,14.9925037481259
1635.59532687049,1215.51081282625,29.9850074962519
1670.39522744221,1096.19686800895,29.9850074962519
1677.85234899329,1150.88242605021,14.9925037481259
1732.53790703455,1121.05393984589,14.9925037481259
1769.82351478996,795.426298782004,29.9850074962519
1792.1948794432,2358.93611732538,14.9925037481259
1831.9661943823,2301.76485210042,29.9850074962519
1836.93760874969,2005.96569724086,29.9850074962519
1849.36614466816,2249.56500124285,14.9925037481259
1866.76609495401,2199.85085756898,14.9925037481259
1923.93736017897,708.426547352722,29.9850074962519
1928.90877454636,1414.36738752175,29.9850074962519
1926.42306736266,1436.73875217499,29.9850074962519
1971.16579666915,2145.16529952772,29.9850074962519
1971.16579666915,228.685060899826,29.9850074962519
1976.13721103654,2368.87894606015,14.9925037481259
2038.27989062888,1111.11111111111,14.9925037481259
2048.22271936366,944.568729803629,29.9850074962519
2055.67984091474,919.711657966692,29.9850074962519
2063.13696246582,1116.0825254785,14.9925037481259
2063.13696246582,64.6283867760378,44.9775112443778
2065.62266964952,626.398210290828,29.9850074962519
2068.10837683321,942.083022619935,14.9925037481259
2097.93686303753,1108.62540392742,14.9925037481259
2135.22247079294,738.255033557047,14.9925037481259
2160.07954262988,1986.08003977131,14.9925037481259
2165.05095699727,1073.8255033557,14.9925037481259
2202.33656475267,136.713895103157,29.9850074962519
2214.76510067114,1662.93810589113,29.9850074962519
2217.25080785483,1685.30947054437,29.9850074962519
2259.50782997763,519.512801391996,29.9850074962519
2279.39348744718,1170.76808351976,29.9850074962519
2276.90778026349,628.883917474521,14.9925037481259
2279.39348744718,1396.96743723589,29.9850074962519
2281.87919463087,1188.16803380562,14.9925037481259
2286.85060899826,1414.36738752175,29.9850074962519
2291.82202336565,1394.4817300522,14.9925037481259
2294.30773054934,591.598309719115,29.9850074962519
2316.67909520259,509.569972657221,14.9925037481259
2319.16480238628,2055.67984091474,29.9850074962519
2361.42182450907,315.684812329108,29.9850074962519
2366.39323887646,1086.25403927417,14.9925037481259
2388.7646035297,797.912005965697,29.9850074962519
2386.27889634601,1173.25379070346,44.9775112443778
2391.2503107134,1188.16803380562,29.9850074962519
2480.73576932637,462.34153616704,14.9925037481259
22.3713646532438,2112.8511061397,44.9775112443778
253.542132736764,2005.96569724086,44.9775112443778
263.484961471539,335.570469798658,29.9850074962519
328.113348247576,2102.90827740492,29.9850074962519
380.313199105145,1441.71016654238,29.9850074962519
405.170270942083,1652.99527715635,44.9775112443778
427.541635595327,161.570966940094,29.9850074962519
512.055679840915,1302.51056425553,44.9775112443778
591.598309719115,1061.39696743724,44.9775112443778
673.626646781009,2075.56549838429,29.9850074962519
728.312204822272,1222.96793437733,44.9775112443778
835.197613721104,1702.70942083023,44.9775112443778
887.397464578673,507.084265473527,44.9775112443778
924.683072334079,472.284364901815,44.9775112443778
981.854337559036,400.198856574696,44.9775112443778
1071.33979617201,1623.16679095203,44.9775112443778
1237.88217747949,1660.45239870743,29.9850074962519
1546.10986825752,1329.85334327616,44.9775112443778
1563.50981854338,1108.62540392742,44.9775112443778
1580.90976882923,1956.25155356699,44.9775112443778
1588.36689038031,345.513298533433,29.9850074962519
1595.82401193139,350.48471290082,44.9775112443778
1650.50956997266,850.111856823266,29.9850074962519
1680.33805617698,2478.25006214268,44.9775112443778
1685.30947054437,1337.31046482724,44.9775112443778
1881.68033805618,2117.82252050708,44.9775112443778
1894.10887397465,1513.7956748695,59.9700149925037
1901.56599552573,817.797663435247,59.9700149925037
1953.7658463833,1797.16629381059,44.9775112443778
1988.56574695501,1213.02510564256,44.9775112443778
2095.45115585384,1461.59582401193,59.9700149925037
2107.87969177231,1295.05344270445,59.9700149925037
2192.3937360179,2020.87994034303,44.9775112443778
2217.25080785483,1737.50932140194,44.9775112443778
2319.16480238628,902.311707680835,59.9700149925037
2331.59333830475,524.484215759384,59.9700149925037
166.542381307482,1456.62440964454,44.9775112443778
325.627641063883,2306.73626646781,44.9775112443778
343.027591349739,2015.90852597564,59.9700149925037
390.25602783992,119.313944817301,74.9625187406297
531.941337310465,1300.02485707184,44.9775112443778
638.826746209297,223.713646532438,59.9700149925037
648.769574944072,241.113596818295,59.9700149925037
653.740989311459,529.455630126771,59.9700149925037
676.112353964703,1546.10986825752,44.9775112443778
678.598061148397,1973.65150385285,59.9700149925037
773.05493412876,338.056176982351,59.9700149925037
792.94059159831,1702.70942083023,59.9700149925037
835.197613721104,1071.33979617201,44.9775112443778
909.768829231916,887.397464578673,59.9700149925037
981.854337559036,1103.65398956003,59.9700149925037
1011.68282376336,1757.39497887149,59.9700149925037
1041.51130996769,2172.50807854835,74.9625187406297
1081.28262490679,1966.19438230176,59.9700149925037
1123.53964702958,718.369376087497,59.9700149925037
1205.56798409147,2319.16480238628,59.9700149925037
1282.62490678598,166.542381307482,59.9700149925037
1292.56773552076,49.7141436738752,59.9700149925037
1344.76758637832,1834.451901566,59.9700149925037
1349.73900074571,2058.16554809843,59.9700149925037
1404.42455878698,755.654983842903,59.9700149925037
1471.53865274671,1742.48073576933,59.9700149925037
1556.05269699229,154.113845389013,59.9700149925037
1595.82401193139,2378.82177479493,59.9700149925037
1610.73825503356,347.999005717127,44.9775112443778
1700.22371364653,1973.65150385285,74.9625187406297
1712.652249565,275.913497390007,74.9625187406297
1744.96644295302,173.999502858563,59.9700149925037
1797.16629381059,1638.08103405419,59.9700149925037
1804.62341536167,845.140442455879,59.9700149925037
1988.56574695501,74.5712155108128,59.9700149925037
2020.87994034303,1625.65249813572,59.9700149925037
2080.53691275168,2259.50782997763,59.9700149925037
2085.50832711907,69.5998011434253,59.9700149925037
2097.93686303753,176.485210042257,59.9700149925037
2107.87969177231,740.740740740741,59.9700149925037
2110.365398956,1449.16728809346,44.9775112443778
2222.22222222222,1981.10862540393,74.9625187406297
2229.6793437733,2058.16554809843,59.9700149925037
2242.10787969177,2065.62266964952,44.9775112443778
2249.56500124285,1051.45413870246,74.9625187406297
2259.50782997763,2040.76559781258,59.9700149925037
2266.96495152871,1680.33805617698,59.9700149925037
2274.42207307979,1923.93736017897,59.9700149925037
2353.96470295799,1595.82401193139,59.9700149925037
2.48570718369376,2078.05120556798,74.9625187406297
39.7713149391002,695.998011434253,74.9625187406297
49.7141436738752,681.08376833209,59.9700149925037
300.770569226945,370.37037037037,74.9625187406297
310.71339796172,392.741735023614,74.9625187406297
372.856077554064,126.771066368382,74.9625187406297
437.484464330102,623.912503107134,74.9625187406297
484.712900820283,1185.68232662192,74.9625187406297
507.084265473527,417.598806860552,74.9625187406297
539.398458861546,343.027591349739,74.9625187406297
604.026845637584,797.912005965697,74.9625187406297
618.941088739746,1041.51130996769,74.9625187406297
633.855331841909,1053.93984588615,74.9625187406297
656.226696495153,835.197613721104,74.9625187406297
658.712403678847,616.455381556053,74.9625187406297
676.112353964703,840.169028088491,74.9625187406297
812.82624906786,1978.62291822023,89.9550224887556
820.283370618941,203.827989062888,74.9625187406297
842.654735272185,2401.19313944817,74.9625187406297
1039.02560278399,1424.31021625653,59.9700149925037
1039.02560278399,2237.13646532438,89.9550224887556
1043.99701715138,2371.36465324385,74.9625187406297
1046.48272433507,2157.59383544618,74.9625187406297
1056.42555306985,2239.62217250808,74.9625187406297
1063.88267462093,1113.5968182948,89.9550224887556
1210.53939845886,131.742480735769,74.9625187406297
1240.36788466319,964.454387273179,74.9625187406297
1322.39622172508,2423.56450410142,59.9700149925037
1364.65324384787,151.628138205319,74.9625187406297
1486.45289584887,1841.90902311708,74.9625187406297
1665.42381307482,1506.33855331842,74.9625187406297
1744.96644295302,1101.16828237634,74.9625187406297
1809.59482972906,735.769326373353,89.9550224887556
1839.42331593338,966.940094456873,74.9625187406297
1866.76609495401,417.598806860552,74.9625187406297
1933.88018891375,1640.56674123788,59.9700149925037
1991.0514541387,2321.65050956997,89.9550224887556
2038.27989062888,2217.25080785483,59.9700149925037
2048.22271936366,830.226199353716,74.9625187406297
2117.82252050708,2356.45041014169,89.9550224887556
2174.99378573204,917.225950782998,74.9625187406297
2197.36515038528,1966.19438230176,74.9625187406297
2271.9363658961,519.512801391996,74.9625187406297
2286.85060899826,509.569972657221,74.9625187406297
2289.33631618195,526.969922943077,74.9625187406297
89.4854586129754,554.312701963709,104.947526236882
119.313944817301,1123.53964702958,89.9550224887556
221.227939348745,1006.71140939597,89.9550224887556
231.17076808352,1981.10862540393,89.9550224887556
365.398956002983,1767.33780760626,104.947526236882
477.255779269202,686.055182699478,89.9550224887556
517.027094208302,1081.28262490679,89.9550224887556
636.341039025603,1043.99701715138,89.9550224887556
710.912254536416,1327.36763609247,104.947526236882
810.340541884166,1996.02286850609,74.9625187406297
869.997514292816,72.0855083271191,89.9550224887556
887.397464578673,1374.59607258265,89.9550224887556
897.340293313448,1362.16753666418,89.9550224887556
902.311707680835,1993.5371613224,104.947526236882
909.768829231916,318.170519512801,89.9550224887556
1036.5398956003,2222.22222222222,89.9550224887556
1036.5398956003,2199.85085756898,104.947526236882
1051.45413870246,1091.22545364156,89.9550224887556
1058.91126025354,2224.70792940592,74.9625187406297
1076.3112105394,1101.16828237634,89.9550224887556
1103.65398956003,2207.30797912006,89.9550224887556
1150.88242605021,621.42679592344,89.9550224887556
1227.93934874472,1938.85160328113,89.9550224887556
1232.91076311211,1466.56723837932,89.9550224887556
1304.99627143922,2406.16455381556,89.9550224887556
1352.22470792941,2341.53616703952,74.9625187406297
1357.19612229679,1839.42331593338,74.9625187406297
1359.68182948049,1826.99478001491,74.9625187406297
1359.68182948049,1846.88043748446,74.9625187406297
1364.65324384787,1851.85185185185,74.9625187406297
1399.45314441959,57.1712652249565,89.9550224887556
1635.59532687049,1690.28088491176,89.9550224887556
1648.02386278896,1031.56848123291,89.9550224887556
1722.59507829978,1096.19686800895,89.9550224887556
1732.53790703455,1971.16579666915,89.9550224887556
1752.4235645041,1267.71066368382,89.9550224887556
1807.10912254536,750.683569475516,89.9550224887556
1851.85185185185,84.5140442455879,89.9550224887556
1871.7375093214,1314.939100174,89.9550224887556
2137.70817797663,1565.99552572707,89.9550224887556
2145.16529952772,2160.07954262988,89.9550224887556
2179.96520009943,2249.56500124285,89.9550224887556
2182.45090728312,758.140691026597,89.9550224887556
2189.9080288342,1946.30872483221,89.9550224887556
2219.73651503853,1272.68207805121,89.9550224887556
2244.59358687547,2063.13696246582,74.9625187406297
2324.13621675367,430.027342779021,89.9550224887556
2346.50758140691,1961.22296793438,89.9550224887556
2386.27889634601,663.683818046234,89.9550224887556
2433.50733283619,683.569475515784,89.9550224887556
7.45712155108128,1180.71091225454,89.9550224887556
111.856823266219,1135.96818294805,89.9550224887556
181.456624409645,934.625901068854,119.940029985007
193.885160328113,917.225950782998,104.947526236882
241.113596818295,862.540392741735,104.947526236882
275.913497390007,1046.48272433507,89.9550224887556
280.884911757395,581.65548098434,104.947526236882
355.456127268208,703.455132985334,104.947526236882
355.456127268208,1707.68083519761,119.940029985007
425.055928411633,1603.28113348248,104.947526236882
576.684066616953,2329.10763112105,104.947526236882
621.42679592344,974.397216007954,104.947526236882
666.169525229928,596.569724086503,104.947526236882
710.912254536416,226.199353716132,89.9550224887556
874.968928660204,2321.65050956997,89.9550224887556
892.36887894606,691.026597066866,119.940029985007
897.340293313448,1347.25329356202,104.947526236882
961.968680089485,2306.73626646781,104.947526236882
1041.51130996769,1056.42555306985,104.947526236882
1056.42555306985,1041.51130996769,104.947526236882
1056.42555306985,1063.88267462093,119.940029985007
1081.28262490679,1889.13745960726,104.947526236882
1217.99652000994,94.4568729803629,104.947526236882
1260.25354213274,2339.05045985583,104.947526236882
1300.02485707184,2418.59308973403,89.9550224887556
1317.42480735769,2418.59308973403,89.9550224887556
1342.28187919463,1849.36614466816,89.9550224887556
1349.73900074571,293.313447675864,119.940029985007
1478.99577429779,2261.99353716132,104.947526236882
1496.39572458364,2239.62217250808,104.947526236882
1501.36713895103,1148.39671886652,104.947526236882
1503.85284613473,2222.22222222222,89.9550224887556
1667.90952025851,1988.56574695501,89.9550224887556
1670.39522744221,1409.39597315436,104.947526236882
1735.02361421825,1953.7658463833,104.947526236882
1839.42331593338,1205.56798409147,104.947526236882
1864.28038777032,1973.65150385285,104.947526236882
1869.25180213771,72.0855083271191,104.947526236882
1871.7375093214,1956.25155356699,104.947526236882
1881.68033805618,1399.45314441959,104.947526236882
1904.05170270942,196.370867511807,104.947526236882
1946.30872483221,343.027591349739,104.947526236882
1968.68008948546,2120.30822769078,104.947526236882
2100.42257022123,1068.85408898832,89.9550224887556
2155.10812826249,825.254784986329,104.947526236882
2157.59383544618,807.854834700472,119.940029985007
2177.47949291573,800.397713149391,104.947526236882
2239.62217250808,1829.48048719861,119.940029985007
2341.53616703952,1605.76684066617,89.9550224887556
2411.13596818295,1568.48123291076,104.947526236882
2438.47874720358,1536.16703952274,104.947526236882
2453.39299030574,1531.19562515536,104.947526236882
104.399701715138,1108.62540392742,104.947526236882
176.485210042257,919.711657966692,119.940029985007
181.456624409645,904.797414864529,119.940029985007
186.428038777032,1367.13895103157,119.940029985007
193.885160328113,748.197862291822,119.940029985007
198.856574695501,899.826000497141,119.940029985007
263.484961471539,2184.93661446682,119.940029985007
278.399204573701,1918.96594581158,119.940029985007
290.82774049217,1906.53740989311,119.940029985007
355.456127268208,2078.05120556798,119.940029985007
367.884663186677,1702.70942083023,119.940029985007
390.25602783992,934.625901068854,119.940029985007
447.427293064877,1322.39622172508,134.932533733133
479.741486452896,1227.93934874472,104.947526236882
604.026845637584,1091.22545364156,119.940029985007
623.912503107134,2028.33706189411,119.940029985007
666.169525229928,2398.70743226448,134.932533733133
713.397961720109,49.7141436738752,119.940029985007
735.769326373353,1063.88267462093,119.940029985007
857.568978374347,47.2284364901815,119.940029985007
907.283122048223,2013.42281879195,104.947526236882
927.168779517773,499.627143922446,119.940029985007
1073.8255033557,1787.22346507581,134.932533733133
1180.71091225454,1784.73775789212,119.940029985007
1342.28187919463,2105.39398458862,119.940029985007
1394.4817300522,355.456127268208,119.940029985007
1481.48148148148,2426.05021128511,104.947526236882
1600.79542629878,1610.73825503356,134.932533733133
1667.90952025851,1501.36713895103,104.947526236882
1682.82376336068,94.4568729803629,119.940029985007
1901.56599552573,2045.73701217997,119.940029985007
2135.22247079294,1374.59607258265,119.940029985007
2140.19388516033,812.82624906786,104.947526236882
2177.47949291573,867.511807109123,134.932533733133
2281.87919463087,1662.93810589113,119.940029985007
2334.07904548844,695.998011434253,104.947526236882
2408.65026099925,1439.22445935869,104.947526236882
2431.0216256525,1548.59557544121,104.947526236882
94.4568729803629,812.82624906786,134.932533733133
134.228187919463,1342.28187919463,149.925037481259
156.599552572707,2224.70792940592,134.932533733133
156.599552572707,1250.31071339796,134.932533733133
377.827491921452,2353.96470295799,134.932533733133
407.655978125777,1245.33929903057,119.940029985007
596.569724086503,2073.0797912006,119.940029985007
653.740989311459,2426.05021128511,134.932533733133
708.426547352722,758.140691026597,134.932533733133
728.312204822272,54.6855580412627,119.940029985007
894.854586129754,715.883668903803,134.932533733133
897.340293313448,576.684066616953,134.932533733133
912.25453641561,700.969425801641,134.932533733133
1006.71140939597,111.856823266219,134.932533733133
1071.33979617201,884.911757394979,134.932533733133
1148.39671886652,1220.48222719364,134.932533733133
1175.73949788715,1648.02386278896,164.917541229385
1217.99652000994,1640.56674123788,134.932533733133
1451.65299527716,551.826994780015,134.932533733133
1712.652249565,1918.96594581158,134.932533733133
1730.05219985086,2460.85011185682,134.932533733133
1769.82351478996,2261.99353716132,134.932533733133
1819.53765846383,89.4854586129754,134.932533733133
1926.42306736266,497.141436738752,134.932533733133
2040.76559781258,1754.9092716878,134.932533733133
2157.59383544618,347.999005717127,134.932533733133
2172.50807854835,1749.93785732041,119.940029985007
2174.99378573204,822.769077802635,134.932533733133
2279.39348744718,1998.50857568978,134.932533733133
156.599552572707,1272.68207805121,134.932533733133
169.028088491176,2105.39398458862,149.925037481259
183.942331593338,2291.82202336565,149.925037481259
380.313199105145,2279.39348744718,134.932533733133
780.512055679841,845.140442455879,149.925037481259
782.997762863535,862.540392741735,149.925037481259
815.311956251554,335.570469798658,149.925037481259
832.71190653741,333.084762614964,149.925037481259
835.197613721104,313.199105145414,164.917541229385
872.48322147651,2460.85011185682,149.925037481259
904.797414864529,576.684066616953,134.932533733133
1056.42555306985,897.340293313448,149.925037481259
1150.88242605021,114.342530449913,134.932533733133
1198.11086254039,2043.25130499627,149.925037481259
1245.33929903057,1667.90952025851,149.925037481259
1267.71066368382,1414.36738752175,149.925037481259
1387.02460850112,1680.33805617698,149.925037481259
1389.51031568481,1083.76833209048,149.925037481259
1623.16679095203,1993.5371613224,149.925037481259
1640.56674123788,2237.13646532438,149.925037481259
1687.79517772806,1889.13745960726,149.925037481259
1720.10937111608,1613.22396221725,149.925037481259
1762.36639323888,544.369873228934,149.925037481259
1871.7375093214,2127.76534924186,149.925037481259
1906.53740989311,1250.31071339796,149.925037481259
1983.59433258762,2177.47949291573,149.925037481259
2020.87994034303,1285.11061396967,149.925037481259
2132.73676360925,631.369624658215,149.925037481259
2234.65075814069,720.855083271191,149.925037481259
2314.19338801889,1123.53964702958,149.925037481259
154.113845389013,472.284364901815,164.917541229385
392.741735023614,263.484961471539,149.925037481259
417.598806860552,2068.10837683321,149.925037481259
427.541635595327,164.056674123788,164.917541229385
487.198608003977,521.99850857569,149.925037481259
626.398210290828,2187.42232165051,164.917541229385
678.598061148397,1222.96793437733,164.917541229385
758.140691026597,412.627392493164,164.917541229385
792.94059159831,855.083271190654,164.917541229385
797.912005965697,877.454635843898,149.925037481259
1039.02560278399,2000.99428287348,164.917541229385
1096.19686800895,278.399204573701,179.910044977511
1138.45389013174,1993.5371613224,164.917541229385
1185.68232662192,2000.99428287348,149.925037481259
1230.42505592841,1603.28113348248,179.910044977511
1280.13919960229,1429.28163062391,149.925037481259
1297.53914988814,246.085011185682,194.902548725637
1334.82475764355,241.113596818295,179.910044977511
1389.51031568481,872.48322147651,164.917541229385
1401.93885160328,1178.22520507084,164.917541229385
1411.88168033806,432.513049962714,164.917541229385
1481.48148148148,1374.59607258265,149.925037481259
1583.39547601293,1799.65200099428,164.917541229385
1588.36689038031,1822.02336564753,164.917541229385
1628.13820531941,2249.56500124285,149.925037481259
1633.1096196868,1822.02336564753,164.917541229385
1660.45239870743,2244.59358687547,149.925037481259
1747.45215013671,1558.53840417599,164.917541229385
1809.59482972906,1899.08028834203,179.910044977511
1856.82326621924,2132.73676360925,164.917541229385
2242.10787969177,1401.93885160328,164.917541229385
2244.59358687547,1384.53890131742,164.917541229385
2311.7076808352,599.055431270196,149.925037481259
89.4854586129754,1230.42505592841,179.910044977511
141.685309470544,407.655978125777,164.917541229385
258.513547104151,1759.88068605518,164.917541229385
258.513547104151,1764.85210042257,164.917541229385
283.370618941089,1715.13795674869,179.910044977511
347.999005717127,517.027094208302,179.910044977511
382.798906288839,1978.62291822023,179.910044977511
412.627392493164,827.740492170022,179.910044977511
427.541635595327,196.370867511807,179.910044977511
459.855828983346,1357.19612229679,179.910044977511
482.22719363659,1290.08202833706,179.910044977511
519.512801391996,1081.28262490679,179.910044977511
569.226945065871,1200.59656972409,179.910044977511
626.398210290828,2438.47874720358,179.910044977511
641.31245339299,1071.33979617201,179.910044977511
686.055182699478,671.140939597315,179.910044977511
780.512055679841,877.454635843898,179.910044977511
785.483470047228,2291.82202336565,179.910044977511
882.426050211285,733.283619189659,179.910044977511
989.311459110117,2073.0797912006,179.910044977511
1098.68257519264,1300.02485707184,194.902548725637
1277.65349241859,226.199353716132,194.902548725637
1332.33905045986,258.513547104151,179.910044977511
1352.22470792941,2125.27964205817,164.917541229385
1399.45314441959,1322.39622172508,194.902548725637
1506.33855331842,1031.56848123291,179.910044977511
1558.53840417599,2222.22222222222,194.902548725637
1652.99527715635,2140.19388516033,164.917541229385
1730.05219985086,1546.10986825752,164.917541229385
1732.53790703455,1543.62416107383,164.917541229385
1792.1948794432,176.485210042257,179.910044977511
1797.16629381059,156.599552572707,179.910044977511
1807.10912254536,1874.2232165051,194.902548725637
1899.08028834203,1645.53815560527,179.910044977511
2068.10837683321,2192.3937360179,194.902548725637
2184.93661446682,1240.36788466319,179.910044977511
2197.36515038528,1774.79492915735,179.910044977511
2276.90778026349,695.998011434253,179.910044977511
2344.02187422322,1802.13770817798,164.917541229385
427.541635595327,173.999502858563,194.902548725637
432.513049962714,288.342033308476,179.910044977511
626.398210290828,1086.25403927417,179.910044977511
633.855331841909,2276.90778026349,179.910044977511
728.312204822272,594.084016902809,209.895052473763
735.769326373353,1717.62366393239,194.902548725637
805.369127516779,2112.8511061397,209.895052473763
897.340293313448,740.740740740741,179.910044977511
927.168779517773,1876.70892368879,194.902548725637
952.02585135471,464.827243350733,194.902548725637
996.768580661198,2055.67984091474,179.910044977511
1004.22570221228,325.627641063883,194.902548725637
1021.62565249814,323.141933880189,194.902548725637
1036.5398956003,1314.939100174,194.902548725637
1036.5398956003,313.199105145414,194.902548725637
1133.48247576436,519.512801391996,194.902548725637
1145.91101168282,2299.27914491673,194.902548725637
1247.82500621427,802.883420333085,194.902548725637
1270.19637086751,211.28511061397,194.902548725637
1304.99627143922,236.142182450907,179.910044977511
1411.88168033806,2232.165050957,194.902548725637
1426.79592344022,1058.91126025354,194.902548725637
1573.45264727815,2234.65075814069,194.902548725637
1595.82401193139,474.770072085508,194.902548725637
1687.79517772806,608.998260004971,194.902548725637
1702.70942083023,623.912503107134,194.902548725637
1722.59507829978,1859.30897340293,194.902548725637
1722.59507829978,121.799652000994,209.895052473763
1767.33780760626,937.111608252548,194.902548725637
1804.62341536167,1889.13745960726,179.910044977511
2040.76559781258,459.855828983346,209.895052473763
2048.22271936366,1282.62490678598,194.902548725637
2112.8511061397,1230.42505592841,179.910044977511
2212.27939348745,1744.96644295302,194.902548725637
2448.42157593835,1598.30971911509,194.902548725637
109.371116082525,544.369873228934,209.895052473763
109.371116082525,1416.85309470544,209.895052473763
119.313944817301,1439.22445935869,209.895052473763
226.199353716132,1262.73924931643,209.895052473763
405.170270942083,223.713646532438,209.895052473763
412.627392493164,1963.70867511807,209.895052473763
502.11285110614,216.256524981357,209.895052473763
524.484215759384,320.656226696495,209.895052473763
628.883917474521,1282.62490678598,194.902548725637
715.883668903803,1322.39622172508,209.895052473763
1036.5398956003,1078.79691772309,194.902548725637
1068.85408898832,236.142182450907,209.895052473763
1217.99652000994,1648.02386278896,209.895052473763
1235.3964702958,954.511558538404,209.895052473763
1235.3964702958,1645.53815560527,209.895052473763
1260.25354213274,812.82624906786,194.902548725637
1260.25354213274,231.17076808352,209.895052473763
1302.51056425553,226.199353716132,194.902548725637
1314.939100174,243.599304001989,209.895052473763
1337.31046482724,681.08376833209,209.895052473763
1429.28163062391,2227.19363658961,194.902548725637
1516.28138205319,1911.5088242605,209.895052473763
1570.96694009446,2212.27939348745,209.895052473763
1690.28088491176,178.970917225951,209.895052473763
1702.70942083023,613.969674372359,209.895052473763
1712.652249565,1849.36614466816,194.902548725637
1737.50932140194,280.884911757395,209.895052473763
1846.88043748446,1225.45364156102,194.902548725637
1906.53740989311,1039.02560278399,209.895052473763
2030.8227690778,621.42679592344,194.902548725637
2202.33656475267,648.769574944072,209.895052473763
2219.73651503853,594.084016902809,209.895052473763
2291.82202336565,1732.53790703455,209.895052473763
2319.16480238628,1106.13969674372,209.895052473763
2403.67884663187,1312.45339299031,209.895052473763
2455.87869748944,991.797166293811,209.895052473763
2468.3072334079,1138.45389013174,209.895052473763
67.1140939597315,1051.45413870246,209.895052473763
96.9425801640567,1931.39448173005,209.895052473763
285.856326124783,1096.19686800895,224.887556221889
285.856326124783,576.684066616953,209.895052473763
290.82774049217,1742.48073576933,224.887556221889
315.684812329108,1021.62565249814,209.895052473763
362.913248819289,529.455630126771,209.895052473763
365.398956002983,2170.02237136465,224.887556221889
375.341784737758,519.512801391996,209.895052473763
385.284613472533,1409.39597315436,224.887556221889
432.513049962714,1083.76833209048,224.887556221889
464.827243350733,623.912503107134,209.895052473763
469.798657718121,611.483967188665,224.887556221889
487.198608003977,1399.45314441959,224.887556221889
519.512801391996,333.084762614964,209.895052473763
554.312701963709,1222.96793437733,224.887556221889
613.969674372359,2368.87894606015,209.895052473763
633.855331841909,136.713895103157,224.887556221889
705.940840169028,1287.59632115337,224.887556221889
743.226447924435,474.770072085508,224.887556221889
763.112105393985,464.827243350733,224.887556221889
768.083519761372,1518.76708923689,209.895052473763
822.769077802635,1993.5371613224,224.887556221889
902.311707680835,2219.73651503853,224.887556221889
919.711657966692,1769.82351478996,224.887556221889
989.311459110117,54.6855580412627,209.895052473763
1058.91126025354,258.513547104151,224.887556221889
1071.33979617201,2363.90753169277,224.887556221889
1078.79691772309,248.570718369376,224.887556221889
1096.19686800895,238.627889634601,224.887556221889
1101.16828237634,256.027839920457,224.887556221889
1140.93959731544,1401.93885160328,209.895052473763
1143.42530449913,2000.99428287348,209.895052473763
1215.51081282625,852.59756400696,239.880059970015
1222.96793437733,1817.05195128014,224.887556221889
1272.68207805121,2145.16529952772,209.895052473763
1275.1677852349,1454.13870246085,224.887556221889
1280.13919960229,1220.48222719364,224.887556221889
1362.16753666418,618.941088739746,224.887556221889
1387.02460850112,1643.05244842158,224.887556221889
1421.82450907283,2000.99428287348,209.895052473763
1429.28163062391,2003.47999005717,209.895052473763
1464.08153119563,1648.02386278896,224.887556221889
1538.65274670644,867.511807109123,224.887556221889
1563.50981854338,1456.62440964454,224.887556221889
1660.45239870743,1265.22495650012,224.887556221889
1680.33805617698,161.570966940094,209.895052473763
1690.28088491176,631.369624658215,209.895052473763
1744.96644295302,1419.33880188914,224.887556221889
1754.9092716878,1399.45314441959,224.887556221889
1757.39497887149,1312.45339299031,224.887556221889
1802.13770817798,1889.13745960726,224.887556221889
2162.56524981357,683.569475515784,224.887556221889
2184.93661446682,1329.85334327616,224.887556221889
2227.19363658961,907.283122048223,209.895052473763
2232.165050957,608.998260004971,224.887556221889
417.598806860552,1978.62291822023,224.887556221889
487.198608003977,1377.08177976634,224.887556221889
502.11285110614,1387.02460850112,224.887556221889
512.055679840915,338.056176982351,239.880059970015
539.398458861546,377.827491921452,224.887556221889
541.88416604524,1981.10862540393,239.880059970015
606.512552821278,1476.51006711409,224.887556221889
947.054436987323,623.912503107134,224.887556221889
989.311459110117,454.884414615958,239.880059970015
1081.28262490679,1312.45339299031,224.887556221889
1083.76833209048,2296.79343773304,224.887556221889
1235.3964702958,1304.99627143922,224.887556221889
1235.3964702958,2468.3072334079,224.887556221889
1285.11061396967,285.856326124783,239.880059970015
1300.02485707184,231.17076808352,224.887556221889
1329.85334327616,131.742480735769,224.887556221889
1332.33905045986,2008.45140442456,224.887556221889
1342.28187919463,47.2284364901815,239.880059970015
1434.2530449913,648.769574944072,224.887556221889
1506.33855331842,101.913994531444,224.887556221889
1573.45264727815,126.771066368382,224.887556221889
1630.62391250311,305.741983594333,239.880059970015
1638.08103405419,285.856326124783,239.880059970015
1655.48098434004,295.799154859558,224.887556221889
1700.22371364653,531.941337310465,239.880059970015
1767.33780760626,1409.39597315436,224.887556221889
1831.9661943823,554.312701963709,239.880059970015
1879.19463087248,2025.85135471042,224.887556221889
1894.10887397465,1066.36838180462,224.887556221889
1901.56599552573,1063.88267462093,224.887556221889
1961.22296793438,415.113099676858,224.887556221889
1993.5371613224,1794.6805866269,239.880059970015
44.7427293064877,1705.19512801392,239.880059970015
84.5140442455879,1483.96718866518,239.880059970015
251.05642555307,738.255033557047,254.872563718141
357.941834451902,526.969922943077,239.880059970015
372.856077554064,1409.39597315436,239.880059970015
392.741735023614,790.454884414616,254.872563718141
397.713149391002,1961.22296793438,239.880059970015
407.655978125777,1976.13721103654,239.880059970015
457.370121799652,1411.88168033806,239.880059970015
479.741486452896,2090.47974148645,239.880059970015
576.684066616953,387.770320656227,269.865067466267
608.998260004971,2286.85060899826,239.880059970015
621.42679592344,2301.76485210042,239.880059970015
758.140691026597,1516.28138205319,239.880059970015
812.82624906786,1991.0514541387,239.880059970015
860.054685558041,1493.91001739995,239.880059970015
942.083022619935,621.42679592344,239.880059970015
1031.56848123291,1009.19711657967,254.872563718141
1036.5398956003,2174.99378573204,239.880059970015
1046.48272433507,2172.50807854835,239.880059970015
1071.33979617201,1309.96768580661,239.880059970015
1073.8255033557,2294.30773054934,239.880059970015
1130.99676858066,1396.96743723589,239.880059970015
1213.02510564256,1814.56624409645,239.880059970015
1220.48222719364,67.1140939597315,269.865067466267
1225.45364156102,1302.51056425553,239.880059970015
1227.93934874472,2463.33581904052,239.880059970015
1327.36763609247,2008.45140442456,239.880059970015
1324.88192890877,129.256773552076,239.880059970015
1382.05319413373,124.285359184688,254.872563718141
1379.56748695004,1643.05244842158,239.880059970015
1434.2530449913,648.769574944072,254.872563718141
1558.53840417599,2398.70743226448,254.872563718141
1570.96694009446,671.140939597315,254.872563718141
1565.99552572707,2212.27939348745,239.880059970015
1650.50956997266,308.227690778026,239.880059970015
1712.652249565,549.341287596321,239.880059970015
1752.4235645041,1742.48073576933,239.880059970015
1749.93785732041,1757.39497887149,254.872563718141
1767.33780760626,1742.48073576933,254.872563718141
1831.9661943823,323.141933880189,239.880059970015
1871.7375093214,1943.82301764852,239.880059970015
2174.99378573204,1767.33780760626,254.872563718141
54.6855580412627,1707.68083519761,254.872563718141
94.4568729803629,1488.93860303256,254.872563718141
295.799154859558,770.569226945066,284.857571214393
320.656226696495,467.312950534427,269.865067466267
347.999005717127,439.970171513796,254.872563718141
410.141685309471,1966.19438230176,254.872563718141
472.284364901815,1416.85309470544,254.872563718141
489.684315187671,1021.62565249814,269.865067466267
494.655729555058,2095.45115585384,254.872563718141
502.11285110614,1401.93885160328,254.872563718141
551.826994780015,1983.59433258762,254.872563718141
618.941088739746,2289.33631618195,269.865067466267
621.42679592344,770.569226945066,269.865067466267
628.883917474521,2306.73626646781,269.865067466267
686.055182699478,1312.45339299031,269.865067466267
691.026597066866,790.454884414616,269.865067466267
820.283370618941,952.02585135471,284.857571214393
837.683320904797,1441.71016654238,269.865067466267
874.968928660204,1498.88143176734,254.872563718141
1058.91126025354,407.655978125777,269.865067466267
1061.39696743724,2177.47949291573,269.865067466267
1083.76833209048,1314.939100174,254.872563718141
1116.0825254785,347.999005717127,269.865067466267
1541.13845389013,430.027342779021,254.872563718141
1896.59458115834,320.656226696495,254.872563718141
1896.59458115834,1672.8809346259,254.872563718141
2174.99378573204,1784.73775789212,254.872563718141
32.3141933880189,1081.28262490679,284.857571214393
268.456375838926,1118.56823266219,284.857571214393
395.227442207308,1963.70867511807,284.857571214393
417.598806860552,377.827491921452,284.857571214393
439.970171513796,531.941337310465,284.857571214393
457.370121799652,1899.08028834203,284.857571214393
472.284364901815,1245.33929903057,299.850074962519
636.341039025603,1981.10862540393,299.850074962519
666.169525229928,1565.99552572707,299.850074962519
698.483718617947,1630.62391250311,284.857571214393
785.483470047228,1486.45289584887,299.850074962519
961.968680089485,820.283370618941,314.842578710645
1150.88242605021,1198.11086254039,284.857571214393
1309.96768580661,1675.36664180959,269.865067466267
1309.96768580661,825.254784986329,269.865067466267
1391.99602286851,124.285359184688,269.865067466267
1409.39597315436,1667.90952025851,269.865067466267
1446.68158090977,589.112602535421,269.865067466267
1523.73850360428,1705.19512801392,269.865067466267
1551.08128262491,430.027342779021,269.865067466267
1568.48123291076,1588.36689038031,269.865067466267
1598.30971911509,320.656226696495,269.865067466267
1635.59532687049,2199.85085756898,269.865067466267
1648.02386278896,159.085259756401,269.865067466267
1841.90902311708,325.627641063883,269.865067466267
1844.39473030077,971.911508824261,284.857571214393
1864.28038777032,984.340044742729,269.865067466267
1879.19463087248,1938.85160328113,269.865067466267
1881.68033805618,703.455132985334,269.865067466267
1894.10887397465,775.540641312453,284.857571214393
1904.05170270942,1672.8809346259,269.865067466267
1906.53740989311,323.141933880189,269.865067466267
1946.30872483221,402.684563758389,269.865067466267
2135.22247079294,1762.36639323888,269.865067466267
2182.45090728312,986.825751926423,269.865067466267
2182.45090728312,1779.76634352473,269.865067466267
405.170270942083,439.970171513796,284.857571214393
462.34153616704,1222.96793437733,299.850074962519
574.198359433259,377.827491921452,284.857571214393
606.512552821278,1265.22495650012,299.850074962519
608.998260004971,1287.59632115337,299.850074962519
723.340790454884,2179.96520009943,314.842578710645
795.426298782004,1354.7104151131,284.857571214393
947.054436987323,2306.73626646781,299.850074962519
979.368630375342,161.570966940094,299.850074962519
1101.16828237634,954.511558538404,299.850074962519
1203.08227690778,956.997265722098,314.842578710645
1222.96793437733,1625.65249813572,329.835082458771
1295.05344270445,1687.79517772806,284.857571214393
1309.96768580661,2010.93711160825,284.857571214393
1334.82475764355,884.911757394979,299.850074962519
1369.62465821526,1700.22371364653,284.857571214393
1379.56748695004,129.256773552076,284.857571214393
1382.05319413373,124.285359184688,284.857571214393
1394.4817300522,1677.85234899329,284.857571214393
1439.22445935869,586.626895351728,284.857571214393
1506.33855331842,1715.13795674869,284.857571214393
1541.13845389013,430.027342779021,284.857571214393
1556.05269699229,1598.30971911509,284.857571214393
1588.36689038031,323.141933880189,284.857571214393
1620.68108376833,2212.27939348745,284.857571214393
1680.33805617698,1809.59482972906,284.857571214393
1717.62366393239,1874.2232165051,284.857571214393
1749.93785732041,509.569972657221,299.850074962519
1834.451901566,971.911508824261,284.857571214393
1854.33755903555,986.825751926423,284.857571214393
1871.7375093214,703.455132985334,284.857571214393
1881.68033805618,646.283867760378,299.850074962519
1889.13745960726,1680.33805617698,284.857571214393
1896.59458115834,323.141933880189,284.857571214393
1936.36589609744,402.684563758389,284.857571214393
2120.30822769078,1769.82351478996,284.857571214393
2127.76534924186,1409.39597315436,284.857571214393
2167.53666418096,1789.70917225951,284.857571214393
2167.53666418096,1772.30922197365,284.857571214393
2172.50807854835,984.340044742729,284.857571214393
228.685060899826,1538.65274670644,314.842578710645
300.770569226945,1854.33755903555,314.842578710645
425.055928411633,705.940840169028,329.835082458771
459.855828983346,1240.36788466319,314.842578710645
504.598558289833,1014.16853094705,329.835082458771
574.198359433259,1998.50857568978,314.842578710645
735.769326373353,1956.25155356699,329.835082458771
738.255033557047,325.627641063883,329.835082458771
765.597812577678,653.740989311459,314.842578710645
778.026348496147,1943.82301764852,329.835082458771
832.71190653741,1302.51056425553,329.835082458771
852.59756400696,1262.73924931643,314.842578710645
862.540392741735,633.855331841909,314.842578710645
971.911508824261,805.369127516779,329.835082458771
1083.76833209048,2018.39423315933,314.842578710645
1242.85359184688,2252.05070842655,314.842578710645
1309.96768580661,1680.33805617698,299.850074962519
1312.45339299031,2177.47949291573,314.842578710645
1324.88192890877,2003.47999005717,314.842578710645
1369.62465821526,2073.0797912006,329.835082458771
1382.05319413373,1695.25229927915,299.850074962519
1409.39597315436,1675.36664180959,299.850074962519
1419.33880188914,2222.22222222222,314.842578710645
1493.91001739995,971.911508824261,314.842578710645
1496.39572458364,382.798906288839,329.835082458771
1521.25279642058,1710.16654238131,314.842578710645
1570.96694009446,1593.3383047477,299.850074962519
1635.59532687049,2207.30797912006,299.850074962519
1695.25229927915,1804.62341536167,299.850074962519
1732.53790703455,1869.25180213771,314.842578710645
1784.73775789212,1802.13770817798,329.835082458771
1819.53765846383,1091.22545364156,314.842578710645
1856.82326621924,720.855083271191,314.842578710645
1861.79468058663,981.854337559036,299.850074962519
1879.19463087248,695.998011434253,299.850074962519
1879.19463087248,1031.56848123291,314.842578710645
1899.08028834203,1031.56848123291,314.842578710645
1904.05170270942,1677.85234899329,299.850074962519
1943.82301764852,397.713149391002,299.850074962519
2125.27964205817,1046.48272433507,314.842578710645
2142.67959234402,1404.42455878698,314.842578710645
2179.96520009943,979.368630375342,299.850074962519
415.113099676858,1923.93736017897,344.827586206897
422.570221227939,1531.19562515536,344.827586206897
564.255530698484,526.969922943077,329.835082458771
683.569475515784,700.969425801641,329.835082458771
763.112105393985,315.684812329108,329.835082458771
874.968928660204,1063.88267462093,329.835082458771
1173.25379070346,1891.62316679095,314.842578710645
1175.73949788715,1899.08028834203,314.842578710645
1295.05344270445,216.256524981357,314.842578710645
1300.02485707184,1208.05369127517,329.835082458771
1543.62416107383,1881.68033805618,329.835082458771
1590.85259756401,1983.59433258762,329.835082458771
1797.16629381059,1359.68182948049,344.827586206897
1889.13745960726,1019.13994531444,329.835082458771
1926.42306736266,623.912503107134,344.827586206897
1986.08003977131,1879.19463087248,329.835082458771
2060.65125528213,1762.36639323888,329.835082458771
251.05642555307,984.340044742729,359.820089955023
251.05642555307,1603.28113348248,344.827586206897
295.799154859558,1660.45239870743,329.835082458771
410.141685309471,991.797166293811,344.827586206897
596.569724086503,1926.42306736266,359.820089955023
651.255282127765,2035.79418344519,344.827586206897
725.826497638578,2145.16529952772,329.835082458771
768.083519761372,1665.42381307482,329.835082458771
832.71190653741,912.25453641561,344.827586206897
996.768580661198,1886.65175242356,344.827586206897
1009.19711657967,1456.62440964454,344.827586206897
1029.08277404922,708.426547352722,344.827586206897
1237.88217747949,2207.30797912006,359.820089955023
1332.33905045986,2239.62217250808,344.827586206897
1409.39597315436,1690.28088491176,359.820089955023
1464.08153119563,1747.45215013671,359.820089955023
1493.91001739995,1503.85284613473,344.827586206897
1580.90976882923,1655.48098434004,344.827586206897
1705.19512801392,1742.48073576933,344.827586206897
1876.70892368879,1466.56723837932,359.820089955023
1906.53740989311,1024.11135968183,344.827586206897
2043.25130499627,1063.88267462093,359.820089955023
268.456375838926,1111.11111111111,374.812593703148
288.342033308476,1041.51130996769,359.820089955023
330.59905543127,912.25453641561,374.812593703148
345.513298533433,1752.4235645041,359.820089955023
377.827491921452,820.283370618941,359.820089955023
681.08376833209,517.027094208302,344.827586206897
733.283619189659,2045.73701217997,344.827586206897
822.769077802635,2125.27964205817,374.812593703148
825.254784986329,1662.93810589113,359.820089955023
1043.99701715138,2120.30822769078,374.812593703148
1118.56823266219,489.684315187671,359.820089955023
1175.73949788715,1894.10887397465,344.827586206897
1290.08202833706,400.198856574696,344.827586206897
1459.11011682824,1730.05219985086,359.820089955023
1476.51006711409,1732.53790703455,359.820089955023
1501.36713895103,509.569972657221,359.820089955023
1526.22421078797,1722.59507829978,374.812593703148
1568.48123291076,1645.53815560527,344.827586206897
1588.36689038031,1292.56773552076,374.812593703148
325.627641063883,1585.88118319662,374.812593703148
531.941337310465,1150.88242605021,374.812593703148
661.19811086254,1113.5968182948,359.820089955023
666.169525229928,1106.13969674372,389.805097451274
725.826497638578,2147.65100671141,359.820089955023
725.826497638578,2140.19388516033,359.820089955023
860.054685558041,633.855331841909,359.820089955023
917.225950782998,1968.68008948546,374.812593703148
1004.22570221228,1608.25254784986,389.805097451274
1138.45389013174,497.141436738752,389.805097451274
1277.65349241859,2075.56549838429,374.812593703148
1285.11061396967,410.141685309471,374.812593703148
1307.48197862292,691.026597066866,374.812593703148
1369.62465821526,1508.82426050211,374.812593703148
1387.02460850112,2155.10812826249,374.812593703148
1486.45289584887,805.369127516779,359.820089955023
1859.30897340293,718.369376087497,374.812593703148
1874.2232165051,1034.0541884166,359.820089955023
1899.08028834203,1034.0541884166,359.820089955023
1923.93736017897,1091.22545364156,359.820089955023
1926.42306736266,1098.68257519264,374.812593703148
397.713149391002,884.911757394979,374.812593703148
442.455878697489,1337.31046482724,389.805097451274
584.141188168034,1735.02361421825,404.7976011994
723.340790454884,738.255033557047,374.812593703148
728.312204822272,740.740740740741,374.812593703148
730.797912005966,735.769326373353,374.812593703148
790.454884414616,750.683569475516,404.7976011994
787.969177230922,512.055679840915,404.7976011994
855.083271190654,740.740740740741,389.805097451274
869.997514292816,735.769326373353,389.805097451274
999.254287844892,1066.36838180462,374.812593703148
1001.73999502859,2033.3084762615,389.805097451274
1014.16853094705,1419.33880188914,374.812593703148
1118.56823266219,1322.39622172508,389.805097451274
1180.71091225454,1894.10887397465,374.812593703148
1190.65374098931,1662.93810589113,389.805097451274
1260.25354213274,1066.36838180462,374.812593703148
1262.73924931643,2087.99403430276,389.805097451274
1295.05344270445,2080.53691275168,389.805097451274
1304.99627143922,1469.05294556301,389.805097451274
1486.45289584887,812.82624906786,374.812593703148
1493.91001739995,810.340541884166,374.812593703148
1551.08128262491,601.54113845389,374.812593703148
1876.70892368879,1506.33855331842,389.805097451274
293.313447675864,1029.08277404922,389.805097451274
400.198856574696,882.426050211285,404.7976011994
604.026845637584,750.683569475516,404.7976011994
616.455381556053,1754.9092716878,404.7976011994
666.169525229928,1021.62565249814,419.790104947526
688.540889883172,509.569972657221,389.805097451274
693.512304250559,1598.30971911509,404.7976011994
991.797166293811,733.283619189659,419.790104947526
994.282873477504,434.998757146408,404.7976011994
1267.71066368382,1053.93984588615,389.805097451274
1272.68207805121,1063.88267462093,389.805097451274
1275.1677852349,2100.42257022123,389.805097451274
1297.53914988814,412.627392493164,389.805097451274
1319.91051454139,688.540889883172,389.805097451274
1364.65324384787,1650.50956997266,389.805097451274
1503.85284613473,807.854834700472,389.805097451274
1513.7956748695,507.084265473527,389.805097451274
1513.7956748695,514.541387024609,389.805097451274
1518.76708923689,842.654735272185,419.790104947526
1553.5669898086,1488.93860303256,389.805097451274
1561.02411135968,599.055431270196,389.805097451274
1871.7375093214,718.369376087497,389.805097451274
1881.68033805618,1150.88242605021,389.805097451274
1936.36589609744,1093.71116082525,389.805097451274
1941.33731046483,1098.68257519264,389.805097451274
1983.59433258762,1493.91001739995,389.805097451274
534.427044494159,1556.05269699229,434.782608695652
616.455381556053,1237.88217747949,419.790104947526
728.312204822272,738.255033557047,419.790104947526
753.16927665921,1896.59458115834,419.790104947526
835.197613721104,1784.73775789212,434.782608695652
869.997514292816,1424.31021625653,434.782608695652
1058.91126025354,1556.05269699229,434.782608695652
1068.85408898832,1757.39497887149,404.7976011994
1071.33979617201,1826.99478001491,434.782608695652
1255.28212776535,1058.91126025354,404.7976011994
1265.22495650012,1076.3112105394,404.7976011994
1270.19637086751,2105.39398458862,404.7976011994
1282.62490678598,2115.33681332339,404.7976011994
1282.62490678598,400.198856574696,404.7976011994
1285.11061396967,2092.96544867015,404.7976011994
1302.51056425553,2095.45115585384,404.7976011994
1304.99627143922,681.08376833209,404.7976011994
1312.45339299031,1483.96718866518,404.7976011994
1372.11036539896,1667.90952025851,404.7976011994
1424.31021625653,1871.7375093214,404.7976011994
1506.33855331842,832.71190653741,404.7976011994
1546.10986825752,591.598309719115,404.7976011994
1561.02411135968,1503.85284613473,404.7976011994
1593.3383047477,673.626646781009,434.782608695652
1603.28113348248,1071.33979617201,419.790104947526
1608.25254784986,1048.96843151877,434.782608695652
1866.76609495401,1145.91101168282,404.7976011994
1881.68033805618,1521.25279642058,404.7976011994
1921.45165299528,1086.25403927417,404.7976011994
1991.0514541387,1508.82426050211,404.7976011994
526.969922943077,1538.65274670644,449.775112443778
546.855580412627,1575.93835446184,449.775112443778
584.141188168034,907.283122048223,449.775112443778
673.626646781009,1372.11036539896,449.775112443778
999.254287844892,1076.3112105394,419.790104947526
1009.19711657967,1039.02560278399,434.782608695652
1029.08277404922,1461.59582401193,434.782608695652
1297.53914988814,1476.51006711409,419.790104947526
1359.68182948049,1660.45239870743,419.790104947526
1411.88168033806,1864.28038777032,434.782608695652
1439.22445935869,1675.36664180959,434.782608695652
1528.70991797166,584.141188168034,449.775112443778
1548.59557544121,1493.91001739995,434.782608695652
1787.22346507581,1073.8255033557,434.782608695652
1834.451901566,1312.45339299031,419.790104947526
1869.25180213771,1352.22470792941,434.782608695652
1869.25180213771,1513.7956748695,419.790104947526
1926.42306736266,1091.22545364156,419.790104947526
1978.62291822023,1501.36713895103,419.790104947526
551.826994780015,1548.59557544121,449.775112443778
628.883917474521,820.283370618941,449.775112443778
641.31245339299,1608.25254784986,464.767616191904
656.226696495153,845.140442455879,449.775112443778
653.740989311459,984.340044742729,464.767616191904
1068.85408898832,1757.39497887149,434.782608695652
1148.39671886652,1006.71140939597,449.775112443778
1548.59557544121,579.169773800646,449.775112443778
1680.33805617698,1369.62465821526,434.782608695652
705.940840169028,1523.73850360428,464.767616191904
922.197365150385,889.883171762366,464.767616191904
976.882923191648,1409.39597315436,479.76011994003
1019.13994531444,1496.39572458364,464.767616191904
1252.79642058166,1235.3964702958,449.775112443778
1357.19612229679,917.225950782998,479.76011994003
1439.22445935869,1667.90952025851,464.767616191904
1600.79542629878,1066.36838180462,449.775112443778
1682.82376336068,1362.16753666418,449.775112443778
1836.93760874969,1304.99627143922,464.767616191904
840.169028088491,1623.16679095203,464.767616191904
1016.65423813075,1511.30996768581,479.76011994003
1096.19686800895,1175.73949788715,494.752623688156
1128.51106139697,1511.30996768581,509.745127436282
1213.02510564256,1769.82351478996,494.752623688156
1240.36788466319,1235.3964702958,464.767616191904
1277.65349241859,850.111856823266,464.767616191904
1374.59607258265,1797.16629381059,479.76011994003
882.426050211285,1312.45339299031,494.752623688156
912.25453641561,1620.68108376833,509.745127436282
897.340293313448,1317.42480735769,509.745127436282
912.25453641561,1262.73924931643,509.745127436282
964.454387273179,1459.11011682824,509.745127436282
1155.8538404176,914.740243599304,509.745127436282
1220.48222719364,1267.71066368382,509.745127436282
1575.93835446184,1369.62465821526,509.745127436282
959.482972905792,1384.53890131742,524.737631184408
984.340044742729,1483.96718866518,524.737631184408
1304.99627143922,959.482972905792,524.737631184408
1593.3383047477,1220.48222719364,509.745127436282
