14.9142431021626,1466.56723837932,29.9850074962519
226.199353716132,1826.99478001491,29.9850074962519
241.113596818295,91.9711657966692,29.9850074962519
248.570718369376,1662.93810589113,29.9850074962519
258.513547104151,2023.36564752672,14.9925037481259
268.456375838926,343.027591349739,29.9850074962519
275.913497390007,2070.5940840169,14.9925037481259
315.684812329108,2097.93686303753,29.9850074962519
325.627641063883,912.25453641561,14.9925037481259
395.227442207308,1941.33731046483,14.9925037481259
397.713149391002,328.113348247576,14.9925037481259
410.141685309471,1424.31021625653,29.9850074962519
484.712900820283,1638.08103405419,29.9850074962519
599.055431270196,14.9142431021626,29.9850074962519
720.855083271191,1705.19512801392,14.9925037481259
755.654983842903,221.227939348745,29.9850074962519
790.454884414616,1630.62391250311,14.9925037481259
797.912005965697,1297.53914988814,14.9925037481259
822.769077802635,2286.85060899826,14.9925037481259
827.740492170022,1777.28063634104,14.9925037481259
830.226199353716,2473.27864777529,14.9925037481259
832.71190653741,2304.25055928412,14.9925037481259
837.683320904797,1394.4817300522,29.9850074962519
837.683320904797,2311.7076808352,14.9925037481259
850.111856823266,1409.39597315436,29.9850074962519
862.540392741735,2197.36515038528,14.9925037481259
865.026099925429,1752.4235645041,14.9925037481259
939.597315436242,2321.65050956997,14.9925037481259
959.482972905792,1322.39622172508,14.9925037481259
1051.45413870246,106.885408898832,29.9850074962519
1058.91126025354,999.254287844892,29.9850074962519
1076.3112105394,611.483967188665,14.9925037481259
1217.99652000994,2008.45140442456,29.9850074962519
1227.93934874472,1978.62291822023,14.9925037481259
1230.42505592841,1998.50857568978,14.9925037481259
1242.85359184688,1933.88018891375,29.9850074962519
1247.82500621427,1988.56574695501,14.9925037481259
1260.25354213274,2301.76485210042,14.9925037481259
1297.53914988814,763.112105393985,29.9850074962519
1317.42480735769,1088.73974645787,29.9850074962519
1339.79617201094,509.569972657221,29.9850074962519
1357.19612229679,1769.82351478996,14.9925037481259
1491.42431021626,2224.70792940592,29.9850074962519
1506.33855331842,2209.79368630375,29.9850074962519
1600.79542629878,1672.8809346259,14.9925037481259
1608.25254784986,1670.39522744221,14.9925037481259
1705.19512801392,1046.48272433507,14.9925037481259
1767.33780760626,1643.05244842158,29.9850074962519
1831.9661943823,673.626646781009,14.9925037481259
1849.36614466816,1871.7375093214,14.9925037481259
1879.19463087248,1918.96594581158,14.9925037481259
2105.39398458862,196.370867511807,29.9850074962519
2125.27964205817,1088.73974645787,29.9850074962519
2184.93661446682,1220.48222719364,29.9850074962519
2199.85085756898,1205.56798409147,29.9850074962519
2391.2503107134,1451.65299527716,14.9925037481259
2443.45016157097,1068.85408898832,29.9850074962519
104.399701715138,469.798657718121,29.9850074962519
251.05642555307,2127.76534924186,44.9775112443778
265.970668655232,2135.22247079294,29.9850074962519
303.256276410639,2107.87969177231,44.9775112443778
340.541884166045,2207.30797912006,29.9850074962519
417.598806860552,1441.71016654238,29.9850074962519
474.770072085508,1486.45289584887,44.9775112443778
482.22719363659,1498.88143176734,29.9850074962519
524.484215759384,2480.73576932637,44.9775112443778
544.369873228934,2480.73576932637,29.9850074962519
599.055431270196,2329.10763112105,29.9850074962519
728.312204822272,1692.76659209545,44.9775112443778
782.997762863535,1143.42530449913,44.9775112443778
812.82624906786,2289.33631618195,29.9850074962519
932.14019388516,1317.42480735769,44.9775112443778
1334.82475764355,1496.39572458364,44.9775112443778
1379.56748695004,29.8284862043251,44.9775112443778
1459.11011682824,1961.22296793438,29.9850074962519
1496.39572458364,2078.05120556798,44.9775112443778
1521.25279642058,671.140939597315,44.9775112443778
1605.76684066617,1384.53890131742,44.9775112443778
1739.99502858563,420.084514044246,44.9775112443778
1941.33731046483,1640.56674123788,44.9775112443778
2035.79418344519,1946.30872483221,44.9775112443778
2132.73676360925,912.25453641561,29.9850074962519
2202.33656475267,1227.93934874472,29.9850074962519
2259.50782997763,387.770320656227,29.9850074962519
2306.73626646781,425.055928411633,44.9775112443778
2309.2219736515,457.370121799652,44.9775112443778
2309.2219736515,405.170270942083,44.9775112443778
2324.13621675367,1923.93736017897,44.9775112443778
2465.82152622421,594.084016902809,44.9775112443778
69.5998011434253,658.712403678847,44.9775112443778
109.371116082525,1250.31071339796,44.9775112443778
111.856823266219,293.313447675864,44.9775112443778
114.342530449913,1454.13870246085,59.9700149925037
131.742480735769,283.370618941089,59.9700149925037
144.171016654238,2028.33706189411,44.9775112443778
203.827989062888,1501.36713895103,44.9775112443778
213.770817797663,1364.65324384787,44.9775112443778
330.59905543127,494.655729555058,44.9775112443778
377.827491921452,638.826746209297,59.9700149925037
437.484464330102,517.027094208302,59.9700149925037
574.198359433259,1501.36713895103,59.9700149925037
576.684066616953,1493.91001739995,44.9775112443778
589.112602535421,1565.99552572707,44.9775112443778
708.426547352722,1643.05244842158,44.9775112443778
800.397713149391,1140.93959731544,44.9775112443778
825.254784986329,1235.3964702958,44.9775112443778
897.340293313448,447.427293064877,44.9775112443778
917.225950782998,1521.25279642058,59.9700149925037
929.654486701467,1511.30996768581,59.9700149925037
927.168779517773,1533.68133233905,44.9775112443778
949.540144171017,1312.45339299031,44.9775112443778
959.482972905792,1324.88192890877,44.9775112443778
976.882923191648,1317.42480735769,44.9775112443778
976.882923191648,1334.82475764355,44.9775112443778
1029.08277404922,385.284613472533,59.9700149925037
1185.68232662192,1372.11036539896,44.9775112443778
1235.3964702958,1198.11086254039,44.9775112443778
1317.42480735769,330.59905543127,44.9775112443778
1324.88192890877,601.54113845389,44.9775112443778
1339.79617201094,606.512552821278,44.9775112443778
1454.13870246085,2304.25055928412,44.9775112443778
1469.05294556301,2286.85060899826,44.9775112443778
1493.91001739995,807.854834700472,59.9700149925037
1556.05269699229,855.083271190654,59.9700149925037
1590.85259756401,2316.67909520259,44.9775112443778
1777.28063634104,1053.93984588615,59.9700149925037
2010.93711160825,1242.85359184688,59.9700149925037
2105.39398458862,1605.76684066617,44.9775112443778
2117.82252050708,201.342281879195,59.9700149925037
2324.13621675367,412.627392493164,44.9775112443778
2344.02187422322,1155.8538404176,59.9700149925037
2358.93611732538,949.540144171017,44.9775112443778
2368.87894606015,507.084265473527,59.9700149925037
2426.05021128511,1245.33929903057,44.9775112443778
24.8570718369376,1774.79492915735,59.9700149925037
29.8284862043251,1772.30922197365,59.9700149925037
243.599304001989,166.542381307482,74.9625187406297
432.513049962714,1464.08153119563,59.9700149925037
504.598558289833,352.970420084514,59.9700149925037
755.654983842903,1687.79517772806,59.9700149925037
869.997514292816,693.512304250559,59.9700149925037
1011.68282376336,395.227442207308,59.9700149925037
1026.59706686552,405.170270942083,59.9700149925037
1058.91126025354,1971.16579666915,74.9625187406297
1163.31096196868,1374.59607258265,59.9700149925037
1339.79617201094,333.084762614964,59.9700149925037
1344.76758637832,2438.47874720358,59.9700149925037
1469.05294556301,1111.11111111111,59.9700149925037
1620.68108376833,1173.25379070346,59.9700149925037
1665.42381307482,2234.65075814069,104.947526236882
1727.56649266716,124.285359184688,59.9700149925037
2005.96569724086,1411.88168033806,59.9700149925037
2110.365398956,1630.62391250311,59.9700149925037
2127.76534924186,1620.68108376833,59.9700149925037
2160.07954262988,802.883420333085,59.9700149925037
2356.45041014169,636.341039025603,74.9625187406297
2356.45041014169,524.484215759384,59.9700149925037
2363.90753169277,524.484215759384,74.9625187406297
2468.3072334079,949.540144171017,59.9700149925037
136.713895103157,514.541387024609,89.9550224887556
315.684812329108,149.142431021626,74.9625187406297
355.456127268208,966.940094456873,74.9625187406297
837.683320904797,917.225950782998,74.9625187406297
1053.93984588615,763.112105393985,89.9550224887556
1252.79642058166,1446.68158090977,74.9625187406297
1319.91051454139,2423.56450410142,74.9625187406297
1319.91051454139,2440.96445438727,74.9625187406297
1354.7104151131,2438.47874720358,74.9625187406297
1476.51006711409,1108.62540392742,74.9625187406297
1531.19562515536,1267.71066368382,74.9625187406297
1685.30947054437,2247.07929405916,89.9550224887556
1725.08078548347,427.541635595327,89.9550224887556
1737.50932140194,126.771066368382,74.9625187406297
1784.73775789212,1053.93984588615,74.9625187406297
1874.2232165051,454.884414615958,74.9625187406297
2120.30822769078,1585.88118319662,74.9625187406297
2132.73676360925,1600.79542629878,74.9625187406297
2170.02237136465,802.883420333085,74.9625187406297
2438.47874720358,1004.22570221228,74.9625187406297
2450.90728312205,1014.16853094705,89.9550224887556
9.94282873477504,2135.22247079294,89.9550224887556
14.9142431021626,1518.76708923689,104.947526236882
149.142431021626,407.655978125777,104.947526236882
154.113845389013,430.027342779021,89.9550224887556
206.313696246582,725.826497638578,104.947526236882
350.48471290082,1414.36738752175,104.947526236882
357.941834451902,526.969922943077,104.947526236882
412.627392493164,521.99850857569,104.947526236882
472.284364901815,1349.73900074571,89.9550224887556
477.255779269202,1327.36763609247,89.9550224887556
489.684315187671,425.055928411633,89.9550224887556
492.170022371365,420.084514044246,104.947526236882
531.941337310465,2431.0216256525,89.9550224887556
601.54113845389,1367.13895103157,89.9550224887556
604.026845637584,407.655978125777,89.9550224887556
623.912503107134,407.655978125777,104.947526236882
661.19811086254,1031.56848123291,89.9550224887556
760.626398210291,1409.39597315436,89.9550224887556
877.454635843898,1933.88018891375,104.947526236882
912.25453641561,2418.59308973403,89.9550224887556
1019.13994531444,1918.96594581158,104.947526236882
1026.59706686552,1886.65175242356,104.947526236882
1043.99701715138,1508.82426050211,104.947526236882
1071.33979617201,1906.53740989311,89.9550224887556
1078.79691772309,1444.19587372608,104.947526236882
1285.11061396967,459.855828983346,89.9550224887556
1359.68182948049,1866.76609495401,89.9550224887556
1364.65324384787,2455.87869748944,89.9550224887556
1391.99602286851,206.313696246582,89.9550224887556
1466.56723837932,2209.79368630375,89.9550224887556
1521.25279642058,1265.22495650012,89.9550224887556
1613.22396221725,902.311707680835,104.947526236882
1677.85234899329,1342.28187919463,89.9550224887556
1685.30947054437,2127.76534924186,104.947526236882
1747.45215013671,1073.8255033557,104.947526236882
1787.22346507581,1076.3112105394,104.947526236882
1804.62341536167,2445.93586875466,104.947526236882
1836.93760874969,492.170022371365,89.9550224887556
1866.76609495401,2150.1367138951,104.947526236882
1963.70867511807,1657.96669152374,119.940029985007
2087.99403430276,1476.51006711409,104.947526236882
2102.90827740492,1488.93860303256,89.9550224887556
2105.39398458862,1630.62391250311,89.9550224887556
2110.365398956,1588.36689038031,89.9550224887556
2112.8511061397,1605.76684066617,89.9550224887556
2120.30822769078,1625.65249813572,89.9550224887556
2122.79393487447,1603.28113348248,89.9550224887556
2179.96520009943,1431.76733780761,104.947526236882
2189.9080288342,2097.93686303753,89.9550224887556
2214.76510067114,1968.68008948546,104.947526236882
2358.93611732538,502.11285110614,89.9550224887556
14.9142431021626,1506.33855331842,104.947526236882
19.8856574695501,1498.88143176734,104.947526236882
29.8284862043251,2038.27989062888,104.947526236882
106.885408898832,2142.67959234402,104.947526236882
136.713895103157,422.570221227939,104.947526236882
201.342281879195,1429.28163062391,119.940029985007
357.941834451902,1280.13919960229,104.947526236882
407.655978125777,1628.13820531941,119.940029985007
467.312950534427,2015.90852597564,104.947526236882
517.027094208302,1285.11061396967,119.940029985007
534.427044494159,357.941834451902,104.947526236882
536.912751677852,782.997762863535,119.940029985007
546.855580412627,343.027591349739,104.947526236882
551.826994780015,2095.45115585384,104.947526236882
554.312701963709,328.113348247576,104.947526236882
631.369624658215,328.113348247576,119.940029985007
636.341039025603,417.598806860552,104.947526236882
750.683569475516,1444.19587372608,104.947526236882
914.740243599304,2435.99304001989,119.940029985007
937.111608252548,2160.07954262988,104.947526236882
961.968680089485,2152.6224210788,104.947526236882
1006.71140939597,1899.08028834203,104.947526236882
1009.19711657967,1879.19463087248,119.940029985007
1011.68282376336,1909.02311707681,119.940029985007
1039.02560278399,504.598558289833,104.947526236882
1041.51130996769,882.426050211285,104.947526236882
1063.88267462093,1513.7956748695,104.947526236882
1133.48247576436,1116.0825254785,119.940029985007
1389.51031568481,1787.22346507581,104.947526236882
1454.13870246085,1424.31021625653,104.947526236882
1454.13870246085,2465.82152622421,104.947526236882
1476.51006711409,2463.33581904052,119.940029985007
1476.51006711409,2478.25006214268,119.940029985007
1493.91001739995,2440.96445438727,119.940029985007
1565.99552572707,812.82624906786,104.947526236882
1648.02386278896,1966.19438230176,119.940029985007
1692.76659209545,1493.91001739995,119.940029985007
1690.28088491176,1538.65274670644,119.940029985007
1712.652249565,2155.10812826249,104.947526236882
1730.05219985086,1996.02286850609,104.947526236882
1749.93785732041,114.342530449913,104.947526236882
1762.36639323888,126.771066368382,104.947526236882
1769.82351478996,114.342530449913,104.947526236882
1794.6805866269,2418.59308973403,119.940029985007
1799.65200099428,2281.87919463087,119.940029985007
1879.19463087248,2125.27964205817,104.947526236882
1951.2801391996,1630.62391250311,119.940029985007
1966.19438230176,1638.08103405419,119.940029985007
1993.5371613224,691.026597066866,104.947526236882
2050.70842654735,1757.39497887149,104.947526236882
2053.19413373105,608.998260004971,104.947526236882
2060.65125528213,2304.25055928412,104.947526236882
2065.62266964952,2296.79343773304,104.947526236882
2092.96544867015,176.485210042257,104.947526236882
2102.90827740492,1623.16679095203,104.947526236882
2140.19388516033,1568.48123291076,104.947526236882
2142.67959234402,1563.50981854338,104.947526236882
2155.10812826249,1160.82525478499,119.940029985007
2184.93661446682,608.998260004971,104.947526236882
2353.96470295799,1956.25155356699,119.940029985007
2458.36440467313,964.454387273179,104.947526236882
2475.76435495899,882.426050211285,104.947526236882
39.7713149391002,415.113099676858,134.932533733133
208.799403430276,877.454635843898,119.940029985007
233.656475267214,735.769326373353,134.932533733133
303.256276410639,338.056176982351,134.932533733133
392.741735023614,1267.71066368382,134.932533733133
420.084514044246,1332.33905045986,119.940029985007
434.998757146408,218.742232165051,134.932533733133
439.970171513796,283.370618941089,119.940029985007
449.913000248571,208.799403430276,119.940029985007
618.941088739746,924.683072334079,119.940029985007
621.42679592344,1652.99527715635,119.940029985007
646.283867760378,1866.76609495401,134.932533733133
686.055182699478,718.369376087497,134.932533733133
760.626398210291,2468.3072334079,134.932533733133
782.997762863535,2371.36465324385,119.940029985007
830.226199353716,2239.62217250808,134.932533733133
840.169028088491,1951.2801391996,134.932533733133
860.054685558041,2045.73701217997,119.940029985007
867.511807109123,2368.87894606015,119.940029985007
964.454387273179,636.341039025603,134.932533733133
984.340044742729,673.626646781009,119.940029985007
1093.71116082525,698.483718617947,134.932533733133
1118.56823266219,1096.19686800895,119.940029985007
1126.02535421327,1382.05319413373,134.932533733133
1138.45389013174,1257.76783494904,119.940029985007
1195.6251553567,400.198856574696,119.940029985007
1285.11061396967,937.111608252548,119.940029985007
1307.48197862292,1247.82500621427,119.940029985007
1347.25329356202,1175.73949788715,119.940029985007
1396.96743723589,2237.13646532438,119.940029985007
1446.68158090977,850.111856823266,134.932533733133
1459.11011682824,2475.76435495899,119.940029985007
1491.42431021626,2453.39299030574,119.940029985007
1493.91001739995,2468.3072334079,119.940029985007
1508.82426050211,2199.85085756898,134.932533733133
1518.76708923689,2214.76510067114,134.932533733133
1615.70966940094,1762.36639323888,134.932533733133
1655.48098434004,166.542381307482,119.940029985007
1680.33805617698,1513.7956748695,119.940029985007
1685.30947054437,1516.28138205319,119.940029985007
1730.05219985086,2073.0797912006,134.932533733133
1802.13770817798,2112.8511061397,134.932533733133
1802.13770817798,512.055679840915,134.932533733133
1814.56624409645,1011.68282376336,134.932533733133
1889.13745960726,1894.10887397465,134.932533733133
1943.82301764852,693.512304250559,119.940029985007
1943.82301764852,1648.02386278896,119.940029985007
1948.79443201591,1625.65249813572,119.940029985007
1981.10862540393,869.997514292816,134.932533733133
1986.08003977131,700.969425801641,119.940029985007
1988.56574695501,949.540144171017,134.932533733133
2100.42257022123,1021.62565249814,119.940029985007
2117.82252050708,1628.13820531941,119.940029985007
2132.73676360925,1419.33880188914,119.940029985007
2150.1367138951,1411.88168033806,134.932533733133
2214.76510067114,2150.1367138951,119.940029985007
2311.7076808352,1814.56624409645,119.940029985007
2368.87894606015,626.398210290828,134.932533733133
2378.82177479493,1193.13944817301,149.925037481259
2465.82152622421,976.882923191648,119.940029985007
37.2856077554064,2045.73701217997,149.925037481259
119.313944817301,628.883917474521,134.932533733133
191.39945314442,2035.79418344519,149.925037481259
308.227690778026,715.883668903803,149.925037481259
323.141933880189,710.912254536416,134.932533733133
345.513298533433,1789.70917225951,149.925037481259
437.484464330102,298.284862043251,149.925037481259
449.913000248571,216.256524981357,134.932533733133
618.941088739746,790.454884414616,149.925037481259
738.255033557047,1762.36639323888,134.932533733133
822.769077802635,1026.59706686552,149.925037481259
822.769077802635,651.255282127765,134.932533733133
867.511807109123,447.427293064877,134.932533733133
872.48322147651,2040.76559781258,149.925037481259
934.625901068854,1399.45314441959,134.932533733133
1006.71140939597,1976.13721103654,134.932533733133
1056.42555306985,524.484215759384,149.925037481259
1096.19686800895,2431.0216256525,149.925037481259
1235.3964702958,678.598061148397,149.925037481259
1257.76783494904,345.513298533433,149.925037481259
1257.76783494904,825.254784986329,149.925037481259
1275.1677852349,855.083271190654,149.925037481259
1285.11061396967,867.511807109123,149.925037481259
1334.82475764355,2249.56500124285,149.925037481259
1342.28187919463,2147.65100671141,149.925037481259
1466.56723837932,546.855580412627,149.925037481259
1536.16703952274,678.598061148397,149.925037481259
1578.42406164554,539.398458861546,149.925037481259
1710.16654238131,872.48322147651,134.932533733133
1851.85185185185,1096.19686800895,149.925037481259
1943.82301764852,698.483718617947,134.932533733133
1948.79443201591,1662.93810589113,134.932533733133
1981.10862540393,1349.73900074571,134.932533733133
2035.79418344519,1068.85408898832,149.925037481259
2048.22271936366,1081.28262490679,149.925037481259
2073.0797912006,927.168779517773,134.932533733133
2117.82252050708,1958.73726075068,149.925037481259
2224.70792940592,1496.39572458364,149.925037481259
2232.165050957,827.740492170022,134.932533733133
2381.30748197862,1168.28237633607,134.932533733133
2386.27889634601,1175.73949788715,134.932533733133
196.370867511807,487.198608003977,149.925037481259
241.113596818295,1620.68108376833,149.925037481259
278.399204573701,1414.36738752175,149.925037481259
285.856326124783,810.340541884166,164.917541229385
340.541884166045,725.826497638578,149.925037481259
554.312701963709,109.371116082525,149.925037481259
569.226945065871,1088.73974645787,149.925037481259
745.712155108128,1737.50932140194,149.925037481259
750.683569475516,1749.93785732041,164.917541229385
775.540641312453,1737.50932140194,164.917541229385
817.797663435247,357.941834451902,149.925037481259
852.59756400696,1996.02286850609,164.917541229385
874.968928660204,492.170022371365,164.917541229385
882.426050211285,457.370121799652,164.917541229385
889.883171762366,2023.36564752672,164.917541229385
1225.45364156102,2023.36564752672,164.917541229385
1312.45339299031,1048.96843151877,164.917541229385
1339.79617201094,2140.19388516033,149.925037481259
1364.65324384787,1426.79592344022,149.925037481259
1382.05319413373,2373.85036042754,149.925037481259
1404.42455878698,1317.42480735769,164.917541229385
1593.3383047477,2294.30773054934,149.925037481259
1675.36664180959,2055.67984091474,149.925037481259
1754.9092716878,1809.59482972906,164.917541229385
1921.45165299528,156.599552572707,149.925037481259
2363.90753169277,1911.5088242605,164.917541229385
2373.85036042754,1901.56599552573,149.925037481259
238.627889634601,1861.79468058663,164.917541229385
258.513547104151,1866.76609495401,164.917541229385
265.970668655232,1068.85408898832,164.917541229385
273.427790206314,1869.25180213771,164.917541229385
310.71339796172,248.570718369376,164.917541229385
412.627392493164,1464.08153119563,164.917541229385
715.883668903803,867.511807109123,164.917541229385
725.826497638578,882.426050211285,164.917541229385
877.454635843898,2470.7929405916,179.910044977511
942.083022619935,1034.0541884166,179.910044977511
971.911508824261,1762.36639323888,179.910044977511
1106.13969674372,164.056674123788,164.917541229385
1126.02535421327,504.598558289833,194.902548725637
1135.96818294805,442.455878697489,164.917541229385
1193.13944817301,1317.42480735769,164.917541229385
1339.79617201094,1300.02485707184,164.917541229385
1357.19612229679,2182.45090728312,164.917541229385
1451.65299527716,902.311707680835,164.917541229385
1496.39572458364,631.369624658215,164.917541229385
1523.73850360428,156.599552572707,164.917541229385
1538.65274670644,154.113845389013,164.917541229385
1558.53840417599,1237.88217747949,164.917541229385
1590.85259756401,2013.42281879195,164.917541229385
1652.99527715635,1993.5371613224,179.910044977511
1817.05195128014,467.312950534427,179.910044977511
1851.85185185185,442.455878697489,164.917541229385
1918.96594581158,402.684563758389,164.917541229385
1941.33731046483,1861.79468058663,164.917541229385
2252.05070842655,738.255033557047,164.917541229385
2261.99353716132,720.855083271191,164.917541229385
2264.47924434502,735.769326373353,164.917541229385
2423.56450410142,1638.08103405419,164.917541229385
2438.47874720358,1121.05393984589,179.910044977511
64.6283867760378,1332.33905045986,179.910044977511
275.913497390007,1874.2232165051,179.910044977511
569.226945065871,907.283122048223,179.910044977511
927.168779517773,1046.48272433507,194.902548725637
1061.39696743724,360.427541635595,194.902548725637
1215.51081282625,574.198359433259,179.910044977511
1680.33805617698,136.713895103157,194.902548725637
1692.76659209545,464.827243350733,194.902548725637
1717.62366393239,1916.48023862789,179.910044977511
1744.96644295302,2095.45115585384,179.910044977511
1844.39473030077,2224.70792940592,194.902548725637
1851.85185185185,449.913000248571,179.910044977511
9.94282873477504,1797.16629381059,194.902548725637
57.1712652249565,1337.31046482724,194.902548725637
246.085011185682,320.656226696495,209.895052473763
248.570718369376,1889.13745960726,194.902548725637
251.05642555307,1859.30897340293,194.902548725637
265.970668655232,1879.19463087248,194.902548725637
290.82774049217,1754.9092716878,194.902548725637
400.198856574696,1113.5968182948,194.902548725637
417.598806860552,904.797414864529,209.895052473763
417.598806860552,1108.62540392742,209.895052473763
517.027094208302,860.054685558041,209.895052473763
551.826994780015,917.225950782998,194.902548725637
551.826994780015,1014.16853094705,194.902548725637
559.284116331096,1014.16853094705,194.902548725637
599.055431270196,919.711657966692,194.902548725637
708.426547352722,1198.11086254039,194.902548725637
912.25453641561,867.511807109123,194.902548725637
966.940094456873,1767.33780760626,194.902548725637
1081.28262490679,1677.85234899329,209.895052473763
1121.05393984589,1675.36664180959,194.902548725637
1255.28212776535,616.455381556053,194.902548725637
1262.73924931643,636.341039025603,209.895052473763
1267.71066368382,606.512552821278,194.902548725637
1312.45339299031,1461.59582401193,209.895052473763
1411.88168033806,2112.8511061397,194.902548725637
1603.28113348248,765.597812577678,209.895052473763
1695.25229927915,67.1140939597315,209.895052473763
1695.25229927915,136.713895103157,194.902548725637
1727.56649266716,2105.39398458862,194.902548725637
1762.36639323888,1774.79492915735,194.902548725637
1759.88068605518,2097.93686303753,194.902548725637
1767.33780760626,2100.42257022123,194.902548725637
1772.30922197365,2110.365398956,194.902548725637
1787.22346507581,1496.39572458364,194.902548725637
2060.65125528213,1426.79592344022,209.895052473763
2204.82227193637,584.141188168034,194.902548725637
2214.76510067114,566.741237882178,194.902548725637
2222.22222222222,594.084016902809,194.902548725637
2229.6793437733,579.169773800646,209.895052473763
2229.6793437733,561.76982351479,209.895052473763
2294.30773054934,1456.62440964454,209.895052473763
44.7427293064877,1886.65175242356,209.895052473763
258.513547104151,333.084762614964,209.895052473763
347.999005717127,1730.05219985086,209.895052473763
375.341784737758,1280.13919960229,209.895052473763
474.770072085508,2058.16554809843,224.887556221889
492.170022371365,964.454387273179,209.895052473763
521.99850857569,469.798657718121,224.887556221889
536.912751677852,653.740989311459,209.895052473763
544.369873228934,638.826746209297,224.887556221889
546.855580412627,703.455132985334,209.895052473763
596.569724086503,2003.47999005717,209.895052473763
604.026845637584,939.597315436242,209.895052473763
623.912503107134,792.94059159831,224.887556221889
653.740989311459,425.055928411633,224.887556221889
753.16927665921,1511.30996768581,224.887556221889
768.083519761372,1183.19661943823,209.895052473763
882.426050211285,1352.22470792941,209.895052473763
956.997265722098,1988.56574695501,209.895052473763
961.968680089485,1971.16579666915,224.887556221889
1026.59706686552,1623.16679095203,209.895052473763
1046.48272433507,728.312204822272,224.887556221889
1247.82500621427,1814.56624409645,209.895052473763
1347.25329356202,569.226945065871,224.887556221889
1391.99602286851,564.255530698484,224.887556221889
1416.85309470544,275.913497390007,224.887556221889
1506.33855331842,2043.25130499627,209.895052473763
1563.50981854338,1712.652249565,209.895052473763
1573.45264727815,1319.91051454139,209.895052473763
1603.28113348248,1511.30996768581,209.895052473763
1660.45239870743,1896.59458115834,209.895052473763
1747.45215013671,221.227939348745,209.895052473763
1754.9092716878,1727.56649266716,209.895052473763
1757.39497887149,2120.30822769078,209.895052473763
1784.73775789212,1516.28138205319,224.887556221889
1802.13770817798,1275.1677852349,209.895052473763
1807.10912254536,1498.88143176734,209.895052473763
2073.0797912006,1441.71016654238,209.895052473763
2092.96544867015,1620.68108376833,209.895052473763
2137.70817797663,860.054685558041,209.895052473763
2172.50807854835,1034.0541884166,209.895052473763
2177.47949291573,1043.99701715138,209.895052473763
2209.79368630375,594.084016902809,209.895052473763
2334.07904548844,728.312204822272,209.895052473763
323.141933880189,1541.13845389013,239.880059970015
417.598806860552,1208.05369127517,239.880059970015
459.855828983346,1715.13795674869,239.880059970015
519.512801391996,2274.42207307979,224.887556221889
549.341287596321,775.540641312453,239.880059970015
551.826994780015,526.969922943077,224.887556221889
584.141188168034,934.625901068854,224.887556221889
613.969674372359,773.05493412876,224.887556221889
656.226696495153,765.597812577678,239.880059970015
691.026597066866,1387.02460850112,224.887556221889
733.283619189659,1404.42455878698,239.880059970015
795.426298782004,929.654486701467,239.880059970015
892.36887894606,1643.05244842158,224.887556221889
947.054436987323,2413.62167536664,239.880059970015
952.02585135471,2000.99428287348,239.880059970015
956.997265722098,2326.62192393736,239.880059970015
971.911508824261,1983.59433258762,224.887556221889
991.797166293811,2157.59383544618,224.887556221889
996.768580661198,1618.19537658464,224.887556221889
1031.56848123291,283.370618941089,239.880059970015
1041.51130996769,695.998011434253,224.887556221889
1053.93984588615,278.399204573701,239.880059970015
1153.36813323391,340.541884166045,254.872563718141
1178.22520507084,1307.48197862292,224.887556221889
1203.08227690778,626.398210290828,224.887556221889
1314.939100174,1456.62440964454,224.887556221889
1421.82450907283,1051.45413870246,239.880059970015
1459.11011682824,1779.76634352473,224.887556221889
1498.88143176734,347.999005717127,239.880059970015
1573.45264727815,1314.939100174,224.887556221889
1610.73825503356,355.456127268208,239.880059970015
1628.13820531941,352.970420084514,239.880059970015
1635.59532687049,372.856077554064,239.880059970015
1645.53815560527,1518.76708923689,224.887556221889
1692.76659209545,2274.42207307979,224.887556221889
1807.10912254536,1692.76659209545,224.887556221889
1819.53765846383,1680.33805617698,224.887556221889
1913.9945314442,1424.31021625653,224.887556221889
2125.27964205817,860.054685558041,239.880059970015
2125.27964205817,847.626149639573,224.887556221889
2381.30748197862,879.940343027591,224.887556221889
72.0855083271191,1804.62341536167,254.872563718141
265.970668655232,1918.96594581158,254.872563718141
343.027591349739,723.340790454884,239.880059970015
512.055679840915,469.798657718121,239.880059970015
529.455630126771,1553.5669898086,239.880059970015
529.455630126771,961.968680089485,254.872563718141
601.54113845389,2296.79343773304,254.872563718141
691.026597066866,129.256773552076,254.872563718141
810.340541884166,2353.96470295799,239.880059970015
840.169028088491,907.283122048223,254.872563718141
912.25453641561,1175.73949788715,254.872563718141
1006.71140939597,1667.90952025851,254.872563718141
1011.68282376336,1158.33954760129,254.872563718141
1021.62565249814,663.683818046234,254.872563718141
1039.02560278399,273.427790206314,239.880059970015
1101.16828237634,1334.82475764355,239.880059970015
1135.96818294805,1394.4817300522,254.872563718141
1150.88242605021,1409.39597315436,254.872563718141
1337.31046482724,775.540641312453,254.872563718141
1372.11036539896,444.941585881183,254.872563718141
1456.62440964454,1789.70917225951,239.880059970015
1551.08128262491,1812.08053691275,254.872563718141
1570.96694009446,1324.88192890877,239.880059970015
1620.68108376833,372.856077554064,239.880059970015
1623.16679095203,2276.90778026349,239.880059970015
1645.53815560527,1528.70991797166,239.880059970015
1804.62341536167,1702.70942083023,239.880059970015
1809.59482972906,1817.05195128014,254.872563718141
1817.05195128014,1687.79517772806,239.880059970015
1986.08003977131,703.455132985334,254.872563718141
2008.45140442456,1650.50956997266,239.880059970015
2025.85135471042,976.882923191648,269.865067466267
2085.50832711907,1978.62291822023,239.880059970015
2137.70817797663,1690.28088491176,254.872563718141
2145.16529952772,604.026845637584,254.872563718141
2229.6793437733,904.797414864529,254.872563718141
211.28511061397,1807.10912254536,269.865067466267
293.313447675864,852.59756400696,269.865067466267
310.71339796172,857.568978374347,269.865067466267
549.341287596321,869.997514292816,269.865067466267
569.226945065871,671.140939597315,269.865067466267
581.65548098434,656.226696495153,254.872563718141
599.055431270196,648.769574944072,269.865067466267
646.283867760378,1319.91051454139,269.865067466267
678.598061148397,2162.56524981357,269.865067466267
899.826000497141,2125.27964205817,269.865067466267
1066.36838180462,1332.33905045986,269.865067466267
1130.99676858066,407.655978125777,269.865067466267
1133.48247576436,1414.36738752175,254.872563718141
1165.79666915237,2433.50733283619,254.872563718141
1372.11036539896,820.283370618941,269.865067466267
1401.93885160328,345.513298533433,269.865067466267
1439.22445935869,2174.99378573204,269.865067466267
1444.19587372608,333.084762614964,269.865067466267
1650.50956997266,1630.62391250311,254.872563718141
1819.53765846383,1824.50907283122,269.865067466267
1933.88018891375,862.540392741735,269.865067466267
2264.47924434502,1106.13969674372,269.865067466267
601.54113845389,2291.82202336565,269.865067466267
770.569226945066,882.426050211285,284.857571214393
782.997762863535,715.883668903803,284.857571214393
1016.65423813075,74.5712155108128,269.865067466267
1039.02560278399,939.597315436242,284.857571214393
1168.28237633607,2426.05021128511,269.865067466267
1337.31046482724,1618.19537658464,269.865067466267
1406.91026597067,1759.88068605518,284.857571214393
1426.79592344022,2197.36515038528,269.865067466267
1436.73875217499,2160.07954262988,269.865067466267
1439.22445935869,2189.9080288342,269.865067466267
1456.62440964454,2172.50807854835,269.865067466267
1456.62440964454,2184.93661446682,269.865067466267
1464.08153119563,2212.27939348745,284.857571214393
1478.99577429779,2182.45090728312,284.857571214393
1615.70966940094,2125.27964205817,284.857571214393
1722.59507829978,852.59756400696,284.857571214393
1735.02361421825,2207.30797912006,284.857571214393
1732.53790703455,942.083022619935,284.857571214393
1829.48048719861,1220.48222719364,284.857571214393
1943.82301764852,1973.65150385285,284.857571214393
2018.39423315933,939.597315436242,284.857571214393
2070.5940840169,865.026099925429,284.857571214393
2130.25105642555,1200.59656972409,284.857571214393
198.856574695501,1744.96644295302,284.857571214393
218.742232165051,1807.10912254536,284.857571214393
347.999005717127,884.911757394979,299.850074962519
380.313199105145,778.026348496147,299.850074962519
477.255779269202,1314.939100174,284.857571214393
728.312204822272,256.027839920457,299.850074962519
1014.16853094705,1665.42381307482,284.857571214393
1034.0541884166,2182.45090728312,284.857571214393
1073.8255033557,1332.33905045986,284.857571214393
1081.28262490679,1899.08028834203,284.857571214393
1252.79642058166,1695.25229927915,284.857571214393
1439.22445935869,2199.85085756898,284.857571214393
1451.65299527716,2189.9080288342,284.857571214393
1501.36713895103,1889.13745960726,284.857571214393
1643.05244842158,837.683320904797,299.850074962519
1660.45239870743,832.71190653741,299.850074962519
1670.39522744221,2167.53666418096,299.850074962519
1777.28063634104,735.769326373353,299.850074962519
1782.25205070843,740.740740740741,284.857571214393
1804.62341536167,755.654983842903,299.850074962519
1963.70867511807,1881.68033805618,299.850074962519
2020.87994034303,1841.90902311708,299.850074962519
2028.33706189411,1824.50907283122,299.850074962519
2040.76559781258,1570.96694009446,299.850074962519
2214.76510067114,1133.48247576436,299.850074962519
196.370867511807,1784.73775789212,299.850074962519
273.427790206314,1319.91051454139,299.850074962519
298.284862043251,1436.73875217499,299.850074962519
323.141933880189,1454.13870246085,299.850074962519
472.284364901815,1357.19612229679,299.850074962519
474.770072085508,1349.73900074571,299.850074962519
616.455381556053,1491.42431021626,299.850074962519
653.740989311459,412.627392493164,314.842578710645
681.08376833209,2199.85085756898,299.850074962519
693.512304250559,2137.70817797663,299.850074962519
710.912254536416,1039.02560278399,314.842578710645
713.397961720109,1168.28237633607,299.850074962519
738.255033557047,2105.39398458862,299.850074962519
745.712155108128,2284.36490181457,299.850074962519
750.683569475516,2289.33631618195,299.850074962519
758.140691026597,678.598061148397,314.842578710645
835.197613721104,1501.36713895103,299.850074962519
842.654735272185,1377.08177976634,299.850074962519
855.083271190654,2254.53641561024,299.850074962519
1031.56848123291,2217.25080785483,299.850074962519
1071.33979617201,1988.56574695501,299.850074962519
1076.3112105394,1936.36589609744,299.850074962519
1170.76808351976,2463.33581904052,299.850074962519
1242.85359184688,1697.73800646284,299.850074962519
1250.31071339796,1732.53790703455,299.850074962519
1295.05344270445,1819.53765846383,314.842578710645
1324.88192890877,1976.13721103654,314.842578710645
1464.08153119563,2179.96520009943,299.850074962519
1498.88143176734,1814.56624409645,314.842578710645
1503.85284613473,1804.62341536167,314.842578710645
1625.65249813572,855.083271190654,314.842578710645
1657.96669152374,318.170519512801,314.842578710645
1687.79517772806,1742.48073576933,329.835082458771
1789.70917225951,748.197862291822,314.842578710645
1794.6805866269,1488.93860303256,314.842578710645
1797.16629381059,1476.51006711409,314.842578710645
1807.10912254536,735.769326373353,314.842578710645
1809.59482972906,1431.76733780761,299.850074962519
256.027839920457,1292.56773552076,314.842578710645
278.399204573701,1414.36738752175,314.842578710645
308.227690778026,1431.76733780761,314.842578710645
457.370121799652,1327.36763609247,314.842578710645
507.084265473527,1598.30971911509,314.842578710645
554.312701963709,1526.22421078797,314.842578710645
599.055431270196,1464.08153119563,314.842578710645
623.912503107134,2090.47974148645,314.842578710645
676.112353964703,2112.8511061397,314.842578710645
698.483718617947,1036.5398956003,314.842578710645
713.397961720109,2249.56500124285,314.842578710645
718.369376087497,2080.53691275168,314.842578710645
723.340790454884,2257.02212279394,314.842578710645
745.712155108128,2257.02212279394,329.835082458771
758.140691026597,1610.73825503356,314.842578710645
770.569226945066,474.770072085508,314.842578710645
817.797663435247,1478.99577429779,314.842578710645
825.254784986329,1354.7104151131,314.842578710645
825.254784986329,1474.0243599304,314.842578710645
835.197613721104,718.369376087497,314.842578710645
837.683320904797,2229.6793437733,314.842578710645
842.654735272185,2232.165050957,314.842578710645
942.083022619935,1904.05170270942,314.842578710645
1004.22570221228,2304.25055928412,314.842578710645
1016.65423813075,2192.3937360179,314.842578710645
1053.93984588615,1963.70867511807,314.842578710645
1051.45413870246,1424.31021625653,314.842578710645
1061.39696743724,1911.5088242605,314.842578710645
1317.42480735769,1203.08227690778,314.842578710645
1367.13895103157,703.455132985334,314.842578710645
1600.79542629878,860.054685558041,314.842578710645
1665.42381307482,1732.53790703455,329.835082458771
1675.36664180959,1749.93785732041,314.842578710645
1692.76659209545,1757.39497887149,314.842578710645
1747.45215013671,1491.42431021626,314.842578710645
1752.4235645041,1488.93860303256,314.842578710645
1782.25205070843,865.026099925429,314.842578710645
1794.6805866269,497.141436738752,314.842578710645
1819.53765846383,996.768580661198,314.842578710645
1866.76609495401,574.198359433259,314.842578710645
290.82774049217,1406.91026597067,329.835082458771
320.656226696495,1419.33880188914,329.835082458771
323.141933880189,1426.79592344022,329.835082458771
345.513298533433,1444.19587372608,329.835082458771
454.884414615958,631.369624658215,329.835082458771
464.827243350733,922.197365150385,329.835082458771
569.226945065871,1329.85334327616,344.827586206897
566.741237882178,1521.25279642058,329.835082458771
636.341039025603,2080.53691275168,344.827586206897
646.283867760378,422.570221227939,329.835082458771
661.19811086254,402.684563758389,329.835082458771
691.026597066866,1046.48272433507,329.835082458771
725.826497638578,2239.62217250808,329.835082458771
730.797912005966,2070.5940840169,329.835082458771
738.255033557047,2172.50807854835,344.827586206897
735.769326373353,2249.56500124285,329.835082458771
753.16927665921,688.540889883172,329.835082458771
763.112105393985,484.712900820283,329.835082458771
780.512055679841,961.968680089485,329.835082458771
822.769077802635,1454.13870246085,329.835082458771
832.71190653741,1466.56723837932,329.835082458771
837.683320904797,1347.25329356202,329.835082458771
949.540144171017,1126.02535421327,329.835082458771
954.511558538404,1896.59458115834,329.835082458771
974.397216007954,2182.45090728312,329.835082458771
1016.65423813075,2296.79343773304,329.835082458771
1026.59706686552,2184.93661446682,329.835082458771
1066.36838180462,1416.85309470544,344.827586206897
1066.36838180462,1956.25155356699,329.835082458771
1093.71116082525,1802.13770817798,344.827586206897
1088.73974645787,912.25453641561,329.835082458771
1093.71116082525,914.740243599304,329.835082458771
1295.05344270445,1829.48048719861,329.835082458771
1309.96768580661,1210.53939845886,329.835082458771
1312.45339299031,1213.02510564256,329.835082458771
1344.76758637832,1705.19512801392,329.835082458771
1359.68182948049,713.397961720109,329.835082458771
1551.08128262491,703.455132985334,329.835082458771
1585.88118319662,434.998757146408,329.835082458771
1593.3383047477,869.997514292816,329.835082458771
1603.28113348248,1759.88068605518,329.835082458771
1650.50956997266,1752.4235645041,329.835082458771
1650.50956997266,328.113348247576,329.835082458771
1652.99527715635,422.570221227939,329.835082458771
1672.8809346259,1762.36639323888,329.835082458771
1687.79517772806,1767.33780760626,329.835082458771
1744.96644295302,1501.36713895103,329.835082458771
1789.70917225951,507.084265473527,329.835082458771
1799.65200099428,743.226447924435,329.835082458771
1804.62341536167,1441.71016654238,329.835082458771
1859.30897340293,589.112602535421,329.835082458771
1866.76609495401,1461.59582401193,329.835082458771
469.798657718121,631.369624658215,344.827586206897
477.255779269202,917.225950782998,344.827586206897
546.855580412627,723.340790454884,344.827586206897
703.455132985334,1041.51130996769,344.827586206897
723.340790454884,2105.39398458862,374.812593703148
770.569226945066,944.568729803629,359.820089955023
775.540641312453,479.741486452896,344.827586206897
782.997762863535,969.425801640567,344.827586206897
787.969177230922,956.997265722098,344.827586206897
830.226199353716,743.226447924435,359.820089955023
959.482972905792,1118.56823266219,344.827586206897
1011.68282376336,1379.56748695004,359.820089955023
1163.31096196868,1575.93835446184,359.820089955023
1195.6251553567,2202.33656475267,359.820089955023
1255.28212776535,1019.13994531444,344.827586206897
1357.19612229679,1690.28088491176,344.827586206897
1374.59607258265,708.426547352722,344.827586206897
1382.05319413373,1866.76609495401,344.827586206897
1444.19587372608,2107.87969177231,344.827586206897
1541.13845389013,1160.82525478499,344.827586206897
1553.5669898086,1153.36813323391,344.827586206897
1565.99552572707,698.483718617947,344.827586206897
1590.85259756401,425.055928411633,359.820089955023
1608.25254784986,867.511807109123,344.827586206897
1615.70966940094,1744.96644295302,344.827586206897
1638.08103405419,1744.96644295302,344.827586206897
1665.42381307482,417.598806860552,344.827586206897
1672.8809346259,1190.65374098931,344.827586206897
1672.8809346259,1774.79492915735,344.827586206897
1675.36664180959,1722.59507829978,344.827586206897
1697.73800646284,1754.9092716878,359.820089955023
1725.08078548347,1717.62366393239,344.827586206897
1754.9092716878,1488.93860303256,344.827586206897
1814.56624409645,1024.11135968183,344.827586206897
1822.02336564753,999.254287844892,344.827586206897
1871.7375093214,584.141188168034,344.827586206897
1879.19463087248,1446.68158090977,344.827586206897
2023.36564752672,877.454635843898,344.827586206897
2068.10837683321,1511.30996768581,344.827586206897
459.855828983346,621.42679592344,359.820089955023
459.855828983346,631.369624658215,359.820089955023
467.312950534427,914.740243599304,359.820089955023
477.255779269202,1506.33855331842,359.820089955023
489.684315187671,1556.05269699229,359.820089955023
536.912751677852,720.855083271191,359.820089955023
551.826994780015,1486.45289584887,374.812593703148
571.712652249565,1481.48148148148,389.805097451274
599.055431270196,1941.33731046483,374.812593703148
693.512304250559,1039.02560278399,359.820089955023
765.597812577678,477.255779269202,359.820089955023
768.083519761372,1200.59656972409,359.820089955023
770.569226945066,969.425801640567,359.820089955023
817.797663435247,914.740243599304,359.820089955023
865.026099925429,1121.05393984589,359.820089955023
899.826000497141,2048.22271936366,374.812593703148
914.740243599304,2035.79418344519,389.805097451274
1113.5968182948,1285.11061396967,389.805097451274
1198.11086254039,1672.8809346259,404.7976011994
1240.36788466319,1016.65423813075,359.820089955023
1247.82500621427,1019.13994531444,359.820089955023
1300.02485707184,907.283122048223,374.812593703148
1307.48197862292,417.598806860552,374.812593703148
1302.51056425553,914.740243599304,359.820089955023
1347.25329356202,1466.56723837932,359.820089955023
1354.7104151131,1712.652249565,359.820089955023
1377.08177976634,1891.62316679095,359.820089955023
1439.22445935869,2132.73676360925,359.820089955023
1531.19562515536,1158.33954760129,374.812593703148
1546.10986825752,1155.8538404176,374.812593703148
1556.05269699229,698.483718617947,359.820089955023
1603.28113348248,1836.93760874969,359.820089955023
1603.28113348248,1794.6805866269,359.820089955023
1648.02386278896,1198.11086254039,374.812593703148
1660.45239870743,964.454387273179,359.820089955023
1660.45239870743,1188.16803380562,359.820089955023
1670.39522744221,1799.65200099428,359.820089955023
1682.82376336068,1772.30922197365,359.820089955023
1725.08078548347,1747.45215013671,359.820089955023
1774.79492915735,618.941088739746,374.812593703148
1804.62341536167,1019.13994531444,359.820089955023
1861.79468058663,581.65548098434,359.820089955023
1876.70892368879,1471.53865274671,359.820089955023
2013.42281879195,877.454635843898,374.812593703148
2015.90852597564,867.511807109123,359.820089955023
2068.10837683321,1533.68133233905,359.820089955023
293.313447675864,1456.62440964454,389.805097451274
594.084016902809,708.426547352722,404.7976011994
768.083519761372,1911.5088242605,389.805097451274
773.05493412876,1193.13944817301,389.805097451274
773.05493412876,959.482972905792,374.812593703148
782.997762863535,949.540144171017,374.812593703148
820.283370618941,1777.28063634104,404.7976011994
865.026099925429,1111.11111111111,374.812593703148
912.25453641561,691.026597066866,389.805097451274
929.654486701467,1372.11036539896,389.805097451274
981.854337559036,1976.13721103654,389.805097451274
1265.22495650012,1789.70917225951,374.812593703148
1334.82475764355,1466.56723837932,374.812593703148
1362.16753666418,1889.13745960726,374.812593703148
1389.51031568481,865.026099925429,389.805097451274
1426.79592344022,2132.73676360925,374.812593703148
1461.59582401193,1364.65324384787,374.812593703148
1578.42406164554,753.16927665921,389.805097451274
1590.85259756401,1836.93760874969,374.812593703148
1590.85259756401,1792.1948794432,374.812593703148
1657.96669152374,1799.65200099428,374.812593703148
1677.85234899329,1754.9092716878,374.812593703148
1690.28088491176,1508.82426050211,374.812593703148
1710.16654238131,1747.45215013671,374.812593703148
1757.39497887149,1884.16604523987,374.812593703148
1804.62341536167,1009.19711657967,374.812593703148
2018.39423315933,860.054685558041,374.812593703148
2053.19413373105,1538.65274670644,374.812593703148
2055.67984091474,1531.19562515536,374.812593703148
338.056176982351,1165.79666915237,404.7976011994
343.027591349739,1225.45364156102,419.790104947526
357.941834451902,1163.31096196868,404.7976011994
434.998757146408,1118.56823266219,419.790104947526
584.141188168034,1431.76733780761,389.805097451274
626.398210290828,1178.22520507084,419.790104947526
768.083519761372,1215.51081282625,404.7976011994
773.05493412876,1180.71091225454,404.7976011994
797.912005965697,1247.82500621427,404.7976011994
827.740492170022,541.88416604524,404.7976011994
832.71190653741,1116.0825254785,404.7976011994
867.511807109123,1372.11036539896,419.790104947526
1245.33929903057,1789.70917225951,389.805097451274
1250.31071339796,1963.70867511807,389.805097451274
1337.31046482724,981.854337559036,404.7976011994
1441.71016654238,1364.65324384787,389.805097451274
1543.62416107383,1523.73850360428,389.805097451274
1570.96694009446,1836.93760874969,389.805097451274
1570.96694009446,1792.1948794432,389.805097451274
1670.39522744221,1508.82426050211,389.805097451274
1682.82376336068,919.711657966692,404.7976011994
1737.50932140194,1884.16604523987,389.805097451274
1754.9092716878,1071.33979617201,404.7976011994
2035.79418344519,1536.16703952274,389.805097451274
484.712900820283,1111.11111111111,419.790104947526
581.65548098434,1419.33880188914,419.790104947526
763.112105393985,837.683320904797,434.782608695652
763.112105393985,865.026099925429,434.782608695652
780.512055679841,860.054685558041,434.782608695652
800.397713149391,1265.22495650012,419.790104947526
815.311956251554,1409.39597315436,419.790104947526
949.540144171017,1976.13721103654,434.782608695652
1081.28262490679,1861.79468058663,419.790104947526
1088.73974645787,628.883917474521,419.790104947526
1106.13969674372,671.140939597315,419.790104947526
1275.1677852349,1797.16629381059,404.7976011994
1277.65349241859,1971.16579666915,404.7976011994
1300.02485707184,715.883668903803,434.782608695652
1362.16753666418,2038.27989062888,404.7976011994
1454.13870246085,929.654486701467,434.782608695652
1493.91001739995,626.398210290828,434.782608695652
1536.16703952274,2000.99428287348,404.7976011994
1583.39547601293,1523.73850360428,419.790104947526
1600.79542629878,1839.42331593338,404.7976011994
1700.22371364653,1513.7956748695,404.7976011994
1705.19512801392,790.454884414616,419.790104947526
1869.25180213771,1588.36689038031,404.7976011994
1874.2232165051,1588.36689038031,404.7976011994
427.541635595327,1431.76733780761,419.790104947526
519.512801391996,1066.36838180462,434.782608695652
927.168779517773,1506.33855331842,449.775112443778
1312.45339299031,735.769326373353,434.782608695652
1332.33905045986,740.740740740741,434.782608695652
1369.62465821526,2040.76559781258,419.790104947526
1451.65299527716,1533.68133233905,419.790104947526
1543.62416107383,2005.96569724086,419.790104947526
1608.25254784986,1772.30922197365,419.790104947526
1879.19463087248,1595.82401193139,419.790104947526
531.941337310465,1073.8255033557,434.782608695652
531.941337310465,1056.42555306985,449.775112443778
569.226945065871,1347.25329356202,449.775112443778
1098.68257519264,1618.19537658464,449.775112443778
1382.05319413373,1645.53815560527,449.775112443778
1389.51031568481,1327.36763609247,449.775112443778
1444.19587372608,1511.30996768581,434.782608695652
1538.65274670644,1983.59433258762,434.782608695652
1583.39547601293,1503.85284613473,434.782608695652
1603.28113348248,1752.4235645041,434.782608695652
1871.7375093214,1573.45264727815,449.775112443778
942.083022619935,956.997265722098,464.767616191904
994.282873477504,1822.02336564753,464.767616191904
1009.19711657967,753.16927665921,464.767616191904
1130.99676858066,1160.82525478499,464.767616191904
1260.25354213274,1600.79542629878,479.76011994003
1466.56723837932,1287.59632115337,464.767616191904
514.541387024609,1061.39696743724,464.767616191904
514.541387024609,1262.73924931643,464.767616191904
531.941337310465,1071.33979617201,464.767616191904
671.140939597315,1160.82525478499,479.76011994003
686.055182699478,1496.39572458364,479.76011994003
738.255033557047,1309.96768580661,479.76011994003
750.683569475516,1319.91051454139,479.76011994003
807.854834700472,797.912005965697,479.76011994003
1217.99652000994,1203.08227690778,494.752623688156
1227.93934874472,1237.88217747949,464.767616191904
1374.59607258265,1414.36738752175,479.76011994003
1488.93860303256,1590.85259756401,494.752623688156
897.340293313448,1342.28187919463,479.76011994003
1016.65423813075,1727.56649266716,494.752623688156
1225.45364156102,1225.45364156102,509.745127436282
765.597812577678,1108.62540392742,509.745127436282
770.569226945066,1051.45413870246,509.745127436282
797.912005965697,1434.2530449913,524.737631184408
862.540392741735,1553.5669898086,509.745127436282
1111.11111111111,1697.73800646284,494.752623688156
1232.91076311211,884.911757394979,509.745127436282
1317.42480735769,1190.65374098931,509.745127436282
1508.82426050211,1158.33954760129,524.737631184408
785.483470047228,1446.68158090977,509.745127436282
797.912005965697,1459.11011682824,524.737631184408
807.854834700472,1449.16728809346,509.745127436282
830.226199353716,1454.13870246085,524.737631184408
862.540392741735,1009.19711657967,509.745127436282
1068.85408898832,1272.68207805121,524.737631184408
1123.53964702958,1307.48197862292,524.737631184408
1138.45389013174,1262.73924931643,524.737631184408
1143.42530449913,1302.51056425553,509.745127436282
1140.93959731544,1309.96768580661,524.737631184408
1153.36813323391,1265.22495650012,524.737631184408
1183.19661943823,1541.13845389013,524.737631184408
1227.93934874472,989.311459110117,509.745127436282
1317.42480735769,1409.39597315436,524.737631184408
1327.36763609247,1431.76733780761,509.745127436282
1334.82475764355,1406.91026597067,524.737631184408
954.511558538404,1088.73974645787,539.730134932534
1126.02535421327,1334.82475764355,539.730134932534
1130.99676858066,1280.13919960229,524.737631184408
1138.45389013174,1332.33905045986,539.730134932534
1148.39671886652,1290.08202833706,539.730134932534
1344.76758637832,1424.31021625653,524.737631184408
1488.93860303256,1076.3112105394,524.737631184408
1113.5968182948,1319.91051454139,539.730134932534
1290.08202833706,1357.19612229679,539.730134932534
