2.48570718369376,2020.87994034303,14.9925037481259
12.4285359184688,984.340044742729,14.9925037481259
19.8856574695501,1864.28038777032,14.9925037481259
29.8284862043251,961.968680089485,14.9925037481259
39.7713149391002,974.397216007954,14.9925037481259
72.0855083271191,604.026845637584,14.9925037481259
94.4568729803629,2008.45140442456,14.9925037481259
144.171016654238,2117.82252050708,14.9925037481259
156.599552572707,2132.73676360925,14.9925037481259
164.056674123788,2115.33681332339,14.9925037481259
223.713646532438,773.05493412876,14.9925037481259
275.913497390007,1459.11011682824,14.9925037481259
347.999005717127,591.598309719115,14.9925037481259
402.684563758389,1856.82326621924,14.9925037481259
482.22719363659,315.684812329108,14.9925037481259
581.65548098434,1695.25229927915,14.9925037481259
616.455381556053,999.254287844892,14.9925037481259
618.941088739746,355.456127268208,14.9925037481259
760.626398210291,1444.19587372608,14.9925037481259
775.540641312453,248.570718369376,14.9925037481259
780.512055679841,2157.59383544618,14.9925037481259
922.197365150385,1317.42480735769,14.9925037481259
974.397216007954,357.941834451902,14.9925037481259
981.854337559036,357.941834451902,14.9925037481259
1039.02560278399,2281.87919463087,14.9925037481259
1088.73974645787,633.855331841909,14.9925037481259
1290.08202833706,1650.50956997266,14.9925037481259
1317.42480735769,2334.07904548844,14.9925037481259
1347.25329356202,1014.16853094705,14.9925037481259
1389.51031568481,1101.16828237634,14.9925037481259
1419.33880188914,2207.30797912006,14.9925037481259
1486.45289584887,847.626149639573,14.9925037481259
1503.85284613473,412.627392493164,14.9925037481259
1575.93835446184,976.882923191648,14.9925037481259
1650.50956997266,2078.05120556798,14.9925037481259
1662.93810589113,2092.96544867015,14.9925037481259
1657.96669152374,2102.90827740492,14.9925037481259
1665.42381307482,2105.39398458862,14.9925037481259
1667.90952025851,2112.8511061397,14.9925037481259
1680.33805617698,623.912503107134,14.9925037481259
1702.70942083023,646.283867760378,14.9925037481259
1782.25205070843,830.226199353716,14.9925037481259
1784.73775789212,922.197365150385,14.9925037481259
1789.70917225951,934.625901068854,14.9925037481259
1792.1948794432,832.71190653741,14.9925037481259
1794.6805866269,807.854834700472,14.9925037481259
1856.82326621924,1431.76733780761,14.9925037481259
1909.02311707681,1406.91026597067,14.9925037481259
1926.42306736266,2401.19313944817,14.9925037481259
1961.22296793438,1285.11061396967,14.9925037481259
2023.36564752672,372.856077554064,14.9925037481259
2063.13696246582,2247.07929405916,14.9925037481259
2070.5940840169,2239.62217250808,14.9925037481259
2115.33681332339,820.283370618941,14.9925037481259
2189.9080288342,1976.13721103654,14.9925037481259
2229.6793437733,763.112105393985,14.9925037481259
2234.65075814069,1511.30996768581,14.9925037481259
2244.59358687547,1973.65150385285,14.9925037481259
2264.47924434502,1993.5371613224,14.9925037481259
2271.9363658961,1198.11086254039,14.9925037481259
2274.42207307979,1180.71091225454,14.9925037481259
2281.87919463087,1227.93934874472,44.9775112443778
2286.85060899826,1257.76783494904,44.9775112443778
2299.27914491673,1431.76733780761,14.9925037481259
2331.59333830475,1546.10986825752,14.9925037481259
2478.25006214268,1869.25180213771,14.9925037481259
2480.73576932637,1561.02411135968,14.9925037481259
19.8856574695501,1014.16853094705,29.9850074962519
22.3713646532438,1894.10887397465,29.9850074962519
27.3427790206314,1001.73999502859,29.9850074962519
34.7999005717127,991.797166293811,29.9850074962519
47.2284364901815,1004.22570221228,29.9850074962519
94.4568729803629,2038.27989062888,29.9850074962519
99.4282873477504,2033.3084762615,29.9850074962519
124.285359184688,1083.76833209048,44.9775112443778
146.656723837932,1334.82475764355,44.9775112443778
149.142431021626,2147.65100671141,29.9850074962519
188.913745960726,1615.70966940094,59.9700149925037
231.17076808352,805.369127516779,29.9850074962519
251.05642555307,1881.68033805618,44.9775112443778
278.399204573701,1488.93860303256,29.9850074962519
360.427541635595,626.398210290828,29.9850074962519
397.713149391002,715.883668903803,44.9775112443778
407.655978125777,1886.65175242356,29.9850074962519
492.170022371365,345.513298533433,29.9850074962519
574.198359433259,1252.79642058166,59.9700149925037
604.026845637584,1290.08202833706,44.9775112443778
626.398210290828,390.25602783992,29.9850074962519
623.912503107134,1029.08277404922,29.9850074962519
681.08376833209,1623.16679095203,44.9775112443778
765.597812577678,1474.0243599304,29.9850074962519
785.483470047228,280.884911757395,44.9775112443778
785.483470047228,939.597315436242,44.9775112443778
792.94059159831,298.284862043251,29.9850074962519
897.340293313448,1265.22495650012,44.9775112443778
914.740243599304,74.5712155108128,44.9775112443778
927.168779517773,1347.25329356202,44.9775112443778
986.825751926423,387.770320656227,29.9850074962519
1043.99701715138,2309.2219736515,29.9850074962519
1083.76833209048,79.5426298782003,44.9775112443778
1098.68257519264,666.169525229928,44.9775112443778
1175.73949788715,121.799652000994,29.9850074962519
1247.82500621427,877.454635843898,44.9775112443778
1297.53914988814,1677.85234899329,29.9850074962519
1324.88192890877,2361.42182450907,29.9850074962519
1354.7104151131,1041.51130996769,29.9850074962519
1396.96743723589,1130.99676858066,29.9850074962519
1424.31021625653,2232.165050957,29.9850074962519
1513.7956748695,442.455878697489,29.9850074962519
1583.39547601293,1006.71140939597,29.9850074962519
1670.39522744221,2135.22247079294,29.9850074962519
1672.8809346259,2120.30822769078,29.9850074962519
1687.79517772806,2122.79393487447,29.9850074962519
1687.79517772806,653.740989311459,59.9700149925037
1700.22371364653,666.169525229928,59.9700149925037
1710.16654238131,676.112353964703,29.9850074962519
1730.05219985086,7.45712155108128,29.9850074962519
1754.9092716878,7.45712155108128,44.9775112443778
1784.73775789212,860.054685558041,29.9850074962519
1792.1948794432,952.02585135471,29.9850074962519
1797.16629381059,966.940094456873,29.9850074962519
1802.13770817798,837.683320904797,29.9850074962519
1864.28038777032,1459.11011682824,29.9850074962519
1916.48023862789,1434.2530449913,29.9850074962519
1968.68008948546,1312.45339299031,29.9850074962519
1968.68008948546,256.027839920457,44.9775112443778
1973.65150385285,1966.19438230176,29.9850074962519
2033.3084762615,405.170270942083,44.9775112443778
2070.5940840169,2274.42207307979,29.9850074962519
2078.05120556798,2264.47924434502,29.9850074962519
2105.39398458862,740.740740740741,59.9700149925037
2120.30822769078,845.140442455879,29.9850074962519
2125.27964205817,852.59756400696,29.9850074962519
2127.76534924186,865.026099925429,44.9775112443778
2184.93661446682,1317.42480735769,29.9850074962519
2199.85085756898,2000.99428287348,29.9850074962519
2239.62217250808,1538.65274670644,29.9850074962519
2247.07929405916,1538.65274670644,29.9850074962519
2252.05070842655,2000.99428287348,29.9850074962519
2271.9363658961,2020.87994034303,29.9850074962519
2284.36490181457,1210.53939845886,44.9775112443778
2294.30773054934,1282.62490678598,29.9850074962519
2299.27914491673,1200.59656972409,44.9775112443778
2304.25055928412,1237.88217747949,44.9775112443778
2306.73626646781,1260.25354213274,44.9775112443778
2309.2219736515,1459.11011682824,29.9850074962519
2311.7076808352,1282.62490678598,29.9850074962519
2348.9932885906,1563.50981854338,29.9850074962519
2351.4789957743,1568.48123291076,29.9850074962519
124.285359184688,1570.96694009446,59.9700149925037
186.428038777032,1633.1096196868,44.9775112443778
183.942331593338,1648.02386278896,59.9700149925037
193.885160328113,2431.0216256525,59.9700149925037
208.799403430276,1618.19537658464,44.9775112443778
355.456127268208,623.912503107134,44.9775112443778
395.227442207308,1851.85185185185,44.9775112443778
487.198608003977,44.7427293064877,59.9700149925037
492.170022371365,693.512304250559,59.9700149925037
626.398210290828,1282.62490678598,44.9775112443778
688.540889883172,86.9997514292816,74.9625187406297
691.026597066866,648.769574944072,44.9775112443778
775.540641312453,333.084762614964,44.9775112443778
775.540641312453,927.168779517773,59.9700149925037
778.026348496147,313.199105145414,44.9775112443778
787.969177230922,320.656226696495,44.9775112443778
795.426298782004,917.225950782998,59.9700149925037
797.912005965697,315.684812329108,44.9775112443778
812.82624906786,1434.2530449913,59.9700149925037
865.026099925429,1956.25155356699,44.9775112443778
889.883171762366,1170.76808351976,59.9700149925037
1026.59706686552,1183.19661943823,59.9700149925037
1096.19686800895,2465.82152622421,59.9700149925037
1098.68257519264,877.454635843898,44.9775112443778
1135.96818294805,1026.59706686552,44.9775112443778
1140.93959731544,700.969425801641,59.9700149925037
1193.13944817301,1588.36689038031,59.9700149925037
1227.93934874472,226.199353716132,59.9700149925037
1237.88217747949,2286.85060899826,44.9775112443778
1250.31071339796,226.199353716132,59.9700149925037
1270.19637086751,193.885160328113,59.9700149925037
1290.08202833706,1652.99527715635,44.9775112443778
1309.96768580661,1130.99676858066,44.9775112443778
1312.45339299031,1121.05393984589,59.9700149925037
1466.56723837932,1891.62316679095,44.9775112443778
1476.51006711409,832.71190653741,44.9775112443778
1598.30971911509,1894.10887397465,59.9700149925037
1645.53815560527,2102.90827740492,44.9775112443778
1655.48098434004,2080.53691275168,44.9775112443778
1677.85234899329,2095.45115585384,44.9775112443778
1710.16654238131,1633.1096196868,59.9700149925037
1792.1948794432,743.226447924435,59.9700149925037
1802.13770817798,817.797663435247,74.9625187406297
1836.93760874969,459.855828983346,59.9700149925037
1844.39473030077,72.0855083271191,74.9625187406297
1846.88043748446,2418.59308973403,74.9625187406297
1856.82326621924,1434.2530449913,44.9775112443778
1909.02311707681,1409.39597315436,44.9775112443778
1938.85160328113,1056.42555306985,59.9700149925037
1958.73726075068,1287.59632115337,44.9775112443778
1966.19438230176,1943.82301764852,44.9775112443778
2020.87994034303,852.59756400696,59.9700149925037
2085.50832711907,2025.85135471042,59.9700149925037
2090.47974148645,713.397961720109,74.9625187406297
2177.47949291573,1292.56773552076,44.9775112443778
2192.3937360179,1976.13721103654,44.9775112443778
2232.165050957,937.111608252548,59.9700149925037
2237.13646532438,1513.7956748695,44.9775112443778
2244.59358687547,1973.65150385285,44.9775112443778
2264.47924434502,1996.02286850609,44.9775112443778
2279.39348744718,1986.08003977131,59.9700149925037
2289.33631618195,1242.85359184688,59.9700149925037
2301.76485210042,1434.2530449913,44.9775112443778
2329.10763112105,1546.10986825752,44.9775112443778
2346.50758140691,1528.70991797166,44.9775112443778
2363.90753169277,1399.45314441959,59.9700149925037
2480.73576932637,1874.2232165051,44.9775112443778
22.3713646532438,631.369624658215,74.9625187406297
29.8284862043251,837.683320904797,74.9625187406297
32.3141933880189,646.283867760378,74.9625187406297
54.6855580412627,571.712652249565,74.9625187406297
288.342033308476,800.397713149391,74.9625187406297
283.370618941089,129.256773552076,89.9550224887556
489.684315187671,2013.42281879195,74.9625187406297
502.11285110614,2040.76559781258,74.9625187406297
648.769574944072,611.483967188665,74.9625187406297
656.226696495153,178.970917225951,74.9625187406297
663.683818046234,623.912503107134,74.9625187406297
678.598061148397,616.455381556053,74.9625187406297
830.226199353716,1901.56599552573,74.9625187406297
835.197613721104,1682.82376336068,89.9550224887556
874.968928660204,1200.59656972409,89.9550224887556
887.397464578673,1317.42480735769,74.9625187406297
976.882923191648,1056.42555306985,74.9625187406297
981.854337559036,1501.36713895103,74.9625187406297
1019.13994531444,1158.33954760129,59.9700149925037
1073.8255033557,2465.82152622421,59.9700149925037
1103.65398956003,1608.25254784986,59.9700149925037
1173.25379070346,574.198359433259,74.9625187406297
1257.76783494904,574.198359433259,59.9700149925037
1290.08202833706,768.083519761372,74.9625187406297
1292.56773552076,1230.42505592841,74.9625187406297
1329.85334327616,1369.62465821526,59.9700149925037
1357.19612229679,797.912005965697,74.9625187406297
1404.42455878698,1643.05244842158,74.9625187406297
1411.88168033806,1913.9945314442,74.9625187406297
1421.82450907283,1533.68133233905,59.9700149925037
1451.65299527716,2465.82152622421,74.9625187406297
1476.51006711409,1909.02311707681,74.9625187406297
1483.96718866518,1891.62316679095,59.9700149925037
1518.76708923689,1175.73949788715,74.9625187406297
1546.10986825752,1563.50981854338,89.9550224887556
1605.76684066617,1874.2232165051,59.9700149925037
1829.48048719861,2413.62167536664,74.9625187406297
1829.48048719861,1884.16604523987,59.9700149925037
1839.42331593338,1876.70892368879,74.9625187406297
1839.42331593338,1909.02311707681,74.9625187406297
1906.53740989311,2075.56549838429,74.9625187406297
1941.33731046483,2242.10787969177,74.9625187406297
2063.13696246582,574.198359433259,89.9550224887556
2068.10837683321,273.427790206314,74.9625187406297
2083.02261993537,1367.13895103157,74.9625187406297
2097.93686303753,842.654735272185,74.9625187406297
2105.39398458862,2279.39348744718,89.9550224887556
2112.8511061397,725.826497638578,59.9700149925037
2179.96520009943,1456.62440964454,59.9700149925037
2179.96520009943,1461.59582401193,59.9700149925037
2224.70792940592,1292.56773552076,89.9550224887556
2386.27889634601,1183.19661943823,74.9625187406297
4.97141436738752,586.626895351728,89.9550224887556
407.655978125777,745.712155108128,74.9625187406297
477.255779269202,191.39945314442,104.947526236882
484.712900820283,668.655232413622,89.9550224887556
554.312701963709,1660.45239870743,89.9550224887556
559.284116331096,1665.42381307482,74.9625187406297
837.683320904797,1466.56723837932,89.9550224887556
1088.73974645787,2450.90728312205,89.9550224887556
1101.16828237634,2455.87869748944,74.9625187406297
1108.62540392742,1782.25205070843,119.940029985007
1222.96793437733,1063.88267462093,74.9625187406297
1257.76783494904,815.311956251554,89.9550224887556
1265.22495650012,800.397713149391,89.9550224887556
1352.22470792941,387.770320656227,89.9550224887556
1434.2530449913,432.513049962714,104.947526236882
1493.91001739995,2356.45041014169,89.9550224887556
1501.36713895103,1168.28237633607,74.9625187406297
1556.05269699229,352.970420084514,89.9550224887556
1558.53840417599,19.8856574695501,104.947526236882
1625.65249813572,1720.10937111608,74.9625187406297
1650.50956997266,2406.16455381556,89.9550224887556
1787.22346507581,164.056674123788,89.9550224887556
1891.62316679095,1767.33780760626,89.9550224887556
1983.59433258762,1014.16853094705,74.9625187406297
2003.47999005717,47.2284364901815,89.9550224887556
2162.56524981357,422.570221227939,89.9550224887556
2197.36515038528,1245.33929903057,89.9550224887556
2212.27939348745,1277.65349241859,74.9625187406297
2214.76510067114,1267.71066368382,74.9625187406297
2232.165050957,1270.19637086751,89.9550224887556
2398.70743226448,263.484961471539,89.9550224887556
270.94208302262,265.970668655232,104.947526236882
288.342033308476,258.513547104151,104.947526236882
300.770569226945,258.513547104151,89.9550224887556
305.741983594333,236.142182450907,104.947526236882
310.71339796172,169.028088491176,104.947526236882
355.456127268208,2341.53616703952,104.947526236882
400.198856574696,748.197862291822,89.9550224887556
489.684315187671,1575.93835446184,104.947526236882
494.655729555058,183.942331593338,104.947526236882
544.369873228934,889.883171762366,104.947526236882
636.341039025603,2003.47999005717,119.940029985007
678.598061148397,149.142431021626,104.947526236882
708.426547352722,171.513795674869,89.9550224887556
738.255033557047,1600.79542629878,104.947526236882
976.882923191648,658.712403678847,104.947526236882
996.768580661198,663.683818046234,104.947526236882
999.254287844892,1372.11036539896,104.947526236882
1096.19686800895,845.140442455879,104.947526236882
1103.65398956003,1608.25254784986,104.947526236882
1133.48247576436,1387.02460850112,104.947526236882
1334.82475764355,2368.87894606015,104.947526236882
1384.53890131742,1551.08128262491,104.947526236882
1526.22421078797,1797.16629381059,104.947526236882
1548.59557544121,54.6855580412627,119.940029985007
1583.39547601293,1312.45339299031,104.947526236882
1690.28088491176,1690.28088491176,104.947526236882
1730.05219985086,2214.76510067114,104.947526236882
1730.05219985086,2470.7929405916,104.947526236882
1744.96644295302,887.397464578673,104.947526236882
1817.05195128014,2110.365398956,104.947526236882
1978.62291822023,1906.53740989311,104.947526236882
1986.08003977131,1329.85334327616,104.947526236882
1996.02286850609,1190.65374098931,119.940029985007
2087.99403430276,1864.28038777032,104.947526236882
2130.25105642555,1727.56649266716,104.947526236882
2184.93661446682,1456.62440964454,89.9550224887556
2294.30773054934,1389.51031568481,119.940029985007
2401.19313944817,792.94059159831,119.940029985007
2428.5359184688,1481.48148148148,119.940029985007
22.3713646532438,1307.48197862292,119.940029985007
39.7713149391002,1809.59482972906,119.940029985007
42.2570221227939,439.970171513796,134.932533733133
69.5998011434253,651.255282127765,119.940029985007
124.285359184688,1290.08202833706,104.947526236882
188.913745960726,1185.68232662192,134.932533733133
303.256276410639,263.484961471539,119.940029985007
352.970420084514,164.056674123788,119.940029985007
422.570221227939,1585.88118319662,119.940029985007
564.255530698484,1909.02311707681,119.940029985007
594.084016902809,539.398458861546,119.940029985007
606.512552821278,564.255530698484,134.932533733133
616.455381556053,1300.02485707184,119.940029985007
643.798160576684,1991.0514541387,104.947526236882
648.769574944072,1993.5371613224,104.947526236882
681.08376833209,2187.42232165051,119.940029985007
700.969425801641,372.856077554064,119.940029985007
710.912254536416,173.999502858563,119.940029985007
835.197613721104,787.969177230922,119.940029985007
1006.71140939597,1098.68257519264,119.940029985007
1019.13994531444,1707.68083519761,134.932533733133
1031.56848123291,1349.73900074571,119.940029985007
1123.53964702958,1399.45314441959,134.932533733133
1126.02535421327,1506.33855331842,119.940029985007
1143.42530449913,372.856077554064,104.947526236882
1175.73949788715,1329.85334327616,134.932533733133
1235.3964702958,822.769077802635,119.940029985007
1297.53914988814,77.0569226945066,119.940029985007
1342.28187919463,2306.73626646781,119.940029985007
1411.88168033806,949.540144171017,119.940029985007
1439.22445935869,1928.90877454636,104.947526236882
1536.16703952274,1951.2801391996,134.932533733133
1623.16679095203,1712.652249565,104.947526236882
1625.65249813572,2087.99403430276,119.940029985007
1645.53815560527,676.112353964703,119.940029985007
1677.85234899329,1414.36738752175,104.947526236882
1700.22371364653,1675.36664180959,104.947526236882
1702.70942083023,1804.62341536167,134.932533733133
1722.59507829978,2222.22222222222,104.947526236882
1735.02361421825,1029.08277404922,134.932533733133
1764.85210042257,892.36887894606,104.947526236882
1884.16604523987,1322.39622172508,134.932533733133
1916.48023862789,1986.08003977131,119.940029985007
2117.82252050708,121.799652000994,134.932533733133
2137.70817797663,1705.19512801392,119.940029985007
2202.33656475267,1938.85160328113,119.940029985007
2261.99353716132,1135.96818294805,134.932533733133
2480.73576932637,1118.56823266219,104.947526236882
32.3141933880189,531.941337310465,134.932533733133
32.3141933880189,1824.50907283122,134.932533733133
191.39945314442,2122.79393487447,134.932533733133
300.770569226945,678.598061148397,134.932533733133
405.170270942083,2023.36564752672,149.925037481259
454.884414615958,574.198359433259,149.925037481259
509.569972657221,298.284862043251,134.932533733133
576.684066616953,549.341287596321,134.932533733133
606.512552821278,526.969922943077,134.932533733133
678.598061148397,2321.65050956997,134.932533733133
847.626149639573,613.969674372359,134.932533733133
929.654486701467,1804.62341536167,119.940029985007
934.625901068854,1809.59482972906,149.925037481259
1026.59706686552,2137.70817797663,149.925037481259
1237.88217747949,2361.42182450907,134.932533733133
1240.36788466319,2281.87919463087,134.932533733133
1267.71066368382,2117.82252050708,134.932533733133
1285.11061396967,467.312950534427,149.925037481259
1322.39622172508,1391.99602286851,119.940029985007
1357.19612229679,1585.88118319662,149.925037481259
1411.88168033806,1061.39696743724,149.925037481259
1426.79592344022,1073.8255033557,134.932533733133
1441.71016654238,2018.39423315933,119.940029985007
1471.53865274671,521.99850857569,134.932533733133
1508.82426050211,1513.7956748695,134.932533733133
1628.13820531941,1128.51106139697,134.932533733133
1640.56674123788,1921.45165299528,134.932533733133
1652.99527715635,1553.5669898086,134.932533733133
1705.19512801392,1188.16803380562,149.925037481259
1732.53790703455,1881.68033805618,149.925037481259
1749.93785732041,1491.42431021626,134.932533733133
1802.13770817798,720.855083271191,119.940029985007
1817.05195128014,507.084265473527,134.932533733133
1876.70892368879,1337.31046482724,134.932533733133
1904.05170270942,1834.451901566,149.925037481259
1966.19438230176,1580.90976882923,134.932533733133
1991.0514541387,959.482972905792,134.932533733133
2035.79418344519,1242.85359184688,134.932533733133
2120.30822769078,1953.7658463833,134.932533733133
2478.25006214268,1454.13870246085,134.932533733133
22.3713646532438,551.826994780015,134.932533733133
226.199353716132,1257.76783494904,149.925037481259
315.684812329108,738.255033557047,149.925037481259
425.055928411633,693.512304250559,149.925037481259
551.826994780015,2135.22247079294,149.925037481259
591.598309719115,551.826994780015,134.932533733133
611.483967188665,539.398458861546,149.925037481259
678.598061148397,1053.93984588615,134.932533733133
710.912254536416,223.713646532438,134.932533733133
713.397961720109,216.256524981357,134.932533733133
743.226447924435,1521.25279642058,149.925037481259
797.912005965697,1424.31021625653,164.917541229385
976.882923191648,944.568729803629,149.925037481259
991.797166293811,959.482972905792,149.925037481259
1006.71140939597,1170.76808351976,149.925037481259
1068.85408898832,2458.36440467313,164.917541229385
1135.96818294805,323.141933880189,149.925037481259
1143.42530449913,375.341784737758,134.932533733133
1220.48222719364,782.997762863535,149.925037481259
1230.42505592841,817.797663435247,134.932533733133
1329.85334327616,1379.56748695004,134.932533733133
1389.51031568481,487.198608003977,149.925037481259
1396.96743723589,300.770569226945,134.932533733133
1411.88168033806,1854.33755903555,149.925037481259
1421.82450907283,1086.25403927417,149.925037481259
1483.96718866518,106.885408898832,149.925037481259
1518.76708923689,1886.65175242356,149.925037481259
1583.39547601293,1178.22520507084,149.925037481259
1610.73825503356,1121.05393984589,164.917541229385
1625.65249813572,2431.0216256525,149.925037481259
1633.1096196868,1143.42530449913,149.925037481259
1685.30947054437,1513.7956748695,149.925037481259
1695.25229927915,2443.45016157097,149.925037481259
1720.10937111608,2219.73651503853,134.932533733133
1804.62341536167,1869.25180213771,149.925037481259
1822.02336564753,1600.79542629878,149.925037481259
1844.39473030077,1797.16629381059,149.925037481259
1899.08028834203,1319.91051454139,134.932533733133
1933.88018891375,1436.73875217499,164.917541229385
1961.22296793438,884.911757394979,149.925037481259
2043.25130499627,1260.25354213274,149.925037481259
2162.56524981357,1183.19661943823,149.925037481259
2234.65075814069,1406.91026597067,149.925037481259
2264.47924434502,991.797166293811,149.925037481259
2356.45041014169,1648.02386278896,164.917541229385
2450.90728312205,1712.652249565,149.925037481259
42.2570221227939,1809.59482972906,149.925037481259
149.142431021626,606.512552821278,164.917541229385
178.970917225951,1364.65324384787,164.917541229385
218.742232165051,1312.45339299031,164.917541229385
275.913497390007,1665.42381307482,164.917541229385
350.48471290082,1638.08103405419,164.917541229385
569.226945065871,1904.05170270942,149.925037481259
713.397961720109,216.256524981357,179.910044977511
755.654983842903,745.712155108128,149.925037481259
810.340541884166,1185.68232662192,179.910044977511
815.311956251554,648.769574944072,164.917541229385
966.940094456873,974.397216007954,164.917541229385
979.368630375342,961.968680089485,164.917541229385
1006.71140939597,969.425801640567,164.917541229385
1083.76833209048,2115.33681332339,164.917541229385
1111.11111111111,1623.16679095203,179.910044977511
1337.31046482724,631.369624658215,164.917541229385
1575.93835446184,1245.33929903057,164.917541229385
1630.62391250311,939.597315436242,164.917541229385
1652.99527715635,1327.36763609247,164.917541229385
1692.76659209545,1598.30971911509,164.917541229385
1705.19512801392,2.48570718369376,149.925037481259
1846.88043748446,1600.79542629878,164.917541229385
1946.30872483221,1416.85309470544,164.917541229385
1998.50857568978,1173.25379070346,179.910044977511
2048.22271936366,1021.62565249814,164.917541229385
2135.22247079294,422.570221227939,179.910044977511
2147.65100671141,106.885408898832,164.917541229385
2162.56524981357,1272.68207805121,149.925037481259
2331.59333830475,743.226447924435,149.925037481259
49.7141436738752,1359.68182948049,179.910044977511
52.199850857569,1327.36763609247,179.910044977511
325.627641063883,1369.62465821526,179.910044977511
333.084762614964,1643.05244842158,164.917541229385
338.056176982351,1297.53914988814,179.910044977511
437.484464330102,372.856077554064,179.910044977511
462.34153616704,1993.5371613224,194.902548725637
556.798409147402,517.027094208302,194.902548725637
554.312701963709,1317.42480735769,194.902548725637
698.483718617947,1958.73726075068,179.910044977511
735.769326373353,1511.30996768581,179.910044977511
795.426298782004,420.084514044246,179.910044977511
845.140442455879,1406.91026597067,179.910044977511
862.540392741735,1404.42455878698,179.910044977511
934.625901068854,2177.47949291573,179.910044977511
1061.39696743724,2127.76534924186,179.910044977511
1101.16828237634,1784.73775789212,164.917541229385
1170.76808351976,1918.96594581158,179.910044977511
1203.08227690778,934.625901068854,179.910044977511
1222.96793437733,1754.9092716878,179.910044977511
1339.79617201094,1909.02311707681,164.917541229385
1374.59607258265,191.39945314442,179.910044977511
1399.45314441959,1178.22520507084,179.910044977511
1404.42455878698,1382.05319413373,179.910044977511
1409.39597315436,1404.42455878698,179.910044977511
1424.31021625653,1411.88168033806,164.917541229385
1429.28163062391,1829.48048719861,179.910044977511
1802.13770817798,521.99850857569,179.910044977511
1904.05170270942,1043.99701715138,179.910044977511
1978.62291822023,1312.45339299031,179.910044977511
2110.365398956,1198.11086254039,179.910044977511
2239.62217250808,343.027591349739,194.902548725637
2259.50782997763,352.970420084514,194.902548725637
2388.7646035297,1630.62391250311,179.910044977511
472.284364901815,382.798906288839,194.902548725637
519.512801391996,2286.85060899826,209.895052473763
559.284116331096,1235.3964702958,194.902548725637
564.255530698484,1300.02485707184,194.902548725637
601.54113845389,2177.47949291573,194.902548725637
618.941088739746,2184.93661446682,209.895052473763
661.19811086254,347.999005717127,194.902548725637
715.883668903803,1876.70892368879,194.902548725637
753.16927665921,999.254287844892,209.895052473763
869.997514292816,1419.33880188914,194.902548725637
984.340044742729,2063.13696246582,179.910044977511
1101.16828237634,2120.30822769078,194.902548725637
1101.16828237634,1794.6805866269,209.895052473763
1101.16828237634,2344.02187422322,194.902548725637
1230.42505592841,1041.51130996769,194.902548725637
1260.25354213274,1372.11036539896,179.910044977511
1372.11036539896,1240.36788466319,209.895052473763
1399.45314441959,186.428038777032,194.902548725637
1411.88168033806,186.428038777032,194.902548725637
1421.82450907283,857.568978374347,209.895052473763
1749.93785732041,1625.65249813572,194.902548725637
1886.65175242356,1073.8255033557,194.902548725637
2065.62266964952,715.883668903803,209.895052473763
2070.5940840169,2092.96544867015,209.895052473763
2197.36515038528,688.540889883172,209.895052473763
2252.05070842655,1802.13770817798,194.902548725637
2398.70743226448,1098.68257519264,179.910044977511
2433.50733283619,604.026845637584,209.895052473763
17.3999502858563,1372.11036539896,224.887556221889
365.398956002983,1478.99577429779,194.902548725637
439.970171513796,1598.30971911509,209.895052473763
576.684066616953,126.771066368382,209.895052473763
579.169773800646,551.826994780015,209.895052473763
586.626895351728,512.055679840915,209.895052473763
628.883917474521,2177.47949291573,194.902548725637
658.712403678847,549.341287596321,209.895052473763
718.369376087497,521.99850857569,209.895052473763
790.454884414616,270.94208302262,209.895052473763
820.283370618941,929.654486701467,209.895052473763
832.71190653741,678.598061148397,209.895052473763
847.626149639573,1416.85309470544,194.902548725637
1036.5398956003,497.141436738752,209.895052473763
1073.8255033557,961.968680089485,224.887556221889
1098.68257519264,656.226696495153,209.895052473763
1130.99676858066,1580.90976882923,209.895052473763
1155.8538404176,1168.28237633607,209.895052473763
1158.33954760129,116.828237633607,224.887556221889
1185.68232662192,2450.90728312205,209.895052473763
1242.85359184688,1451.65299527716,209.895052473763
1287.59632115337,1650.50956997266,224.887556221889
1404.42455878698,862.540392741735,209.895052473763
1682.82376336068,942.083022619935,209.895052473763
1690.28088491176,1024.11135968183,209.895052473763
1705.19512801392,1043.99701715138,209.895052473763
1968.68008948546,981.854337559036,209.895052473763
2073.0797912006,1282.62490678598,209.895052473763
442.455878697489,2152.6224210788,239.880059970015
454.884414615958,474.770072085508,224.887556221889
519.512801391996,1814.56624409645,239.880059970015
678.598061148397,1983.59433258762,224.887556221889
686.055182699478,1650.50956997266,224.887556221889
857.568978374347,1135.96818294805,239.880059970015
897.340293313448,1237.88217747949,224.887556221889
984.340044742729,2058.16554809843,209.895052473763
1078.79691772309,1739.99502858563,224.887556221889
1098.68257519264,730.797912005966,224.887556221889
1165.79666915237,131.742480735769,224.887556221889
1178.22520507084,116.828237633607,224.887556221889
1183.19661943823,347.999005717127,224.887556221889
1242.85359184688,2065.62266964952,209.895052473763
1282.62490678598,1725.08078548347,224.887556221889
1327.36763609247,1300.02485707184,224.887556221889
1329.85334327616,1319.91051454139,224.887556221889
1342.28187919463,1297.53914988814,209.895052473763
1347.25329356202,1304.99627143922,224.887556221889
1352.22470792941,1802.13770817798,224.887556221889
1357.19612229679,2063.13696246582,224.887556221889
1409.39597315436,367.884663186677,224.887556221889
1429.28163062391,2107.87969177231,209.895052473763
1521.25279642058,1923.93736017897,224.887556221889
1556.05269699229,1628.13820531941,224.887556221889
1588.36689038031,425.055928411633,224.887556221889
1670.39522744221,1575.93835446184,239.880059970015
1682.82376336068,1976.13721103654,224.887556221889
1717.62366393239,2204.82227193637,224.887556221889
1881.68033805618,1568.48123291076,239.880059970015
1918.96594581158,695.998011434253,239.880059970015
2085.50832711907,1292.56773552076,224.887556221889
2090.47974148645,1267.71066368382,224.887556221889
2132.73676360925,1692.76659209545,224.887556221889
2137.70817797663,420.084514044246,209.895052473763
2209.79368630375,797.912005965697,224.887556221889
2314.19338801889,1073.8255033557,224.887556221889
2351.4789957743,750.683569475516,224.887556221889
2391.2503107134,1605.76684066617,224.887556221889
2401.19313944817,1098.68257519264,224.887556221889
415.113099676858,618.941088739746,239.880059970015
420.084514044246,641.31245339299,239.880059970015
437.484464330102,964.454387273179,254.872563718141
521.99850857569,201.342281879195,239.880059970015
559.284116331096,2224.70792940592,239.880059970015
564.255530698484,1324.88192890877,254.872563718141
678.598061148397,830.226199353716,239.880059970015
725.826497638578,1140.93959731544,239.880059970015
912.25453641561,2197.36515038528,239.880059970015
942.083022619935,1382.05319413373,239.880059970015
944.568729803629,310.71339796172,224.887556221889
952.02585135471,969.425801640567,239.880059970015
956.997265722098,708.426547352722,239.880059970015
1086.25403927417,2058.16554809843,239.880059970015
1098.68257519264,2132.73676360925,224.887556221889
1138.45389013174,1851.85185185185,254.872563718141
1434.2530449913,7.45712155108128,239.880059970015
1456.62440964454,1314.939100174,239.880059970015
1513.7956748695,402.684563758389,239.880059970015
1543.62416107383,198.856574695501,239.880059970015
1543.62416107383,698.483718617947,239.880059970015
1690.28088491176,1598.30971911509,224.887556221889
1725.08078548347,151.628138205319,239.880059970015
1752.4235645041,1088.73974645787,239.880059970015
1762.36639323888,313.199105145414,254.872563718141
1931.39448173005,693.512304250559,239.880059970015
1976.13721103654,1068.85408898832,224.887556221889
1983.59433258762,1073.8255033557,224.887556221889
2085.50832711907,1021.62565249814,239.880059970015
72.0855083271191,889.883171762366,254.872563718141
94.4568729803629,991.797166293811,269.865067466267
236.142182450907,2050.70842654735,254.872563718141
273.427790206314,1314.939100174,254.872563718141
362.913248819289,1153.36813323391,254.872563718141
512.055679840915,2207.30797912006,284.857571214393
534.427044494159,2184.93661446682,254.872563718141
536.912751677852,618.941088739746,269.865067466267
551.826994780015,2199.85085756898,239.880059970015
556.798409147402,1342.28187919463,254.872563718141
810.340541884166,1367.13895103157,239.880059970015
979.368630375342,1600.79542629878,254.872563718141
1051.45413870246,2189.9080288342,254.872563718141
1086.25403927417,1978.62291822023,239.880059970015
1168.28237633607,1401.93885160328,254.872563718141
1222.96793437733,2371.36465324385,254.872563718141
1262.73924931643,1416.85309470544,254.872563718141
1307.48197862292,1904.05170270942,269.865067466267
1319.91051454139,1538.65274670644,239.880059970015
1342.28187919463,188.913745960726,269.865067466267
1389.51031568481,14.9142431021626,254.872563718141
1396.96743723589,407.655978125777,254.872563718141
1424.31021625653,2105.39398458862,239.880059970015
1456.62440964454,1777.28063634104,254.872563718141
1508.82426050211,2274.42207307979,269.865067466267
1533.68133233905,1933.88018891375,254.872563718141
1573.45264727815,144.171016654238,269.865067466267
1583.39547601293,2078.05120556798,254.872563718141
1715.13795674869,268.456375838926,254.872563718141
1735.02361421825,1725.08078548347,239.880059970015
1749.93785732041,278.399204573701,269.865067466267
2045.73701217997,994.282873477504,254.872563718141
2217.25080785483,1580.90976882923,269.865067466267
2443.45016157097,1250.31071339796,254.872563718141
0,1610.73825503356,254.872563718141
201.342281879195,954.511558538404,284.857571214393
223.713646532438,1968.68008948546,269.865067466267
251.05642555307,807.854834700472,269.865067466267
295.799154859558,2025.85135471042,269.865067466267
350.48471290082,989.311459110117,269.865067466267
370.37037037037,1590.85259756401,299.850074962519
415.113099676858,636.341039025603,254.872563718141
497.141436738752,571.712652249565,284.857571214393
519.512801391996,1036.5398956003,284.857571214393
521.99850857569,2189.9080288342,254.872563718141
544.369873228934,2204.82227193637,269.865067466267
546.855580412627,1623.16679095203,269.865067466267
551.826994780015,2192.3937360179,269.865067466267
571.712652249565,2207.30797912006,284.857571214393
623.912503107134,795.426298782004,284.857571214393
643.798160576684,797.912005965697,284.857571214393
646.283867760378,1958.73726075068,254.872563718141
700.969425801641,1158.33954760129,269.865067466267
810.340541884166,484.712900820283,284.857571214393
909.768829231916,556.798409147402,269.865067466267
979.368630375342,546.855580412627,269.865067466267
1071.33979617201,1359.68182948049,284.857571214393
1083.76833209048,1973.65150385285,254.872563718141
1121.05393984589,1854.33755903555,254.872563718141
1128.51106139697,1006.71140939597,269.865067466267
1232.91076311211,1188.16803380562,269.865067466267
1300.02485707184,1889.13745960726,269.865067466267
1406.91026597067,360.427541635595,254.872563718141
1491.42431021626,529.455630126771,254.872563718141
1665.42381307482,1722.59507829978,269.865067466267
1675.36664180959,263.484961471539,269.865067466267
1687.79517772806,1643.05244842158,254.872563718141
1707.68083519761,285.856326124783,254.872563718141
1742.48073576933,1556.05269699229,284.857571214393
1874.2232165051,755.654983842903,269.865067466267
1896.59458115834,1779.76634352473,269.865067466267
1913.9945314442,718.369376087497,269.865067466267
2145.16529952772,1826.99478001491,269.865067466267
2142.67959234402,1556.05269699229,269.865067466267
2413.62167536664,944.568729803629,269.865067466267
109.371116082525,991.797166293811,284.857571214393
236.142182450907,825.254784986329,269.865067466267
372.856077554064,981.854337559036,284.857571214393
400.198856574696,2157.59383544618,269.865067466267
514.541387024609,1764.85210042257,299.850074962519
586.626895351728,1769.82351478996,269.865067466267
825.254784986329,942.083022619935,284.857571214393
887.397464578673,2058.16554809843,284.857571214393
969.425801640567,385.284613472533,299.850074962519
1088.73974645787,681.08376833209,299.850074962519
1237.88217747949,840.169028088491,269.865067466267
1287.59632115337,1886.65175242356,284.857571214393
1309.96768580661,1493.91001739995,284.857571214393
1436.73875217499,139.199602286851,299.850074962519
1526.22421078797,1058.91126025354,284.857571214393
1687.79517772806,1073.8255033557,284.857571214393
1769.82351478996,1290.08202833706,299.850074962519
1826.99478001491,1444.19587372608,284.857571214393
1986.08003977131,1317.42480735769,284.857571214393
2102.90827740492,1570.96694009446,284.857571214393
300.770569226945,1628.13820531941,314.842578710645
385.284613472533,536.912751677852,299.850074962519
544.369873228934,1272.68207805121,284.857571214393
586.626895351728,1754.9092716878,299.850074962519
589.112602535421,1774.79492915735,299.850074962519
745.712155108128,275.913497390007,299.850074962519
1031.56848123291,1317.42480735769,299.850074962519
1041.51130996769,1901.56599552573,314.842578710645
1103.65398956003,1295.05344270445,299.850074962519
1170.76808351976,1404.42455878698,284.857571214393
1203.08227690778,1394.4817300522,299.850074962519
1227.93934874472,2373.85036042754,284.857571214393
1337.31046482724,1521.25279642058,299.850074962519
1488.93860303256,531.941337310465,299.850074962519
1496.39572458364,1894.10887397465,284.857571214393
1506.33855331842,79.5426298782003,299.850074962519
1575.93835446184,2160.07954262988,299.850074962519
1608.25254784986,1735.02361421825,299.850074962519
1625.65249813572,787.969177230922,299.850074962519
1635.59532687049,1401.93885160328,299.850074962519
1772.30922197365,293.313447675864,314.842578710645
1976.13721103654,792.94059159831,299.850074962519
2040.76559781258,1145.91101168282,314.842578710645
2073.0797912006,579.169773800646,299.850074962519
2090.47974148645,1436.73875217499,314.842578710645
2279.39348744718,1307.48197862292,314.842578710645
2291.82202336565,1506.33855331842,299.850074962519
2326.62192393736,1359.68182948049,314.842578710645
377.827491921452,1240.36788466319,329.835082458771
447.427293064877,1588.36689038031,314.842578710645
462.34153616704,1759.88068605518,299.850074962519
541.88416604524,792.94059159831,329.835082458771
695.998011434253,1986.08003977131,329.835082458771
713.397961720109,2003.47999005717,329.835082458771
718.369376087497,1986.08003977131,314.842578710645
792.94059159831,589.112602535421,299.850074962519
822.769077802635,561.76982351479,314.842578710645
956.997265722098,1150.88242605021,329.835082458771
979.368630375342,546.855580412627,299.850074962519
984.340044742729,149.142431021626,314.842578710645
991.797166293811,1968.68008948546,329.835082458771
1155.8538404176,1046.48272433507,314.842578710645
1210.53939845886,1702.70942083023,299.850074962519
1260.25354213274,1262.73924931643,314.842578710645
1297.53914988814,1633.1096196868,314.842578710645
1491.42431021626,1573.45264727815,314.842578710645
1518.76708923689,2097.93686303753,314.842578710645
1533.68133233905,1357.19612229679,314.842578710645
1568.48123291076,2174.99378573204,314.842578710645
1575.93835446184,2053.19413373105,314.842578710645
1595.82401193139,1354.7104151131,329.835082458771
1652.99527715635,1722.59507829978,299.850074962519
1774.79492915735,1513.7956748695,299.850074962519
1814.56624409645,1916.48023862789,299.850074962519
1886.65175242356,1416.85309470544,329.835082458771
1948.79443201591,1966.19438230176,314.842578710645
1976.13721103654,656.226696495153,299.850074962519
385.284613472533,1652.99527715635,329.835082458771
541.88416604524,2199.85085756898,314.842578710645
546.855580412627,2204.82227193637,314.842578710645
581.65548098434,1031.56848123291,329.835082458771
601.54113845389,1394.4817300522,329.835082458771
686.055182699478,1886.65175242356,329.835082458771
703.455132985334,790.454884414616,329.835082458771
705.940840169028,1971.16579666915,344.827586206897
720.855083271191,790.454884414616,329.835082458771
807.854834700472,1774.79492915735,344.827586206897
874.968928660204,857.568978374347,329.835082458771
887.397464578673,1797.16629381059,329.835082458771
934.625901068854,298.284862043251,344.827586206897
1006.71140939597,1183.19661943823,344.827586206897
1039.02560278399,1006.71140939597,344.827586206897
1257.76783494904,1531.19562515536,329.835082458771
1270.19637086751,1623.16679095203,329.835082458771
1314.939100174,1588.36689038031,329.835082458771
1401.93885160328,817.797663435247,329.835082458771
1424.31021625653,1904.05170270942,329.835082458771
1431.76733780761,1108.62540392742,329.835082458771
1496.39572458364,1901.56599552573,314.842578710645
1528.70991797166,1061.39696743724,314.842578710645
1548.59557544121,922.197365150385,344.827586206897
1667.90952025851,338.056176982351,329.835082458771
1692.76659209545,1851.85185185185,329.835082458771
1774.79492915735,1521.25279642058,314.842578710645
1817.05195128014,1918.96594581158,329.835082458771
1834.451901566,1046.48272433507,314.842578710645
1839.42331593338,1034.0541884166,359.820089955023
1943.82301764852,1561.02411135968,329.835082458771
1958.73726075068,1153.36813323391,314.842578710645
1958.73726075068,601.54113845389,329.835082458771
1976.13721103654,601.54113845389,329.835082458771
1978.62291822023,1130.99676858066,344.827586206897
285.856326124783,780.512055679841,344.827586206897
295.799154859558,768.083519761372,344.827586206897
318.170519512801,787.969177230922,359.820089955023
323.141933880189,775.540641312453,344.827586206897
579.169773800646,2050.70842654735,344.827586206897
676.112353964703,1879.19463087248,344.827586206897
728.312204822272,2122.79393487447,344.827586206897
763.112105393985,2045.73701217997,344.827586206897
802.883420333085,2132.73676360925,359.820089955023
857.568978374347,1374.59607258265,359.820089955023
947.054436987323,313.199105145414,344.827586206897
1101.16828237634,1834.451901566,359.820089955023
1175.73949788715,1103.65398956003,344.827586206897
1190.65374098931,1098.68257519264,359.820089955023
1213.02510564256,1702.70942083023,329.835082458771
1309.96768580661,2063.13696246582,344.827586206897
1446.68158090977,1670.39522744221,344.827586206897
1605.76684066617,400.198856574696,359.820089955023
1657.96669152374,325.627641063883,344.827586206897
1685.30947054437,969.425801640567,344.827586206897
1946.30872483221,1143.42530449913,344.827586206897
1978.62291822023,1148.39671886652,344.827586206897
1998.50857568978,631.369624658215,344.827586206897
340.541884166045,775.540641312453,359.820089955023
340.541884166045,795.426298782004,359.820089955023
549.341287596321,653.740989311459,359.820089955023
606.512552821278,1145.91101168282,374.812593703148
705.940840169028,517.027094208302,359.820089955023
723.340790454884,1730.05219985086,374.812593703148
728.312204822272,444.941585881183,359.820089955023
760.626398210291,1869.25180213771,374.812593703148
820.283370618941,447.427293064877,359.820089955023
1021.62565249814,1909.02311707681,374.812593703148
1133.48247576436,599.055431270196,359.820089955023
1217.99652000994,743.226447924435,359.820089955023
1608.25254784986,1168.28237633607,359.820089955023
1943.82301764852,1401.93885160328,344.827586206897
2008.45140442456,1354.7104151131,344.827586206897
2010.93711160825,1324.88192890877,344.827586206897
362.913248819289,1026.59706686552,374.812593703148
395.227442207308,1130.99676858066,389.805097451274
422.570221227939,787.969177230922,359.820089955023
425.055928411633,790.454884414616,404.7976011994
705.940840169028,1210.53939845886,374.812593703148
805.369127516779,1297.53914988814,389.805097451274
882.426050211285,845.140442455879,359.820089955023
934.625901068854,1414.36738752175,374.812593703148
989.311459110117,1387.02460850112,374.812593703148
1091.22545364156,656.226696495153,374.812593703148
1272.68207805121,1630.62391250311,359.820089955023
1302.51056425553,1690.28088491176,359.820089955023
1309.96768580661,2068.10837683321,359.820089955023
1337.31046482724,1011.68282376336,374.812593703148
1349.73900074571,1001.73999502859,374.812593703148
1451.65299527716,303.256276410639,374.812593703148
1483.96718866518,2115.33681332339,359.820089955023
1605.76684066617,1757.39497887149,359.820089955023
1608.25254784986,686.055182699478,374.812593703148
1687.79517772806,1864.28038777032,374.812593703148
1710.16654238131,439.970171513796,374.812593703148
1822.02336564753,1926.42306736266,359.820089955023
1936.36589609744,1434.2530449913,359.820089955023
1946.30872483221,1406.91026597067,374.812593703148
1958.73726075068,1150.88242605021,359.820089955023
2005.96569724086,1364.65324384787,359.820089955023
2010.93711160825,1342.28187919463,359.820089955023
2117.82252050708,989.311459110117,374.812593703148
425.055928411633,773.05493412876,389.805097451274
643.798160576684,969.425801640567,404.7976011994
666.169525229928,708.426547352722,404.7976011994
698.483718617947,1752.4235645041,404.7976011994
753.16927665921,1481.48148148148,389.805097451274
755.654983842903,1382.05319413373,374.812593703148
879.940343027591,1548.59557544121,404.7976011994
882.426050211285,1158.33954760129,389.805097451274
959.482972905792,1347.25329356202,404.7976011994
1118.56823266219,1006.71140939597,389.805097451274
1222.96793437733,728.312204822272,389.805097451274
1307.48197862292,1677.85234899329,374.812593703148
1327.36763609247,956.997265722098,404.7976011994
1478.99577429779,954.511558538404,389.805097451274
1486.45289584887,2102.90827740492,374.812593703148
1556.05269699229,1789.70917225951,374.812593703148
1608.25254784986,1744.96644295302,374.812593703148
1938.85160328113,1424.31021625653,374.812593703148
1961.22296793438,1367.13895103157,389.805097451274
1961.22296793438,1352.22470792941,374.812593703148
2010.93711160825,1352.22470792941,374.812593703148
2010.93711160825,1329.85334327616,374.812593703148
2035.79418344519,1488.93860303256,374.812593703148
2080.53691275168,862.540392741735,389.805097451274
454.884414615958,790.454884414616,404.7976011994
469.798657718121,1016.65423813075,404.7976011994
502.11285110614,1148.39671886652,404.7976011994
755.654983842903,1387.02460850112,419.790104947526
797.912005965697,1135.96818294805,389.805097451274
879.940343027591,596.569724086503,419.790104947526
942.083022619935,1561.02411135968,419.790104947526
961.968680089485,1551.08128262491,419.790104947526
1118.56823266219,1024.11135968183,404.7976011994
1140.93959731544,1016.65423813075,404.7976011994
1163.31096196868,1471.53865274671,404.7976011994
1225.45364156102,812.82624906786,419.790104947526
1285.11061396967,2083.02261993537,404.7976011994
1309.96768580661,1695.25229927915,389.805097451274
1474.0243599304,937.111608252548,404.7976011994
1476.51006711409,402.684563758389,419.790104947526
1488.93860303256,2120.30822769078,389.805097451274
1493.91001739995,961.968680089485,404.7976011994
1558.53840417599,1807.10912254536,389.805097451274
1595.82401193139,822.769077802635,389.805097451274
1598.30971911509,815.311956251554,419.790104947526
1610.73825503356,1762.36639323888,389.805097451274
1687.79517772806,1536.16703952274,389.805097451274
1690.28088491176,1881.68033805618,389.805097451274
1737.50932140194,728.312204822272,419.790104947526
1941.33731046483,1441.71016654238,389.805097451274
1951.2801391996,1421.82450907283,389.805097451274
1958.73726075068,1382.05319413373,389.805097451274
2013.42281879195,1372.11036539896,389.805097451274
2038.27989062888,1506.33855331842,389.805097451274
452.398707432264,1262.73924931643,419.790104947526
482.22719363659,1623.16679095203,419.790104947526
497.141436738752,832.71190653741,419.790104947526
512.055679840915,932.14019388516,434.782608695652
740.740740740741,847.626149639573,419.790104947526
797.912005965697,1357.19612229679,419.790104947526
797.912005965697,1130.99676858066,434.782608695652
877.454635843898,564.255530698484,434.782608695652
999.254287844892,405.170270942083,419.790104947526
1203.08227690778,1203.08227690778,434.782608695652
1217.99652000994,740.740740740741,404.7976011994
1230.42505592841,1068.85408898832,434.782608695652
1280.13919960229,1165.79666915237,404.7976011994
1297.53914988814,1702.70942083023,404.7976011994
1344.76758637832,797.912005965697,419.790104947526
1511.30996768581,966.940094456873,449.775112443778
1543.62416107383,479.741486452896,434.782608695652
1548.59557544121,1812.08053691275,404.7976011994
1677.85234899329,1541.13845389013,404.7976011994
1680.33805617698,1889.13745960726,404.7976011994
1859.30897340293,1623.16679095203,404.7976011994
1933.88018891375,1446.68158090977,404.7976011994
1941.33731046483,1429.28163062391,404.7976011994
1948.79443201591,1384.53890131742,404.7976011994
1953.7658463833,1367.13895103157,404.7976011994
2003.47999005717,1352.22470792941,404.7976011994
2000.99428287348,1379.56748695004,404.7976011994
2003.47999005717,1374.59607258265,404.7976011994
2028.33706189411,1516.28138205319,404.7976011994
2040.76559781258,1354.7104151131,404.7976011994
643.798160576684,1747.45215013671,419.790104947526
758.140691026597,1272.68207805121,434.782608695652
787.969177230922,1347.25329356202,434.782608695652
800.397713149391,1334.82475764355,434.782608695652
919.711657966692,1913.9945314442,449.775112443778
1205.56798409147,1309.96768580661,449.775112443778
1235.3964702958,830.226199353716,434.782608695652
1282.62490678598,2053.19413373105,419.790104947526
1357.19612229679,1876.70892368879,419.790104947526
1391.99602286851,536.912751677852,449.775112443778
1424.31021625653,1933.88018891375,419.790104947526
1551.08128262491,1782.25205070843,419.790104947526
1675.36664180959,1794.6805866269,419.790104947526
1707.68083519761,1138.45389013174,449.775112443778
1859.30897340293,1593.3383047477,419.790104947526
1931.39448173005,1300.02485707184,419.790104947526
1956.25155356699,1354.7104151131,434.782608695652
1956.25155356699,1337.31046482724,419.790104947526
2038.27989062888,1327.36763609247,419.790104947526
2045.73701217997,1324.88192890877,419.790104947526
492.170022371365,1205.56798409147,464.767616191904
526.969922943077,1101.16828237634,449.775112443778
733.283619189659,1061.39696743724,464.767616191904
778.026348496147,740.740740740741,464.767616191904
810.340541884166,1091.22545364156,449.775112443778
1019.13994531444,1876.70892368879,464.767616191904
1029.08277404922,1886.65175242356,464.767616191904
1046.48272433507,1896.59458115834,464.767616191904
1061.39696743724,1710.16654238131,449.775112443778
1121.05393984589,1006.71140939597,434.782608695652
1190.65374098931,1551.08128262491,464.767616191904
1267.71066368382,884.911757394979,449.775112443778
1280.13919960229,2070.5940840169,434.782608695652
1300.02485707184,1548.59557544121,434.782608695652
1359.68182948049,1889.13745960726,449.775112443778
1379.56748695004,462.34153616704,464.767616191904
1424.31021625653,1951.2801391996,434.782608695652
1692.76659209545,927.168779517773,449.775112443778
1859.30897340293,1610.73825503356,434.782608695652
1938.85160328113,1317.42480735769,449.775112443778
1983.59433258762,1113.5968182948,434.782608695652
469.798657718121,1014.16853094705,449.775112443778
1029.08277404922,1411.88168033806,464.767616191904
1158.33954760129,971.911508824261,479.76011994003
1421.82450907283,1193.13944817301,479.76011994003
1426.79592344022,1941.33731046483,449.775112443778
1707.68083519761,1454.13870246085,479.76011994003
1851.85185185185,1332.33905045986,479.76011994003
569.226945065871,1175.73949788715,494.752623688156
1252.79642058166,586.626895351728,494.752623688156
1394.4817300522,924.683072334079,479.76011994003
1660.45239870743,1250.31071339796,479.76011994003
1705.19512801392,795.426298782004,479.76011994003
681.08376833209,1071.33979617201,494.752623688156
979.368630375342,1230.42505592841,509.745127436282
1039.02560278399,877.454635843898,494.752623688156
1332.33905045986,1416.85309470544,494.752623688156
1329.85334327616,1436.73875217499,509.745127436282
1399.45314441959,934.625901068854,494.752623688156
1563.50981854338,1568.48123291076,494.752623688156
1588.36689038031,1041.51130996769,494.752623688156
1941.33731046483,1309.96768580661,479.76011994003
526.969922943077,1098.68257519264,494.752623688156
810.340541884166,1088.73974645787,494.752623688156
812.82624906786,1086.25403927417,494.752623688156
1036.5398956003,1660.45239870743,524.737631184408
1208.05369127517,1633.1096196868,509.745127436282
1600.79542629878,1486.45289584887,509.745127436282
1086.25403927417,1615.70966940094,524.737631184408
1854.33755903555,1332.33905045986,509.745127436282
1188.16803380562,1339.79617201094,539.730134932534
1327.36763609247,1526.22421078797,524.737631184408
1337.31046482724,1434.2530449913,524.737631184408
1324.88192890877,1516.28138205319,539.730134932534
1332.33905045986,1406.91026597067,539.730134932534
1600.79542629878,1478.99577429779,539.730134932534
1322.39622172508,1531.19562515536,554.72263868066
