9.94282873477504,430.027342779021,14.9925037481259
228.685060899826,1282.62490678598,14.9925037481259
258.513547104151,193.885160328113,29.9850074962519
290.82774049217,2155.10812826249,14.9925037481259
320.656226696495,2480.73576932637,14.9925037481259
370.37037037037,2100.42257022123,14.9925037481259
392.741735023614,2107.87969177231,14.9925037481259
400.198856574696,1968.68008948546,14.9925037481259
412.627392493164,504.598558289833,14.9925037481259
425.055928411633,509.569972657221,29.9850074962519
449.913000248571,899.826000497141,29.9850074962519
469.798657718121,815.311956251554,14.9925037481259
509.569972657221,27.3427790206314,14.9925037481259
514.541387024609,1367.13895103157,29.9850074962519
551.826994780015,206.313696246582,14.9925037481259
556.798409147402,512.055679840915,14.9925037481259
596.569724086503,656.226696495153,14.9925037481259
648.769574944072,1953.7658463833,29.9850074962519
688.540889883172,2264.47924434502,29.9850074962519
708.426547352722,681.08376833209,14.9925037481259
710.912254536416,2266.96495152871,14.9925037481259
715.883668903803,2286.85060899826,14.9925037481259
715.883668903803,2274.42207307979,14.9925037481259
743.226447924435,1083.76833209048,29.9850074962519
780.512055679841,1966.19438230176,29.9850074962519
792.94059159831,1324.88192890877,14.9925037481259
815.311956251554,2147.65100671141,14.9925037481259
820.283370618941,397.713149391002,14.9925037481259
825.254784986329,357.941834451902,14.9925037481259
832.71190653741,397.713149391002,29.9850074962519
842.654735272185,365.398956002983,44.9775112443778
842.654735272185,1374.59607258265,14.9925037481259
852.59756400696,382.798906288839,44.9775112443778
860.054685558041,1401.93885160328,29.9850074962519
862.540392741735,1379.56748695004,29.9850074962519
927.168779517773,2130.25105642555,14.9925037481259
934.625901068854,1461.59582401193,29.9850074962519
1016.65423813075,47.2284364901815,14.9925037481259
1036.5398956003,42.2570221227939,29.9850074962519
1066.36838180462,372.856077554064,14.9925037481259
1086.25403927417,375.341784737758,14.9925037481259
1262.73924931643,872.48322147651,14.9925037481259
1275.1677852349,892.36887894606,29.9850074962519
1272.68207805121,569.226945065871,29.9850074962519
1285.11061396967,862.540392741735,29.9850074962519
1334.82475764355,2247.07929405916,44.9775112443778
1349.73900074571,1792.1948794432,29.9850074962519
1362.16753666418,323.141933880189,29.9850074962519
1426.79592344022,372.856077554064,14.9925037481259
1431.76733780761,1844.39473030077,29.9850074962519
1431.76733780761,1854.33755903555,14.9925037481259
1446.68158090977,894.854586129754,14.9925037481259
1491.42431021626,2132.73676360925,29.9850074962519
1531.19562515536,1926.42306736266,29.9850074962519
1605.76684066617,2045.73701217997,29.9850074962519
1633.1096196868,208.799403430276,29.9850074962519
1638.08103405419,1327.36763609247,44.9775112443778
1700.22371364653,504.598558289833,14.9925037481259
1722.59507829978,1056.42555306985,29.9850074962519
1891.62316679095,2162.56524981357,14.9925037481259
1953.7658463833,934.625901068854,29.9850074962519
1966.19438230176,927.168779517773,14.9925037481259
1988.56574695501,949.540144171017,29.9850074962519
1998.50857568978,171.513795674869,29.9850074962519
1993.5371613224,730.797912005966,14.9925037481259
2025.85135471042,1498.88143176734,29.9850074962519
2043.25130499627,59.6569724086503,29.9850074962519
2048.22271936366,1891.62316679095,29.9850074962519
2132.73676360925,2356.45041014169,29.9850074962519
2152.6224210788,1501.36713895103,29.9850074962519
2170.02237136465,1797.16629381059,29.9850074962519
2443.45016157097,2010.93711160825,29.9850074962519
4.97141436738752,1730.05219985086,29.9850074962519
37.2856077554064,842.654735272185,29.9850074962519
44.7427293064877,2296.79343773304,29.9850074962519
86.9997514292816,1121.05393984589,29.9850074962519
228.685060899826,2053.19413373105,29.9850074962519
236.142182450907,1277.65349241859,44.9775112443778
308.227690778026,2426.05021128511,29.9850074962519
320.656226696495,1309.96768580661,44.9775112443778
323.141933880189,1986.08003977131,29.9850074962519
330.59905543127,2478.25006214268,29.9850074962519
343.027591349739,1916.48023862789,44.9775112443778
377.827491921452,2100.42257022123,29.9850074962519
402.684563758389,2105.39398458862,29.9850074962519
407.655978125777,1963.70867511807,44.9775112443778
477.255779269202,815.311956251554,29.9850074962519
564.255530698484,512.055679840915,29.9850074962519
651.255282127765,852.59756400696,44.9775112443778
671.140939597315,857.568978374347,44.9775112443778
673.626646781009,842.654735272185,44.9775112443778
700.969425801641,693.512304250559,29.9850074962519
715.883668903803,681.08376833209,29.9850074962519
725.826497638578,2274.42207307979,29.9850074962519
723.340790454884,2289.33631618195,29.9850074962519
753.16927665921,1078.79691772309,29.9850074962519
805.369127516779,1324.88192890877,29.9850074962519
820.283370618941,380.313199105145,44.9775112443778
827.740492170022,1976.13721103654,44.9775112443778
832.71190653741,357.941834451902,29.9850074962519
845.140442455879,1382.05319413373,44.9775112443778
937.111608252548,2122.79393487447,44.9775112443778
954.511558538404,1158.33954760129,59.9700149925037
1024.11135968183,47.2284364901815,29.9850074962519
1106.13969674372,415.113099676858,29.9850074962519
1163.31096196868,927.168779517773,44.9775112443778
1272.68207805121,872.48322147651,29.9850074962519
1295.05344270445,1170.76808351976,29.9850074962519
1334.82475764355,2271.9363658961,59.9700149925037
1349.73900074571,318.170519512801,29.9850074962519
1429.28163062391,2105.39398458862,44.9775112443778
1474.0243599304,300.770569226945,44.9775112443778
1556.05269699229,161.570966940094,29.9850074962519
1620.68108376833,111.856823266219,44.9775112443778
1712.652249565,1931.39448173005,44.9775112443778
1712.652249565,502.11285110614,29.9850074962519
1725.08078548347,1190.65374098931,44.9775112443778
1933.88018891375,1961.22296793438,29.9850074962519
1933.88018891375,96.9425801640567,29.9850074962519
1973.65150385285,927.168779517773,29.9850074962519
2000.99428287348,733.283619189659,29.9850074962519
2033.3084762615,1029.08277404922,44.9775112443778
2060.65125528213,2316.67909520259,29.9850074962519
2070.5940840169,802.883420333085,29.9850074962519
2110.365398956,1779.76634352473,44.9775112443778
2142.67959234402,1503.85284613473,29.9850074962519
2162.56524981357,1774.79492915735,44.9775112443778
2286.85060899826,1874.2232165051,44.9775112443778
2445.93586875466,454.884414615958,29.9850074962519
2448.42157593835,2025.85135471042,29.9850074962519
156.599552572707,2224.70792940592,44.9775112443778
171.513795674869,1563.50981854338,44.9775112443778
482.22719363659,1565.99552572707,59.9700149925037
541.88416604524,1918.96594581158,59.9700149925037
554.312701963709,710.912254536416,59.9700149925037
599.055431270196,656.226696495153,44.9775112443778
604.026845637584,656.226696495153,44.9775112443778
686.055182699478,531.941337310465,59.9700149925037
688.540889883172,842.654735272185,44.9775112443778
708.426547352722,499.627143922446,59.9700149925037
728.312204822272,2316.67909520259,59.9700149925037
810.340541884166,1976.13721103654,59.9700149925037
817.797663435247,367.884663186677,44.9775112443778
934.625901068854,1906.53740989311,59.9700149925037
1001.73999502859,2353.96470295799,59.9700149925037
1046.48272433507,2319.16480238628,44.9775112443778
1061.39696743724,884.911757394979,59.9700149925037
1160.82525478499,807.854834700472,59.9700149925037
1175.73949788715,1643.05244842158,59.9700149925037
1285.11061396967,653.740989311459,44.9775112443778
1300.02485707184,1874.2232165051,59.9700149925037
1300.02485707184,989.311459110117,59.9700149925037
1309.96768580661,39.7713149391002,59.9700149925037
1431.76733780761,49.7141436738752,44.9775112443778
1461.59582401193,996.768580661198,59.9700149925037
1501.36713895103,462.34153616704,59.9700149925037
1541.13845389013,2237.13646532438,44.9775112443778
1590.85259756401,1444.19587372608,59.9700149925037
1650.50956997266,462.34153616704,59.9700149925037
1690.28088491176,1019.13994531444,44.9775112443778
1697.73800646284,188.913745960726,59.9700149925037
1710.16654238131,1178.22520507084,44.9775112443778
1739.99502858563,616.455381556053,59.9700149925037
1732.53790703455,638.826746209297,59.9700149925037
1742.48073576933,2281.87919463087,44.9775112443778
1749.93785732041,604.026845637584,44.9775112443778
1834.451901566,1406.91026597067,59.9700149925037
1834.451901566,1307.48197862292,59.9700149925037
1836.93760874969,1292.56773552076,59.9700149925037
1869.25180213771,1073.8255033557,59.9700149925037
1953.7658463833,479.741486452896,44.9775112443778
1961.22296793438,2040.76559781258,59.9700149925037
1976.13721103654,1871.7375093214,44.9775112443778
2167.53666418096,2261.99353716132,44.9775112443778
2174.99378573204,897.340293313448,59.9700149925037
2257.02212279394,1464.08153119563,44.9775112443778
2281.87919463087,807.854834700472,44.9775112443778
2311.7076808352,452.398707432264,59.9700149925037
2356.45041014169,1496.39572458364,59.9700149925037
2358.93611732538,1513.7956748695,59.9700149925037
2366.39323887646,517.027094208302,44.9775112443778
2376.33606761124,2194.87944320159,74.9625187406297
2383.79318916232,1290.08202833706,59.9700149925037
2408.65026099925,1255.28212776535,59.9700149925037
2468.3072334079,2025.85135471042,59.9700149925037
86.9997514292816,2097.93686303753,74.9625187406297
275.913497390007,1270.19637086751,74.9625187406297
295.799154859558,1290.08202833706,89.9550224887556
370.37037037037,2035.79418344519,74.9625187406297
464.827243350733,1198.11086254039,74.9625187406297
482.22719363659,1210.53939845886,74.9625187406297
569.226945065871,708.426547352722,74.9625187406297
643.798160576684,564.255530698484,89.9550224887556
797.912005965697,1831.9661943823,74.9625187406297
867.511807109123,44.7427293064877,74.9625187406297
877.454635843898,27.3427790206314,74.9625187406297
899.826000497141,1690.28088491176,74.9625187406297
902.311707680835,1685.30947054437,59.9700149925037
934.625901068854,347.999005717127,59.9700149925037
991.797166293811,715.883668903803,59.9700149925037
1158.33954760129,872.48322147651,59.9700149925037
1265.22495650012,1245.33929903057,59.9700149925037
1290.08202833706,1894.10887397465,59.9700149925037
1327.36763609247,1652.99527715635,74.9625187406297
1389.51031568481,730.797912005966,59.9700149925037
1556.05269699229,825.254784986329,74.9625187406297
1580.90976882923,1466.56723837932,74.9625187406297
1707.68083519761,1334.82475764355,74.9625187406297
1722.59507829978,2179.96520009943,74.9625187406297
1769.82351478996,1943.82301764852,59.9700149925037
1988.56574695501,2060.65125528213,74.9625187406297
2023.36564752672,807.854834700472,89.9550224887556
2083.02261993537,991.797166293811,74.9625187406297
2092.96544867015,1585.88118319662,74.9625187406297
2120.30822769078,1113.5968182948,74.9625187406297
2145.16529952772,1444.19587372608,59.9700149925037
2202.33656475267,2376.33606761124,59.9700149925037
2366.39323887646,2207.30797912006,74.9625187406297
2475.76435495899,1155.8538404176,74.9625187406297
328.113348247576,489.684315187671,89.9550224887556
452.398707432264,2189.9080288342,89.9550224887556
661.19811086254,561.76982351479,89.9550224887556
698.483718617947,947.054436987323,89.9550224887556
738.255033557047,59.6569724086503,89.9550224887556
867.511807109123,183.942331593338,74.9625187406297
1158.33954760129,879.940343027591,74.9625187406297
1170.76808351976,2214.76510067114,104.947526236882
1193.13944817301,1088.73974645787,74.9625187406297
1210.53939845886,442.455878697489,89.9550224887556
1297.53914988814,1337.31046482724,89.9550224887556
1307.48197862292,780.512055679841,89.9550224887556
1307.48197862292,1322.39622172508,89.9550224887556
1364.65324384787,109.371116082525,89.9550224887556
1449.16728809346,2435.99304001989,89.9550224887556
1521.25279642058,2455.87869748944,89.9550224887556
1541.13845389013,315.684812329108,74.9625187406297
1543.62416107383,1846.88043748446,74.9625187406297
1578.42406164554,2383.79318916232,74.9625187406297
1618.19537658464,2030.8227690778,89.9550224887556
1752.4235645041,621.42679592344,74.9625187406297
1769.82351478996,1948.79443201591,74.9625187406297
1859.30897340293,2284.36490181457,89.9550224887556
2167.53666418096,2249.56500124285,74.9625187406297
2165.05095699727,1657.96669152374,89.9550224887556
2184.93661446682,1551.08128262491,89.9550224887556
2194.87944320159,1744.96644295302,89.9550224887556
2202.33656475267,2097.93686303753,74.9625187406297
2393.73601789709,482.22719363659,89.9550224887556
2398.70743226448,1538.65274670644,89.9550224887556
2406.16455381556,874.968928660204,89.9550224887556
69.5998011434253,2102.90827740492,104.947526236882
89.4854586129754,2080.53691275168,89.9550224887556
91.9711657966692,2112.8511061397,89.9550224887556
99.4282873477504,2112.8511061397,89.9550224887556
106.885408898832,2092.96544867015,104.947526236882
156.599552572707,1307.48197862292,104.947526236882
178.970917225951,1948.79443201591,104.947526236882
343.027591349739,1280.13919960229,119.940029985007
385.284613472533,1324.88192890877,104.947526236882
392.741735023614,1327.36763609247,104.947526236882
492.170022371365,2242.10787969177,104.947526236882
571.712652249565,2299.27914491673,104.947526236882
594.084016902809,2127.76534924186,89.9550224887556
611.483967188665,1643.05244842158,104.947526236882
725.826497638578,2105.39398458862,104.947526236882
753.16927665921,323.141933880189,89.9550224887556
780.512055679841,253.542132736764,104.947526236882
790.454884414616,270.94208302262,104.947526236882
790.454884414616,758.140691026597,104.947526236882
832.71190653741,2212.27939348745,104.947526236882
944.568729803629,430.027342779021,104.947526236882
1088.73974645787,2411.13596818295,89.9550224887556
1108.62540392742,52.199850857569,119.940029985007
1106.13969674372,2403.67884663187,104.947526236882
1126.02535421327,27.3427790206314,119.940029985007
1158.33954760129,2214.76510067114,89.9550224887556
1193.13944817301,1367.13895103157,104.947526236882
1247.82500621427,144.171016654238,89.9550224887556
1374.59607258265,106.885408898832,89.9550224887556
1387.02460850112,119.313944817301,104.947526236882
1573.45264727815,1297.53914988814,104.947526236882
1610.73825503356,439.970171513796,104.947526236882
1672.8809346259,1707.68083519761,104.947526236882
1757.39497887149,1021.62565249814,104.947526236882
1844.39473030077,1001.73999502859,119.940029985007
1913.9945314442,2480.73576932637,89.9550224887556
1918.96594581158,164.056674123788,89.9550224887556
2043.25130499627,1946.30872483221,89.9550224887556
2068.10837683321,2120.30822769078,104.947526236882
2065.62266964952,1521.25279642058,104.947526236882
2165.05095699727,1913.9945314442,104.947526236882
2232.165050957,1575.93835446184,104.947526236882
2281.87919463087,1697.73800646284,104.947526236882
2393.73601789709,894.854586129754,104.947526236882
2406.16455381556,1583.39547601293,104.947526236882
2475.76435495899,457.370121799652,104.947526236882
84.5140442455879,1754.9092716878,119.940029985007
86.9997514292816,2294.30773054934,119.940029985007
89.4854586129754,407.655978125777,104.947526236882
116.828237633607,2085.50832711907,119.940029985007
156.599552572707,1290.08202833706,104.947526236882
198.856574695501,1938.85160328113,119.940029985007
226.199353716132,959.482972905792,104.947526236882
340.541884166045,1309.96768580661,119.940029985007
343.027591349739,1295.05344270445,104.947526236882
362.913248819289,1312.45339299031,119.940029985007
392.741735023614,2460.85011185682,104.947526236882
437.484464330102,1511.30996768581,104.947526236882
544.369873228934,263.484961471539,119.940029985007
723.340790454884,1242.85359184688,104.947526236882
735.769326373353,442.455878697489,119.940029985007
770.569226945066,2438.47874720358,104.947526236882
775.540641312453,1933.88018891375,119.940029985007
815.311956251554,874.968928660204,119.940029985007
1093.71116082525,2105.39398458862,119.940029985007
1103.65398956003,24.8570718369376,119.940029985007
1130.99676858066,827.740492170022,104.947526236882
1198.11086254039,531.941337310465,119.940029985007
1267.71066368382,947.054436987323,119.940029985007
1300.02485707184,991.797166293811,104.947526236882
1389.51031568481,427.541635595327,119.940029985007
1677.85234899329,1730.05219985086,104.947526236882
1700.22371364653,2078.05120556798,119.940029985007
1866.76609495401,1143.42530449913,119.940029985007
2038.27989062888,2162.56524981357,104.947526236882
2065.62266964952,1513.7956748695,104.947526236882
2115.33681332339,1439.22445935869,119.940029985007
2130.25105642555,1456.62440964454,134.932533733133
2137.70817797663,1431.76733780761,119.940029985007
2224.70792940592,666.169525229928,119.940029985007
2242.10787969177,1561.02411135968,119.940029985007
2321.65050956997,1019.13994531444,119.940029985007
2324.13621675367,1024.11135968183,119.940029985007
2344.02187422322,1928.90877454636,119.940029985007
2351.4789957743,1638.08103405419,119.940029985007
2351.4789957743,1913.9945314442,119.940029985007
2356.45041014169,857.568978374347,104.947526236882
2366.39323887646,1657.96669152374,119.940029985007
2445.93586875466,1608.25254784986,104.947526236882
2450.90728312205,1593.3383047477,119.940029985007
62.142679592344,2142.67959234402,119.940029985007
89.4854586129754,2107.87969177231,119.940029985007
109.371116082525,2110.365398956,119.940029985007
131.742480735769,1394.4817300522,134.932533733133
154.113845389013,755.654983842903,134.932533733133
166.542381307482,758.140691026597,134.932533733133
275.913497390007,2281.87919463087,134.932533733133
318.170519512801,874.968928660204,119.940029985007
350.48471290082,1290.08202833706,134.932533733133
432.513049962714,2259.50782997763,134.932533733133
469.798657718121,971.911508824261,119.940029985007
474.770072085508,2473.27864777529,134.932533733133
790.454884414616,2008.45140442456,134.932533733133
855.083271190654,425.055928411633,119.940029985007
887.397464578673,996.768580661198,119.940029985007
976.882923191648,1021.62565249814,119.940029985007
1043.99701715138,1670.39522744221,134.932533733133
1083.76833209048,939.597315436242,119.940029985007
1138.45389013174,1762.36639323888,134.932533733133
1148.39671886652,1737.50932140194,134.932533733133
1185.68232662192,171.513795674869,119.940029985007
1213.02510564256,999.254287844892,134.932533733133
1257.76783494904,1379.56748695004,119.940029985007
1347.25329356202,407.655978125777,134.932533733133
1600.79542629878,1327.36763609247,134.932533733133
1687.79517772806,1372.11036539896,134.932533733133
1881.68033805618,1277.65349241859,134.932533733133
2008.45140442456,1543.62416107383,134.932533733133
2020.87994034303,2460.85011185682,134.932533733133
2090.47974148645,256.027839920457,119.940029985007
2122.79393487447,1419.33880188914,119.940029985007
2140.19388516033,862.540392741735,134.932533733133
2202.33656475267,116.828237633607,134.932533733133
2207.30797912006,574.198359433259,134.932533733133
2468.3072334079,663.683818046234,119.940029985007
86.9997514292816,2102.90827740492,134.932533733133
99.4282873477504,536.912751677852,149.925037481259
134.228187919463,1379.56748695004,149.925037481259
146.656723837932,1884.16604523987,134.932533733133
305.741983594333,492.170022371365,149.925037481259
325.627641063883,758.140691026597,149.925037481259
330.59905543127,1290.08202833706,134.932533733133
487.198608003977,961.968680089485,149.925037481259
748.197862291822,1722.59507829978,134.932533733133
825.254784986329,258.513547104151,149.925037481259
877.454635843898,1135.96818294805,149.925037481259
939.597315436242,1488.93860303256,164.917541229385
949.540144171017,2373.85036042754,149.925037481259
1006.71140939597,1056.42555306985,149.925037481259
1029.08277404922,2117.82252050708,149.925037481259
1158.33954760129,2102.90827740492,134.932533733133
1175.73949788715,892.36887894606,134.932533733133
1334.82475764355,1491.42431021626,134.932533733133
1384.53890131742,42.2570221227939,164.917541229385
1476.51006711409,1777.28063634104,164.917541229385
1486.45289584887,1767.33780760626,149.925037481259
1677.85234899329,1175.73949788715,134.932533733133
1690.28088491176,531.941337310465,134.932533733133
1695.25229927915,2324.13621675367,149.925037481259
1697.73800646284,599.055431270196,149.925037481259
1715.13795674869,1024.11135968183,149.925037481259
1762.36639323888,1461.59582401193,149.925037481259
1794.6805866269,521.99850857569,149.925037481259
1802.13770817798,2244.59358687547,164.917541229385
1807.10912254536,534.427044494159,149.925037481259
1981.10862540393,1998.50857568978,149.925037481259
2025.85135471042,151.628138205319,149.925037481259
2055.67984091474,2421.07879691772,149.925037481259
2097.93686303753,211.28511061397,134.932533733133
2179.96520009943,606.512552821278,149.925037481259
2239.62217250808,1270.19637086751,149.925037481259
2296.79343773304,1183.19661943823,149.925037481259
67.1140939597315,1635.59532687049,164.917541229385
94.4568729803629,1993.5371613224,164.917541229385
151.628138205319,1066.36838180462,164.917541229385
169.028088491176,2112.8511061397,164.917541229385
223.713646532438,1993.5371613224,164.917541229385
293.313447675864,2299.27914491673,164.917541229385
395.227442207308,2030.8227690778,164.917541229385
514.541387024609,216.256524981357,149.925037481259
599.055431270196,1061.39696743724,164.917541229385
611.483967188665,357.941834451902,164.917541229385
616.455381556053,1053.93984588615,164.917541229385
631.369624658215,395.227442207308,164.917541229385
671.140939597315,2028.33706189411,164.917541229385
688.540889883172,477.255779269202,164.917541229385
691.026597066866,892.36887894606,164.917541229385
691.026597066866,462.34153616704,164.917541229385
745.712155108128,1727.56649266716,164.917541229385
780.512055679841,1603.28113348248,164.917541229385
802.883420333085,1605.76684066617,164.917541229385
810.340541884166,1170.76808351976,164.917541229385
902.311707680835,2125.27964205817,164.917541229385
912.25453641561,382.798906288839,164.917541229385
934.625901068854,2269.4506587124,164.917541229385
1006.71140939597,380.313199105145,164.917541229385
1029.08277404922,392.741735023614,179.910044977511
1034.0541884166,790.454884414616,179.910044977511
1121.05393984589,14.9142431021626,149.925037481259
1173.25379070346,1379.56748695004,164.917541229385
1250.31071339796,1056.42555306985,164.917541229385
1362.16753666418,566.741237882178,164.917541229385
1436.73875217499,1739.99502858563,164.917541229385
1441.71016654238,1031.56848123291,164.917541229385
1444.19587372608,191.39945314442,164.917541229385
1461.59582401193,1749.93785732041,164.917541229385
1493.91001739995,343.027591349739,164.917541229385
1506.33855331842,800.397713149391,149.925037481259
1521.25279642058,1817.05195128014,164.917541229385
1546.10986825752,1511.30996768581,164.917541229385
1638.08103405419,986.825751926423,164.917541229385
1687.79517772806,1155.8538404176,179.910044977511
1739.99502858563,904.797414864529,164.917541229385
1747.45215013671,1921.45165299528,164.917541229385
1749.93785732041,74.5712155108128,164.917541229385
1754.9092716878,894.854586129754,164.917541229385
1757.39497887149,919.711657966692,149.925037481259
1797.16629381059,2264.47924434502,164.917541229385
1869.25180213771,1048.96843151877,164.917541229385
1976.13721103654,1575.93835446184,179.910044977511
2003.47999005717,1774.79492915735,164.917541229385
2058.16554809843,273.427790206314,164.917541229385
2107.87969177231,1469.05294556301,164.917541229385
2150.1367138951,1195.6251553567,149.925037481259
2192.3937360179,1981.10862540393,164.917541229385
2257.02212279394,845.140442455879,164.917541229385
2259.50782997763,1404.42455878698,164.917541229385
2336.56475267214,1456.62440964454,179.910044977511
2388.7646035297,807.854834700472,164.917541229385
2413.62167536664,1600.79542629878,164.917541229385
323.141933880189,2018.39423315933,179.910044977511
343.027591349739,867.511807109123,164.917541229385
415.113099676858,974.397216007954,194.902548725637
437.484464330102,1270.19637086751,164.917541229385
454.884414615958,2334.07904548844,179.910044977511
499.627143922446,1568.48123291076,164.917541229385
499.627143922446,1585.88118319662,164.917541229385
621.42679592344,320.656226696495,164.917541229385
715.883668903803,1277.65349241859,194.902548725637
730.797912005966,2279.39348744718,179.910044977511
810.340541884166,1121.05393984589,179.910044977511
952.02585135471,678.598061148397,164.917541229385
989.311459110117,1103.65398956003,164.917541229385
1011.68282376336,395.227442207308,164.917541229385
1034.0541884166,1019.13994531444,164.917541229385
1076.3112105394,1014.16853094705,179.910044977511
1106.13969674372,2008.45140442456,179.910044977511
1150.88242605021,1518.76708923689,179.910044977511
1205.56798409147,1101.16828237634,179.910044977511
1247.82500621427,1175.73949788715,194.902548725637
1272.68207805121,2284.36490181457,179.910044977511
1332.33905045986,1153.36813323391,179.910044977511
1339.79617201094,1528.70991797166,164.917541229385
1394.4817300522,1680.33805617698,164.917541229385
1528.70991797166,1488.93860303256,179.910044977511
1593.3383047477,1029.08277404922,179.910044977511
1749.93785732041,82.0283370618941,164.917541229385
1836.93760874969,2102.90827740492,164.917541229385
1869.25180213771,1034.0541884166,164.917541229385
1881.68033805618,338.056176982351,164.917541229385
1889.13745960726,1043.99701715138,179.910044977511
1991.0514541387,1605.76684066617,179.910044977511
1993.5371613224,1578.42406164554,179.910044977511
1998.50857568978,1983.59433258762,164.917541229385
2000.99428287348,2406.16455381556,164.917541229385
2023.36564752672,785.483470047228,179.910044977511
2073.0797912006,290.82774049217,164.917541229385
2227.19363658961,315.684812329108,179.910044977511
2234.65075814069,1946.30872483221,164.917541229385
2346.50758140691,1501.36713895103,179.910044977511
2383.79318916232,559.284116331096,164.917541229385
2393.73601789709,842.654735272185,179.910044977511
2443.45016157097,1580.90976882923,164.917541229385
2450.90728312205,1580.90976882923,164.917541229385
169.028088491176,1737.50932140194,194.902548725637
246.085011185682,1603.28113348248,194.902548725637
293.313447675864,2010.93711160825,179.910044977511
335.570469798658,360.427541635595,194.902548725637
340.541884166045,862.540392741735,194.902548725637
499.627143922446,1093.71116082525,194.902548725637
517.027094208302,1088.73974645787,194.902548725637
576.684066616953,2440.96445438727,194.902548725637
618.941088739746,1046.48272433507,179.910044977511
623.912503107134,313.199105145414,194.902548725637
636.341039025603,387.770320656227,179.910044977511
743.226447924435,1307.48197862292,194.902548725637
765.597812577678,2475.76435495899,194.902548725637
763.112105393985,101.913994531444,194.902548725637
768.083519761372,96.9425801640567,179.910044977511
797.912005965697,2142.67959234402,194.902548725637
837.683320904797,1096.19686800895,194.902548725637
892.36887894606,1503.85284613473,194.902548725637
917.225950782998,377.827491921452,179.910044977511
937.111608252548,2391.2503107134,209.895052473763
939.597315436242,681.08376833209,194.902548725637
956.997265722098,673.626646781009,194.902548725637
956.997265722098,2254.53641561024,194.902548725637
994.282873477504,1098.68257519264,194.902548725637
1034.0541884166,1456.62440964454,194.902548725637
1036.5398956003,1011.68282376336,179.910044977511
1041.51130996769,1464.08153119563,179.910044977511
1078.79691772309,999.254287844892,179.910044977511
1081.28262490679,937.111608252548,194.902548725637
1108.62540392742,1538.65274670644,194.902548725637
1126.02535421327,1548.59557544121,194.902548725637
1158.33954760129,994.282873477504,194.902548725637
1255.28212776535,1048.96843151877,179.910044977511
1290.08202833706,1595.82401193139,194.902548725637
1404.42455878698,1374.59607258265,179.910044977511
1436.73875217499,887.397464578673,194.902548725637
1486.45289584887,1382.05319413373,179.910044977511
1528.70991797166,1478.99577429779,179.910044977511
1742.48073576933,897.340293313448,179.910044977511
1749.93785732041,1913.9945314442,179.910044977511
1752.4235645041,564.255530698484,194.902548725637
1762.36639323888,912.25453641561,179.910044977511
1836.93760874969,345.513298533433,179.910044977511
1854.33755903555,472.284364901815,194.902548725637
1871.7375093214,1029.08277404922,194.902548725637
1871.7375093214,1043.99701715138,179.910044977511
1884.16604523987,330.59905543127,179.910044977511
1936.36589609744,559.284116331096,194.902548725637
1958.73726075068,872.48322147651,194.902548725637
1998.50857568978,1976.13721103654,194.902548725637
2048.22271936366,449.913000248571,209.895052473763
2107.87969177231,1461.59582401193,179.910044977511
2127.76534924186,193.885160328113,179.910044977511
2137.70817797663,494.655729555058,194.902548725637
2207.30797912006,661.19811086254,194.902548725637
2261.99353716132,1394.4817300522,179.910044977511
2294.30773054934,430.027342779021,194.902548725637
2371.36465324385,1911.5088242605,209.895052473763
2383.79318916232,551.826994780015,179.910044977511
2393.73601789709,802.883420333085,179.910044977511
2391.2503107134,551.826994780015,179.910044977511
2403.67884663187,852.59756400696,194.902548725637
2408.65026099925,1046.48272433507,194.902548725637
2445.93586875466,1570.96694009446,179.910044977511
44.7427293064877,1165.79666915237,209.895052473763
109.371116082525,2122.79393487447,194.902548725637
218.742232165051,2184.93661446682,209.895052473763
251.05642555307,1260.25354213274,194.902548725637
340.541884166045,2261.99353716132,209.895052473763
352.970420084514,2269.4506587124,194.902548725637
420.084514044246,1339.79617201094,224.887556221889
425.055928411633,263.484961471539,194.902548725637
606.512552821278,1513.7956748695,194.902548725637
651.255282127765,1685.30947054437,209.895052473763
693.512304250559,1767.33780760626,194.902548725637
725.826497638578,2411.13596818295,224.887556221889
787.969177230922,2125.27964205817,194.902548725637
787.969177230922,2348.9932885906,209.895052473763
802.883420333085,2120.30822769078,194.902548725637
1039.02560278399,1717.62366393239,209.895052473763
1048.96843151877,1712.652249565,209.895052473763
1145.91101168282,2281.87919463087,209.895052473763
1292.56773552076,713.397961720109,194.902548725637
1324.88192890877,437.484464330102,209.895052473763
1401.93885160328,1382.05319413373,194.902548725637
1434.2530449913,907.283122048223,209.895052473763
1486.45289584887,1389.51031568481,194.902548725637
1553.5669898086,126.771066368382,194.902548725637
1556.05269699229,2423.56450410142,209.895052473763
1603.28113348248,1789.70917225951,224.887556221889
1628.13820531941,855.083271190654,209.895052473763
1645.53815560527,1369.62465821526,209.895052473763
1650.50956997266,1558.53840417599,209.895052473763
1660.45239870743,1573.45264727815,209.895052473763
1672.8809346259,817.797663435247,209.895052473763
1700.22371364653,1073.8255033557,209.895052473763
1814.56624409645,1916.48023862789,224.887556221889
1831.9661943823,2261.99353716132,194.902548725637
1831.9661943823,1923.93736017897,194.902548725637
1846.88043748446,1928.90877454636,209.895052473763
1851.85185185185,427.541635595327,209.895052473763
1911.5088242605,952.02585135471,209.895052473763
1983.59433258762,273.427790206314,209.895052473763
2028.33706189411,216.256524981357,209.895052473763
2033.3084762615,442.455878697489,194.902548725637
2110.365398956,1605.76684066617,209.895052473763
2242.10787969177,1255.28212776535,209.895052473763
2266.96495152871,1272.68207805121,209.895052473763
2274.42207307979,1735.02361421825,209.895052473763
2291.82202336565,447.427293064877,194.902548725637
2438.47874720358,1285.11061396967,209.895052473763
2445.93586875466,1578.42406164554,194.902548725637
2468.3072334079,869.997514292816,209.895052473763
273.427790206314,2073.0797912006,209.895052473763
355.456127268208,2115.33681332339,224.887556221889
372.856077554064,1874.2232165051,239.880059970015
487.198608003977,2172.50807854835,209.895052473763
651.255282127765,2458.36440467313,209.895052473763
800.397713149391,126.771066368382,239.880059970015
845.140442455879,2309.2219736515,224.887556221889
1043.99701715138,1466.56723837932,209.895052473763
1053.93984588615,7.45712155108128,224.887556221889
1163.31096196868,2279.39348744718,224.887556221889
1190.65374098931,2065.62266964952,209.895052473763
1337.31046482724,454.884414615958,209.895052473763
1339.79617201094,437.484464330102,224.887556221889
1354.7104151131,290.82774049217,224.887556221889
1434.2530449913,1501.36713895103,224.887556221889
1439.22445935869,581.65548098434,209.895052473763
1444.19587372608,1098.68257519264,209.895052473763
1456.62440964454,1563.50981854338,239.880059970015
1478.99577429779,695.998011434253,209.895052473763
1546.10986825752,2314.19338801889,224.887556221889
1565.99552572707,2426.05021128511,209.895052473763
1575.93835446184,1904.05170270942,209.895052473763
1615.70966940094,283.370618941089,209.895052473763
1630.62391250311,1561.02411135968,209.895052473763
1640.56674123788,1538.65274670644,224.887556221889
1660.45239870743,1546.10986825752,224.887556221889
1665.42381307482,1553.5669898086,224.887556221889
1672.8809346259,1528.70991797166,224.887556221889
1697.73800646284,494.655729555058,224.887556221889
1732.53790703455,1595.82401193139,239.880059970015
1784.73775789212,1275.1677852349,209.895052473763
1804.62341536167,1931.39448173005,224.887556221889
1817.05195128014,1899.08028834203,224.887556221889
1831.9661943823,1941.33731046483,209.895052473763
1886.65175242356,169.028088491176,224.887556221889
1923.93736017897,1242.85359184688,224.887556221889
2030.8227690778,2090.47974148645,224.887556221889
2152.6224210788,1098.68257519264,224.887556221889
2244.59358687547,382.798906288839,224.887556221889
2296.79343773304,1200.59656972409,209.895052473763
2296.79343773304,1205.56798409147,224.887556221889
355.456127268208,2274.42207307979,224.887556221889
616.455381556053,2455.87869748944,239.880059970015
636.341039025603,2460.85011185682,239.880059970015
646.283867760378,860.054685558041,254.872563718141
651.255282127765,2468.3072334079,224.887556221889
723.340790454884,109.371116082525,224.887556221889
812.82624906786,1372.11036539896,239.880059970015
1029.08277404922,17.3999502858563,224.887556221889
1029.08277404922,7.45712155108128,224.887556221889
1063.88267462093,492.170022371365,224.887556221889
1297.53914988814,1648.02386278896,239.880059970015
1444.19587372608,1526.22421078797,239.880059970015
1466.56723837932,1521.25279642058,239.880059970015
1466.56723837932,1543.62416107383,224.887556221889
1565.99552572707,1471.53865274671,239.880059970015
1623.16679095203,1543.62416107383,224.887556221889
1645.53815560527,1565.99552572707,224.887556221889
1817.05195128014,1938.85160328113,239.880059970015
1844.39473030077,932.14019388516,239.880059970015
1926.42306736266,350.48471290082,239.880059970015
1978.62291822023,2053.19413373105,224.887556221889
2070.5940840169,2013.42281879195,239.880059970015
2222.22222222222,1126.02535421327,254.872563718141
2371.36465324385,966.940094456873,239.880059970015
169.028088491176,969.425801640567,254.872563718141
223.713646532438,1802.13770817798,254.872563718141
233.656475267214,2085.50832711907,239.880059970015
345.513298533433,541.88416604524,254.872563718141
357.941834451902,2105.39398458862,239.880059970015
380.313199105145,874.968928660204,254.872563718141
469.798657718121,556.798409147402,254.872563718141
559.284116331096,643.798160576684,254.872563718141
698.483718617947,1777.28063634104,254.872563718141
795.426298782004,1991.0514541387,239.880059970015
952.02585135471,1252.79642058166,269.865067466267
1041.51130996769,9.94282873477504,239.880059970015
1088.73974645787,248.570718369376,254.872563718141
1135.96818294805,862.540392741735,239.880059970015
1158.33954760129,114.342530449913,254.872563718141
1314.939100174,1019.13994531444,239.880059970015
1372.11036539896,2107.87969177231,239.880059970015
1382.05319413373,2063.13696246582,254.872563718141
1461.59582401193,2376.33606761124,254.872563718141
1486.45289584887,288.342033308476,254.872563718141
1541.13845389013,1464.08153119563,239.880059970015
1553.5669898086,1501.36713895103,254.872563718141
1854.33755903555,778.026348496147,254.872563718141
1889.13745960726,1103.65398956003,239.880059970015
1913.9945314442,1543.62416107383,254.872563718141
1958.73726075068,395.227442207308,269.865067466267
2078.05120556798,1583.39547601293,239.880059970015
2078.05120556798,1578.42406164554,239.880059970015
213.770817797663,1692.76659209545,269.865067466267
290.82774049217,695.998011434253,269.865067466267
377.827491921452,1421.82450907283,284.857571214393
653.740989311459,2440.96445438727,269.865067466267
651.255282127765,1715.13795674869,254.872563718141
792.94059159831,161.570966940094,269.865067466267
927.168779517773,1245.33929903057,254.872563718141
1006.71140939597,1523.73850360428,269.865067466267
1046.48272433507,807.854834700472,254.872563718141
1088.73974645787,979.368630375342,269.865067466267
1108.62540392742,1998.50857568978,269.865067466267
1175.73949788715,293.313447675864,269.865067466267
1265.22495650012,1401.93885160328,269.865067466267
1451.65299527716,1538.65274670644,254.872563718141
1471.53865274671,800.397713149391,269.865067466267
1493.91001739995,852.59756400696,269.865067466267
1521.25279642058,1561.02411135968,284.857571214393
1536.16703952274,1747.45215013671,269.865067466267
1628.13820531941,1396.96743723589,254.872563718141
1628.13820531941,1401.93885160328,284.857571214393
1660.45239870743,1359.68182948049,254.872563718141
1909.02311707681,1575.93835446184,269.865067466267
1904.05170270942,1595.82401193139,284.857571214393
1923.93736017897,773.05493412876,269.865067466267
1976.13721103654,1991.0514541387,284.857571214393
2038.27989062888,1754.9092716878,254.872563718141
2080.53691275168,1580.90976882923,254.872563718141
2172.50807854835,487.198608003977,269.865067466267
2257.02212279394,1747.45215013671,269.865067466267
338.056176982351,1292.56773552076,284.857571214393
357.941834451902,1372.11036539896,284.857571214393
355.456127268208,1414.36738752175,284.857571214393
377.827491921452,1391.99602286851,269.865067466267
397.713149391002,1337.31046482724,269.865067466267
636.341039025603,1295.05344270445,269.865067466267
740.740740740741,2000.99428287348,284.857571214393
837.683320904797,1844.39473030077,269.865067466267
860.054685558041,1138.45389013174,284.857571214393
924.683072334079,2376.33606761124,284.857571214393
1150.88242605021,1690.28088491176,299.850074962519
1304.99627143922,1538.65274670644,269.865067466267
1372.11036539896,1173.25379070346,284.857571214393
1416.85309470544,1941.33731046483,269.865067466267
1478.99577429779,442.455878697489,284.857571214393
1546.10986825752,2212.27939348745,269.865067466267
1695.25229927915,1245.33929903057,284.857571214393
1804.62341536167,1275.1677852349,284.857571214393
1826.99478001491,1754.9092716878,299.850074962519
1971.16579666915,947.054436987323,284.857571214393
2105.39398458862,512.055679840915,299.850074962519
2107.87969177231,1909.02311707681,284.857571214393
2117.82252050708,1399.45314441959,299.850074962519
2130.25105642555,857.568978374347,284.857571214393
2219.73651503853,541.88416604524,269.865067466267
2222.22222222222,1777.28063634104,284.857571214393
2299.27914491673,1660.45239870743,299.850074962519
2319.16480238628,1692.76659209545,284.857571214393
2321.65050956997,1672.8809346259,284.857571214393
223.713646532438,1804.62341536167,284.857571214393
474.770072085508,1973.65150385285,299.850074962519
477.255779269202,1958.73726075068,284.857571214393
482.22719363659,1357.19612229679,299.850074962519
489.684315187671,1971.16579666915,299.850074962519
529.455630126771,857.568978374347,314.842578710645
703.455132985334,1004.22570221228,299.850074962519
733.283619189659,1794.6805866269,299.850074962519
755.654983842903,2005.96569724086,284.857571214393
805.369127516779,161.570966940094,284.857571214393
924.683072334079,216.256524981357,299.850074962519
947.054436987323,643.798160576684,314.842578710645
1009.19711657967,325.627641063883,299.850074962519
1106.13969674372,894.854586129754,284.857571214393
1205.56798409147,2087.99403430276,299.850074962519
1374.59607258265,1158.33954760129,284.857571214393
1451.65299527716,2353.96470295799,299.850074962519
1481.48148148148,835.197613721104,299.850074962519
1563.50981854338,1190.65374098931,299.850074962519
1787.22346507581,564.255530698484,314.842578710645
1814.56624409645,594.084016902809,299.850074962519
1817.05195128014,608.998260004971,299.850074962519
1874.2232165051,340.541884166045,299.850074962519
2102.90827740492,787.969177230922,299.850074962519
2150.1367138951,1782.25205070843,299.850074962519
2249.56500124285,733.283619189659,284.857571214393
2326.62192393736,1657.96669152374,284.857571214393
2336.56475267214,1660.45239870743,284.857571214393
171.513795674869,1384.53890131742,314.842578710645
579.169773800646,1304.99627143922,314.842578710645
922.197365150385,1349.73900074571,299.850074962519
954.511558538404,1101.16828237634,314.842578710645
956.997265722098,502.11285110614,314.842578710645
1024.11135968183,2110.365398956,299.850074962519
1153.36813323391,1456.62440964454,299.850074962519
1178.22520507084,1941.33731046483,314.842578710645
1295.05344270445,738.255033557047,314.842578710645
1372.11036539896,1556.05269699229,329.835082458771
1416.85309470544,1531.19562515536,344.827586206897
1419.33880188914,1307.48197862292,314.842578710645
1416.85309470544,636.341039025603,314.842578710645
1523.73850360428,1695.25229927915,314.842578710645
1749.93785732041,1459.11011682824,314.842578710645
1826.99478001491,606.512552821278,314.842578710645
1986.08003977131,1814.56624409645,314.842578710645
2000.99428287348,1178.22520507084,329.835082458771
2075.56549838429,981.854337559036,329.835082458771
2135.22247079294,636.341039025603,329.835082458771
2145.16529952772,1643.05244842158,329.835082458771
2157.59383544618,1193.13944817301,299.850074962519
2162.56524981357,1769.82351478996,299.850074962519
335.570469798658,1973.65150385285,314.842578710645
375.341784737758,1168.28237633607,344.827586206897
464.827243350733,2048.22271936366,329.835082458771
740.740740740741,534.427044494159,329.835082458771
855.083271190654,1426.79592344022,314.842578710645
874.968928660204,608.998260004971,329.835082458771
899.826000497141,1516.28138205319,314.842578710645
952.02585135471,1737.50932140194,314.842578710645
1068.85408898832,718.369376087497,344.827586206897
1096.19686800895,879.940343027591,344.827586206897
1287.59632115337,937.111608252548,314.842578710645
1508.82426050211,1058.91126025354,329.835082458771
1548.59557544121,944.568729803629,329.835082458771
1548.59557544121,1551.08128262491,329.835082458771
1739.99502858563,1697.73800646284,329.835082458771
1757.39497887149,1712.652249565,344.827586206897
1822.02336564753,1300.02485707184,344.827586206897
1826.99478001491,2015.90852597564,329.835082458771
1844.39473030077,343.027591349739,329.835082458771
181.456624409645,1384.53890131742,329.835082458771
323.141933880189,1362.16753666418,329.835082458771
323.141933880189,966.940094456873,359.820089955023
347.999005717127,1973.65150385285,329.835082458771
390.25602783992,1419.33880188914,329.835082458771
405.170270942083,1138.45389013174,344.827586206897
457.370121799652,835.197613721104,344.827586206897
477.255779269202,2038.27989062888,329.835082458771
519.512801391996,1307.48197862292,329.835082458771
589.112602535421,1304.99627143922,329.835082458771
591.598309719115,1692.76659209545,329.835082458771
643.798160576684,402.684563758389,344.827586206897
666.169525229928,2170.02237136465,329.835082458771
708.426547352722,999.254287844892,329.835082458771
730.797912005966,2189.9080288342,329.835082458771
743.226447924435,1794.6805866269,329.835082458771
867.511807109123,1426.79592344022,329.835082458771
912.25453641561,1516.28138205319,329.835082458771
932.14019388516,1347.25329356202,329.835082458771
964.454387273179,1735.02361421825,329.835082458771
976.882923191648,504.598558289833,329.835082458771
981.854337559036,1757.39497887149,329.835082458771
1034.0541884166,2107.87969177231,329.835082458771
1039.02560278399,2107.87969177231,329.835082458771
1051.45413870246,415.113099676858,344.827586206897
1138.45389013174,2065.62266964952,329.835082458771
1160.82525478499,228.685060899826,359.820089955023
1163.31096196868,1454.13870246085,329.835082458771
1188.16803380562,1938.85160328113,329.835082458771
1235.3964702958,1337.31046482724,359.820089955023
1337.31046482724,889.883171762366,359.820089955023
1354.7104151131,1066.36838180462,344.827586206897
1536.16703952274,959.482972905792,329.835082458771
1573.45264727815,1692.76659209545,329.835082458771
1603.28113348248,1702.70942083023,359.820089955023
1630.62391250311,546.855580412627,344.827586206897
1705.19512801392,370.37037037037,344.827586206897
1715.13795674869,1063.88267462093,344.827586206897
1739.99502858563,1710.16654238131,329.835082458771
1759.88068605518,1727.56649266716,329.835082458771
1757.39497887149,1682.82376336068,329.835082458771
1764.85210042257,1700.22371364653,329.835082458771
1772.30922197365,1700.22371364653,329.835082458771
1933.88018891375,2068.10837683321,359.820089955023
1936.36589609744,847.626149639573,359.820089955023
2053.19413373105,678.598061148397,344.827586206897
213.770817797663,1401.93885160328,344.827586206897
290.82774049217,1630.62391250311,344.827586206897
352.970420084514,1382.05319413373,344.827586206897
380.313199105145,1991.0514541387,344.827586206897
499.627143922446,2065.62266964952,344.827586206897
509.569972657221,2058.16554809843,344.827586206897
554.312701963709,1327.36763609247,344.827586206897
626.398210290828,1710.16654238131,344.827586206897
698.483718617947,2187.42232165051,344.827586206897
765.597812577678,2207.30797912006,344.827586206897
775.540641312453,1812.08053691275,344.827586206897
780.512055679841,2209.79368630375,344.827586206897
852.59756400696,812.82624906786,359.820089955023
899.826000497141,1446.68158090977,344.827586206897
919.711657966692,410.141685309471,359.820089955023
944.568729803629,1533.68133233905,344.827586206897
996.768580661198,1752.4235645041,344.827586206897
1014.16853094705,1777.28063634104,344.827586206897
1076.3112105394,668.655232413622,359.820089955023
1116.0825254785,2386.27889634601,344.827586206897
1170.76808351976,2083.02261993537,344.827586206897
1205.56798409147,1377.08177976634,344.827586206897
1217.99652000994,1660.45239870743,344.827586206897
1213.02510564256,1332.33905045986,359.820089955023
1267.71066368382,1352.22470792941,344.827586206897
1416.85309470544,1906.53740989311,359.820089955023
1710.16654238131,2209.79368630375,359.820089955023
1826.99478001491,1660.45239870743,359.820089955023
1831.9661943823,1909.02311707681,359.820089955023
233.656475267214,1610.73825503356,359.820089955023
290.82774049217,1369.62465821526,359.820089955023
454.884414615958,2035.79418344519,359.820089955023
469.798657718121,1377.08177976634,359.820089955023
497.141436738752,1304.99627143922,359.820089955023
569.226945065871,1687.79517772806,359.820089955023
616.455381556053,1767.33780760626,359.820089955023
641.31245339299,2165.05095699727,359.820089955023
705.940840169028,1416.85309470544,359.820089955023
708.426547352722,2184.93661446682,359.820089955023
723.340790454884,2187.42232165051,359.820089955023
790.454884414616,1831.9661943823,359.820089955023
825.254784986329,308.227690778026,359.820089955023
840.169028088491,1424.31021625653,359.820089955023
855.083271190654,954.511558538404,374.812593703148
887.397464578673,1511.30996768581,359.820089955023
942.083022619935,1730.05219985086,359.820089955023
956.997265722098,1752.4235645041,359.820089955023
1029.08277404922,1466.56723837932,359.820089955023
1058.91126025354,2361.42182450907,359.820089955023
1091.22545364156,673.626646781009,374.812593703148
1113.5968182948,2060.65125528213,359.820089955023
1148.39671886652,1357.19612229679,359.820089955023
1160.82525478499,1638.08103405419,359.820089955023
1257.76783494904,449.913000248571,374.812593703148
1275.1677852349,444.941585881183,374.812593703148
1377.08177976634,1879.19463087248,359.820089955023
1441.71016654238,1628.13820531941,389.805097451274
1503.85284613473,472.284364901815,374.812593703148
1600.79542629878,1526.22421078797,389.805097451274
1695.25229927915,1966.19438230176,374.812593703148
1797.16629381059,641.31245339299,389.805097451274
1807.10912254536,2008.45140442456,374.812593703148
1909.02311707681,641.31245339299,374.812593703148
1928.90877454636,1098.68257519264,389.805097451274
1963.70867511807,1130.99676858066,374.812593703148
1991.0514541387,782.997762863535,374.812593703148
258.513547104151,1618.19537658464,374.812593703148
315.684812329108,1377.08177976634,374.812593703148
477.255779269202,2043.25130499627,374.812593703148
492.170022371365,1382.05319413373,374.812593703148
521.99850857569,1309.96768580661,374.812593703148
544.369873228934,795.426298782004,404.7976011994
559.284116331096,785.483470047228,404.7976011994
574.198359433259,835.197613721104,389.805097451274
596.569724086503,1692.76659209545,374.812593703148
633.855331841909,1772.30922197365,389.805097451274
666.169525229928,2170.02237136465,374.812593703148
728.312204822272,1419.33880188914,374.812593703148
730.797912005966,2187.42232165051,389.805097451274
748.197862291822,2192.3937360179,374.812593703148
792.94059159831,964.454387273179,404.7976011994
815.311956251554,1836.93760874969,374.812593703148
825.254784986329,1705.19512801392,404.7976011994
981.854337559036,1757.39497887149,374.812593703148
1041.51130996769,2237.13646532438,389.805097451274
1051.45413870246,1471.53865274671,374.812593703148
1083.76833209048,2366.39323887646,374.812593703148
1098.68257519264,2309.2219736515,389.805097451274
1118.56823266219,1175.73949788715,404.7976011994
1163.31096196868,529.455630126771,404.7976011994
1173.25379070346,1362.16753666418,374.812593703148
1183.19661943823,658.712403678847,404.7976011994
1183.19661943823,1643.05244842158,374.812593703148
1255.28212776535,1337.31046482724,374.812593703148
1287.59632115337,1242.85359184688,389.805097451274
1319.91051454139,1595.82401193139,389.805097451274
1496.39572458364,459.855828983346,389.805097451274
1498.88143176734,618.941088739746,404.7976011994
1670.39522744221,1237.88217747949,389.805097451274
2073.0797912006,1682.82376336068,404.7976011994
2100.42257022123,1697.73800646284,389.805097451274
2229.6793437733,1309.96768580661,389.805097451274
474.770072085508,1565.99552572707,389.805097451274
1068.85408898832,1585.88118319662,389.805097451274
1198.11086254039,1441.71016654238,389.805097451274
1245.33929903057,1362.16753666418,404.7976011994
1262.73924931643,1357.19612229679,389.805097451274
1429.28163062391,1941.33731046483,404.7976011994
1466.56723837932,1660.45239870743,404.7976011994
1667.90952025851,345.513298533433,404.7976011994
464.827243350733,1568.48123291076,404.7976011994
534.427044494159,1267.71066368382,419.790104947526
715.883668903803,1421.82450907283,404.7976011994
745.712155108128,628.883917474521,434.782608695652
760.626398210291,594.084016902809,434.782608695652
1031.56848123291,2239.62217250808,419.790104947526
1043.99701715138,1471.53865274671,404.7976011994
1058.91126025354,1588.36689038031,419.790104947526
1088.73974645787,2309.2219736515,404.7976011994
1193.13944817301,1444.19587372608,419.790104947526
1275.1677852349,604.026845637584,434.782608695652
1304.99627143922,315.684812329108,419.790104947526
1608.25254784986,1464.08153119563,419.790104947526
1633.1096196868,1143.42530449913,419.790104947526
1650.50956997266,2035.79418344519,419.790104947526
1705.19512801392,656.226696495153,419.790104947526
1710.16654238131,2209.79368630375,404.7976011994
1722.59507829978,656.226696495153,434.782608695652
1869.25180213771,1101.16828237634,434.782608695652
1894.10887397465,857.568978374347,434.782608695652
400.198856574696,1583.39547601293,434.782608695652
847.626149639573,579.169773800646,449.775112443778
917.225950782998,1613.22396221725,449.775112443778
1130.99676858066,889.883171762366,434.782608695652
1213.02510564256,2117.82252050708,434.782608695652
1643.05244842158,2053.19413373105,434.782608695652
1807.10912254536,877.454635843898,419.790104947526
1817.05195128014,874.968928660204,419.790104947526
482.22719363659,1076.3112105394,449.775112443778
738.255033557047,1446.68158090977,464.767616191904
810.340541884166,733.283619189659,449.775112443778
1322.39622172508,1906.53740989311,449.775112443778
1344.76758637832,787.969177230922,449.775112443778
1372.11036539896,1690.28088491176,449.775112443778
1391.99602286851,1682.82376336068,449.775112443778
1705.19512801392,1926.42306736266,449.775112443778
1802.13770817798,884.911757394979,449.775112443778
1913.9945314442,1170.76808351976,449.775112443778
830.226199353716,1702.70942083023,449.775112443778
989.311459110117,1382.05319413373,464.767616191904
991.797166293811,693.512304250559,464.767616191904
1208.05369127517,1814.56624409645,464.767616191904
1245.33929903057,1834.451901566,464.767616191904
1267.71066368382,661.19811086254,449.775112443778
1329.85334327616,763.112105393985,464.767616191904
1682.82376336068,1200.59656972409,464.767616191904
1692.76659209545,1198.11086254039,449.775112443778
1817.05195128014,874.968928660204,449.775112443778
1963.70867511807,1568.48123291076,449.775112443778
2005.96569724086,1287.59632115337,449.775112443778
656.226696495153,1739.99502858563,479.76011994003
1088.73974645787,633.855331841909,464.767616191904
1165.79666915237,1434.2530449913,464.767616191904
1255.28212776535,1409.39597315436,464.767616191904
1262.73924931643,666.169525229928,464.767616191904
1282.62490678598,1856.82326621924,464.767616191904
1290.08202833706,1431.76733780761,464.767616191904
1297.53914988814,1851.85185185185,464.767616191904
1324.88192890877,1163.31096196868,464.767616191904
1382.05319413373,1839.42331593338,464.767616191904
1414.36738752175,1712.652249565,464.767616191904
1431.76733780761,1707.68083519761,464.767616191904
1747.45215013671,1948.79443201591,464.767616191904
1966.19438230176,1205.56798409147,464.767616191904
1998.50857568978,1421.82450907283,464.767616191904
2003.47999005717,1590.85259756401,464.767616191904
2048.22271936366,1309.96768580661,464.767616191904
484.712900820283,1063.88267462093,479.76011994003
571.712652249565,1466.56723837932,479.76011994003
812.82624906786,720.855083271191,479.76011994003
847.626149639573,569.226945065871,479.76011994003
991.797166293811,678.598061148397,479.76011994003
999.254287844892,1625.65249813572,479.76011994003
1091.22545364156,618.941088739746,479.76011994003
1170.76808351976,1926.42306736266,479.76011994003
1215.51081282625,1849.36614466816,479.76011994003
1222.96793437733,1424.31021625653,479.76011994003
1235.3964702958,1913.9945314442,494.752623688156
1265.22495650012,651.255282127765,479.76011994003
1312.45339299031,1978.62291822023,479.76011994003
1314.939100174,1831.9661943823,479.76011994003
1327.36763609247,1145.91101168282,479.76011994003
1329.85334327616,1150.88242605021,479.76011994003
1556.05269699229,807.854834700472,479.76011994003
1680.33805617698,1938.85160328113,479.76011994003
1802.13770817798,874.968928660204,479.76011994003
1928.90877454636,1414.36738752175,479.76011994003
1936.36589609744,1583.39547601293,479.76011994003
1968.68008948546,1185.68232662192,479.76011994003
1968.68008948546,1195.6251553567,479.76011994003
1981.10862540393,1300.02485707184,479.76011994003
474.770072085508,1039.02560278399,494.752623688156
554.312701963709,1466.56723837932,494.752623688156
641.31245339299,1739.99502858563,494.752623688156
775.540641312453,939.597315436242,494.752623688156
979.368630375342,651.255282127765,494.752623688156
984.340044742729,1628.13820531941,494.752623688156
1081.28262490679,594.084016902809,494.752623688156
1135.96818294805,1444.19587372608,494.752623688156
1148.39671886652,1436.73875217499,494.752623688156
1150.88242605021,1926.42306736266,494.752623688156
1185.68232662192,1814.56624409645,494.752623688156
1220.48222719364,1913.9945314442,494.752623688156
1225.45364156102,1834.451901566,494.752623688156
1255.28212776535,626.398210290828,494.752623688156
1322.39622172508,1123.53964702958,494.752623688156
1334.82475764355,1963.70867511807,494.752623688156
1339.79617201094,1817.05195128014,494.752623688156
1478.99577429779,715.883668903803,494.752623688156
1476.51006711409,720.855083271191,494.752623688156
1546.10986825752,780.512055679841,494.752623688156
1767.33780760626,1081.28262490679,494.752623688156
1953.7658463833,1399.45314441959,494.752623688156
1958.73726075068,1165.79666915237,494.752623688156
2008.45140442456,1287.59632115337,494.752623688156
584.141188168034,1478.99577429779,509.745127436282
668.655232413622,1752.4235645041,509.745127436282
785.483470047228,979.368630375342,509.745127436282
976.882923191648,1312.45339299031,509.745127436282
1016.65423813075,1640.56674123788,509.745127436282
1091.22545364156,631.369624658215,509.745127436282
1165.79666915237,1459.11011682824,509.745127436282
1178.22520507084,1451.65299527716,509.745127436282
1180.71091225454,1938.85160328113,509.745127436282
1220.48222719364,1118.56823266219,509.745127436282
1250.31071339796,1926.42306736266,509.745127436282
1329.85334327616,1155.8538404176,509.745127436282
1337.31046482724,961.968680089485,539.730134932534
1359.68182948049,976.882923191648,524.737631184408
1439.22445935869,952.02585135471,524.737631184408
1441.71016654238,768.083519761372,524.737631184408
1456.62440964454,785.483470047228,524.737631184408
1486.45289584887,750.683569475516,524.737631184408
1498.88143176734,1508.82426050211,509.745127436282
1526.22421078797,1523.73850360428,509.745127436282
1546.10986825752,1372.11036539896,509.745127436282
1553.5669898086,817.797663435247,524.737631184408
1732.53790703455,1399.45314441959,539.730134932534
1739.99502858563,1391.99602286851,509.745127436282
1772.30922197365,1121.05393984589,509.745127436282
1966.19438230176,1205.56798409147,509.745127436282
571.712652249565,1469.05294556301,524.737631184408
964.454387273179,1300.02485707184,539.730134932534
1004.22570221228,1625.65249813572,524.737631184408
1066.36838180462,1439.22445935869,554.72263868066
1078.79691772309,1036.5398956003,554.72263868066
1153.36813323391,1449.16728809346,524.737631184408
1165.79666915237,1439.22445935869,524.737631184408
1170.76808351976,1926.42306736266,524.737631184408
1217.99652000994,1106.13969674372,554.72263868066
1377.08177976634,976.882923191648,539.730134932534
1501.36713895103,1523.73850360428,539.730134932534
1533.68133233905,1377.08177976634,524.737631184408
1712.652249565,1394.4817300522,524.737631184408
1772.30922197365,1113.5968182948,524.737631184408
740.740740740741,1185.68232662192,554.72263868066
832.71190653741,1493.91001739995,554.72263868066
966.940094456873,1650.50956997266,554.72263868066
1081.28262490679,914.740243599304,569.715142428786
1260.25354213274,869.997514292816,539.730134932534
1523.73850360428,1538.65274670644,539.730134932534
1546.10986825752,1382.05319413373,554.72263868066
850.111856823266,1272.68207805121,569.715142428786
1111.11111111111,1148.39671886652,569.715142428786
1240.36788466319,1439.22445935869,569.715142428786
1324.88192890877,1635.59532687049,569.715142428786
1327.36763609247,1103.65398956003,569.715142428786
1053.93984588615,1242.85359184688,584.707646176912
1257.76783494904,1396.96743723589,584.707646176912
1260.25354213274,867.511807109123,569.715142428786
1262.73924931643,1396.96743723589,569.715142428786
1267.71066368382,1451.65299527716,569.715142428786
1280.13919960229,1227.93934874472,584.707646176912
1297.53914988814,1237.88217747949,584.707646176912
