24.8570718369376,1312.45339299031,29.9850074962519
62.142679592344,1690.28088491176,29.9850074962519
74.5712155108128,1610.73825503356,29.9850074962519
173.999502858563,1829.48048719861,14.9925037481259
181.456624409645,2050.70842654735,29.9850074962519
231.17076808352,1933.88018891375,29.9850074962519
295.799154859558,7.45712155108128,29.9850074962519
293.313447675864,1250.31071339796,14.9925037481259
417.598806860552,1190.65374098931,14.9925037481259
477.255779269202,1217.99652000994,29.9850074962519
484.712900820283,1232.91076311211,29.9850074962519
484.712900820283,303.256276410639,29.9850074962519
492.170022371365,1200.59656972409,14.9925037481259
521.99850857569,502.11285110614,14.9925037481259
561.76982351479,1364.65324384787,29.9850074962519
576.684066616953,1774.79492915735,29.9850074962519
589.112602535421,338.056176982351,29.9850074962519
601.54113845389,315.684812329108,14.9925037481259
648.769574944072,820.283370618941,29.9850074962519
656.226696495153,832.71190653741,29.9850074962519
661.19811086254,1295.05344270445,14.9925037481259
705.940840169028,1471.53865274671,14.9925037481259
718.369376087497,484.712900820283,14.9925037481259
750.683569475516,658.712403678847,29.9850074962519
822.769077802635,208.799403430276,29.9850074962519
907.283122048223,1643.05244842158,14.9925037481259
909.768829231916,1633.1096196868,14.9925037481259
1014.16853094705,1282.62490678598,14.9925037481259
1101.16828237634,601.54113845389,29.9850074962519
1148.39671886652,4.97141436738752,29.9850074962519
1158.33954760129,2137.70817797663,14.9925037481259
1270.19637086751,213.770817797663,29.9850074962519
1275.1677852349,1295.05344270445,14.9925037481259
1332.33905045986,243.599304001989,29.9850074962519
1344.76758637832,318.170519512801,29.9850074962519
1391.99602286851,2142.67959234402,29.9850074962519
1429.28163062391,2055.67984091474,29.9850074962519
1518.76708923689,2112.8511061397,29.9850074962519
1523.73850360428,1096.19686800895,14.9925037481259
1531.19562515536,2140.19388516033,29.9850074962519
1533.68133233905,2120.30822769078,29.9850074962519
1551.08128262491,2381.30748197862,29.9850074962519
1558.53840417599,2140.19388516033,44.9775112443778
1561.02411135968,2112.8511061397,29.9850074962519
1583.39547601293,2110.365398956,29.9850074962519
1588.36689038031,2132.73676360925,14.9925037481259
1593.3383047477,2140.19388516033,29.9850074962519
1603.28113348248,2095.45115585384,14.9925037481259
1608.25254784986,1695.25229927915,29.9850074962519
1623.16679095203,1712.652249565,14.9925037481259
1623.16679095203,1692.76659209545,14.9925037481259
1936.36589609744,129.256773552076,29.9850074962519
1978.62291822023,2013.42281879195,14.9925037481259
2135.22247079294,310.71339796172,29.9850074962519
2162.56524981357,2147.65100671141,29.9850074962519
2271.9363658961,802.883420333085,29.9850074962519
2309.2219736515,1491.42431021626,29.9850074962519
2314.19338801889,1826.99478001491,14.9925037481259
62.142679592344,1623.16679095203,44.9775112443778
84.5140442455879,850.111856823266,44.9775112443778
183.942331593338,1222.96793437733,44.9775112443778
216.256524981357,2339.05045985583,44.9775112443778
270.94208302262,1232.91076311211,29.9850074962519
437.484464330102,519.512801391996,44.9775112443778
452.398707432264,265.970668655232,44.9775112443778
459.855828983346,246.085011185682,44.9775112443778
489.684315187671,2010.93711160825,44.9775112443778
521.99850857569,1357.19612229679,29.9850074962519
536.912751677852,2383.79318916232,29.9850074962519
594.084016902809,315.684812329108,29.9850074962519
1193.13944817301,964.454387273179,44.9775112443778
1270.19637086751,263.484961471539,29.9850074962519
1277.65349241859,275.913497390007,44.9775112443778
1287.59632115337,375.341784737758,29.9850074962519
1292.56773552076,258.513547104151,29.9850074962519
1342.28187919463,241.113596818295,29.9850074962519
1362.16753666418,1078.79691772309,44.9775112443778
1441.71016654238,114.342530449913,44.9775112443778
1541.13845389013,2132.73676360925,44.9775112443778
1548.59557544121,2120.30822769078,29.9850074962519
1570.96694009446,2331.59333830475,29.9850074962519
1585.88118319662,2319.16480238628,44.9775112443778
1623.16679095203,1449.16728809346,29.9850074962519
1635.59532687049,1712.652249565,29.9850074962519
1665.42381307482,1434.2530449913,44.9775112443778
1677.85234899329,2224.70792940592,44.9775112443778
1732.53790703455,917.225950782998,29.9850074962519
2090.47974148645,1364.65324384787,44.9775112443778
2102.90827740492,1237.88217747949,44.9775112443778
2152.6224210788,2160.07954262988,29.9850074962519
2167.53666418096,2165.05095699727,29.9850074962519
2192.3937360179,668.655232413622,29.9850074962519
2440.96445438727,907.283122048223,44.9775112443778
7.45712155108128,251.05642555307,44.9775112443778
34.7999005717127,1262.73924931643,59.9700149925037
79.5426298782003,835.197613721104,44.9775112443778
144.171016654238,2117.82252050708,59.9700149925037
193.885160328113,852.59756400696,59.9700149925037
372.856077554064,1431.76733780761,59.9700149925037
474.770072085508,1618.19537658464,59.9700149925037
526.969922943077,91.9711657966692,59.9700149925037
584.141188168034,2458.36440467313,44.9775112443778
591.598309719115,1155.8538404176,59.9700149925037
616.455381556053,136.713895103157,59.9700149925037
683.569475515784,1322.39622172508,44.9775112443778
705.940840169028,802.883420333085,59.9700149925037
882.426050211285,1357.19612229679,44.9775112443778
1093.71116082525,2204.82227193637,59.9700149925037
1180.71091225454,1941.33731046483,59.9700149925037
1237.88217747949,1628.13820531941,44.9775112443778
1240.36788466319,42.2570221227939,59.9700149925037
1260.25354213274,986.825751926423,44.9775112443778
1342.28187919463,19.8856574695501,59.9700149925037
1364.65324384787,457.370121799652,59.9700149925037
1384.53890131742,454.884414615958,59.9700149925037
1411.88168033806,939.597315436242,44.9775112443778
1434.2530449913,1193.13944817301,44.9775112443778
1483.96718866518,1799.65200099428,59.9700149925037
1503.85284613473,2115.33681332339,44.9775112443778
1546.10986825752,2102.90827740492,44.9775112443778
1546.10986825752,2087.99403430276,44.9775112443778
1563.50981854338,2097.93686303753,44.9775112443778
1573.45264727815,2135.22247079294,44.9775112443778
1573.45264727815,2140.19388516033,44.9775112443778
1988.56574695501,546.855580412627,59.9700149925037
2043.25130499627,1101.16828237634,59.9700149925037
2132.73676360925,1824.50907283122,44.9775112443778
2199.85085756898,1938.85160328113,44.9775112443778
22.3713646532438,1414.36738752175,74.9625187406297
57.1712652249565,1200.59656972409,59.9700149925037
59.6569724086503,1163.31096196868,74.9625187406297
126.771066368382,109.371116082525,74.9625187406297
139.199602286851,1118.56823266219,74.9625187406297
211.28511061397,1116.0825254785,74.9625187406297
293.313447675864,2443.45016157097,74.9625187406297
310.71339796172,124.285359184688,59.9700149925037
340.541884166045,171.513795674869,74.9625187406297
350.48471290082,69.5998011434253,74.9625187406297
367.884663186677,1449.16728809346,59.9700149925037
387.770320656227,1444.19587372608,59.9700149925037
430.027342779021,106.885408898832,59.9700149925037
439.970171513796,1774.79492915735,59.9700149925037
444.941585881183,2070.5940840169,74.9625187406297
444.941585881183,2117.82252050708,74.9625187406297
454.884414615958,1188.16803380562,74.9625187406297
469.798657718121,1011.68282376336,74.9625187406297
479.741486452896,1113.5968182948,59.9700149925037
521.99850857569,907.283122048223,59.9700149925037
539.398458861546,1707.68083519761,74.9625187406297
556.798409147402,2448.42157593835,59.9700149925037
564.255530698484,2460.85011185682,59.9700149925037
571.712652249565,1327.36763609247,74.9625187406297
576.684066616953,362.913248819289,74.9625187406297
755.654983842903,2033.3084762615,74.9625187406297
840.169028088491,1861.79468058663,74.9625187406297
857.568978374347,1871.7375093214,74.9625187406297
924.683072334079,1481.48148148148,74.9625187406297
954.511558538404,521.99850857569,59.9700149925037
1036.5398956003,1933.88018891375,74.9625187406297
1103.65398956003,1200.59656972409,59.9700149925037
1175.73949788715,1643.05244842158,74.9625187406297
1227.93934874472,39.7713149391002,59.9700149925037
1270.19637086751,1474.0243599304,74.9625187406297
1290.08202833706,392.741735023614,59.9700149925037
1322.39622172508,994.282873477504,59.9700149925037
1327.36763609247,795.426298782004,74.9625187406297
1347.25329356202,447.427293064877,59.9700149925037
1446.68158090977,914.740243599304,59.9700149925037
1451.65299527716,907.283122048223,59.9700149925037
1478.99577429779,1943.82301764852,59.9700149925037
1493.91001739995,2040.76559781258,59.9700149925037
1498.88143176734,2035.79418344519,59.9700149925037
1526.22421078797,2130.25105642555,59.9700149925037
1541.13845389013,2478.25006214268,59.9700149925037
1556.05269699229,2478.25006214268,59.9700149925037
1558.53840417599,2460.85011185682,74.9625187406297
1618.19537658464,1058.91126025354,89.9550224887556
1657.96669152374,1004.22570221228,59.9700149925037
1710.16654238131,855.083271190654,59.9700149925037
1715.13795674869,874.968928660204,59.9700149925037
1794.6805866269,631.369624658215,74.9625187406297
1881.68033805618,2179.96520009943,74.9625187406297
1909.02311707681,2460.85011185682,59.9700149925037
2092.96544867015,800.397713149391,59.9700149925037
2170.02237136465,2152.6224210788,74.9625187406297
2194.87944320159,494.655729555058,59.9700149925037
2316.67909520259,1643.05244842158,74.9625187406297
2321.65050956997,1652.99527715635,59.9700149925037
2480.73576932637,571.712652249565,59.9700149925037
74.5712155108128,524.484215759384,74.9625187406297
226.199353716132,497.141436738752,89.9550224887556
375.341784737758,661.19811086254,74.9625187406297
385.284613472533,290.82774049217,89.9550224887556
521.99850857569,1203.08227690778,74.9625187406297
541.88416604524,1466.56723837932,89.9550224887556
544.369873228934,305.741983594333,89.9550224887556
549.341287596321,2438.47874720358,74.9625187406297
730.797912005966,1464.08153119563,74.9625187406297
857.568978374347,1797.16629381059,74.9625187406297
914.740243599304,1232.91076311211,74.9625187406297
944.568729803629,691.026597066866,74.9625187406297
956.997265722098,1874.2232165051,89.9550224887556
974.397216007954,1692.76659209545,89.9550224887556
979.368630375342,556.798409147402,89.9550224887556
984.340044742729,1757.39497887149,74.9625187406297
994.282873477504,454.884414615958,74.9625187406297
1029.08277404922,2393.73601789709,89.9550224887556
1053.93984588615,228.685060899826,89.9550224887556
1108.62540392742,1874.2232165051,89.9550224887556
1324.88192890877,310.71339796172,89.9550224887556
1546.10986825752,2463.33581904052,74.9625187406297
1565.99552572707,1220.48222719364,89.9550224887556
1570.96694009446,1205.56798409147,74.9625187406297
1615.70966940094,405.170270942083,89.9550224887556
1630.62391250311,213.770817797663,89.9550224887556
1667.90952025851,845.140442455879,89.9550224887556
1675.36664180959,2030.8227690778,74.9625187406297
1772.30922197365,1759.88068605518,89.9550224887556
1841.90902311708,1685.30947054437,89.9550224887556
1856.82326621924,1672.8809346259,104.947526236882
2000.99428287348,1834.451901566,89.9550224887556
2137.70817797663,193.885160328113,89.9550224887556
2155.10812826249,156.599552572707,74.9625187406297
2326.62192393736,1608.25254784986,74.9625187406297
2383.79318916232,1352.22470792941,74.9625187406297
288.342033308476,2435.99304001989,89.9550224887556
308.227690778026,1856.82326621924,104.947526236882
310.71339796172,1911.5088242605,89.9550224887556
400.198856574696,1625.65249813572,104.947526236882
405.170270942083,1556.05269699229,104.947526236882
447.427293064877,241.113596818295,89.9550224887556
494.655729555058,1956.25155356699,89.9550224887556
514.541387024609,2406.16455381556,89.9550224887556
546.855580412627,2050.70842654735,104.947526236882
554.312701963709,2038.27989062888,104.947526236882
730.797912005966,1466.56723837932,104.947526236882
738.255033557047,1456.62440964454,89.9550224887556
743.226447924435,1461.59582401193,89.9550224887556
979.368630375342,1774.79492915735,104.947526236882
1071.33979617201,646.283867760378,104.947526236882
1118.56823266219,1859.30897340293,89.9550224887556
1123.53964702958,233.656475267214,104.947526236882
1158.33954760129,1034.0541884166,104.947526236882
1292.56773552076,1106.13969674372,89.9550224887556
1508.82426050211,1404.42455878698,89.9550224887556
1720.10937111608,2080.53691275168,89.9550224887556
2249.56500124285,1968.68008948546,104.947526236882
2356.45041014169,1906.53740989311,104.947526236882
101.913994531444,347.999005717127,119.940029985007
305.741983594333,1250.31071339796,119.940029985007
357.941834451902,111.856823266219,119.940029985007
372.856077554064,2065.62266964952,104.947526236882
380.313199105145,116.828237633607,119.940029985007
385.284613472533,94.4568729803629,119.940029985007
454.884414615958,119.313944817301,119.940029985007
596.569724086503,1551.08128262491,104.947526236882
658.712403678847,2068.10837683321,104.947526236882
708.426547352722,27.3427790206314,104.947526236882
733.283619189659,1660.45239870743,119.940029985007
738.255033557047,2192.3937360179,104.947526236882
740.740740740741,2204.82227193637,119.940029985007
745.712155108128,1063.88267462093,119.940029985007
795.426298782004,19.8856574695501,119.940029985007
827.740492170022,4.97141436738752,119.940029985007
847.626149639573,79.5426298782003,104.947526236882
902.311707680835,1175.73949788715,119.940029985007
909.768829231916,1178.22520507084,104.947526236882
929.654486701467,77.0569226945066,119.940029985007
1043.99701715138,2276.90778026349,119.940029985007
1103.65398956003,243.599304001989,104.947526236882
1128.51106139697,253.542132736764,119.940029985007
1148.39671886652,241.113596818295,119.940029985007
1150.88242605021,258.513547104151,104.947526236882
1158.33954760129,243.599304001989,104.947526236882
1178.22520507084,2030.8227690778,104.947526236882
1314.939100174,1466.56723837932,104.947526236882
1342.28187919463,1657.96669152374,119.940029985007
1342.28187919463,1297.53914988814,104.947526236882
1464.08153119563,2269.4506587124,104.947526236882
1623.16679095203,141.685309470544,119.940029985007
1690.28088491176,1317.42480735769,104.947526236882
1712.652249565,360.427541635595,119.940029985007
1849.36614466816,1183.19661943823,119.940029985007
1879.19463087248,1195.6251553567,119.940029985007
1938.85160328113,2401.19313944817,119.940029985007
1953.7658463833,822.769077802635,119.940029985007
1991.0514541387,1831.9661943823,104.947526236882
2065.62266964952,62.142679592344,104.947526236882
2100.42257022123,420.084514044246,119.940029985007
2401.19313944817,889.883171762366,119.940029985007
2418.59308973403,1625.65249813572,119.940029985007
2.48570718369376,1359.68182948049,119.940029985007
126.771066368382,504.598558289833,134.932533733133
144.171016654238,211.28511061397,119.940029985007
156.599552572707,2244.59358687547,134.932533733133
355.456127268208,1106.13969674372,119.940029985007
372.856077554064,258.513547104151,119.940029985007
397.713149391002,99.4282873477504,119.940029985007
407.655978125777,494.655729555058,134.932533733133
472.284364901815,2440.96445438727,134.932533733133
658.712403678847,2083.02261993537,134.932533733133
758.140691026597,457.370121799652,149.925037481259
765.597812577678,89.4854586129754,149.925037481259
790.454884414616,1687.79517772806,134.932533733133
810.340541884166,19.8856574695501,119.940029985007
927.168779517773,1170.76808351976,119.940029985007
937.111608252548,1727.56649266716,134.932533733133
944.568729803629,74.5712155108128,119.940029985007
956.997265722098,489.684315187671,119.940029985007
1150.88242605021,1285.11061396967,119.940029985007
1178.22520507084,1304.99627143922,119.940029985007
1240.36788466319,2455.87869748944,119.940029985007
1255.28212776535,2455.87869748944,119.940029985007
1297.53914988814,454.884414615958,119.940029985007
1312.45339299031,469.798657718121,119.940029985007
1377.08177976634,1777.28063634104,134.932533733133
1406.91026597067,2224.70792940592,134.932533733133
1414.36738752175,760.626398210291,134.932533733133
1459.11011682824,1702.70942083023,119.940029985007
1531.19562515536,1083.76833209048,119.940029985007
1541.13845389013,1844.39473030077,119.940029985007
1605.76684066617,512.055679840915,134.932533733133
1605.76684066617,2000.99428287348,134.932533733133
1625.65249813572,1287.59632115337,134.932533733133
1657.96669152374,1909.02311707681,134.932533733133
1906.53740989311,2015.90852597564,134.932533733133
1946.30872483221,887.397464578673,119.940029985007
1996.02286850609,2348.9932885906,134.932533733133
2008.45140442456,221.227939348745,119.940029985007
2127.76534924186,1849.36614466816,134.932533733133
2140.19388516033,1319.91051454139,134.932533733133
2229.6793437733,1630.62391250311,119.940029985007
2299.27914491673,1834.451901566,134.932533733133
2301.76485210042,1794.6805866269,119.940029985007
2341.53616703952,2227.19363658961,119.940029985007
2383.79318916232,2112.8511061397,119.940029985007
2398.70743226448,2145.16529952772,134.932533733133
2478.25006214268,787.969177230922,134.932533733133
7.45712155108128,837.683320904797,134.932533733133
96.9425801640567,258.513547104151,149.925037481259
139.199602286851,961.968680089485,149.925037481259
156.599552572707,907.283122048223,149.925037481259
198.856574695501,164.056674123788,134.932533733133
260.999254287845,1004.22570221228,149.925037481259
437.484464330102,1966.19438230176,134.932533733133
477.255779269202,1036.5398956003,134.932533733133
499.627143922446,84.5140442455879,149.925037481259
556.798409147402,512.055679840915,149.925037481259
571.712652249565,472.284364901815,149.925037481259
616.455381556053,1633.1096196868,149.925037481259
676.112353964703,2443.45016157097,134.932533733133
708.426547352722,1538.65274670644,134.932533733133
745.712155108128,1558.53840417599,164.917541229385
790.454884414616,1531.19562515536,149.925037481259
805.369127516779,2.48570718369376,134.932533733133
820.283370618941,805.369127516779,149.925037481259
907.283122048223,1454.13870246085,149.925037481259
934.625901068854,1752.4235645041,149.925037481259
981.854337559036,763.112105393985,149.925037481259
1083.76833209048,1051.45413870246,149.925037481259
1118.56823266219,233.656475267214,134.932533733133
1170.76808351976,2438.47874720358,149.925037481259
1195.6251553567,1302.51056425553,149.925037481259
1227.93934874472,1754.9092716878,134.932533733133
1282.62490678598,2115.33681332339,149.925037481259
1332.33905045986,1043.99701715138,149.925037481259
1377.08177976634,797.912005965697,149.925037481259
1406.91026597067,77.0569226945066,149.925037481259
1426.79592344022,2214.76510067114,149.925037481259
1449.16728809346,2157.59383544618,149.925037481259
1513.7956748695,748.197862291822,134.932533733133
1680.33805617698,2008.45140442456,149.925037481259
1680.33805617698,1203.08227690778,149.925037481259
1720.10937111608,574.198359433259,149.925037481259
1722.59507829978,556.798409147402,149.925037481259
1735.02361421825,589.112602535421,149.925037481259
1754.9092716878,579.169773800646,149.925037481259
1792.1948794432,1543.62416107383,149.925037481259
1822.02336564753,1523.73850360428,149.925037481259
1956.25155356699,1240.36788466319,149.925037481259
2083.02261993537,1787.22346507581,149.925037481259
2102.90827740492,1794.6805866269,149.925037481259
2115.33681332339,1782.25205070843,149.925037481259
2177.47949291573,1227.93934874472,149.925037481259
2.48570718369376,830.226199353716,149.925037481259
74.5712155108128,1210.53939845886,164.917541229385
241.113596818295,164.056674123788,164.917541229385
275.913497390007,1006.71140939597,149.925037481259
323.141933880189,405.170270942083,164.917541229385
352.970420084514,442.455878697489,164.917541229385
415.113099676858,952.02585135471,149.925037481259
425.055928411633,144.171016654238,179.910044977511
504.598558289833,1245.33929903057,164.917541229385
519.512801391996,745.712155108128,149.925037481259
524.484215759384,270.94208302262,164.917541229385
544.369873228934,275.913497390007,164.917541229385
589.112602535421,1834.451901566,164.917541229385
599.055431270196,1635.59532687049,164.917541229385
618.941088739746,1389.51031568481,179.910044977511
683.569475515784,2237.13646532438,164.917541229385
693.512304250559,1839.42331593338,179.910044977511
698.483718617947,1401.93885160328,179.910044977511
778.026348496147,425.055928411633,164.917541229385
822.769077802635,96.9425801640567,164.917541229385
860.054685558041,835.197613721104,164.917541229385
899.826000497141,129.256773552076,164.917541229385
902.311707680835,671.140939597315,179.910044977511
924.683072334079,683.569475515784,179.910044977511
1016.65423813075,1822.02336564753,149.925037481259
1019.13994531444,218.742232165051,149.925037481259
1024.11135968183,698.483718617947,179.910044977511
1053.93984588615,1048.96843151877,149.925037481259
1128.51106139697,1414.36738752175,149.925037481259
1205.56798409147,2237.13646532438,164.917541229385
1210.53939845886,2257.02212279394,164.917541229385
1252.79642058166,2117.82252050708,149.925037481259
1297.53914988814,1113.5968182948,149.925037481259
1419.33880188914,581.65548098434,149.925037481259
1449.16728809346,1277.65349241859,149.925037481259
1543.62416107383,942.083022619935,149.925037481259
1680.33805617698,2167.53666418096,164.917541229385
1702.70942083023,991.797166293811,164.917541229385
1710.16654238131,1695.25229927915,179.910044977511
1717.62366393239,974.397216007954,164.917541229385
1754.9092716878,494.655729555058,164.917541229385
1859.30897340293,994.282873477504,164.917541229385
1963.70867511807,2281.87919463087,164.917541229385
1978.62291822023,104.399701715138,164.917541229385
2073.0797912006,1419.33880188914,164.917541229385
2125.27964205817,1650.50956997266,149.925037481259
2132.73676360925,996.768580661198,164.917541229385
2157.59383544618,2087.99403430276,164.917541229385
2199.85085756898,2247.07929405916,164.917541229385
2229.6793437733,2229.6793437733,164.917541229385
2373.85036042754,1001.73999502859,164.917541229385
2453.39299030574,1282.62490678598,164.917541229385
7.45712155108128,810.340541884166,164.917541229385
64.6283867760378,1968.68008948546,164.917541229385
77.0569226945066,1183.19661943823,164.917541229385
86.9997514292816,1200.59656972409,179.910044977511
99.4282873477504,1205.56798409147,164.917541229385
101.913994531444,1200.59656972409,164.917541229385
243.599304001989,1789.70917225951,179.910044977511
248.570718369376,1777.28063634104,179.910044977511
258.513547104151,442.455878697489,179.910044977511
270.94208302262,561.76982351479,164.917541229385
420.084514044246,1871.7375093214,164.917541229385
454.884414615958,2125.27964205817,164.917541229385
546.855580412627,253.542132736764,179.910044977511
713.397961720109,2157.59383544618,179.910044977511
765.597812577678,432.513049962714,164.917541229385
785.483470047228,661.19811086254,179.910044977511
835.197613721104,101.913994531444,179.910044977511
879.940343027591,1968.68008948546,164.917541229385
899.826000497141,144.171016654238,179.910044977511
1004.22570221228,1794.6805866269,179.910044977511
1024.11135968183,1831.9661943823,164.917541229385
1029.08277404922,1826.99478001491,164.917541229385
1063.88267462093,2229.6793437733,179.910044977511
1126.02535421327,929.654486701467,194.902548725637
1118.56823266219,82.0283370618941,179.910044977511
1130.99676858066,904.797414864529,179.910044977511
1155.8538404176,74.5712155108128,179.910044977511
1155.8538404176,932.14019388516,179.910044977511
1193.13944817301,484.712900820283,179.910044977511
1307.48197862292,439.970171513796,179.910044977511
1429.28163062391,939.597315436242,179.910044977511
1461.59582401193,1720.10937111608,179.910044977511
1523.73850360428,1327.36763609247,179.910044977511
1590.85259756401,902.311707680835,164.917541229385
1677.85234899329,608.998260004971,179.910044977511
1727.56649266716,989.311459110117,164.917541229385
1747.45215013671,484.712900820283,179.910044977511
1762.36639323888,561.76982351479,194.902548725637
1787.22346507581,1332.33905045986,179.910044977511
2070.5940840169,2005.96569724086,164.917541229385
2097.93686303753,1486.45289584887,164.917541229385
131.742480735769,1031.56848123291,194.902548725637
218.742232165051,847.626149639573,194.902548725637
246.085011185682,830.226199353716,194.902548725637
338.056176982351,566.741237882178,194.902548725637
343.027591349739,1163.31096196868,194.902548725637
534.427044494159,4.97141436738752,194.902548725637
613.969674372359,932.14019388516,194.902548725637
713.397961720109,2137.70817797663,179.910044977511
929.654486701467,1657.96669152374,194.902548725637
1130.99676858066,944.568729803629,194.902548725637
1150.88242605021,956.997265722098,194.902548725637
1175.73949788715,942.083022619935,194.902548725637
1357.19612229679,678.598061148397,179.910044977511
1444.19587372608,1680.33805617698,179.910044977511
1449.16728809346,1697.73800646284,179.910044977511
1600.79542629878,894.854586129754,179.910044977511
1648.02386278896,1098.68257519264,194.902548725637
1680.33805617698,2309.2219736515,194.902548725637
1725.08078548347,2239.62217250808,179.910044977511
1784.73775789212,1359.68182948049,179.910044977511
1794.6805866269,1369.62465821526,179.910044977511
2073.0797912006,865.026099925429,179.910044977511
2212.27939348745,1091.22545364156,179.910044977511
2217.25080785483,681.08376833209,194.902548725637
2224.70792940592,350.48471290082,179.910044977511
2286.85060899826,2065.62266964952,194.902548725637
186.428038777032,924.683072334079,194.902548725637
300.770569226945,807.854834700472,209.895052473763
492.170022371365,531.941337310465,209.895052473763
514.541387024609,519.512801391996,194.902548725637
514.541387024609,1309.96768580661,194.902548725637
569.226945065871,1856.82326621924,209.895052473763
623.912503107134,1702.70942083023,194.902548725637
710.912254536416,1183.19661943823,194.902548725637
800.397713149391,382.798906288839,209.895052473763
986.825751926423,1498.88143176734,209.895052473763
1093.71116082525,2137.70817797663,194.902548725637
1240.36788466319,1153.36813323391,194.902548725637
1446.68158090977,1705.19512801392,194.902548725637
1471.53865274671,1807.10912254536,209.895052473763
1513.7956748695,1533.68133233905,209.895052473763
1533.68133233905,1625.65249813572,194.902548725637
1568.48123291076,2431.0216256525,209.895052473763
1588.36689038031,1742.48073576933,209.895052473763
1667.90952025851,2289.33631618195,209.895052473763
1687.79517772806,966.940094456873,209.895052473763
1702.70942083023,999.254287844892,194.902548725637
1759.88068605518,106.885408898832,209.895052473763
1779.76634352473,1332.33905045986,194.902548725637
1784.73775789212,1337.31046482724,194.902548725637
1787.22346507581,1377.08177976634,194.902548725637
1812.08053691275,2301.76485210042,209.895052473763
1841.90902311708,750.683569475516,194.902548725637
1854.33755903555,748.197862291822,194.902548725637
1874.2232165051,546.855580412627,209.895052473763
1918.96594581158,91.9711657966692,194.902548725637
1921.45165299528,1618.19537658464,209.895052473763
1933.88018891375,1307.48197862292,209.895052473763
2008.45140442456,1526.22421078797,194.902548725637
2197.36515038528,2249.56500124285,194.902548725637
2214.76510067114,1148.39671886652,209.895052473763
2237.13646532438,1133.48247576436,224.887556221889
2247.07929405916,1155.8538404176,224.887556221889
2269.4506587124,514.541387024609,194.902548725637
2460.85011185682,1478.99577429779,194.902548725637
2470.7929405916,1464.08153119563,209.895052473763
129.256773552076,1782.25205070843,209.895052473763
233.656475267214,845.140442455879,239.880059970015
243.599304001989,2043.25130499627,224.887556221889
417.598806860552,1538.65274670644,209.895052473763
512.055679840915,352.970420084514,224.887556221889
514.541387024609,713.397961720109,209.895052473763
541.88416604524,290.82774049217,224.887556221889
599.055431270196,2160.07954262988,209.895052473763
628.883917474521,256.027839920457,239.880059970015
673.626646781009,246.085011185682,224.887556221889
743.226447924435,2187.42232165051,224.887556221889
1014.16853094705,2281.87919463087,224.887556221889
1029.08277404922,131.742480735769,224.887556221889
1143.42530449913,415.113099676858,209.895052473763
1193.13944817301,2194.87944320159,224.887556221889
1252.79642058166,2346.50758140691,209.895052473763
1297.53914988814,1491.42431021626,224.887556221889
1372.11036539896,47.2284364901815,224.887556221889
1396.96743723589,2209.79368630375,224.887556221889
1426.79592344022,2247.07929405916,209.895052473763
1444.19587372608,447.427293064877,209.895052473763
1590.85259756401,942.083022619935,224.887556221889
1695.25229927915,1190.65374098931,224.887556221889
1717.62366393239,805.369127516779,224.887556221889
1856.82326621924,1931.39448173005,224.887556221889
1968.68008948546,2085.50832711907,209.895052473763
2214.76510067114,1111.11111111111,224.887556221889
2254.53641561024,1116.0825254785,224.887556221889
2259.50782997763,1128.51106139697,209.895052473763
2473.27864777529,1188.16803380562,224.887556221889
119.313944817301,1794.6805866269,224.887556221889
178.970917225951,1640.56674123788,224.887556221889
208.799403430276,748.197862291822,239.880059970015
243.599304001989,860.054685558041,224.887556221889
251.05642555307,442.455878697489,239.880059970015
382.798906288839,526.969922943077,239.880059970015
387.770320656227,514.541387024609,239.880059970015
400.198856574696,509.569972657221,224.887556221889
425.055928411633,1541.13845389013,224.887556221889
434.998757146408,1474.0243599304,239.880059970015
437.484464330102,1449.16728809346,239.880059970015
454.884414615958,1474.0243599304,239.880059970015
452.398707432264,1451.65299527716,224.887556221889
472.284364901815,1459.11011682824,224.887556221889
507.084265473527,106.885408898832,224.887556221889
524.484215759384,1737.50932140194,239.880059970015
546.855580412627,596.569724086503,224.887556221889
604.026845637584,1705.19512801392,239.880059970015
631.369624658215,937.111608252548,239.880059970015
710.912254536416,392.741735023614,239.880059970015
765.597812577678,740.740740740741,239.880059970015
792.94059159831,290.82774049217,239.880059970015
795.426298782004,673.626646781009,254.872563718141
795.426298782004,273.427790206314,239.880059970015
969.425801640567,536.912751677852,239.880059970015
994.282873477504,1767.33780760626,239.880059970015
1066.36838180462,1476.51006711409,224.887556221889
1076.3112105394,1416.85309470544,239.880059970015
1093.71116082525,1439.22445935869,224.887556221889
1091.22545364156,1421.82450907283,239.880059970015
1096.19686800895,1409.39597315436,239.880059970015
1247.82500621427,1309.96768580661,239.880059970015
1265.22495650012,156.599552572707,224.887556221889
1262.73924931643,1312.45339299031,224.887556221889
1265.22495650012,144.171016654238,239.880059970015
1287.59632115337,934.625901068854,224.887556221889
1391.99602286851,1307.48197862292,239.880059970015
1411.88168033806,2222.22222222222,224.887556221889
1483.96718866518,1556.05269699229,239.880059970015
1498.88143176734,1570.96694009446,239.880059970015
1508.82426050211,457.370121799652,224.887556221889
1575.93835446184,1426.79592344022,239.880059970015
1583.39547601293,929.654486701467,224.887556221889
1717.62366393239,2145.16529952772,224.887556221889
1797.16629381059,959.482972905792,239.880059970015
1844.39473030077,1943.82301764852,239.880059970015
1899.08028834203,2087.99403430276,224.887556221889
2075.56549838429,1464.08153119563,239.880059970015
2207.30797912006,663.683818046234,239.880059970015
2239.62217250808,1165.79666915237,224.887556221889
2252.05070842655,579.169773800646,224.887556221889
2264.47924434502,1140.93959731544,239.880059970015
109.371116082525,904.797414864529,269.865067466267
119.313944817301,899.826000497141,239.880059970015
139.199602286851,894.854586129754,254.872563718141
193.885160328113,1638.08103405419,254.872563718141
223.713646532438,1424.31021625653,254.872563718141
233.656475267214,1093.71116082525,239.880059970015
248.570718369376,842.654735272185,239.880059970015
434.998757146408,2115.33681332339,239.880059970015
447.427293064877,1461.59582401193,254.872563718141
529.455630126771,999.254287844892,269.865067466267
820.283370618941,1116.0825254785,254.872563718141
966.940094456873,521.99850857569,254.872563718141
986.825751926423,700.969425801641,254.872563718141
1031.56848123291,2324.13621675367,239.880059970015
1086.25403927417,1441.71016654238,239.880059970015
1111.11111111111,638.826746209297,254.872563718141
1153.36813323391,273.427790206314,254.872563718141
1178.22520507084,1280.13919960229,254.872563718141
1247.82500621427,1759.88068605518,254.872563718141
1282.62490678598,367.884663186677,254.872563718141
1285.11061396967,942.083022619935,239.880059970015
1466.56723837932,1565.99552572707,254.872563718141
1474.0243599304,1784.73775789212,254.872563718141
1474.0243599304,693.512304250559,254.872563718141
1481.48148148148,273.427790206314,239.880059970015
1481.48148148148,1575.93835446184,254.872563718141
1526.22421078797,673.626646781009,239.880059970015
1538.65274670644,1456.62440964454,254.872563718141
1543.62416107383,579.169773800646,254.872563718141
1551.08128262491,2145.16529952772,239.880059970015
1565.99552572707,2135.22247079294,239.880059970015
1623.16679095203,278.399204573701,239.880059970015
1834.451901566,2102.90827740492,254.872563718141
1849.36614466816,2105.39398458862,254.872563718141
1859.30897340293,1270.19637086751,254.872563718141
1889.13745960726,2100.42257022123,239.880059970015
1973.65150385285,1135.96818294805,254.872563718141
1998.50857568978,1347.25329356202,239.880059970015
2070.5940840169,1488.93860303256,239.880059970015
2157.59383544618,653.740989311459,254.872563718141
2194.87944320159,790.454884414616,239.880059970015
99.4282873477504,884.911757394979,269.865067466267
111.856823266219,887.397464578673,254.872563718141
236.142182450907,599.055431270196,269.865067466267
241.113596818295,825.254784986329,254.872563718141
355.456127268208,1610.73825503356,269.865067466267
576.684066616953,917.225950782998,284.857571214393
631.369624658215,929.654486701467,269.865067466267
723.340790454884,1799.65200099428,269.865067466267
748.197862291822,755.654983842903,269.865067466267
850.111856823266,2105.39398458862,269.865067466267
855.083271190654,434.998757146408,269.865067466267
919.711657966692,1834.451901566,269.865067466267
922.197365150385,121.799652000994,269.865067466267
986.825751926423,1764.85210042257,254.872563718141
1029.08277404922,2319.16480238628,254.872563718141
1086.25403927417,1772.30922197365,269.865067466267
1121.05393984589,164.056674123788,269.865067466267
1135.96818294805,822.769077802635,284.857571214393
1170.76808351976,258.513547104151,269.865067466267
1250.31071339796,1700.22371364653,254.872563718141
1260.25354213274,1058.91126025354,254.872563718141
1262.73924931643,1217.99652000994,254.872563718141
1272.68207805121,907.283122048223,269.865067466267
1280.13919960229,934.625901068854,254.872563718141
1277.65349241859,2150.1367138951,254.872563718141
1419.33880188914,2112.8511061397,269.865067466267
1434.2530449913,2115.33681332339,254.872563718141
1456.62440964454,1779.76634352473,269.865067466267
1491.42431021626,447.427293064877,269.865067466267
1538.65274670644,1476.51006711409,254.872563718141
1575.93835446184,2361.42182450907,269.865067466267
1752.4235645041,1618.19537658464,284.857571214393
1849.36614466816,1369.62465821526,269.865067466267
1941.33731046483,599.055431270196,269.865067466267
1976.13721103654,410.141685309471,284.857571214393
2035.79418344519,2095.45115585384,269.865067466267
2085.50832711907,1478.99577429779,254.872563718141
2252.05070842655,1143.42530449913,254.872563718141
2252.05070842655,571.712652249565,254.872563718141
37.2856077554064,1513.7956748695,284.857571214393
400.198856574696,462.34153616704,284.857571214393
569.226945065871,323.141933880189,284.857571214393
633.855331841909,1986.08003977131,284.857571214393
782.997762863535,1901.56599552573,269.865067466267
790.454884414616,1705.19512801392,299.850074962519
822.769077802635,1819.53765846383,284.857571214393
882.426050211285,1021.62565249814,299.850074962519
902.311707680835,111.856823266219,269.865067466267
986.825751926423,676.112353964703,269.865067466267
986.825751926423,2028.33706189411,284.857571214393
1029.08277404922,792.94059159831,284.857571214393
1066.36838180462,1116.0825254785,284.857571214393
1098.68257519264,1784.73775789212,284.857571214393
1108.62540392742,1454.13870246085,284.857571214393
1116.0825254785,181.456624409645,284.857571214393
1133.48247576436,57.1712652249565,284.857571214393
1183.19661943823,169.028088491176,269.865067466267
1200.59656972409,1396.96743723589,284.857571214393
1227.93934874472,2095.45115585384,269.865067466267
1242.85359184688,708.426547352722,284.857571214393
1280.13919960229,1804.62341536167,269.865067466267
1280.13919960229,1657.96669152374,284.857571214393
1302.51056425553,1660.45239870743,299.850074962519
1354.7104151131,1861.79468058663,284.857571214393
1493.91001739995,601.54113845389,284.857571214393
1648.02386278896,1205.56798409147,284.857571214393
1826.99478001491,1148.39671886652,284.857571214393
1983.59433258762,1998.50857568978,284.857571214393
2085.50832711907,1242.85359184688,284.857571214393
171.513795674869,865.026099925429,299.850074962519
203.827989062888,1406.91026597067,299.850074962519
308.227690778026,651.255282127765,299.850074962519
427.541635595327,884.911757394979,299.850074962519
551.826994780015,223.713646532438,299.850074962519
596.569724086503,251.05642555307,314.842578710645
686.055182699478,1476.51006711409,314.842578710645
768.083519761372,211.28511061397,299.850074962519
773.05493412876,1208.05369127517,314.842578710645
790.454884414616,104.399701715138,299.850074962519
792.94059159831,2219.73651503853,299.850074962519
882.426050211285,673.626646781009,284.857571214393
952.02585135471,2319.16480238628,299.850074962519
976.882923191648,636.341039025603,299.850074962519
1140.93959731544,338.056176982351,299.850074962519
1270.19637086751,1086.25403927417,299.850074962519
1344.76758637832,964.454387273179,299.850074962519
1349.73900074571,949.540144171017,299.850074962519
1406.91026597067,437.484464330102,314.842578710645
1404.42455878698,1583.39547601293,299.850074962519
1533.68133233905,1163.31096196868,299.850074962519
1822.02336564753,862.540392741735,299.850074962519
1973.65150385285,1523.73850360428,299.850074962519
2000.99428287348,1493.91001739995,314.842578710645
2083.02261993537,1287.59632115337,299.850074962519
2127.76534924186,1662.93810589113,314.842578710645
2244.59358687547,1548.59557544121,299.850074962519
2286.85060899826,815.311956251554,284.857571214393
198.856574695501,1347.25329356202,329.835082458771
218.742232165051,1190.65374098931,314.842578710645
477.255779269202,832.71190653741,329.835082458771
489.684315187671,837.683320904797,314.842578710645
678.598061148397,1461.59582401193,314.842578710645
855.083271190654,730.797912005966,314.842578710645
959.482972905792,2035.79418344519,329.835082458771
979.368630375342,954.511558538404,329.835082458771
1009.19711657967,1324.88192890877,329.835082458771
1135.96818294805,693.512304250559,314.842578710645
1255.28212776535,922.197365150385,314.842578710645
1275.1677852349,1098.68257519264,299.850074962519
1391.99602286851,437.484464330102,314.842578710645
1483.96718866518,1570.96694009446,299.850074962519
1513.7956748695,1702.70942083023,314.842578710645
1548.59557544121,2070.5940840169,329.835082458771
1643.05244842158,2184.93661446682,314.842578710645
1685.30947054437,725.826497638578,314.842578710645
1695.25229927915,524.484215759384,314.842578710645
1720.10937111608,748.197862291822,314.842578710645
1764.85210042257,270.94208302262,314.842578710645
1841.90902311708,387.770320656227,314.842578710645
1889.13745960726,320.656226696495,314.842578710645
1911.5088242605,1498.88143176734,314.842578710645
2005.96569724086,1859.30897340293,329.835082458771
2115.33681332339,1650.50956997266,314.842578710645
178.970917225951,1337.31046482724,329.835082458771
236.142182450907,1245.33929903057,329.835082458771
497.141436738752,1108.62540392742,329.835082458771
521.99850857569,1829.48048719861,329.835082458771
606.512552821278,1794.6805866269,329.835082458771
616.455381556053,1819.53765846383,329.835082458771
631.369624658215,1812.08053691275,329.835082458771
778.026348496147,1680.33805617698,329.835082458771
782.997762863535,300.770569226945,329.835082458771
867.511807109123,173.999502858563,329.835082458771
974.397216007954,964.454387273179,344.827586206897
1145.91101168282,991.797166293811,329.835082458771
1247.82500621427,2229.6793437733,314.842578710645
1354.7104151131,442.455878697489,314.842578710645
1411.88168033806,1217.99652000994,329.835082458771
1461.59582401193,618.941088739746,329.835082458771
1623.16679095203,919.711657966692,329.835082458771
1946.30872483221,1784.73775789212,329.835082458771
2083.02261993537,1302.51056425553,344.827586206897
2090.47974148645,653.740989311459,329.835082458771
285.856326124783,676.112353964703,344.827586206897
357.941834451902,1677.85234899329,344.827586206897
434.998757146408,691.026597066866,344.827586206897
439.970171513796,1041.51130996769,344.827586206897
487.198608003977,830.226199353716,329.835082458771
616.455381556053,1804.62341536167,344.827586206897
631.369624658215,1183.19661943823,344.827586206897
768.083519761372,927.168779517773,344.827586206897
845.140442455879,178.970917225951,344.827586206897
942.083022619935,1471.53865274671,344.827586206897
1026.59706686552,1416.85309470544,344.827586206897
1041.51130996769,1394.4817300522,359.820089955023
1155.8538404176,1295.05344270445,344.827586206897
1175.73949788715,857.568978374347,329.835082458771
1183.19661943823,860.054685558041,329.835082458771
1309.96768580661,1426.79592344022,329.835082458771
1359.68182948049,452.398707432264,329.835082458771
1891.62316679095,1777.28063634104,344.827586206897
1943.82301764852,1399.45314441959,344.827586206897
1991.0514541387,1660.45239870743,359.820089955023
251.05642555307,770.569226945066,344.827586206897
338.056176982351,1730.05219985086,359.820089955023
415.113099676858,1573.45264727815,344.827586206897
427.541635595327,1598.30971911509,374.812593703148
454.884414615958,705.940840169028,359.820089955023
474.770072085508,1394.4817300522,359.820089955023
484.712900820283,1416.85309470544,359.820089955023
482.22719363659,817.797663435247,344.827586206897
492.170022371365,1396.96743723589,359.820089955023
718.369376087497,1034.0541884166,344.827586206897
718.369376087497,507.084265473527,344.827586206897
755.654983842903,917.225950782998,359.820089955023
889.883171762366,494.655729555058,359.820089955023
1205.56798409147,559.284116331096,359.820089955023
1237.88217747949,1230.42505592841,359.820089955023
1314.939100174,840.169028088491,359.820089955023
1469.05294556301,2214.76510067114,344.827586206897
1483.96718866518,417.598806860552,344.827586206897
1603.28113348248,1749.93785732041,359.820089955023
1670.39522744221,2110.365398956,359.820089955023
1839.42331593338,1387.02460850112,359.820089955023
1986.08003977131,959.482972905792,359.820089955023
2063.13696246582,800.397713149391,344.827586206897
420.084514044246,1464.08153119563,359.820089955023
434.998757146408,710.912254536416,359.820089955023
444.941585881183,695.998011434253,374.812593703148
611.483967188665,1312.45339299031,374.812593703148
646.283867760378,914.740243599304,374.812593703148
663.683818046234,917.225950782998,374.812593703148
884.911757394979,837.683320904797,374.812593703148
1061.39696743724,556.798409147402,389.805097451274
1175.73949788715,1116.0825254785,404.7976011994
1225.45364156102,1227.93934874472,374.812593703148
1230.42505592841,760.626398210291,359.820089955023
1270.19637086751,280.884911757395,374.812593703148
1307.48197862292,2020.87994034303,389.805097451274
1431.76733780761,966.940094456873,359.820089955023
1444.19587372608,971.911508824261,374.812593703148
1456.62440964454,952.02585135471,374.812593703148
1749.93785732041,705.940840169028,374.812593703148
1889.13745960726,1255.28212776535,389.805097451274
1904.05170270942,1235.3964702958,374.812593703148
270.94208302262,986.825751926423,389.805097451274
357.941834451902,1660.45239870743,374.812593703148
643.798160576684,937.111608252548,374.812593703148
733.283619189659,499.627143922446,389.805097451274
1009.19711657967,1575.93835446184,404.7976011994
1026.59706686552,315.684812329108,374.812593703148
1183.19661943823,531.941337310465,389.805097451274
1339.79617201094,1625.65249813572,374.812593703148
1352.22470792941,991.797166293811,389.805097451274
1357.19612229679,1623.16679095203,404.7976011994
1414.36738752175,730.797912005966,404.7976011994
1439.22445935869,952.02585135471,374.812593703148
1446.68158090977,1451.65299527716,374.812593703148
1498.88143176734,1329.85334327616,389.805097451274
1690.28088491176,1834.451901566,389.805097451274
1802.13770817798,1752.4235645041,404.7976011994
1841.90902311708,1565.99552572707,404.7976011994
1861.79468058663,1871.7375093214,389.805097451274
1909.02311707681,1252.79642058166,389.805097451274
1986.08003977131,715.883668903803,389.805097451274
2048.22271936366,1394.4817300522,389.805097451274
415.113099676858,882.426050211285,389.805097451274
509.569972657221,1111.11111111111,404.7976011994
589.112602535421,586.626895351728,404.7976011994
631.369624658215,1528.70991797166,404.7976011994
773.05493412876,1041.51130996769,404.7976011994
989.311459110117,1188.16803380562,404.7976011994
1009.19711657967,1630.62391250311,419.790104947526
1071.33979617201,1884.16604523987,404.7976011994
1143.42530449913,1130.99676858066,404.7976011994
1165.79666915237,1570.96694009446,419.790104947526
1193.13944817301,514.541387024609,404.7976011994
1227.93934874472,857.568978374347,404.7976011994
1312.45339299031,1966.19438230176,389.805097451274
1342.28187919463,1613.22396221725,389.805097451274
1379.56748695004,1491.42431021626,389.805097451274
1382.05319413373,1312.45339299031,404.7976011994
1384.53890131742,1503.85284613473,389.805097451274
1411.88168033806,1297.53914988814,404.7976011994
1625.65249813572,1687.79517772806,404.7976011994
1700.22371364653,1834.451901566,389.805097451274
1705.19512801392,1829.48048719861,389.805097451274
1707.68083519761,1846.88043748446,389.805097451274
1797.16629381059,723.340790454884,404.7976011994
1851.85185185185,825.254784986329,404.7976011994
1864.28038777032,1889.13745960726,404.7976011994
1923.93736017897,1565.99552572707,404.7976011994
1996.02286850609,899.826000497141,404.7976011994
549.341287596321,1722.59507829978,419.790104947526
611.483967188665,1168.28237633607,404.7976011994
661.19811086254,924.683072334079,404.7976011994
775.540641312453,1317.42480735769,419.790104947526
902.311707680835,902.311707680835,404.7976011994
1160.82525478499,1690.28088491176,419.790104947526
1399.45314441959,1302.51056425553,419.790104947526
1851.85185185185,1645.53815560527,419.790104947526
2013.42281879195,894.854586129754,419.790104947526
484.712900820283,837.683320904797,434.782608695652
487.198608003977,865.026099925429,449.775112443778
564.255530698484,1732.53790703455,434.782608695652
591.598309719115,1270.19637086751,434.782608695652
765.597812577678,1623.16679095203,434.782608695652
780.512055679841,1369.62465821526,434.782608695652
812.82624906786,954.511558538404,434.782608695652
959.482972905792,1307.48197862292,434.782608695652
1016.65423813075,705.940840169028,434.782608695652
1165.79666915237,1344.76758637832,434.782608695652
1242.85359184688,1401.93885160328,434.782608695652
1399.45314441959,1143.42530449913,434.782608695652
1399.45314441959,1387.02460850112,434.782608695652
1406.91026597067,1374.59607258265,434.782608695652
1461.59582401193,897.340293313448,419.790104947526
1483.96718866518,1493.91001739995,434.782608695652
1598.30971911509,591.598309719115,449.775112443778
521.99850857569,1237.88217747949,434.782608695652
564.255530698484,1183.19661943823,464.767616191904
601.54113845389,1720.10937111608,449.775112443778
822.769077802635,1672.8809346259,449.775112443778
862.540392741735,1277.65349241859,464.767616191904
954.511558538404,1901.56599552573,434.782608695652
969.425801640567,1603.28113348248,464.767616191904
1096.19686800895,1700.22371364653,449.775112443778
1195.6251553567,1446.68158090977,449.775112443778
1277.65349241859,1759.88068605518,464.767616191904
1319.91051454139,1580.90976882923,449.775112443778
1384.53890131742,1091.22545364156,449.775112443778
1456.62440964454,882.426050211285,449.775112443778
1575.93835446184,589.112602535421,464.767616191904
1650.50956997266,691.026597066866,434.782608695652
1648.02386278896,686.055182699478,464.767616191904
1705.19512801392,1478.99577429779,464.767616191904
728.312204822272,947.054436987323,464.767616191904
1113.5968182948,1553.5669898086,479.76011994003
1481.48148148148,904.797414864529,464.767616191904
743.226447924435,867.511807109123,494.752623688156
1004.22570221228,976.882923191648,464.767616191904
1039.02560278399,1076.3112105394,494.752623688156
1106.13969674372,1536.16703952274,479.76011994003
1126.02535421327,1568.48123291076,479.76011994003
1578.42406164554,1387.02460850112,464.767616191904
795.426298782004,1498.88143176734,479.76011994003
810.340541884166,1021.62565249814,509.745127436282
1004.22570221228,969.425801640567,494.752623688156
1098.68257519264,807.854834700472,494.752623688156
1158.33954760129,1742.48073576933,494.752623688156
1153.36813323391,1730.05219985086,479.76011994003
1436.73875217499,1014.16853094705,509.745127436282
1444.19587372608,666.169525229928,494.752623688156
1516.28138205319,695.998011434253,494.752623688156
1561.02411135968,1367.13895103157,494.752623688156
1578.42406164554,1377.08177976634,494.752623688156
1628.13820531941,1096.19686800895,494.752623688156
1764.85210042257,1426.79592344022,494.752623688156
1849.36614466816,1198.11086254039,479.76011994003
797.912005965697,1511.30996768581,509.745127436282
869.997514292816,1048.96843151877,509.745127436282
899.826000497141,1081.28262490679,509.745127436282
1051.45413870246,743.226447924435,509.745127436282
1121.05393984589,835.197613721104,524.737631184408
1130.99676858066,1578.42406164554,494.752623688156
1158.33954760129,1757.39497887149,494.752623688156
1205.56798409147,815.311956251554,524.737631184408
1307.48197862292,892.36887894606,509.745127436282
1372.11036539896,1130.99676858066,509.745127436282
1454.13870246085,1232.91076311211,509.745127436282
1558.53840417599,1451.65299527716,509.745127436282
1568.48123291076,1280.13919960229,509.745127436282
1121.05393984589,1486.45289584887,539.730134932534
1165.79666915237,733.283619189659,524.737631184408
1217.99652000994,1088.73974645787,539.730134932534
1213.02510564256,1096.19686800895,509.745127436282
1217.99652000994,1093.71116082525,509.745127436282
1250.31071339796,1155.8538404176,524.737631184408
922.197365150385,1240.36788466319,539.730134932534
1143.42530449913,1508.82426050211,539.730134932534
1235.3964702958,1474.0243599304,539.730134932534
1265.22495650012,1140.93959731544,539.730134932534
1297.53914988814,1546.10986825752,524.737631184408
1441.71016654238,663.683818046234,524.737631184408
1449.16728809346,668.655232413622,524.737631184408
1300.02485707184,1553.5669898086,539.730134932534
1561.02411135968,1459.11011682824,539.730134932534
902.311707680835,1081.28262490679,554.72263868066
