7.45712155108128,1374.59607258265,14.9925037481259
29.8284862043251,1222.96793437733,14.9925037481259
74.5712155108128,196.370867511807,14.9925037481259
136.713895103157,1322.39622172508,29.9850074962519
156.599552572707,1329.85334327616,14.9925037481259
236.142182450907,1464.08153119563,14.9925037481259
293.313447675864,1011.68282376336,29.9850074962519
352.970420084514,260.999254287845,29.9850074962519
352.970420084514,1578.42406164554,14.9925037481259
370.37037037037,268.456375838926,29.9850074962519
400.198856574696,2135.22247079294,14.9925037481259
407.655978125777,2117.82252050708,29.9850074962519
447.427293064877,1685.30947054437,29.9850074962519
467.312950534427,181.456624409645,29.9850074962519
519.512801391996,1188.16803380562,14.9925037481259
529.455630126771,395.227442207308,29.9850074962519
544.369873228934,395.227442207308,14.9925037481259
544.369873228934,377.827491921452,14.9925037481259
551.826994780015,1749.93785732041,29.9850074962519
566.741237882178,392.741735023614,14.9925037481259
579.169773800646,1585.88118319662,29.9850074962519
581.65548098434,2423.56450410142,29.9850074962519
589.112602535421,1267.71066368382,14.9925037481259
599.055431270196,524.484215759384,29.9850074962519
599.055431270196,1262.73924931643,29.9850074962519
636.341039025603,2386.27889634601,14.9925037481259
668.655232413622,934.625901068854,29.9850074962519
686.055182699478,2435.99304001989,29.9850074962519
850.111856823266,1267.71066368382,29.9850074962519
966.940094456873,82.0283370618941,29.9850074962519
979.368630375342,101.913994531444,29.9850074962519
996.768580661198,1068.85408898832,29.9850074962519
1009.19711657967,1076.3112105394,29.9850074962519
1024.11135968183,1081.28262490679,29.9850074962519
1066.36838180462,1657.96669152374,14.9925037481259
1116.0825254785,2346.50758140691,29.9850074962519
1203.08227690778,713.397961720109,29.9850074962519
1210.53939845886,258.513547104151,14.9925037481259
1217.99652000994,357.941834451902,14.9925037481259
1260.25354213274,2207.30797912006,14.9925037481259
1300.02485707184,193.885160328113,29.9850074962519
1414.36738752175,790.454884414616,29.9850074962519
1419.33880188914,805.369127516779,29.9850074962519
1486.45289584887,2247.07929405916,29.9850074962519
1546.10986825752,874.968928660204,44.9775112443778
1600.79542629878,2209.79368630375,29.9850074962519
1648.02386278896,1265.22495650012,29.9850074962519
1648.02386278896,2179.96520009943,29.9850074962519
1675.36664180959,1240.36788466319,44.9775112443778
1680.33805617698,994.282873477504,14.9925037481259
1705.19512801392,1702.70942083023,14.9925037481259
1710.16654238131,2232.165050957,29.9850074962519
1752.4235645041,2473.27864777529,14.9925037481259
1807.10912254536,1854.33755903555,29.9850074962519
1812.08053691275,1958.73726075068,29.9850074962519
1814.56624409645,2314.19338801889,29.9850074962519
1886.65175242356,1904.05170270942,14.9925037481259
1909.02311707681,1623.16679095203,29.9850074962519
1941.33731046483,810.340541884166,14.9925037481259
1976.13721103654,2257.02212279394,29.9850074962519
1981.10862540393,1961.22296793438,44.9775112443778
1996.02286850609,2075.56549838429,29.9850074962519
2045.73701217997,1687.79517772806,29.9850074962519
2115.33681332339,708.426547352722,29.9850074962519
2165.05095699727,298.284862043251,29.9850074962519
2304.25055928412,1419.33880188914,14.9925037481259
2329.10763112105,1349.73900074571,29.9850074962519
2388.7646035297,268.456375838926,44.9775112443778
2421.07879691772,728.312204822272,29.9850074962519
2438.47874720358,1657.96669152374,14.9925037481259
2458.36440467313,1660.45239870743,29.9850074962519
2463.33581904052,1056.42555306985,14.9925037481259
42.2570221227939,233.656475267214,44.9775112443778
111.856823266219,1951.2801391996,44.9775112443778
144.171016654238,2140.19388516033,29.9850074962519
295.799154859558,1068.85408898832,44.9775112443778
375.341784737758,258.513547104151,44.9775112443778
425.055928411633,1252.79642058166,29.9850074962519
517.027094208302,564.255530698484,44.9775112443778
524.484215759384,1620.68108376833,44.9775112443778
559.284116331096,817.797663435247,44.9775112443778
564.255530698484,1339.79617201094,44.9775112443778
658.712403678847,1717.62366393239,29.9850074962519
735.769326373353,877.454635843898,29.9850074962519
817.797663435247,2326.62192393736,29.9850074962519
889.883171762366,173.999502858563,59.9700149925037
964.454387273179,1983.59433258762,44.9775112443778
1026.59706686552,2135.22247079294,59.9700149925037
1180.71091225454,1126.02535421327,44.9775112443778
1357.19612229679,402.684563758389,29.9850074962519
1359.68182948049,407.655978125777,29.9850074962519
1431.76733780761,407.655978125777,29.9850074962519
1436.73875217499,308.227690778026,44.9775112443778
1436.73875217499,410.141685309471,29.9850074962519
1538.65274670644,840.169028088491,44.9775112443778
1648.02386278896,2197.36515038528,29.9850074962519
1650.50956997266,780.512055679841,44.9775112443778
1660.45239870743,2179.96520009943,59.9700149925037
1901.56599552573,1116.0825254785,29.9850074962519
1991.0514541387,1968.68008948546,44.9775112443778
2050.70842654735,2000.99428287348,29.9850074962519
2068.10837683321,166.542381307482,44.9775112443778
2162.56524981357,2045.73701217997,44.9775112443778
2281.87919463087,1737.50932140194,59.9700149925037
2361.42182450907,1404.42455878698,44.9775112443778
2398.70743226448,300.770569226945,44.9775112443778
2440.96445438727,1635.59532687049,44.9775112443778
2448.42157593835,1053.93984588615,44.9775112443778
2465.82152622421,1630.62391250311,29.9850074962519
2473.27864777529,1650.50956997266,44.9775112443778
2.48570718369376,1379.56748695004,44.9775112443778
315.684812329108,2376.33606761124,59.9700149925037
405.170270942083,121.799652000994,59.9700149925037
444.941585881183,1034.0541884166,44.9775112443778
452.398707432264,1469.05294556301,59.9700149925037
462.34153616704,1389.51031568481,59.9700149925037
519.512801391996,310.71339796172,59.9700149925037
763.112105393985,730.797912005966,59.9700149925037
822.769077802635,1851.85185185185,59.9700149925037
820.283370618941,2334.07904548844,44.9775112443778
832.71190653741,1834.451901566,59.9700149925037
850.111856823266,2060.65125528213,59.9700149925037
934.625901068854,499.627143922446,44.9775112443778
1078.79691772309,2224.70792940592,59.9700149925037
1290.08202833706,549.341287596321,44.9775112443778
1387.02460850112,2115.33681332339,59.9700149925037
1531.19562515536,1777.28063634104,44.9775112443778
1536.16703952274,1772.30922197365,44.9775112443778
1543.62416107383,855.083271190654,59.9700149925037
1541.13845389013,1792.1948794432,74.9625187406297
1558.53840417599,1779.76634352473,59.9700149925037
1573.45264727815,1757.39497887149,59.9700149925037
1585.88118319662,1779.76634352473,59.9700149925037
1633.1096196868,780.512055679841,59.9700149925037
2038.27989062888,1923.93736017897,44.9775112443778
2160.07954262988,2388.7646035297,59.9700149925037
2299.27914491673,1804.62341536167,59.9700149925037
2304.25055928412,549.341287596321,59.9700149925037
2304.25055928412,1822.02336564753,59.9700149925037
2475.76435495899,1083.76833209048,44.9775112443778
144.171016654238,2319.16480238628,74.9625187406297
256.027839920457,507.084265473527,74.9625187406297
265.970668655232,1004.22570221228,59.9700149925037
330.59905543127,661.19811086254,74.9625187406297
370.37037037037,1474.0243599304,74.9625187406297
372.856077554064,1488.93860303256,59.9700149925037
546.855580412627,912.25453641561,59.9700149925037
643.798160576684,2309.2219736515,74.9625187406297
666.169525229928,0,59.9700149925037
758.140691026597,2120.30822769078,74.9625187406297
805.369127516779,1938.85160328113,59.9700149925037
835.197613721104,2065.62266964952,59.9700149925037
934.625901068854,579.169773800646,74.9625187406297
939.597315436242,101.913994531444,74.9625187406297
952.02585135471,1101.16828237634,74.9625187406297
1093.71116082525,382.798906288839,59.9700149925037
1205.56798409147,228.685060899826,74.9625187406297
1240.36788466319,1317.42480735769,74.9625187406297
1252.79642058166,1322.39622172508,59.9700149925037
1260.25354213274,1911.5088242605,74.9625187406297
1297.53914988814,1486.45289584887,74.9625187406297
1327.36763609247,1158.33954760129,59.9700149925037
1329.85334327616,1175.73949788715,74.9625187406297
1349.73900074571,1476.51006711409,74.9625187406297
1396.96743723589,852.59756400696,59.9700149925037
1449.16728809346,2358.93611732538,59.9700149925037
1461.59582401193,1245.33929903057,74.9625187406297
1518.76708923689,1722.59507829978,74.9625187406297
1523.73850360428,1794.6805866269,59.9700149925037
1613.22396221725,536.912751677852,59.9700149925037
1640.56674123788,1262.73924931643,59.9700149925037
1652.99527715635,2182.45090728312,59.9700149925037
1665.42381307482,758.140691026597,74.9625187406297
1732.53790703455,780.512055679841,74.9625187406297
1744.96644295302,790.454884414616,74.9625187406297
1817.05195128014,1364.65324384787,59.9700149925037
1844.39473030077,1869.25180213771,74.9625187406297
1874.2232165051,2174.99378573204,59.9700149925037
1943.82301764852,402.684563758389,74.9625187406297
1981.10862540393,57.1712652249565,59.9700149925037
2040.76559781258,1257.76783494904,74.9625187406297
2097.93686303753,633.855331841909,74.9625187406297
2100.42257022123,1317.42480735769,74.9625187406297
2137.70817797663,599.055431270196,74.9625187406297
2177.47949291573,1004.22570221228,59.9700149925037
2187.42232165051,591.598309719115,74.9625187406297
2199.85085756898,1295.05344270445,74.9625187406297
2227.19363658961,1138.45389013174,74.9625187406297
2304.25055928412,173.999502858563,59.9700149925037
2309.2219736515,305.741983594333,59.9700149925037
2311.7076808352,1434.2530449913,74.9625187406297
2314.19338801889,1406.91026597067,74.9625187406297
2314.19338801889,2261.99353716132,59.9700149925037
2324.13621675367,1814.56624409645,74.9625187406297
2324.13621675367,318.170519512801,74.9625187406297
2321.65050956997,1826.99478001491,74.9625187406297
2326.62192393736,2090.47974148645,74.9625187406297
2331.59333830475,1434.2530449913,74.9625187406297
2339.05045985583,1444.19587372608,74.9625187406297
2448.42157593835,372.856077554064,74.9625187406297
52.199850857569,1556.05269699229,74.9625187406297
89.4854586129754,1909.02311707681,89.9550224887556
246.085011185682,1026.59706686552,89.9550224887556
310.71339796172,7.45712155108128,89.9550224887556
343.027591349739,1526.22421078797,89.9550224887556
415.113099676858,270.94208302262,74.9625187406297
430.027342779021,1578.42406164554,89.9550224887556
444.941585881183,1384.53890131742,74.9625187406297
449.913000248571,1374.59607258265,74.9625187406297
604.026845637584,646.283867760378,89.9550224887556
723.340790454884,1314.939100174,89.9550224887556
862.540392741735,1732.53790703455,89.9550224887556
929.654486701467,1106.13969674372,74.9625187406297
944.568729803629,273.427790206314,74.9625187406297
1009.19711657967,1337.31046482724,104.947526236882
1011.68282376336,1777.28063634104,89.9550224887556
1019.13994531444,427.541635595327,74.9625187406297
1058.91126025354,173.999502858563,89.9550224887556
1145.91101168282,1222.96793437733,89.9550224887556
1193.13944817301,827.740492170022,74.9625187406297
1195.6251553567,830.226199353716,74.9625187406297
1242.85359184688,1193.13944817301,89.9550224887556
1454.13870246085,852.59756400696,74.9625187406297
1491.42431021626,1287.59632115337,89.9550224887556
1523.73850360428,1165.79666915237,74.9625187406297
1533.68133233905,939.597315436242,74.9625187406297
1561.02411135968,1029.08277404922,74.9625187406297
1715.13795674869,2085.50832711907,74.9625187406297
1819.53765846383,1372.11036539896,74.9625187406297
1834.451901566,405.170270942083,89.9550224887556
1864.28038777032,216.256524981357,89.9550224887556
1913.9945314442,82.0283370618941,74.9625187406297
1976.13721103654,2428.5359184688,89.9550224887556
1996.02286850609,1165.79666915237,89.9550224887556
2105.39398458862,566.741237882178,89.9550224887556
2152.6224210788,258.513547104151,74.9625187406297
2187.42232165051,1469.05294556301,89.9550224887556
2194.87944320159,1001.73999502859,74.9625187406297
2199.85085756898,1004.22570221228,74.9625187406297
2202.33656475267,981.854337559036,74.9625187406297
2207.30797912006,1011.68282376336,89.9550224887556
2274.42207307979,1461.59582401193,89.9550224887556
2279.39348744718,1451.65299527716,89.9550224887556
2284.36490181457,1111.11111111111,89.9550224887556
2351.4789957743,420.084514044246,89.9550224887556
2431.0216256525,1600.79542629878,89.9550224887556
39.7713149391002,1804.62341536167,104.947526236882
72.0855083271191,869.997514292816,104.947526236882
77.0569226945066,892.36887894606,104.947526236882
86.9997514292816,874.968928660204,104.947526236882
263.484961471539,1931.39448173005,89.9550224887556
318.170519512801,1583.39547601293,89.9550224887556
330.59905543127,1635.59532687049,89.9550224887556
367.884663186677,2271.9363658961,104.947526236882
449.913000248571,1367.13895103157,89.9550224887556
512.055679840915,2319.16480238628,104.947526236882
566.741237882178,1021.62565249814,104.947526236882
574.198359433259,2396.22172508079,104.947526236882
601.54113845389,1635.59532687049,104.947526236882
681.08376833209,1807.10912254536,104.947526236882
695.998011434253,1648.02386278896,104.947526236882
698.483718617947,1553.5669898086,104.947526236882
725.826497638578,390.25602783992,89.9550224887556
797.912005965697,1295.05344270445,104.947526236882
830.226199353716,1891.62316679095,89.9550224887556
909.768829231916,611.483967188665,89.9550224887556
949.540144171017,1966.19438230176,89.9550224887556
1078.79691772309,869.997514292816,104.947526236882
1185.68232662192,410.141685309471,104.947526236882
1227.93934874472,1222.96793437733,104.947526236882
1329.85334327616,201.342281879195,104.947526236882
1588.36689038031,2085.50832711907,89.9550224887556
1633.1096196868,1958.73726075068,104.947526236882
1633.1096196868,1429.28163062391,104.947526236882
1640.56674123788,1600.79542629878,104.947526236882
1650.50956997266,1324.88192890877,104.947526236882
1667.90952025851,1692.76659209545,89.9550224887556
1705.19512801392,1004.22570221228,89.9550224887556
1707.68083519761,430.027342779021,104.947526236882
1767.33780760626,2401.19313944817,104.947526236882
1859.30897340293,1710.16654238131,104.947526236882
1891.62316679095,802.883420333085,104.947526236882
1904.05170270942,792.94059159831,89.9550224887556
1913.9945314442,1449.16728809346,104.947526236882
1928.90877454636,606.512552821278,104.947526236882
1971.16579666915,2416.10738255034,89.9550224887556
1986.08003977131,2431.0216256525,104.947526236882
2003.47999005717,2445.93586875466,104.947526236882
2008.45140442456,2423.56450410142,104.947526236882
2102.90827740492,77.0569226945066,104.947526236882
2115.33681332339,1466.56723837932,89.9550224887556
2197.36515038528,2371.36465324385,104.947526236882
2204.82227193637,782.997762863535,104.947526236882
2279.39348744718,1474.0243599304,104.947526236882
2281.87919463087,2090.47974148645,104.947526236882
2366.39323887646,1536.16703952274,89.9550224887556
2398.70743226448,1235.3964702958,89.9550224887556
2448.42157593835,1508.82426050211,89.9550224887556
2460.85011185682,1496.39572458364,89.9550224887556
2475.76435495899,1702.70942083023,89.9550224887556
86.9997514292816,855.083271190654,104.947526236882
251.05642555307,961.968680089485,104.947526236882
268.456375838926,1307.48197862292,119.940029985007
382.798906288839,1185.68232662192,119.940029985007
412.627392493164,1111.11111111111,119.940029985007
464.827243350733,1583.39547601293,119.940029985007
492.170022371365,2152.6224210788,119.940029985007
502.11285110614,2316.67909520259,104.947526236882
599.055431270196,318.170519512801,104.947526236882
653.740989311459,693.512304250559,119.940029985007
825.254784986329,313.199105145414,119.940029985007
932.14019388516,1086.25403927417,119.940029985007
952.02585135471,1419.33880188914,119.940029985007
1048.96843151877,355.456127268208,119.940029985007
1053.93984588615,770.569226945066,119.940029985007
1073.8255033557,780.512055679841,134.932533733133
1178.22520507084,1163.31096196868,119.940029985007
1195.6251553567,822.769077802635,104.947526236882
1198.11086254039,1140.93959731544,134.932533733133
1217.99652000994,1874.2232165051,119.940029985007
1222.96793437733,141.685309470544,119.940029985007
1242.85359184688,1456.62440964454,119.940029985007
1245.33929903057,1434.2530449913,119.940029985007
1287.59632115337,1424.31021625653,119.940029985007
1287.59632115337,1307.48197862292,104.947526236882
1406.91026597067,2105.39398458862,119.940029985007
1575.93835446184,618.941088739746,119.940029985007
1598.30971911509,631.369624658215,119.940029985007
1605.76684066617,2413.62167536664,104.947526236882
1744.96644295302,1675.36664180959,119.940029985007
1792.1948794432,1155.8538404176,119.940029985007
1871.7375093214,2234.65075814069,119.940029985007
1981.10862540393,2455.87869748944,104.947526236882
2033.3084762615,67.1140939597315,119.940029985007
2174.99378573204,1426.79592344022,119.940029985007
2179.96520009943,1384.53890131742,119.940029985007
2304.25055928412,631.369624658215,134.932533733133
2331.59333830475,1836.93760874969,119.940029985007
2421.07879691772,1091.22545364156,119.940029985007
2423.56450410142,994.282873477504,119.940029985007
7.45712155108128,902.311707680835,134.932533733133
141.685309470544,357.941834451902,134.932533733133
164.056674123788,246.085011185682,149.925037481259
188.913745960726,1372.11036539896,134.932533733133
268.456375838926,1324.88192890877,134.932533733133
273.427790206314,1700.22371364653,134.932533733133
278.399204573701,1680.33805617698,134.932533733133
285.856326124783,2199.85085756898,119.940029985007
295.799154859558,1685.30947054437,134.932533733133
305.741983594333,1670.39522744221,134.932533733133
320.656226696495,606.512552821278,134.932533733133
320.656226696495,1680.33805617698,134.932533733133
330.59905543127,596.569724086503,134.932533733133
333.084762614964,1754.9092716878,119.940029985007
350.48471290082,444.941585881183,119.940029985007
444.941585881183,1026.59706686552,134.932533733133
482.22719363659,1384.53890131742,134.932533733133
745.712155108128,357.941834451902,134.932533733133
758.140691026597,372.856077554064,134.932533733133
1019.13994531444,350.48471290082,134.932533733133
1026.59706686552,338.056176982351,134.932533733133
1031.56848123291,1384.53890131742,134.932533733133
1058.91126025354,892.36887894606,134.932533733133
1066.36838180462,807.854834700472,134.932533733133
1116.0825254785,1846.88043748446,119.940029985007
1208.05369127517,2140.19388516033,119.940029985007
1222.96793437733,1026.59706686552,119.940029985007
1245.33929903057,99.4282873477504,119.940029985007
1247.82500621427,131.742480735769,134.932533733133
1285.11061396967,1752.4235645041,119.940029985007
1295.05344270445,1516.28138205319,119.940029985007
1322.39622172508,1436.73875217499,134.932533733133
1377.08177976634,154.113845389013,134.932533733133
1384.53890131742,2314.19338801889,119.940029985007
1401.93885160328,2286.85060899826,134.932533733133
1521.25279642058,852.59756400696,134.932533733133
1531.19562515536,1958.73726075068,134.932533733133
1536.16703952274,1943.82301764852,134.932533733133
1578.42406164554,638.826746209297,119.940029985007
1620.68108376833,2212.27939348745,134.932533733133
1707.68083519761,1043.99701715138,119.940029985007
1725.08078548347,1565.99552572707,134.932533733133
1889.13745960726,2264.47924434502,134.932533733133
1951.2801391996,750.683569475516,134.932533733133
1981.10862540393,1200.59656972409,134.932533733133
1983.59433258762,2445.93586875466,119.940029985007
2028.33706189411,1854.33755903555,134.932533733133
2038.27989062888,59.6569724086503,119.940029985007
2142.67959234402,1419.33880188914,119.940029985007
2172.50807854835,1401.93885160328,119.940029985007
2192.3937360179,1416.85309470544,134.932533733133
2194.87944320159,1439.22445935869,134.932533733133
2271.9363658961,934.625901068854,134.932533733133
2336.56475267214,2078.05120556798,134.932533733133
352.970420084514,2053.19413373105,134.932533733133
467.312950534427,1039.02560278399,149.925037481259
502.11285110614,1966.19438230176,134.932533733133
509.569972657221,1904.05170270942,149.925037481259
549.341287596321,2117.82252050708,149.925037481259
566.741237882178,768.083519761372,149.925037481259
579.169773800646,430.027342779021,134.932533733133
686.055182699478,1155.8538404176,149.925037481259
691.026597066866,1493.91001739995,149.925037481259
713.397961720109,42.2570221227939,149.925037481259
770.569226945066,430.027342779021,149.925037481259
802.883420333085,775.540641312453,149.925037481259
820.283370618941,1150.88242605021,134.932533733133
822.769077802635,1163.31096196868,134.932533733133
852.59756400696,942.083022619935,134.932533733133
874.968928660204,1091.22545364156,149.925037481259
917.225950782998,850.111856823266,149.925037481259
934.625901068854,1588.36689038031,134.932533733133
1011.68282376336,564.255530698484,134.932533733133
1031.56848123291,1066.36838180462,149.925037481259
1041.51130996769,2043.25130499627,134.932533733133
1183.19661943823,1826.99478001491,149.925037481259
1516.28138205319,415.113099676858,149.925037481259
1553.5669898086,1058.91126025354,149.925037481259
1677.85234899329,1332.33905045986,149.925037481259
1675.36664180959,2222.22222222222,164.917541229385
1677.85234899329,499.627143922446,149.925037481259
1690.28088491176,999.254287844892,149.925037481259
1814.56624409645,1976.13721103654,149.925037481259
1901.56599552573,1603.28113348248,134.932533733133
1991.0514541387,914.740243599304,164.917541229385
2023.36564752672,1121.05393984589,134.932533733133
2050.70842654735,149.142431021626,149.925037481259
2073.0797912006,2222.22222222222,149.925037481259
2142.67959234402,755.654983842903,164.917541229385
2157.59383544618,1409.39597315436,149.925037481259
2177.47949291573,1600.79542629878,149.925037481259
2179.96520009943,1712.652249565,134.932533733133
2217.25080785483,1742.48073576933,149.925037481259
2326.62192393736,365.398956002983,149.925037481259
2408.65026099925,494.655729555058,164.917541229385
2413.62167536664,1692.76659209545,149.925037481259
62.142679592344,2048.22271936366,149.925037481259
101.913994531444,1817.05195128014,164.917541229385
191.39945314442,937.111608252548,164.917541229385
226.199353716132,2155.10812826249,149.925037481259
318.170519512801,1163.31096196868,149.925037481259
517.027094208302,1886.65175242356,164.917541229385
517.027094208302,1904.05170270942,149.925037481259
534.427044494159,1894.10887397465,164.917541229385
596.569724086503,22.3713646532438,164.917541229385
631.369624658215,812.82624906786,179.910044977511
636.341039025603,1250.31071339796,164.917541229385
673.626646781009,248.570718369376,149.925037481259
981.854337559036,144.171016654238,179.910044977511
1193.13944817301,1260.25354213274,164.917541229385
1210.53939845886,1615.70966940094,164.917541229385
1292.56773552076,343.027591349739,164.917541229385
1446.68158090977,2252.05070842655,164.917541229385
1469.05294556301,884.911757394979,149.925037481259
1513.7956748695,835.197613721104,164.917541229385
1531.19562515536,1938.85160328113,149.925037481259
1764.85210042257,1521.25279642058,164.917541229385
1772.30922197365,1516.28138205319,164.917541229385
1814.56624409645,357.941834451902,164.917541229385
1824.50907283122,1449.16728809346,164.917541229385
1859.30897340293,377.827491921452,149.925037481259
1899.08028834203,760.626398210291,164.917541229385
1904.05170270942,740.740740740741,179.910044977511
1909.02311707681,178.970917225951,164.917541229385
1913.9945314442,773.05493412876,149.925037481259
1918.96594581158,755.654983842903,164.917541229385
1936.36589609744,753.16927665921,164.917541229385
1986.08003977131,2222.22222222222,164.917541229385
2008.45140442456,2224.70792940592,164.917541229385
2078.05120556798,2157.59383544618,164.917541229385
2140.19388516033,1414.36738752175,149.925037481259
2152.6224210788,768.083519761372,164.917541229385
2152.6224210788,1991.0514541387,164.917541229385
2162.56524981357,740.740740740741,149.925037481259
2167.53666418096,753.16927665921,179.910044977511
2170.02237136465,1904.05170270942,149.925037481259
2177.47949291573,1707.68083519761,149.925037481259
2209.79368630375,1759.88068605518,164.917541229385
2234.65075814069,1394.4817300522,164.917541229385
2237.13646532438,1725.08078548347,164.917541229385
2261.99353716132,835.197613721104,164.917541229385
2418.59308973403,626.398210290828,149.925037481259
2478.25006214268,1367.13895103157,149.925037481259
131.742480735769,1342.28187919463,164.917541229385
203.827989062888,226.199353716132,164.917541229385
427.541635595327,1849.36614466816,164.917541229385
529.455630126771,1911.5088242605,164.917541229385
534.427044494159,1742.48073576933,164.917541229385
554.312701963709,1913.9945314442,164.917541229385
566.741237882178,1963.70867511807,164.917541229385
591.598309719115,1208.05369127517,179.910044977511
601.54113845389,1911.5088242605,164.917541229385
673.626646781009,872.48322147651,179.910044977511
812.82624906786,862.540392741735,179.910044977511
877.454635843898,643.798160576684,164.917541229385
897.340293313448,2443.45016157097,164.917541229385
947.054436987323,1849.36614466816,164.917541229385
954.511558538404,1856.82326621924,164.917541229385
989.311459110117,129.256773552076,164.917541229385
1053.93984588615,1896.59458115834,164.917541229385
1103.65398956003,1682.82376336068,164.917541229385
1213.02510564256,2296.79343773304,164.917541229385
1342.28187919463,1004.22570221228,179.910044977511
1379.56748695004,1933.88018891375,164.917541229385
1399.45314441959,959.482972905792,194.902548725637
1414.36738752175,248.570718369376,164.917541229385
1439.22445935869,517.027094208302,164.917541229385
1521.25279642058,191.39945314442,164.917541229385
1526.22421078797,961.968680089485,194.902548725637
1533.68133233905,144.171016654238,179.910044977511
1541.13845389013,2165.05095699727,164.917541229385
1583.39547601293,1615.70966940094,164.917541229385
1633.1096196868,1170.76808351976,164.917541229385
1648.02386278896,1230.42505592841,164.917541229385
1774.79492915735,350.48471290082,179.910044977511
1822.02336564753,703.455132985334,179.910044977511
1918.96594581158,984.340044742729,164.917541229385
1956.25155356699,2187.42232165051,179.910044977511
1963.70867511807,1461.59582401193,194.902548725637
1996.02286850609,897.340293313448,164.917541229385
1998.50857568978,2453.39299030574,164.917541229385
2000.99428287348,581.65548098434,179.910044977511
2058.16554809843,1086.25403927417,179.910044977511
2172.50807854835,1909.02311707681,164.917541229385
2219.73651503853,733.283619189659,164.917541229385
2475.76435495899,1374.59607258265,164.917541229385
129.256773552076,1879.19463087248,179.910044977511
144.171016654238,1851.85185185185,179.910044977511
171.513795674869,1374.59607258265,179.910044977511
236.142182450907,502.11285110614,194.902548725637
265.970668655232,2184.93661446682,179.910044977511
357.941834451902,569.226945065871,194.902548725637
360.427541635595,1508.82426050211,179.910044977511
417.598806860552,815.311956251554,194.902548725637
462.34153616704,1881.68033805618,179.910044977511
571.712652249565,750.683569475516,194.902548725637
576.684066616953,1774.79492915735,179.910044977511
584.141188168034,370.37037037037,194.902548725637
589.112602535421,365.398956002983,194.902548725637
591.598309719115,1943.82301764852,179.910044977511
611.483967188665,1996.02286850609,179.910044977511
678.598061148397,1282.62490678598,179.910044977511
765.597812577678,1536.16703952274,179.910044977511
937.111608252548,2473.27864777529,179.910044977511
996.768580661198,989.311459110117,194.902548725637
996.768580661198,1891.62316679095,179.910044977511
1021.62565249814,1933.88018891375,179.910044977511
1031.56848123291,929.654486701467,194.902548725637
1096.19686800895,1928.90877454636,179.910044977511
1111.11111111111,1938.85160328113,179.910044977511
1148.39671886652,1715.13795674869,179.910044977511
1255.28212776535,2326.62192393736,179.910044977511
1280.13919960229,1429.28163062391,179.910044977511
1406.91026597067,937.111608252548,194.902548725637
1431.76733780761,1277.65349241859,209.895052473763
1456.62440964454,1133.48247576436,194.902548725637
1466.56723837932,795.426298782004,194.902548725637
1474.0243599304,768.083519761372,209.895052473763
1536.16703952274,1213.02510564256,179.910044977511
1710.16654238131,1551.08128262491,194.902548725637
1725.08078548347,1551.08128262491,194.902548725637
1864.28038777032,1846.88043748446,194.902548725637
1861.79468058663,74.5712155108128,194.902548725637
1909.02311707681,755.654983842903,179.910044977511
2010.93711160825,847.626149639573,194.902548725637
2015.90852597564,1275.1677852349,194.902548725637
2023.36564752672,2038.27989062888,179.910044977511
2075.56549838429,676.112353964703,194.902548725637
2140.19388516033,1252.79642058166,194.902548725637
2336.56475267214,1056.42555306985,194.902548725637
2423.56450410142,805.369127516779,194.902548725637
37.2856077554064,1685.30947054437,209.895052473763
69.5998011434253,1178.22520507084,194.902548725637
82.0283370618941,1831.9661943823,209.895052473763
84.5140442455879,1844.39473030077,209.895052473763
91.9711657966692,1053.93984588615,209.895052473763
226.199353716132,2147.65100671141,194.902548725637
318.170519512801,1474.0243599304,194.902548725637
330.59905543127,310.71339796172,194.902548725637
370.37037037037,280.884911757395,209.895052473763
392.741735023614,2165.05095699727,209.895052473763
415.113099676858,1143.42530449913,209.895052473763
427.541635595327,1692.76659209545,194.902548725637
457.370121799652,1859.30897340293,209.895052473763
477.255779269202,1861.79468058663,209.895052473763
531.941337310465,1739.99502858563,194.902548725637
554.312701963709,1217.99652000994,209.895052473763
569.226945065871,1963.70867511807,194.902548725637
641.31245339299,2257.02212279394,209.895052473763
648.769574944072,1789.70917225951,209.895052473763
673.626646781009,425.055928411633,209.895052473763
686.055182699478,338.056176982351,209.895052473763
695.998011434253,1113.5968182948,224.887556221889
723.340790454884,1501.36713895103,194.902548725637
728.312204822272,889.883171762366,209.895052473763
745.712155108128,1379.56748695004,224.887556221889
750.683569475516,768.083519761372,209.895052473763
894.854586129754,2438.47874720358,194.902548725637
927.168779517773,534.427044494159,224.887556221889
942.083022619935,1396.96743723589,194.902548725637
949.540144171017,541.88416604524,209.895052473763
979.368630375342,1899.08028834203,209.895052473763
1031.56848123291,956.997265722098,209.895052473763
1053.93984588615,1894.10887397465,194.902548725637
1071.33979617201,1906.53740989311,194.902548725637
1113.5968182948,2033.3084762615,209.895052473763
1168.28237633607,1590.85259756401,194.902548725637
1170.76808351976,484.712900820283,209.895052473763
1210.53939845886,1073.8255033557,194.902548725637
1210.53939845886,2296.79343773304,194.902548725637
1215.51081282625,2289.33631618195,194.902548725637
1225.45364156102,1222.96793437733,209.895052473763
1232.91076311211,1394.4817300522,194.902548725637
1255.28212776535,1533.68133233905,224.887556221889
1382.05319413373,949.540144171017,194.902548725637
1439.22445935869,121.799652000994,194.902548725637
1454.13870246085,1148.39671886652,209.895052473763
1513.7956748695,1608.25254784986,194.902548725637
1523.73850360428,1394.4817300522,209.895052473763
1603.28113348248,700.969425801641,194.902548725637
1638.08103405419,22.3713646532438,209.895052473763
1889.13745960726,1195.6251553567,209.895052473763
2055.67984091474,385.284613472533,209.895052473763
2065.62266964952,1692.76659209545,224.887556221889
2152.6224210788,251.05642555307,209.895052473763
2174.99378573204,584.141188168034,209.895052473763
2177.47949291573,922.197365150385,209.895052473763
2339.05045985583,482.22719363659,209.895052473763
2393.73601789709,1066.36838180462,224.887556221889
2465.82152622421,1046.48272433507,209.895052473763
333.084762614964,504.598558289833,224.887556221889
370.37037037037,2130.25105642555,224.887556221889
591.598309719115,469.798657718121,224.887556221889
616.455381556053,1056.42555306985,224.887556221889
643.798160576684,1377.08177976634,224.887556221889
666.169525229928,2165.05095699727,239.880059970015
723.340790454884,1384.53890131742,209.895052473763
725.826497638578,1359.68182948049,224.887556221889
780.512055679841,2344.02187422322,224.887556221889
810.340541884166,894.854586129754,224.887556221889
919.711657966692,1434.2530449913,224.887556221889
956.997265722098,526.969922943077,224.887556221889
984.340044742729,39.7713149391002,209.895052473763
999.254287844892,2378.82177479493,224.887556221889
1068.85408898832,2199.85085756898,224.887556221889
1081.28262490679,1976.13721103654,224.887556221889
1155.8538404176,1548.59557544121,224.887556221889
1295.05344270445,34.7999005717127,239.880059970015
1342.28187919463,847.626149639573,224.887556221889
1359.68182948049,860.054685558041,224.887556221889
1436.73875217499,1732.53790703455,209.895052473763
1441.71016654238,238.627889634601,209.895052473763
1441.71016654238,1168.28237633607,209.895052473763
1466.56723837932,1081.28262490679,224.887556221889
1523.73850360428,1193.13944817301,224.887556221889
1894.10887397465,1076.3112105394,224.887556221889
1918.96594581158,1379.56748695004,224.887556221889
2130.25105642555,1297.53914988814,239.880059970015
2383.79318916232,797.912005965697,224.887556221889
2435.99304001989,1454.13870246085,224.887556221889
64.6283867760378,947.054436987323,224.887556221889
86.9997514292816,1710.16654238131,239.880059970015
131.742480735769,613.969674372359,239.880059970015
136.713895103157,656.226696495153,239.880059970015
437.484464330102,922.197365150385,239.880059970015
604.026845637584,991.797166293811,224.887556221889
770.569226945066,2309.2219736515,239.880059970015
825.254784986329,1111.11111111111,239.880059970015
887.397464578673,494.655729555058,224.887556221889
934.625901068854,1247.82500621427,224.887556221889
999.254287844892,2301.76485210042,239.880059970015
1108.62540392742,1583.39547601293,224.887556221889
1148.39671886652,837.683320904797,239.880059970015
1180.71091225454,526.969922943077,239.880059970015
1188.16803380562,2438.47874720358,239.880059970015
1250.31071339796,1255.28212776535,239.880059970015
1267.71066368382,2301.76485210042,224.887556221889
1476.51006711409,1285.11061396967,239.880059970015
1488.93860303256,551.826994780015,239.880059970015
1551.08128262491,2257.02212279394,239.880059970015
1613.22396221725,1916.48023862789,239.880059970015
1640.56674123788,760.626398210291,239.880059970015
1657.96669152374,2145.16529952772,224.887556221889
1702.70942083023,208.799403430276,239.880059970015
1712.652249565,1625.65249813572,239.880059970015
2065.62266964952,397.713149391002,224.887556221889
2428.5359184688,1183.19661943823,239.880059970015
24.8570718369376,822.769077802635,254.872563718141
84.5140442455879,949.540144171017,254.872563718141
136.713895103157,454.884414615958,239.880059970015
146.656723837932,462.34153616704,239.880059970015
156.599552572707,454.884414615958,239.880059970015
246.085011185682,1909.02311707681,269.865067466267
439.970171513796,1009.19711657967,254.872563718141
462.34153616704,1270.19637086751,254.872563718141
589.112602535421,1193.13944817301,254.872563718141
604.026845637584,989.311459110117,239.880059970015
633.855331841909,2127.76534924186,254.872563718141
673.626646781009,2177.47949291573,254.872563718141
728.312204822272,882.426050211285,239.880059970015
865.026099925429,599.055431270196,239.880059970015
897.340293313448,497.141436738752,239.880059970015
902.311707680835,2152.6224210788,254.872563718141
937.111608252548,1774.79492915735,254.872563718141
942.083022619935,1280.13919960229,269.865067466267
959.482972905792,1685.30947054437,239.880059970015
961.968680089485,1675.36664180959,254.872563718141
1096.19686800895,2174.99378573204,254.872563718141
1190.65374098931,397.713149391002,239.880059970015
1225.45364156102,405.170270942083,254.872563718141
1237.88217747949,1257.76783494904,239.880059970015
1247.82500621427,430.027342779021,239.880059970015
1389.51031568481,805.369127516779,239.880059970015
1471.53865274671,825.254784986329,254.872563718141
1483.96718866518,835.197613721104,254.872563718141
1508.82426050211,2130.25105642555,254.872563718141
1528.70991797166,2127.76534924186,254.872563718141
1546.10986825752,477.255779269202,239.880059970015
1628.13820531941,1831.9661943823,239.880059970015
1757.39497887149,1822.02336564753,239.880059970015
1921.45165299528,1121.05393984589,254.872563718141
2058.16554809843,377.827491921452,239.880059970015
2132.73676360925,1871.7375093214,254.872563718141
2187.42232165051,1317.42480735769,254.872563718141
2199.85085756898,1300.02485707184,254.872563718141
2376.33606761124,1319.91051454139,254.872563718141
2386.27889634601,1633.1096196868,239.880059970015
2393.73601789709,1302.51056425553,254.872563718141
32.3141933880189,830.226199353716,254.872563718141
216.256524981357,1205.56798409147,254.872563718141
323.141933880189,1372.11036539896,269.865067466267
372.856077554064,1488.93860303256,269.865067466267
380.313199105145,2055.67984091474,254.872563718141
484.712900820283,1488.93860303256,269.865067466267
529.455630126771,939.597315436242,254.872563718141
628.883917474521,1620.68108376833,269.865067466267
785.483470047228,1287.59632115337,269.865067466267
842.654735272185,606.512552821278,254.872563718141
869.997514292816,72.0855083271191,254.872563718141
912.25453641561,9.94282873477504,254.872563718141
934.625901068854,1789.70917225951,269.865067466267
932.14019388516,454.884414615958,254.872563718141
944.568729803629,1782.25205070843,254.872563718141
949.540144171017,1759.88068605518,269.865067466267
949.540144171017,1779.76634352473,254.872563718141
1029.08277404922,976.882923191648,254.872563718141
1086.25403927417,1213.02510564256,269.865067466267
1121.05393984589,1232.91076311211,269.865067466267
1133.48247576436,439.970171513796,254.872563718141
1203.08227690778,410.141685309471,254.872563718141
1225.45364156102,425.055928411633,254.872563718141
1364.65324384787,909.768829231916,254.872563718141
1399.45314441959,278.399204573701,254.872563718141
1406.91026597067,300.770569226945,254.872563718141
1434.2530449913,280.884911757395,254.872563718141
1481.48148148148,1754.9092716878,254.872563718141
1561.02411135968,1454.13870246085,254.872563718141
1722.59507829978,673.626646781009,254.872563718141
1747.45215013671,1894.10887397465,254.872563718141
1841.90902311708,467.312950534427,254.872563718141
1864.28038777032,725.826497638578,254.872563718141
1941.33731046483,2102.90827740492,254.872563718141
2043.25130499627,934.625901068854,254.872563718141
2045.73701217997,939.597315436242,254.872563718141
2063.13696246582,1399.45314441959,254.872563718141
2120.30822769078,442.455878697489,254.872563718141
49.7141436738752,932.14019388516,269.865067466267
57.1712652249565,827.740492170022,269.865067466267
62.142679592344,919.711657966692,269.865067466267
181.456624409645,1185.68232662192,269.865067466267
357.941834451902,1414.36738752175,284.857571214393
405.170270942083,994.282873477504,269.865067466267
432.513049962714,802.883420333085,269.865067466267
437.484464330102,892.36887894606,269.865067466267
492.170022371365,924.683072334079,269.865067466267
494.655729555058,919.711657966692,269.865067466267
576.684066616953,1660.45239870743,269.865067466267
748.197862291822,1103.65398956003,269.865067466267
792.94059159831,1091.22545364156,269.865067466267
810.340541884166,591.598309719115,269.865067466267
832.71190653741,584.141188168034,269.865067466267
835.197613721104,54.6855580412627,269.865067466267
835.197613721104,579.169773800646,269.865067466267
865.026099925429,643.798160576684,269.865067466267
897.340293313448,439.970171513796,269.865067466267
944.568729803629,865.026099925429,269.865067466267
996.768580661198,956.997265722098,269.865067466267
1051.45413870246,1190.65374098931,269.865067466267
1051.45413870246,1198.11086254039,269.865067466267
1098.68257519264,874.968928660204,269.865067466267
1098.68257519264,412.627392493164,269.865067466267
1098.68257519264,422.570221227939,269.865067466267
1113.5968182948,820.283370618941,269.865067466267
1123.53964702958,802.883420333085,269.865067466267
1190.65374098931,387.770320656227,269.865067466267
1190.65374098931,407.655978125777,269.865067466267
1213.02510564256,412.627392493164,269.865067466267
1237.88217747949,2314.19338801889,284.857571214393
1302.51056425553,2087.99403430276,269.865067466267
1329.85334327616,892.36887894606,269.865067466267
1352.22470792941,270.94208302262,269.865067466267
1354.7104151131,787.969177230922,269.865067466267
1367.13895103157,263.484961471539,269.865067466267
1369.62465821526,285.856326124783,269.865067466267
1387.02460850112,275.913497390007,269.865067466267
1396.96743723589,263.484961471539,269.865067466267
1406.91026597067,797.912005965697,269.865067466267
1441.71016654238,812.82624906786,284.857571214393
1449.16728809346,1742.48073576933,269.865067466267
1474.0243599304,2115.33681332339,269.865067466267
1493.91001739995,2112.8511061397,269.865067466267
1526.22421078797,1436.73875217499,269.865067466267
1590.85259756401,1817.05195128014,269.865067466267
1650.50956997266,228.685060899826,269.865067466267
1667.90952025851,191.39945314442,269.865067466267
1677.85234899329,1608.25254784986,269.865067466267
1685.30947054437,333.084762614964,269.865067466267
1687.79517772806,656.226696495153,269.865067466267
1687.79517772806,648.769574944072,269.865067466267
1702.70942083023,360.427541635595,269.865067466267
1712.652249565,1879.19463087248,269.865067466267
1722.59507829978,1804.62341536167,269.865067466267
1804.62341536167,228.685060899826,269.865067466267
1804.62341536167,447.427293064877,269.865067466267
1817.05195128014,810.340541884166,269.865067466267
1829.48048719861,708.426547352722,269.865067466267
1829.48048719861,929.654486701467,269.865067466267
1831.9661943823,193.885160328113,269.865067466267
1836.93760874969,800.397713149391,269.865067466267
1851.85185185185,1913.9945314442,269.865067466267
1856.82326621924,601.54113845389,269.865067466267
1856.82326621924,1916.48023862789,269.865067466267
1886.65175242356,1106.13969674372,269.865067466267
1906.53740989311,2090.47974148645,269.865067466267
1921.45165299528,673.626646781009,269.865067466267
1923.93736017897,1347.25329356202,269.865067466267
2008.45140442456,919.711657966692,269.865067466267
2025.85135471042,1384.53890131742,269.865067466267
2085.50832711907,427.541635595327,269.865067466267
2100.42257022123,1856.82326621924,269.865067466267
2140.19388516033,1297.53914988814,269.865067466267
2155.10812826249,1302.51056425553,269.865067466267
2162.56524981357,556.798409147402,269.865067466267
2165.05095699727,1285.11061396967,269.865067466267
2261.99353716132,700.969425801641,269.865067466267
2344.02187422322,1304.99627143922,269.865067466267
2351.4789957743,1618.19537658464,269.865067466267
2358.93611732538,1287.59632115337,269.865067466267
34.7999005717127,835.197613721104,284.857571214393
37.2856077554064,825.254784986329,284.857571214393
82.0283370618941,947.054436987323,284.857571214393
91.9711657966692,845.140442455879,284.857571214393
181.456624409645,1685.30947054437,299.850074962519
216.256524981357,1200.59656972409,284.857571214393
457.370121799652,1483.96718866518,284.857571214393
464.827243350733,1501.36713895103,299.850074962519
464.827243350733,820.283370618941,284.857571214393
472.284364901815,907.283122048223,284.857571214393
529.455630126771,939.597315436242,284.857571214393
715.883668903803,1501.36713895103,284.857571214393
768.083519761372,1735.02361421825,299.850074962519
782.997762863535,1121.05393984589,284.857571214393
795.426298782004,1173.25379070346,299.850074962519
845.140442455879,606.512552821278,284.857571214393
869.997514292816,72.0855083271191,284.857571214393
869.997514292816,601.54113845389,284.857571214393
882.426050211285,1526.22421078797,299.850074962519
892.36887894606,1916.48023862789,299.850074962519
899.826000497141,661.19811086254,284.857571214393
914.740243599304,9.94282873477504,284.857571214393
932.14019388516,457.370121799652,284.857571214393
981.854337559036,884.911757394979,284.857571214393
1024.11135968183,792.94059159831,299.850074962519
1031.56848123291,974.397216007954,284.857571214393
1058.91126025354,991.797166293811,299.850074962519
1121.05393984589,989.311459110117,299.850074962519
1133.48247576436,892.36887894606,284.857571214393
1135.96818294805,1682.82376336068,284.857571214393
1140.93959731544,966.940094456873,299.850074962519
1138.45389013174,666.169525229928,299.850074962519
1160.82525478499,817.797663435247,299.850074962519
1250.31071339796,2314.19338801889,284.857571214393
1280.13919960229,1449.16728809346,299.850074962519
1337.31046482724,2102.90827740492,299.850074962519
1364.65324384787,909.768829231916,284.857571214393
1367.13895103157,14.9142431021626,284.857571214393
1372.11036539896,308.227690778026,299.850074962519
1387.02460850112,290.82774049217,299.850074962519
1399.45314441959,278.399204573701,284.857571214393
1404.42455878698,305.741983594333,284.857571214393
1406.91026597067,300.770569226945,284.857571214393
1421.82450907283,293.313447675864,284.857571214393
1431.76733780761,280.884911757395,284.857571214393
1439.22445935869,1648.02386278896,299.850074962519
1454.13870246085,1088.73974645787,299.850074962519
1483.96718866518,1757.39497887149,284.857571214393
1498.88143176734,2254.53641561024,299.850074962519
1531.19562515536,2125.27964205817,284.857571214393
1563.50981854338,1449.16728809346,284.857571214393
1575.93835446184,1600.79542629878,299.850074962519
1625.65249813572,1831.9661943823,284.857571214393
1685.30947054437,246.085011185682,299.850074962519
1712.652249565,1623.16679095203,284.857571214393
1720.10937111608,350.48471290082,299.850074962519
1737.50932140194,377.827491921452,299.850074962519
1747.45215013671,2045.73701217997,299.850074962519
1747.45215013671,1896.59458115834,284.857571214393
1824.50907283122,1976.13721103654,299.850074962519
1839.42331593338,246.085011185682,284.857571214393
1841.90902311708,464.827243350733,284.857571214393
1839.42331593338,1339.79617201094,299.850074962519
1854.33755903555,827.740492170022,284.857571214393
1861.79468058663,193.885160328113,299.850074962519
1864.28038777032,238.627889634601,299.850074962519
1864.28038777032,949.540144171017,284.857571214393
1866.76609495401,728.312204822272,284.857571214393
1866.76609495401,213.770817797663,299.850074962519
1874.2232165051,817.797663435247,284.857571214393
1889.13745960726,1928.90877454636,284.857571214393
1894.10887397465,618.941088739746,284.857571214393
1941.33731046483,2105.39398458862,284.857571214393
1956.25155356699,691.026597066866,284.857571214393
1961.22296793438,1362.16753666418,284.857571214393
2045.73701217997,934.625901068854,284.857571214393
2092.96544867015,1864.28038777032,299.850074962519
2095.45115585384,1844.39473030077,299.850074962519
2092.96544867015,733.283619189659,299.850074962519
2122.79393487447,442.455878697489,284.857571214393
2142.67959234402,1116.0825254785,299.850074962519
2177.47949291573,1314.939100174,299.850074962519
2247.07929405916,1240.36788466319,284.857571214393
2299.27914491673,718.369376087497,299.850074962519
2378.82177479493,1319.91051454139,284.857571214393
203.827989062888,1275.1677852349,299.850074962519
497.141436738752,1516.28138205319,299.850074962519
574.198359433259,1650.50956997266,299.850074962519
616.455381556053,1093.71116082525,314.842578710645
765.597812577678,2212.27939348745,314.842578710645
897.340293313448,521.99850857569,314.842578710645
899.826000497141,1016.65423813075,314.842578710645
902.311707680835,1657.96669152374,314.842578710645
907.283122048223,996.768580661198,314.842578710645
912.25453641561,534.427044494159,314.842578710645
996.768580661198,1290.08202833706,314.842578710645
1277.65349241859,795.426298782004,299.850074962519
1302.51056425553,1048.96843151877,299.850074962519
1304.99627143922,1061.39696743724,299.850074962519
1337.31046482724,1205.56798409147,314.842578710645
1459.11011682824,1257.76783494904,314.842578710645
1464.08153119563,1645.53815560527,314.842578710645
1486.45289584887,2264.47924434502,314.842578710645
1531.19562515536,2147.65100671141,314.842578710645
1730.05219985086,735.769326373353,314.842578710645
1744.96644295302,740.740740740741,314.842578710645
1744.96644295302,720.855083271191,314.842578710645
1844.39473030077,1317.42480735769,299.850074962519
1981.10862540393,417.598806860552,314.842578710645
2030.8227690778,482.22719363659,314.842578710645
2065.62266964952,1804.62341536167,314.842578710645
2115.33681332339,710.912254536416,314.842578710645
2132.73676360925,733.283619189659,314.842578710645
2227.19363658961,733.283619189659,299.850074962519
186.428038777032,1707.68083519761,314.842578710645
270.94208302262,1406.91026597067,329.835082458771
536.912751677852,497.141436738752,314.842578710645
551.826994780015,315.684812329108,329.835082458771
584.141188168034,1573.45264727815,314.842578710645
601.54113845389,1103.65398956003,329.835082458771
656.226696495153,790.454884414616,329.835082458771
678.598061148397,1053.93984588615,329.835082458771
691.026597066866,1029.08277404922,329.835082458771
700.969425801641,1635.59532687049,329.835082458771
743.226447924435,1817.05195128014,314.842578710645
847.626149639573,380.313199105145,329.835082458771
879.940343027591,882.426050211285,329.835082458771
899.826000497141,1011.68282376336,314.842578710645
942.083022619935,1551.08128262491,329.835082458771
969.425801640567,1744.96644295302,314.842578710645
1309.96768580661,1958.73726075068,329.835082458771
1344.76758637832,1640.56674123788,329.835082458771
1652.99527715635,233.656475267214,329.835082458771
1665.42381307482,1695.25229927915,329.835082458771
1672.8809346259,1113.5968182948,344.827586206897
1722.59507829978,820.283370618941,329.835082458771
1744.96644295302,1578.42406164554,314.842578710645
1754.9092716878,1277.65349241859,329.835082458771
1901.56599552573,1041.51130996769,329.835082458771
1906.53740989311,850.111856823266,374.812593703148
2013.42281879195,1401.93885160328,329.835082458771
2040.76559781258,1506.33855331842,329.835082458771
2110.365398956,507.084265473527,329.835082458771
2247.07929405916,1657.96669152374,329.835082458771
136.713895103157,1414.36738752175,329.835082458771
139.199602286851,1409.39597315436,329.835082458771
457.370121799652,1486.45289584887,329.835082458771
469.798657718121,1503.85284613473,329.835082458771
591.598309719115,1091.22545364156,329.835082458771
616.455381556053,1605.76684066617,344.827586206897
748.197862291822,1153.36813323391,344.827586206897
847.626149639573,2237.13646532438,329.835082458771
961.968680089485,1749.93785732041,329.835082458771
1086.25403927417,280.884911757395,329.835082458771
1098.68257519264,275.913497390007,329.835082458771
1153.36813323391,454.884414615958,344.827586206897
1275.1677852349,947.054436987323,329.835082458771
1486.45289584887,1240.36788466319,344.827586206897
1486.45289584887,2085.50832711907,329.835082458771
1506.33855331842,1595.82401193139,329.835082458771
1645.53815560527,420.084514044246,344.827586206897
1697.73800646284,340.541884166045,329.835082458771
1797.16629381059,1056.42555306985,329.835082458771
1834.451901566,688.540889883172,359.820089955023
1874.2232165051,1116.0825254785,329.835082458771
1988.56574695501,551.826994780015,344.827586206897
2197.36515038528,1660.45239870743,329.835082458771
541.88416604524,1879.19463087248,359.820089955023
810.340541884166,1277.65349241859,359.820089955023
879.940343027591,196.370867511807,359.820089955023
1533.68133233905,952.02585135471,359.820089955023
1635.59532687049,621.42679592344,359.820089955023
1754.9092716878,1491.42431021626,344.827586206897
1762.36639323888,1496.39572458364,344.827586206897
1794.6805866269,1071.33979617201,344.827586206897
1831.9661943823,678.598061148397,359.820089955023
2055.67984091474,785.483470047228,374.812593703148
2105.39398458862,497.141436738752,344.827586206897
2120.30822769078,1692.76659209545,359.820089955023
253.542132736764,1101.16828237634,374.812593703148
260.999254287845,1076.3112105394,359.820089955023
270.94208302262,1086.25403927417,374.812593703148
489.684315187671,1416.85309470544,359.820089955023
608.998260004971,1819.53765846383,374.812593703148
775.540641312453,1478.99577429779,374.812593703148
882.426050211285,917.225950782998,359.820089955023
922.197365150385,919.711657966692,374.812593703148
964.454387273179,2219.73651503853,359.820089955023
974.397216007954,2212.27939348745,359.820089955023
1029.08277404922,188.913745960726,374.812593703148
1056.42555306985,2177.47949291573,359.820089955023
1068.85408898832,1655.48098434004,404.7976011994
1076.3112105394,285.856326124783,359.820089955023
1130.99676858066,1762.36639323888,389.805097451274
1275.1677852349,947.054436987323,374.812593703148
1272.68207805121,467.312950534427,389.805097451274
1277.65349241859,444.941585881183,389.805097451274
1297.53914988814,929.654486701467,374.812593703148
1297.53914988814,457.370121799652,389.805097451274
1322.39622172508,815.311956251554,374.812593703148
1387.02460850112,509.569972657221,374.812593703148
1434.2530449913,1421.82450907283,359.820089955023
1441.71016654238,1854.33755903555,359.820089955023
1486.45289584887,2078.05120556798,359.820089955023
1493.91001739995,2073.0797912006,359.820089955023
1523.73850360428,1909.02311707681,359.820089955023
1558.53840417599,1702.70942083023,374.812593703148
1595.82401193139,1722.59507829978,359.820089955023
1610.73825503356,1715.13795674869,359.820089955023
1652.99527715635,899.826000497141,359.820089955023
1677.85234899329,2053.19413373105,374.812593703148
1767.33780760626,1966.19438230176,374.812593703148
1772.30922197365,1531.19562515536,374.812593703148
1812.08053691275,1066.36838180462,374.812593703148
1836.93760874969,512.055679840915,359.820089955023
1953.7658463833,1737.50932140194,374.812593703148
2102.90827740492,1439.22445935869,374.812593703148
2254.53641561024,1652.99527715635,359.820089955023
708.426547352722,1086.25403927417,389.805097451274
765.597812577678,1991.0514541387,404.7976011994
845.140442455879,1257.76783494904,389.805097451274
927.168779517773,1242.85359184688,404.7976011994
1128.51106139697,1205.56798409147,404.7976011994
1145.91101168282,807.854834700472,404.7976011994
1158.33954760129,1282.62490678598,389.805097451274
1247.82500621427,1327.36763609247,389.805097451274
1339.79617201094,1193.13944817301,389.805097451274
1379.56748695004,939.597315436242,389.805097451274
1449.16728809346,643.798160576684,419.790104947526
1469.05294556301,939.597315436242,389.805097451274
1511.30996768581,952.02585135471,389.805097451274
1513.7956748695,939.597315436242,389.805097451274
1593.3383047477,362.913248819289,404.7976011994
1620.68108376833,1645.53815560527,374.812593703148
1625.65249813572,1456.62440964454,374.812593703148
1635.59532687049,1431.76733780761,374.812593703148
1697.73800646284,340.541884166045,389.805097451274
1707.68083519761,1623.16679095203,374.812593703148
1767.33780760626,1411.88168033806,374.812593703148
1774.79492915735,661.19811086254,404.7976011994
2105.39398458862,700.969425801641,389.805097451274
2157.59383544618,1414.36738752175,374.812593703148
2199.85085756898,1175.73949788715,389.805097451274
792.94059159831,1439.22445935869,404.7976011994
991.797166293811,1702.70942083023,404.7976011994
1130.99676858066,2095.45115585384,404.7976011994
1210.53939845886,1528.70991797166,404.7976011994
1247.82500621427,733.283619189659,404.7976011994
1354.7104151131,231.17076808352,404.7976011994
1364.65324384787,939.597315436242,404.7976011994
1359.68182948049,1643.05244842158,419.790104947526
1434.2530449913,1434.2530449913,389.805097451274
1561.02411135968,1715.13795674869,389.805097451274
1615.70966940094,1655.48098434004,404.7976011994
1623.16679095203,1469.05294556301,389.805097451274
1633.1096196868,1441.71016654238,404.7976011994
1675.36664180959,2065.62266964952,389.805097451274
1692.76659209545,984.340044742729,404.7976011994
1710.16654238131,1635.59532687049,389.805097451274
1762.36639323888,1421.82450907283,404.7976011994
1767.33780760626,1978.62291822023,404.7976011994
1774.79492915735,1543.62416107383,389.805097451274
1799.65200099428,740.740740740741,419.790104947526
1817.05195128014,1573.45264727815,404.7976011994
1941.33731046483,608.998260004971,419.790104947526
1956.25155356699,1749.93785732041,389.805097451274
2102.90827740492,1451.65299527716,389.805097451274
2157.59383544618,1429.28163062391,389.805097451274
865.026099925429,937.111608252548,434.782608695652
912.25453641561,1598.30971911509,419.790104947526
924.683072334079,917.225950782998,404.7976011994
1021.62565249814,1399.45314441959,419.790104947526
1128.51106139697,2003.47999005717,404.7976011994
1153.36813323391,263.484961471539,419.790104947526
1215.51081282625,693.512304250559,419.790104947526
1230.42505592841,1735.02361421825,419.790104947526
1240.36788466319,683.569475515784,419.790104947526
1247.82500621427,1717.62366393239,419.790104947526
1307.48197862292,1367.13895103157,419.790104947526
1416.85309470544,1461.59582401193,404.7976011994
1585.88118319662,392.741735023614,419.790104947526
1648.02386278896,422.570221227939,404.7976011994
1665.42381307482,892.36887894606,434.782608695652
1675.36664180959,907.283122048223,419.790104947526
1700.22371364653,1635.59532687049,404.7976011994
1958.73726075068,782.997762863535,434.782608695652
708.426547352722,1175.73949788715,434.782608695652
917.225950782998,1001.73999502859,434.782608695652
1006.71140939597,700.969425801641,434.782608695652
1011.68282376336,1643.05244842158,449.775112443778
1021.62565249814,872.48322147651,434.782608695652
1737.50932140194,1317.42480735769,434.782608695652
1787.22346507581,591.598309719115,449.775112443778
1849.36614466816,874.968928660204,449.775112443778
1874.2232165051,1148.39671886652,449.775112443778
1981.10862540393,1220.48222719364,434.782608695652
2008.45140442456,1645.53815560527,434.782608695652
2008.45140442456,1041.51130996769,449.775112443778
382.798906288839,1227.93934874472,449.775112443778
457.370121799652,1570.96694009446,464.767616191904
551.826994780015,904.797414864529,464.767616191904
725.826497638578,812.82624906786,449.775112443778
735.769326373353,1446.68158090977,449.775112443778
795.426298782004,1200.59656972409,464.767616191904
914.740243599304,1058.91126025354,464.767616191904
934.625901068854,1869.25180213771,464.767616191904
961.968680089485,1424.31021625653,449.775112443778
1416.85309470544,1454.13870246085,434.782608695652
1474.0243599304,683.569475515784,449.775112443778
1498.88143176734,1822.02336564753,434.782608695652
1573.45264727815,1846.88043748446,464.767616191904
1630.62391250311,1655.48098434004,449.775112443778
1700.22371364653,932.14019388516,464.767616191904
1702.70942083023,1802.13770817798,449.775112443778
1931.39448173005,874.968928660204,464.767616191904
661.19811086254,1183.19661943823,479.76011994003
748.197862291822,1739.99502858563,479.76011994003
790.454884414616,1213.02510564256,464.767616191904
852.59756400696,1317.42480735769,464.767616191904
959.482972905792,449.913000248571,479.76011994003
1001.73999502859,1086.25403927417,479.76011994003
1203.08227690778,715.883668903803,479.76011994003
1250.31071339796,1001.73999502859,479.76011994003
1469.05294556301,462.34153616704,449.775112443778
1493.91001739995,1640.56674123788,464.767616191904
1608.25254784986,1822.02336564753,464.767616191904
1695.25229927915,947.054436987323,464.767616191904
932.14019388516,852.59756400696,494.752623688156
944.568729803629,986.825751926423,479.76011994003
961.968680089485,1851.85185185185,479.76011994003
1170.76808351976,546.855580412627,479.76011994003
1498.88143176734,1822.02336564753,464.767616191904
1533.68133233905,1812.08053691275,494.752623688156
1548.59557544121,1826.99478001491,479.76011994003
1595.82401193139,1841.90902311708,479.76011994003
1956.25155356699,1280.13919960229,479.76011994003
728.312204822272,1217.99652000994,509.745127436282
850.111856823266,830.226199353716,509.745127436282
1160.82525478499,499.627143922446,494.752623688156
1322.39622172508,554.312701963709,509.745127436282
1421.82450907283,1483.96718866518,479.76011994003
1528.70991797166,1834.451901566,479.76011994003
1652.99527715635,1469.05294556301,494.752623688156
1807.10912254536,1302.51056425553,494.752623688156
1807.10912254536,899.826000497141,509.745127436282
1824.50907283122,1295.05344270445,494.752623688156
1854.33755903555,869.997514292816,479.76011994003
1859.30897340293,867.511807109123,479.76011994003
695.998011434253,1476.51006711409,524.737631184408
855.083271190654,1024.11135968183,509.745127436282
1297.53914988814,1401.93885160328,494.752623688156
1379.56748695004,837.683320904797,509.745127436282
1605.76684066617,753.16927665921,509.745127436282
1824.50907283122,1309.96768580661,509.745127436282
1826.99478001491,1046.48272433507,509.745127436282
1292.56773552076,1414.36738752175,539.730134932534
1416.85309470544,1491.42431021626,524.737631184408
1526.22421078797,1846.88043748446,509.745127436282
1546.10986825752,1834.451901566,524.737631184408
1590.85259756401,748.197862291822,524.737631184408
1650.50956997266,1481.48148148148,509.745127436282
1797.16629381059,1314.939100174,509.745127436282
1817.05195128014,1322.39622172508,509.745127436282
1953.7658463833,1290.08202833706,509.745127436282
745.712155108128,1349.73900074571,539.730134932534
879.940343027591,1334.82475764355,554.72263868066
1068.85408898832,1610.73825503356,554.72263868066
1203.08227690778,1531.19562515536,539.730134932534
1322.39622172508,1620.68108376833,554.72263868066
1548.59557544121,1391.99602286851,539.730134932534
1026.59706686552,999.254287844892,554.72263868066
1043.99701715138,1369.62465821526,554.72263868066
1232.91076311211,1357.19612229679,539.730134932534
1526.22421078797,1836.93760874969,539.730134932534
1583.39547601293,1071.33979617201,554.72263868066
1615.70966940094,1230.42505592841,554.72263868066
1645.53815560527,1056.42555306985,554.72263868066
1198.11086254039,1280.13919960229,569.715142428786
1237.88217747949,1362.16753666418,554.72263868066
1275.1677852349,1222.96793437733,569.715142428786
1456.62440964454,1004.22570221228,569.715142428786
1583.39547601293,1225.45364156102,554.72263868066
1588.36689038031,1232.91076311211,554.72263868066
1625.65249813572,1178.22520507084,554.72263868066
999.254287844892,1210.53939845886,569.715142428786
1250.31071339796,1153.36813323391,569.715142428786
1250.31071339796,1163.31096196868,569.715142428786
1260.25354213274,1150.88242605021,569.715142428786
1267.71066368382,1165.79666915237,569.715142428786
