12.4285359184688,867.511807109123,29.9850074962519
27.3427790206314,1652.99527715635,29.9850074962519
109.371116082525,1737.50932140194,29.9850074962519
119.313944817301,226.199353716132,14.9925037481259
146.656723837932,1135.96818294805,14.9925037481259
283.370618941089,1531.19562515536,59.9700149925037
298.284862043251,2160.07954262988,14.9925037481259
308.227690778026,673.626646781009,14.9925037481259
323.141933880189,658.712403678847,14.9925037481259
343.027591349739,2050.70842654735,14.9925037481259
392.741735023614,1794.6805866269,29.9850074962519
402.684563758389,1807.10912254536,29.9850074962519
405.170270942083,1836.93760874969,29.9850074962519
407.655978125777,1359.68182948049,14.9925037481259
417.598806860552,1344.76758637832,44.9775112443778
420.084514044246,1844.39473030077,29.9850074962519
432.513049962714,850.111856823266,29.9850074962519
457.370121799652,1739.99502858563,29.9850074962519
459.855828983346,1471.53865274671,29.9850074962519
469.798657718121,1488.93860303256,29.9850074962519
494.655729555058,837.683320904797,44.9775112443778
499.627143922446,2324.13621675367,29.9850074962519
549.341287596321,651.255282127765,44.9775112443778
551.826994780015,2344.02187422322,44.9775112443778
559.284116331096,2376.33606761124,29.9850074962519
574.198359433259,238.627889634601,29.9850074962519
584.141188168034,2366.39323887646,29.9850074962519
576.684066616953,2351.4789957743,14.9925037481259
584.141188168034,2341.53616703952,14.9925037481259
653.740989311459,1354.7104151131,29.9850074962519
653.740989311459,1424.31021625653,29.9850074962519
661.19811086254,1150.88242605021,14.9925037481259
830.226199353716,221.227939348745,29.9850074962519
845.140442455879,686.055182699478,29.9850074962519
845.140442455879,671.140939597315,29.9850074962519
855.083271190654,2232.165050957,14.9925037481259
865.026099925429,193.885160328113,29.9850074962519
907.283122048223,2269.4506587124,44.9775112443778
959.482972905792,758.140691026597,29.9850074962519
961.968680089485,892.36887894606,44.9775112443778
984.340044742729,350.48471290082,29.9850074962519
1006.71140939597,2172.50807854835,14.9925037481259
1011.68282376336,395.227442207308,44.9775112443778
1039.02560278399,628.883917474521,29.9850074962519
1078.79691772309,2428.5359184688,14.9925037481259
1081.28262490679,2435.99304001989,44.9775112443778
1103.65398956003,2440.96445438727,29.9850074962519
1160.82525478499,1292.56773552076,29.9850074962519
1247.82500621427,1774.79492915735,29.9850074962519
1252.79642058166,1707.68083519761,29.9850074962519
1287.59632115337,2458.36440467313,14.9925037481259
1295.05344270445,2428.5359184688,44.9775112443778
1493.91001739995,2060.65125528213,29.9850074962519
1556.05269699229,1814.56624409645,29.9850074962519
1625.65249813572,1948.79443201591,29.9850074962519
1667.90952025851,432.513049962714,29.9850074962519
1677.85234899329,474.770072085508,29.9850074962519
1744.96644295302,146.656723837932,44.9775112443778
1754.9092716878,2329.10763112105,14.9925037481259
1759.88068605518,569.226945065871,29.9850074962519
1764.85210042257,1958.73726075068,44.9775112443778
1807.10912254536,2155.10812826249,44.9775112443778
1839.42331593338,2443.45016157097,29.9850074962519
1859.30897340293,2431.0216256525,29.9850074962519
2043.25130499627,591.598309719115,44.9775112443778
2147.65100671141,1396.96743723589,44.9775112443778
2160.07954262988,1518.76708923689,29.9850074962519
2237.13646532438,1451.65299527716,29.9850074962519
2321.65050956997,1029.08277404922,29.9850074962519
335.570469798658,479.741486452896,44.9775112443778
405.170270942083,1819.53765846383,44.9775112443778
420.084514044246,1822.02336564753,29.9850074962519
422.570221227939,2341.53616703952,59.9700149925037
509.569972657221,2339.05045985583,59.9700149925037
554.312701963709,2361.42182450907,44.9775112443778
569.226945065871,390.25602783992,44.9775112443778
571.712652249565,2383.79318916232,44.9775112443778
750.683569475516,874.968928660204,59.9700149925037
857.568978374347,601.54113845389,44.9775112443778
860.054685558041,710.912254536416,44.9775112443778
1031.56848123291,745.712155108128,59.9700149925037
1185.68232662192,2008.45140442456,44.9775112443778
1200.59656972409,1198.11086254039,44.9775112443778
1205.56798409147,596.569724086503,29.9850074962519
1292.56773552076,852.59756400696,44.9775112443778
1302.51056425553,1911.5088242605,44.9775112443778
1411.88168033806,1531.19562515536,44.9775112443778
1414.36738752175,1051.45413870246,44.9775112443778
1769.82351478996,1981.10862540393,44.9775112443778
1963.70867511807,1953.7658463833,59.9700149925037
2065.62266964952,2087.99403430276,44.9775112443778
2085.50832711907,2073.0797912006,44.9775112443778
2122.79393487447,1416.85309470544,44.9775112443778
2127.76534924186,1434.2530449913,59.9700149925037
2135.22247079294,1404.42455878698,44.9775112443778
2165.05095699727,1409.39597315436,59.9700149925037
2329.10763112105,1041.51130996769,44.9775112443778
2403.67884663187,1048.96843151877,59.9700149925037
2455.87869748944,1406.91026597067,44.9775112443778
86.9997514292816,999.254287844892,59.9700149925037
96.9425801640567,1011.68282376336,59.9700149925037
116.828237633607,228.685060899826,44.9775112443778
139.199602286851,1247.82500621427,59.9700149925037
171.513795674869,2122.79393487447,74.9625187406297
278.399204573701,1672.8809346259,74.9625187406297
280.884911757395,2276.90778026349,74.9625187406297
420.084514044246,1111.11111111111,74.9625187406297
541.88416604524,2182.45090728312,44.9775112443778
544.369873228934,382.798906288839,44.9775112443778
795.426298782004,462.34153616704,89.9550224887556
785.483470047228,1563.50981854338,59.9700149925037
914.740243599304,792.94059159831,59.9700149925037
932.14019388516,2408.65026099925,74.9625187406297
964.454387273179,1894.10887397465,59.9700149925037
971.911508824261,432.513049962714,59.9700149925037
1046.48272433507,343.027591349739,59.9700149925037
1071.33979617201,2448.42157593835,59.9700149925037
1103.65398956003,420.084514044246,59.9700149925037
1113.5968182948,1111.11111111111,59.9700149925037
1160.82525478499,248.570718369376,59.9700149925037
1282.62490678598,894.854586129754,59.9700149925037
1295.05344270445,924.683072334079,59.9700149925037
1307.48197862292,934.625901068854,59.9700149925037
1309.96768580661,952.02585135471,59.9700149925037
1354.7104151131,1923.93736017897,59.9700149925037
1359.68182948049,1583.39547601293,74.9625187406297
1399.45314441959,2110.365398956,59.9700149925037
1416.85309470544,489.684315187671,59.9700149925037
1429.28163062391,507.084265473527,59.9700149925037
1551.08128262491,270.94208302262,59.9700149925037
1568.48123291076,1789.70917225951,59.9700149925037
1605.76684066617,2274.42207307979,59.9700149925037
1705.19512801392,2426.05021128511,59.9700149925037
1861.79468058663,1399.45314441959,59.9700149925037
1931.39448173005,1966.19438230176,59.9700149925037
1956.25155356699,2232.165050957,74.9625187406297
2073.0797912006,743.226447924435,59.9700149925037
2112.8511061397,1434.2530449913,59.9700149925037
2125.27964205817,1521.25279642058,59.9700149925037
2127.76534924186,1387.02460850112,59.9700149925037
2137.70817797663,1449.16728809346,59.9700149925037
2145.16529952772,1419.33880188914,59.9700149925037
2207.30797912006,1250.31071339796,74.9625187406297
2227.19363658961,402.684563758389,74.9625187406297
2239.62217250808,1387.02460850112,59.9700149925037
2264.47924434502,308.227690778026,59.9700149925037
2376.33606761124,183.942331593338,74.9625187406297
2463.33581904052,850.111856823266,59.9700149925037
86.9997514292816,733.283619189659,74.9625187406297
251.05642555307,952.02585135471,74.9625187406297
350.48471290082,2428.5359184688,89.9550224887556
387.770320656227,1267.71066368382,74.9625187406297
462.34153616704,2276.90778026349,74.9625187406297
487.198608003977,1419.33880188914,59.9700149925037
546.855580412627,949.540144171017,89.9550224887556
628.883917474521,1175.73949788715,74.9625187406297
695.998011434253,2356.45041014169,74.9625187406297
730.797912005966,1319.91051454139,74.9625187406297
785.483470047228,444.941585881183,89.9550224887556
800.397713149391,430.027342779021,74.9625187406297
807.854834700472,447.427293064877,89.9550224887556
917.225950782998,2421.07879691772,74.9625187406297
1048.96843151877,357.941834451902,74.9625187406297
1096.19686800895,412.627392493164,89.9550224887556
1319.91051454139,1496.39572458364,59.9700149925037
1426.79592344022,1369.62465821526,89.9550224887556
1538.65274670644,1078.79691772309,74.9625187406297
1561.02411135968,899.826000497141,89.9550224887556
1575.93835446184,1126.02535421327,59.9700149925037
1613.22396221725,917.225950782998,89.9550224887556
1633.1096196868,865.026099925429,74.9625187406297
1809.59482972906,1608.25254784986,89.9550224887556
1861.79468058663,2376.33606761124,74.9625187406297
1881.68033805618,226.199353716132,89.9550224887556
1886.65175242356,1270.19637086751,59.9700149925037
1891.62316679095,1275.1677852349,59.9700149925037
1909.02311707681,380.313199105145,89.9550224887556
2115.33681332339,1396.96743723589,74.9625187406297
2207.30797912006,253.542132736764,74.9625187406297
2214.76510067114,1076.3112105394,89.9550224887556
2214.76510067114,268.456375838926,89.9550224887556
2294.30773054934,2252.05070842655,89.9550224887556
2321.65050956997,1439.22445935869,74.9625187406297
2438.47874720358,1876.70892368879,89.9550224887556
2438.47874720358,1749.93785732041,74.9625187406297
2460.85011185682,1983.59433258762,89.9550224887556
22.3713646532438,1240.36788466319,89.9550224887556
74.5712155108128,2204.82227193637,89.9550224887556
159.085259756401,1255.28212776535,89.9550224887556
221.227939348745,1807.10912254536,104.947526236882
300.770569226945,576.684066616953,89.9550224887556
417.598806860552,1941.33731046483,89.9550224887556
469.798657718121,1406.91026597067,89.9550224887556
601.54113845389,1672.8809346259,89.9550224887556
688.540889883172,1901.56599552573,104.947526236882
785.483470047228,12.4285359184688,89.9550224887556
787.969177230922,1280.13919960229,104.947526236882
790.454884414616,2433.50733283619,104.947526236882
899.826000497141,725.826497638578,89.9550224887556
952.02585135471,320.656226696495,89.9550224887556
1063.88267462093,611.483967188665,104.947526236882
1160.82525478499,2341.53616703952,104.947526236882
1230.42505592841,1732.53790703455,89.9550224887556
1362.16753666418,740.740740740741,104.947526236882
1439.22445935869,469.798657718121,89.9550224887556
1459.11011682824,2475.76435495899,104.947526236882
1518.76708923689,986.825751926423,104.947526236882
1735.02361421825,104.399701715138,104.947526236882
1861.79468058663,1454.13870246085,104.947526236882
1881.68033805618,1011.68282376336,89.9550224887556
2030.8227690778,1213.02510564256,119.940029985007
2204.82227193637,285.856326124783,89.9550224887556
164.056674123788,1474.0243599304,119.940029985007
241.113596818295,1747.45215013671,104.947526236882
360.427541635595,1446.68158090977,119.940029985007
407.655978125777,1347.25329356202,104.947526236882
487.198608003977,1424.31021625653,104.947526236882
512.055679840915,2242.10787969177,119.940029985007
703.455132985334,338.056176982351,104.947526236882
708.426547352722,357.941834451902,104.947526236882
720.855083271191,1578.42406164554,104.947526236882
730.797912005966,1605.76684066617,119.940029985007
782.997762863535,1292.56773552076,104.947526236882
812.82624906786,546.855580412627,104.947526236882
842.654735272185,1851.85185185185,104.947526236882
894.854586129754,2475.76435495899,119.940029985007
989.311459110117,335.570469798658,119.940029985007
1019.13994531444,2028.33706189411,89.9550224887556
1051.45413870246,1777.28063634104,119.940029985007
1078.79691772309,1784.73775789212,119.940029985007
1138.45389013174,295.799154859558,104.947526236882
1232.91076311211,842.654735272185,104.947526236882
1272.68207805121,971.911508824261,104.947526236882
1287.59632115337,850.111856823266,89.9550224887556
1382.05319413373,728.312204822272,104.947526236882
1382.05319413373,755.654983842903,119.940029985007
1441.71016654238,2204.82227193637,104.947526236882
1496.39572458364,1650.50956997266,119.940029985007
1511.30996768581,1118.56823266219,119.940029985007
1608.25254784986,2376.33606761124,104.947526236882
1685.30947054437,1130.99676858066,104.947526236882
1831.9661943823,303.256276410639,119.940029985007
1831.9661943823,1702.70942083023,119.940029985007
1836.93760874969,1710.16654238131,89.9550224887556
1963.70867511807,1998.50857568978,104.947526236882
2182.45090728312,1130.99676858066,119.940029985007
2232.165050957,1503.85284613473,104.947526236882
131.742480735769,1235.3964702958,119.940029985007
196.370867511807,765.597812577678,134.932533733133
203.827989062888,253.542132736764,119.940029985007
265.970668655232,1931.39448173005,134.932533733133
472.284364901815,380.313199105145,119.940029985007
628.883917474521,24.8570718369376,134.932533733133
770.569226945066,1220.48222719364,104.947526236882
778.026348496147,1469.05294556301,119.940029985007
822.769077802635,487.198608003977,134.932533733133
850.111856823266,183.942331593338,119.940029985007
865.026099925429,1961.22296793438,134.932533733133
979.368630375342,524.484215759384,119.940029985007
981.854337559036,1250.31071339796,119.940029985007
989.311459110117,1483.96718866518,134.932533733133
1113.5968182948,2261.99353716132,104.947526236882
1128.51106139697,618.941088739746,119.940029985007
1225.45364156102,67.1140939597315,119.940029985007
1339.79617201094,300.770569226945,119.940029985007
1337.31046482724,285.856326124783,119.940029985007
1344.76758637832,2070.5940840169,119.940029985007
1441.71016654238,1742.48073576933,119.940029985007
1578.42406164554,1449.16728809346,134.932533733133
1752.4235645041,246.085011185682,119.940029985007
2050.70842654735,1588.36689038031,119.940029985007
2207.30797912006,258.513547104151,104.947526236882
2309.2219736515,318.170519512801,119.940029985007
62.142679592344,1521.25279642058,149.925037481259
91.9711657966692,1362.16753666418,149.925037481259
154.113845389013,800.397713149391,134.932533733133
159.085259756401,785.483470047228,134.932533733133
472.284364901815,718.369376087497,134.932533733133
534.427044494159,1568.48123291076,134.932533733133
544.369873228934,1101.16828237634,134.932533733133
569.226945065871,944.568729803629,149.925037481259
748.197862291822,805.369127516779,149.925037481259
832.71190653741,584.141188168034,149.925037481259
840.169028088491,1948.79443201591,134.932533733133
877.454635843898,1963.70867511807,134.932533733133
894.854586129754,504.598558289833,149.925037481259
897.340293313448,2411.13596818295,119.940029985007
934.625901068854,2401.19313944817,119.940029985007
996.768580661198,352.970420084514,134.932533733133
1026.59706686552,397.713149391002,119.940029985007
1026.59706686552,402.684563758389,119.940029985007
1051.45413870246,280.884911757395,134.932533733133
1066.36838180462,258.513547104151,134.932533733133
1071.33979617201,285.856326124783,134.932533733133
1170.76808351976,1595.82401193139,149.925037481259
1183.19661943823,1441.71016654238,134.932533733133
1200.59656972409,1546.10986825752,149.925037481259
1210.53939845886,877.454635843898,149.925037481259
1272.68207805121,1414.36738752175,134.932533733133
1300.02485707184,1302.51056425553,134.932533733133
1324.88192890877,909.768829231916,149.925037481259
1486.45289584887,909.768829231916,134.932533733133
1603.28113348248,1521.25279642058,134.932533733133
1630.62391250311,1347.25329356202,134.932533733133
1735.02361421825,2043.25130499627,134.932533733133
1797.16629381059,730.797912005966,149.925037481259
1928.90877454636,623.912503107134,149.925037481259
2040.76559781258,171.513795674869,149.925037481259
2058.16554809843,1575.93835446184,134.932533733133
2070.5940840169,2423.56450410142,134.932533733133
2140.19388516033,999.254287844892,134.932533733133
2244.59358687547,1076.3112105394,149.925037481259
2271.9363658961,1096.19686800895,134.932533733133
136.713895103157,2167.53666418096,164.917541229385
260.999254287845,1009.19711657967,149.925037481259
350.48471290082,164.056674123788,134.932533733133
352.970420084514,178.970917225951,149.925037481259
472.284364901815,1933.88018891375,149.925037481259
521.99850857569,2274.42207307979,149.925037481259
628.883917474521,472.284364901815,164.917541229385
636.341039025603,2145.16529952772,149.925037481259
666.169525229928,39.7713149391002,164.917541229385
700.969425801641,372.856077554064,149.925037481259
735.769326373353,1580.90976882923,149.925037481259
740.740740740741,2289.33631618195,149.925037481259
740.740740740741,1133.48247576436,164.917541229385
1009.19711657967,1389.51031568481,164.917541229385
1103.65398956003,1282.62490678598,164.917541229385
1118.56823266219,2254.53641561024,149.925037481259
1155.8538404176,1391.99602286851,134.932533733133
1165.79666915237,1575.93835446184,149.925037481259
1203.08227690778,1528.70991797166,149.925037481259
1275.1677852349,1829.48048719861,149.925037481259
1282.62490678598,1943.82301764852,149.925037481259
1359.68182948049,1068.85408898832,149.925037481259
1508.82426050211,295.799154859558,164.917541229385
1523.73850360428,303.256276410639,149.925037481259
1526.22421078797,1901.56599552573,149.925037481259
1630.62391250311,37.2856077554064,149.925037481259
1633.1096196868,410.141685309471,149.925037481259
1650.50956997266,954.511558538404,149.925037481259
1665.42381307482,447.427293064877,149.925037481259
1804.62341536167,251.05642555307,149.925037481259
1921.45165299528,2115.33681332339,149.925037481259
1923.93736017897,2122.79393487447,134.932533733133
2045.73701217997,452.398707432264,149.925037481259
2092.96544867015,673.626646781009,164.917541229385
2092.96544867015,487.198608003977,164.917541229385
2127.76534924186,362.913248819289,164.917541229385
2254.53641561024,1093.71116082525,164.917541229385
2319.16480238628,1948.79443201591,149.925037481259
57.1712652249565,564.255530698484,164.917541229385
365.398956002983,2341.53616703952,164.917541229385
375.341784737758,2366.39323887646,164.917541229385
377.827491921452,2358.93611732538,149.925037481259
484.712900820283,2244.59358687547,179.910044977511
621.42679592344,715.883668903803,164.917541229385
715.883668903803,1923.93736017897,164.917541229385
733.283619189659,942.083022619935,164.917541229385
738.255033557047,1230.42505592841,179.910044977511
882.426050211285,1891.62316679095,164.917541229385
1004.22570221228,2135.22247079294,179.910044977511
1004.22570221228,1556.05269699229,149.925037481259
1004.22570221228,1369.62465821526,164.917541229385
1024.11135968183,400.198856574696,164.917541229385
1051.45413870246,1762.36639323888,149.925037481259
1198.11086254039,2130.25105642555,164.917541229385
1213.02510564256,2140.19388516033,164.917541229385
1280.13919960229,1844.39473030077,149.925037481259
1638.08103405419,971.911508824261,164.917541229385
1648.02386278896,111.856823266219,179.910044977511
1690.28088491176,1630.62391250311,149.925037481259
1702.70942083023,1198.11086254039,179.910044977511
1715.13795674869,49.7141436738752,164.917541229385
1762.36639323888,2023.36564752672,149.925037481259
1899.08028834203,1899.08028834203,149.925037481259
1901.56599552573,745.712155108128,179.910044977511
1904.05170270942,730.797912005966,164.917541229385
1916.48023862789,748.197862291822,164.917541229385
1916.48023862789,723.340790454884,164.917541229385
1923.93736017897,1909.02311707681,149.925037481259
1933.88018891375,1928.90877454636,149.925037481259
1998.50857568978,1948.79443201591,149.925037481259
2040.76559781258,315.684812329108,179.910044977511
2137.70817797663,802.883420333085,179.910044977511
2232.165050957,1777.28063634104,149.925037481259
2237.13646532438,1747.45215013671,149.925037481259
2264.47924434502,1150.88242605021,179.910044977511
2286.85060899826,1138.45389013174,164.917541229385
2306.73626646781,1230.42505592841,179.910044977511
2326.62192393736,1272.68207805121,149.925037481259
2408.65026099925,1063.88267462093,179.910044977511
2423.56450410142,613.969674372359,179.910044977511
2426.05021128511,633.855331841909,164.917541229385
2478.25006214268,1841.90902311708,149.925037481259
2480.73576932637,852.59756400696,179.910044977511
91.9711657966692,2025.85135471042,179.910044977511
136.713895103157,1297.53914988814,179.910044977511
216.256524981357,2048.22271936366,179.910044977511
256.027839920457,1739.99502858563,194.902548725637
270.94208302262,1727.56649266716,194.902548725637
293.313447675864,1379.56748695004,179.910044977511
636.341039025603,1160.82525478499,179.910044977511
646.283867760378,1707.68083519761,194.902548725637
653.740989311459,338.056176982351,179.910044977511
748.197862291822,1503.85284613473,194.902548725637
765.597812577678,1518.76708923689,209.895052473763
984.340044742729,879.940343027591,209.895052473763
1024.11135968183,641.31245339299,164.917541229385
1036.5398956003,2152.6224210788,179.910044977511
1081.28262490679,2140.19388516033,194.902548725637
1153.36813323391,422.570221227939,179.910044977511
1220.48222719364,243.599304001989,194.902548725637
1245.33929903057,236.142182450907,194.902548725637
1282.62490678598,1861.79468058663,164.917541229385
1287.59632115337,1876.70892368879,164.917541229385
1287.59632115337,1976.13721103654,164.917541229385
1374.59607258265,457.370121799652,179.910044977511
1449.16728809346,2207.30797912006,179.910044977511
1513.7956748695,1232.91076311211,179.910044977511
1518.76708923689,1262.73924931643,164.917541229385
1531.19562515536,1931.39448173005,164.917541229385
1580.90976882923,2172.50807854835,179.910044977511
1585.88118319662,1481.48148148148,164.917541229385
1593.3383047477,2142.67959234402,179.910044977511
1613.22396221725,1553.5669898086,179.910044977511
1623.16679095203,887.397464578673,179.910044977511
1635.59532687049,1377.08177976634,164.917541229385
1655.48098434004,1198.11086254039,179.910044977511
1690.28088491176,519.512801391996,179.910044977511
1695.25229927915,1665.42381307482,164.917541229385
1697.73800646284,1128.51106139697,194.902548725637
1710.16654238131,517.027094208302,179.910044977511
1742.48073576933,2075.56549838429,164.917541229385
1754.9092716878,1138.45389013174,194.902548725637
1769.82351478996,2053.19413373105,164.917541229385
1814.56624409645,1951.2801391996,164.917541229385
1836.93760874969,1859.30897340293,179.910044977511
1909.02311707681,1933.88018891375,179.910044977511
1923.93736017897,221.227939348745,194.902548725637
1931.39448173005,1941.33731046483,179.910044977511
1931.39448173005,2157.59383544618,164.917541229385
1941.33731046483,1961.22296793438,164.917541229385
2003.47999005717,350.48471290082,179.910044977511
2005.96569724086,1978.62291822023,164.917541229385
2060.65125528213,330.59905543127,179.910044977511
2065.62266964952,1988.56574695501,179.910044977511
2078.05120556798,2453.39299030574,179.910044977511
2125.27964205817,810.340541884166,179.910044977511
2125.27964205817,792.94059159831,194.902548725637
2135.22247079294,775.540641312453,194.902548725637
2237.13646532438,1807.10912254536,164.917541229385
2244.59358687547,1779.76634352473,164.917541229385
2314.19338801889,1262.73924931643,179.910044977511
2319.16480238628,1302.51056425553,179.910044977511
2326.62192393736,1981.10862540393,164.917541229385
2334.07904548844,1309.96768580661,164.917541229385
2438.47874720358,626.398210290828,194.902548725637
67.1140939597315,1518.76708923689,179.910044977511
288.342033308476,1834.451901566,194.902548725637
442.455878697489,914.740243599304,194.902548725637
753.16927665921,1508.82426050211,179.910044977511
778.026348496147,1029.08277404922,209.895052473763
782.997762863535,1029.08277404922,179.910044977511
800.397713149391,99.4282873477504,209.895052473763
812.82624906786,959.482972905792,209.895052473763
1093.71116082525,1034.0541884166,209.895052473763
1260.25354213274,2083.02261993537,179.910044977511
1262.73924931643,2112.8511061397,179.910044977511
1431.76733780761,1834.451901566,179.910044977511
1469.05294556301,1143.42530449913,194.902548725637
1722.59507829978,695.998011434253,194.902548725637
1817.05195128014,1024.11135968183,209.895052473763
1926.42306736266,2147.65100671141,179.910044977511
1981.10862540393,1178.22520507084,209.895052473763
2105.39398458862,1575.93835446184,179.910044977511
2150.1367138951,792.94059159831,194.902548725637
2212.27939348745,1488.93860303256,179.910044977511
2212.27939348745,1496.39572458364,179.910044977511
2222.22222222222,1476.51006711409,179.910044977511
2269.4506587124,1096.19686800895,179.910044977511
2448.42157593835,1859.30897340293,179.910044977511
94.4568729803629,1839.42331593338,224.887556221889
139.199602286851,1672.8809346259,224.887556221889
387.770320656227,912.25453641561,209.895052473763
432.513049962714,2060.65125528213,194.902548725637
698.483718617947,2005.96569724086,209.895052473763
698.483718617947,114.342530449913,209.895052473763
728.312204822272,1474.0243599304,209.895052473763
768.083519761372,1498.88143176734,194.902548725637
770.569226945066,1628.13820531941,209.895052473763
956.997265722098,1128.51106139697,224.887556221889
961.968680089485,1108.62540392742,224.887556221889
986.825751926423,636.341039025603,209.895052473763
1009.19711657967,238.627889634601,224.887556221889
1029.08277404922,638.826746209297,194.902548725637
1145.91101168282,1198.11086254039,224.887556221889
1337.31046482724,2366.39323887646,209.895052473763
1426.79592344022,1804.62341536167,209.895052473763
1441.71016654238,2177.47949291573,194.902548725637
1466.56723837932,2416.10738255034,209.895052473763
1521.25279642058,1702.70942083023,209.895052473763
1526.22421078797,161.570966940094,224.887556221889
1573.45264727815,2140.19388516033,194.902548725637
1588.36689038031,2112.8511061397,209.895052473763
1660.45239870743,161.570966940094,224.887556221889
1657.96669152374,114.342530449913,194.902548725637
1715.13795674869,392.741735023614,224.887556221889
1759.88068605518,2020.87994034303,194.902548725637
1807.10912254536,1921.45165299528,209.895052473763
1831.9661943823,1826.99478001491,194.902548725637
1836.93760874969,1879.19463087248,224.887556221889
1894.10887397465,914.740243599304,224.887556221889
1906.53740989311,1904.05170270942,194.902548725637
1921.45165299528,2.48570718369376,209.895052473763
1923.93736017897,1909.02311707681,194.902548725637
1931.39448173005,1931.39448173005,194.902548725637
1938.85160328113,1931.39448173005,194.902548725637
2060.65125528213,1956.25155356699,194.902548725637
2097.93686303753,1543.62416107383,209.895052473763
2209.79368630375,1459.11011682824,224.887556221889
2217.25080785483,1444.19587372608,209.895052473763
2229.6793437733,1454.13870246085,209.895052473763
2232.165050957,1774.79492915735,194.902548725637
2324.13621675367,1411.88168033806,194.902548725637
2329.10763112105,1280.13919960229,194.902548725637
2443.45016157097,1826.99478001491,209.895052473763
2480.73576932637,1839.42331593338,209.895052473763
86.9997514292816,1603.28113348248,224.887556221889
328.113348247576,1859.30897340293,224.887556221889
365.398956002983,820.283370618941,239.880059970015
442.455878697489,1235.3964702958,224.887556221889
529.455630126771,1039.02560278399,254.872563718141
594.084016902809,1521.25279642058,239.880059970015
596.569724086503,703.455132985334,224.887556221889
686.055182699478,1272.68207805121,224.887556221889
695.998011434253,1272.68207805121,239.880059970015
705.940840169028,1143.42530449913,224.887556221889
785.483470047228,1362.16753666418,239.880059970015
1357.19612229679,1869.25180213771,224.887556221889
1488.93860303256,1210.53939845886,224.887556221889
1531.19562515536,1685.30947054437,224.887556221889
1565.99552572707,1739.99502858563,224.887556221889
1605.76684066617,1053.93984588615,239.880059970015
1836.93760874969,2033.3084762615,239.880059970015
1886.65175242356,1874.2232165051,239.880059970015
1968.68008948546,464.827243350733,239.880059970015
2065.62266964952,333.084762614964,209.895052473763
2112.8511061397,1168.28237633607,239.880059970015
2160.07954262988,1707.68083519761,224.887556221889
2239.62217250808,1749.93785732041,209.895052473763
2311.7076808352,1272.68207805121,209.895052473763
27.3427790206314,768.083519761372,239.880059970015
119.313944817301,554.312701963709,239.880059970015
320.656226696495,380.313199105145,239.880059970015
382.798906288839,1481.48148148148,239.880059970015
417.598806860552,1913.9945314442,239.880059970015
469.798657718121,894.854586129754,254.872563718141
514.541387024609,1488.93860303256,254.872563718141
539.398458861546,1019.13994531444,239.880059970015
576.684066616953,221.227939348745,239.880059970015
579.169773800646,1516.28138205319,239.880059970015
599.055431270196,723.340790454884,239.880059970015
778.026348496147,705.940840169028,254.872563718141
822.769077802635,1884.16604523987,224.887556221889
832.71190653741,1048.96843151877,254.872563718141
847.626149639573,1036.5398956003,254.872563718141
897.340293313448,2204.82227193637,254.872563718141
1011.68282376336,54.6855580412627,239.880059970015
1638.08103405419,1583.39547601293,239.880059970015
1777.28063634104,1108.62540392742,239.880059970015
1829.48048719861,1536.16703952274,239.880059970015
1836.93760874969,2060.65125528213,239.880059970015
2311.7076808352,952.02585135471,239.880059970015
2346.50758140691,608.998260004971,239.880059970015
72.0855083271191,909.768829231916,254.872563718141
196.370867511807,710.912254536416,254.872563718141
221.227939348745,1675.36664180959,254.872563718141
260.999254287845,1287.59632115337,254.872563718141
387.770320656227,2020.87994034303,254.872563718141
576.684066616953,193.885160328113,269.865067466267
708.426547352722,484.712900820283,254.872563718141
758.140691026597,380.313199105145,269.865067466267
792.94059159831,1200.59656972409,269.865067466267
790.454884414616,2242.10787969177,269.865067466267
792.94059159831,2080.53691275168,269.865067466267
792.94059159831,1183.19661943823,254.872563718141
822.769077802635,1859.30897340293,254.872563718141
869.997514292816,852.59756400696,254.872563718141
877.454635843898,1817.05195128014,269.865067466267
889.883171762366,1826.99478001491,239.880059970015
897.340293313448,1183.19661943823,239.880059970015
899.826000497141,1190.65374098931,239.880059970015
937.111608252548,688.540889883172,269.865067466267
937.111608252548,1526.22421078797,254.872563718141
999.254287844892,636.341039025603,254.872563718141
1021.62565249814,2229.6793437733,269.865067466267
1039.02560278399,2112.8511061397,284.857571214393
1111.11111111111,1747.45215013671,254.872563718141
1118.56823266219,1058.91126025354,269.865067466267
1170.76808351976,1521.25279642058,269.865067466267
1304.99627143922,1618.19537658464,254.872563718141
1314.939100174,1961.22296793438,254.872563718141
1362.16753666418,1130.99676858066,239.880059970015
1387.02460850112,253.542132736764,269.865067466267
1635.59532687049,894.854586129754,254.872563718141
1670.39522744221,251.05642555307,254.872563718141
1692.76659209545,770.569226945066,269.865067466267
1759.88068605518,509.569972657221,254.872563718141
1794.6805866269,79.5426298782003,254.872563718141
1938.85160328113,1245.33929903057,269.865067466267
1961.22296793438,1396.96743723589,269.865067466267
1998.50857568978,2264.47924434502,269.865067466267
134.228187919463,1168.28237633607,269.865067466267
181.456624409645,1220.48222719364,284.857571214393
203.827989062888,1302.51056425553,284.857571214393
355.456127268208,1991.0514541387,284.857571214393
472.284364901815,2073.0797912006,269.865067466267
474.770072085508,1327.36763609247,254.872563718141
536.912751677852,897.340293313448,284.857571214393
631.369624658215,178.970917225951,269.865067466267
790.454884414616,231.17076808352,284.857571214393
795.426298782004,1252.79642058166,284.857571214393
815.311956251554,211.28511061397,299.850074962519
832.71190653741,1061.39696743724,269.865067466267
874.968928660204,1799.65200099428,269.865067466267
872.48322147651,1173.25379070346,284.857571214393
884.911757394979,1839.42331593338,254.872563718141
919.711657966692,544.369873228934,284.857571214393
1061.39696743724,2127.76534924186,284.857571214393
1135.96818294805,623.912503107134,269.865067466267
1389.51031568481,1170.76808351976,269.865067466267
1441.71016654238,1359.68182948049,284.857571214393
1454.13870246085,1369.62465821526,269.865067466267
1521.25279642058,576.684066616953,284.857571214393
1715.13795674869,2311.7076808352,269.865067466267
1747.45215013671,1580.90976882923,269.865067466267
1819.53765846383,1133.48247576436,284.857571214393
2189.9080288342,1449.16728809346,284.857571214393
2204.82227193637,1884.16604523987,284.857571214393
2207.30797912006,1759.88068605518,284.857571214393
2264.47924434502,743.226447924435,269.865067466267
161.570966940094,1240.36788466319,284.857571214393
352.970420084514,999.254287844892,284.857571214393
360.427541635595,1563.50981854338,299.850074962519
584.141188168034,1983.59433258762,299.850074962519
623.912503107134,2276.90778026349,299.850074962519
740.740740740741,2291.82202336565,299.850074962519
867.511807109123,666.169525229928,284.857571214393
892.36887894606,1173.25379070346,269.865067466267
899.826000497141,1185.68232662192,284.857571214393
924.683072334079,484.712900820283,284.857571214393
969.425801640567,671.140939597315,299.850074962519
1019.13994531444,2090.47974148645,284.857571214393
1029.08277404922,1759.88068605518,284.857571214393
1123.53964702958,1722.59507829978,299.850074962519
1292.56773552076,1978.62291822023,284.857571214393
1364.65324384787,2013.42281879195,284.857571214393
1426.79592344022,1551.08128262491,284.857571214393
1434.2530449913,1568.48123291076,299.850074962519
1444.19587372608,121.799652000994,299.850074962519
1456.62440964454,1352.22470792941,284.857571214393
1518.76708923689,29.8284862043251,284.857571214393
1546.10986825752,2438.47874720358,284.857571214393
1556.05269699229,800.397713149391,299.850074962519
1590.85259756401,377.827491921452,299.850074962519
1615.70966940094,390.25602783992,299.850074962519
1670.39522744221,119.313944817301,299.850074962519
1789.70917225951,1754.9092716878,299.850074962519
1884.16604523987,1130.99676858066,269.865067466267
1891.62316679095,1133.48247576436,269.865067466267
1916.48023862789,1707.68083519761,284.857571214393
2132.73676360925,1998.50857568978,299.850074962519
2140.19388516033,1116.0825254785,284.857571214393
2396.22172508079,882.426050211285,299.850074962519
2478.25006214268,1481.48148148148,269.865067466267
156.599552572707,1523.73850360428,299.850074962519
338.056176982351,1009.19711657967,299.850074962519
340.541884166045,1029.08277404922,314.842578710645
447.427293064877,1742.48073576933,299.850074962519
487.198608003977,1461.59582401193,299.850074962519
554.312701963709,1846.88043748446,314.842578710645
574.198359433259,1966.19438230176,299.850074962519
743.226447924435,477.255779269202,314.842578710645
797.912005965697,1327.36763609247,299.850074962519
850.111856823266,519.512801391996,299.850074962519
882.426050211285,1585.88118319662,314.842578710645
924.683072334079,1720.10937111608,314.842578710645
1029.08277404922,2020.87994034303,314.842578710645
1041.51130996769,2125.27964205817,284.857571214393
1220.48222719364,2371.36465324385,284.857571214393
1416.85309470544,1687.79517772806,314.842578710645
1488.93860303256,840.169028088491,299.850074962519
1526.22421078797,462.34153616704,314.842578710645
1772.30922197365,1118.56823266219,299.850074962519
1876.70892368879,959.482972905792,314.842578710645
2065.62266964952,1436.73875217499,329.835082458771
2294.30773054934,1879.19463087248,299.850074962519
84.5140442455879,1009.19711657967,314.842578710645
188.913745960726,1190.65374098931,314.842578710645
246.085011185682,1188.16803380562,314.842578710645
305.741983594333,1948.79443201591,314.842578710645
310.71339796172,1936.36589609744,314.842578710645
437.484464330102,467.312950534427,329.835082458771
554.312701963709,2005.96569724086,329.835082458771
599.055431270196,735.769326373353,329.835082458771
835.197613721104,534.427044494159,314.842578710645
872.48322147651,1255.28212776535,329.835082458771
932.14019388516,1824.50907283122,329.835082458771
1222.96793437733,2058.16554809843,344.827586206897
1245.33929903057,2366.39323887646,314.842578710645
1312.45339299031,944.568729803629,314.842578710645
1339.79617201094,1329.85334327616,314.842578710645
1476.51006711409,285.856326124783,329.835082458771
1541.13845389013,1439.22445935869,329.835082458771
1546.10986825752,847.626149639573,314.842578710645
1551.08128262491,270.94208302262,329.835082458771
1553.5669898086,879.940343027591,314.842578710645
1558.53840417599,288.342033308476,329.835082458771
1742.48073576933,1297.53914988814,314.842578710645
1889.13745960726,1130.99676858066,314.842578710645
1916.48023862789,1362.16753666418,314.842578710645
2040.76559781258,1794.6805866269,329.835082458771
2170.02237136465,514.541387024609,329.835082458771
2174.99378573204,912.25453641561,314.842578710645
2458.36440467313,1469.05294556301,314.842578710645
238.627889634601,735.769326373353,344.827586206897
246.085011185682,1565.99552572707,344.827586206897
340.541884166045,969.425801640567,344.827586206897
661.19811086254,2120.30822769078,314.842578710645
661.19811086254,2112.8511061397,359.820089955023
1021.62565249814,2040.76559781258,344.827586206897
1051.45413870246,2142.67959234402,329.835082458771
1232.91076311211,2368.87894606015,329.835082458771
1319.91051454139,1317.42480735769,359.820089955023
1324.88192890877,1319.91051454139,314.842578710645
1334.82475764355,2247.07929405916,329.835082458771
1359.68182948049,1076.3112105394,314.842578710645
1369.62465821526,1031.56848123291,329.835082458771
1531.19562515536,280.884911757395,329.835082458771
1682.82376336068,541.88416604524,314.842578710645
1717.62366393239,2227.19363658961,344.827586206897
1762.36639323888,1565.99552572707,329.835082458771
1774.79492915735,295.799154859558,329.835082458771
1936.36589609744,352.970420084514,329.835082458771
2257.02212279394,986.825751926423,344.827586206897
589.112602535421,1185.68232662192,344.827586206897
621.42679592344,2112.8511061397,359.820089955023
663.683818046234,1469.05294556301,359.820089955023
671.140939597315,775.540641312453,359.820089955023
730.797912005966,2068.10837683321,359.820089955023
879.940343027591,1963.70867511807,344.827586206897
907.283122048223,1106.13969674372,359.820089955023
904.797414864529,1076.3112105394,344.827586206897
949.540144171017,845.140442455879,359.820089955023
1009.19711657967,1911.5088242605,329.835082458771
1011.68282376336,1906.53740989311,374.812593703148
1024.11135968183,1588.36689038031,344.827586206897
1041.51130996769,2125.27964205817,329.835082458771
1106.13969674372,1282.62490678598,329.835082458771
1265.22495650012,1672.8809346259,359.820089955023
1359.68182948049,2015.90852597564,329.835082458771
1364.65324384787,2013.42281879195,329.835082458771
1384.53890131742,2227.19363658961,359.820089955023
1444.19587372608,1051.45413870246,359.820089955023
1486.45289584887,1926.42306736266,344.827586206897
1503.85284613473,1948.79443201591,359.820089955023
1518.76708923689,1101.16828237634,359.820089955023
1747.45215013671,944.568729803629,359.820089955023
1754.9092716878,1391.99602286851,359.820089955023
1802.13770817798,2172.50807854835,359.820089955023
2008.45140442456,1643.05244842158,359.820089955023
2050.70842654735,2048.22271936366,344.827586206897
2202.33656475267,1881.68033805618,329.835082458771
338.056176982351,1004.22570221228,344.827586206897
439.970171513796,1630.62391250311,389.805097451274
492.170022371365,1165.79666915237,389.805097451274
653.740989311459,954.511558538404,374.812593703148
882.426050211285,1578.42406164554,344.827586206897
899.826000497141,1093.71116082525,359.820089955023
996.768580661198,1657.96669152374,374.812593703148
1006.71140939597,1635.59532687049,374.812593703148
1036.5398956003,830.226199353716,374.812593703148
1314.939100174,1625.65249813572,359.820089955023
1327.36763609247,2080.53691275168,359.820089955023
1354.7104151131,1068.85408898832,359.820089955023
1444.19587372608,387.770320656227,374.812593703148
1474.0243599304,1250.31071339796,359.820089955023
1478.99577429779,810.340541884166,374.812593703148
1556.05269699229,1324.88192890877,359.820089955023
1565.99552572707,228.685060899826,359.820089955023
1590.85259756401,372.856077554064,344.827586206897
1593.3383047477,1091.22545364156,344.827586206897
1598.30971911509,1086.25403927417,374.812593703148
1650.50956997266,1285.11061396967,374.812593703148
1660.45239870743,1300.02485707184,374.812593703148
1737.50932140194,1819.53765846383,374.812593703148
1981.10862540393,730.797912005966,374.812593703148
1991.0514541387,884.911757394979,374.812593703148
2097.93686303753,1991.0514541387,359.820089955023
444.941585881183,1645.53815560527,389.805097451274
529.455630126771,1185.68232662192,389.805097451274
743.226447924435,2150.1367138951,389.805097451274
825.254784986329,2177.47949291573,389.805097451274
835.197613721104,2189.9080288342,374.812593703148
959.482972905792,1717.62366393239,359.820089955023
1019.13994531444,817.797663435247,389.805097451274
1106.13969674372,1290.08202833706,374.812593703148
1297.53914988814,422.570221227939,389.805097451274
1312.45339299031,1598.30971911509,389.805097451274
1312.45339299031,2075.56549838429,389.805097451274
1314.939100174,1643.05244842158,389.805097451274
1357.19612229679,1655.48098434004,374.812593703148
1580.90976882923,380.313199105145,389.805097451274
1643.05244842158,947.054436987323,389.805097451274
1657.96669152374,817.797663435247,389.805097451274
1727.56649266716,1396.96743723589,389.805097451274
1764.85210042257,1794.6805866269,389.805097451274
1856.82326621924,529.455630126771,374.812593703148
2150.1367138951,1754.9092716878,374.812593703148
318.170519512801,1618.19537658464,389.805097451274
509.569972657221,1247.82500621427,404.7976011994
536.912751677852,1240.36788466319,404.7976011994
546.855580412627,1252.79642058166,389.805097451274
574.198359433259,1501.36713895103,404.7976011994
646.283867760378,1374.59607258265,419.790104947526
991.797166293811,2199.85085756898,374.812593703148
1021.62565249814,2020.87994034303,389.805097451274
1029.08277404922,802.883420333085,389.805097451274
1230.42505592841,1625.65249813572,404.7976011994
1272.68207805121,1190.65374098931,389.805097451274
1352.22470792941,2239.62217250808,389.805097451274
1421.82450907283,1807.10912254536,389.805097451274
1471.53865274671,1730.05219985086,389.805097451274
1488.93860303256,2075.56549838429,404.7976011994
1754.9092716878,1563.50981854338,374.812593703148
1762.36639323888,1565.99552572707,374.812593703148
492.170022371365,1180.71091225454,404.7976011994
502.11285110614,862.540392741735,404.7976011994
531.941337310465,1265.22495650012,419.790104947526
559.284116331096,835.197613721104,404.7976011994
571.712652249565,1963.70867511807,404.7976011994
589.112602535421,1478.99577429779,404.7976011994
636.341039025603,1034.0541884166,419.790104947526
678.598061148397,1943.82301764852,404.7976011994
867.511807109123,1374.59607258265,404.7976011994
964.454387273179,1715.13795674869,404.7976011994
984.340044742729,937.111608252548,434.782608695652
1334.82475764355,760.626398210291,419.790104947526
1372.11036539896,651.255282127765,419.790104947526
1394.4817300522,1135.96818294805,404.7976011994
1493.91001739995,1834.451901566,404.7976011994
1615.70966940094,887.397464578673,419.790104947526
1615.70966940094,894.854586129754,389.805097451274
1690.28088491176,1496.39572458364,419.790104947526
1715.13795674869,1496.39572458364,419.790104947526
1822.02336564753,1861.79468058663,419.790104947526
472.284364901815,862.540392741735,434.782608695652
514.541387024609,1267.71066368382,419.790104947526
641.31245339299,1354.7104151131,419.790104947526
715.883668903803,728.312204822272,404.7976011994
778.026348496147,1687.79517772806,434.782608695652
817.797663435247,991.797166293811,434.782608695652
897.340293313448,947.054436987323,449.775112443778
969.425801640567,1364.65324384787,434.782608695652
984.340044742729,1926.42306736266,434.782608695652
1155.8538404176,2095.45115585384,434.782608695652
1215.51081282625,589.112602535421,434.782608695652
1362.16753666418,636.341039025603,434.782608695652
1411.88168033806,611.483967188665,434.782608695652
1483.96718866518,1091.22545364156,419.790104947526
1501.36713895103,251.05642555307,404.7976011994
1643.05244842158,1459.11011682824,434.782608695652
1650.50956997266,1280.13919960229,404.7976011994
1690.28088491176,1531.19562515536,419.790104947526
1692.76659209545,1513.7956748695,434.782608695652
1700.22371364653,1488.93860303256,419.790104947526
1712.652249565,1297.53914988814,419.790104947526
1715.13795674869,1260.25354213274,434.782608695652
1901.56599552573,671.140939597315,434.782608695652
1913.9945314442,1300.02485707184,434.782608695652
2070.5940840169,1561.02411135968,434.782608695652
2147.65100671141,845.140442455879,419.790104947526
494.655729555058,860.054685558041,434.782608695652
763.112105393985,1682.82376336068,434.782608695652
902.311707680835,966.940094456873,419.790104947526
914.740243599304,961.968680089485,449.775112443778
961.968680089485,1667.90952025851,449.775112443778
1009.19711657967,325.627641063883,449.775112443778
1175.73949788715,1851.85185185185,449.775112443778
1242.85359184688,2005.96569724086,449.775112443778
1382.05319413373,633.855331841909,434.782608695652
1399.45314441959,1111.11111111111,449.775112443778
1737.50932140194,628.883917474521,449.775112443778
1757.39497887149,621.42679592344,449.775112443778
1909.02311707681,658.712403678847,434.782608695652
2132.73676360925,1096.19686800895,434.782608695652
613.969674372359,1687.79517772806,449.775112443778
673.626646781009,641.31245339299,449.775112443778
710.912254536416,728.312204822272,449.775112443778
879.940343027591,479.741486452896,449.775112443778
1198.11086254039,2073.0797912006,449.775112443778
1352.22470792941,656.226696495153,449.775112443778
1598.30971911509,2023.36564752672,464.767616191904
623.912503107134,1648.02386278896,449.775112443778
638.826746209297,1389.51031568481,464.767616191904
802.883420333085,482.22719363659,449.775112443778
942.083022619935,1424.31021625653,464.767616191904
1287.59632115337,2070.5940840169,479.76011994003
1324.88192890877,1705.19512801392,464.767616191904
1332.33905045986,1687.79517772806,464.767616191904
1347.25329356202,820.283370618941,464.767616191904
1533.68133233905,954.511558538404,464.767616191904
1844.39473030077,855.083271190654,449.775112443778
633.855331841909,1377.08177976634,464.767616191904
710.912254536416,1471.53865274671,464.767616191904
852.59756400696,822.769077802635,464.767616191904
904.797414864529,564.255530698484,464.767616191904
934.625901068854,1580.90976882923,464.767616191904
937.111608252548,1588.36689038031,464.767616191904
1026.59706686552,1652.99527715635,464.767616191904
1304.99627143922,1585.88118319662,494.752623688156
1347.25329356202,837.683320904797,464.767616191904
1357.19612229679,1595.82401193139,479.76011994003
1814.56624409645,1128.51106139697,464.767616191904
1812.08053691275,810.340541884166,464.767616191904
1879.19463087248,1307.48197862292,494.752623688156
1896.59458115834,1260.25354213274,494.752623688156
1966.19438230176,1190.65374098931,464.767616191904
2028.33706189411,1426.79592344022,479.76011994003
479.741486452896,845.140442455879,479.76011994003
601.54113845389,1670.39522744221,479.76011994003
611.483967188665,1633.1096196868,479.76011994003
621.42679592344,1362.16753666418,479.76011994003
626.398210290828,1096.19686800895,479.76011994003
623.912503107134,1374.59607258265,479.76011994003
700.969425801641,1456.62440964454,479.76011994003
790.454884414616,462.34153616704,479.76011994003
797.912005965697,1165.79666915237,479.76011994003
802.883420333085,1163.31096196868,479.76011994003
840.169028088491,807.854834700472,479.76011994003
867.511807109123,459.855828983346,479.76011994003
884.911757394979,927.168779517773,479.76011994003
892.36887894606,546.855580412627,479.76011994003
907.283122048223,949.540144171017,479.76011994003
927.168779517773,1570.96694009446,479.76011994003
932.14019388516,1406.91026597067,479.76011994003
952.02585135471,1650.50956997266,479.76011994003
971.911508824261,914.740243599304,479.76011994003
1133.48247576436,1593.3383047477,479.76011994003
1143.42530449913,2075.56549838429,479.76011994003
1148.39671886652,2078.05120556798,479.76011994003
1163.31096196868,1834.451901566,479.76011994003
1188.16803380562,2055.67984091474,479.76011994003
1210.53939845886,1874.2232165051,479.76011994003
1309.96768580661,1600.79542629878,494.752623688156
1332.33905045986,820.283370618941,479.76011994003
1334.82475764355,802.883420333085,479.76011994003
1349.73900074571,626.398210290828,479.76011994003
1414.36738752175,773.05493412876,479.76011994003
1521.25279642058,937.111608252548,479.76011994003
1725.08078548347,608.998260004971,479.76011994003
1744.96644295302,601.54113845389,479.76011994003
1772.30922197365,1498.88143176734,509.745127436282
1794.6805866269,1121.05393984589,479.76011994003
1802.13770817798,1106.13969674372,479.76011994003
1799.65200099428,790.454884414616,479.76011994003
1804.62341536167,1046.48272433507,479.76011994003
1831.9661943823,832.71190653741,479.76011994003
1871.7375093214,1222.96793437733,479.76011994003
1884.16604523987,1242.85359184688,494.752623688156
1953.7658463833,1173.25379070346,479.76011994003
636.341039025603,1382.05319413373,494.752623688156
636.341039025603,1111.11111111111,509.745127436282
638.826746209297,1391.99602286851,494.752623688156
713.397961720109,1478.99577429779,494.752623688156
810.340541884166,1183.19661943823,509.745127436282
852.59756400696,825.254784986329,509.745127436282
874.968928660204,656.226696495153,509.745127436282
879.940343027591,477.255779269202,494.752623688156
904.797414864529,566.741237882178,509.745127436282
912.25453641561,1270.19637086751,509.745127436282
924.683072334079,636.341039025603,509.745127436282
939.597315436242,1590.85259756401,509.745127436282
944.568729803629,1429.28163062391,494.752623688156
994.282873477504,728.312204822272,524.737631184408
1026.59706686552,1660.45239870743,509.745127436282
1145.91101168282,1615.70966940094,509.745127436282
1200.59656972409,2073.0797912006,494.752623688156
1225.45364156102,1901.56599552573,524.737631184408
1232.91076311211,1630.62391250311,524.737631184408
1344.76758637832,837.683320904797,494.752623688156
1344.76758637832,822.769077802635,494.752623688156
1426.79592344022,795.426298782004,524.737631184408
1478.99577429779,1454.13870246085,509.745127436282
1488.93860303256,1367.13895103157,539.730134932534
1528.70991797166,628.883917474521,509.745127436282
1749.93785732041,618.941088739746,494.752623688156
1754.9092716878,621.42679592344,494.752623688156
1794.6805866269,1469.05294556301,509.745127436282
1807.10912254536,1138.45389013174,509.745127436282
1819.53765846383,1128.51106139697,509.745127436282
1812.08053691275,810.340541884166,494.752623688156
1817.05195128014,1066.36838180462,509.745127436282
1844.39473030077,852.59756400696,509.745127436282
1966.19438230176,1193.13944817301,494.752623688156
676.112353964703,1252.79642058166,524.737631184408
1168.28237633607,1160.82525478499,539.730134932534
1364.65324384787,1066.36838180462,524.737631184408
1379.56748695004,1665.42381307482,539.730134932534
1421.82450907283,1677.85234899329,509.745127436282
1608.25254784986,1799.65200099428,524.737631184408
1680.33805617698,887.397464578673,509.745127436282
1764.85210042257,1424.31021625653,524.737631184408
1764.85210042257,1518.76708923689,524.737631184408
1789.70917225951,1272.68207805121,539.730134932534
1787.22346507581,1486.45289584887,539.730134932534
902.311707680835,1488.93860303256,554.72263868066
1068.85408898832,1518.76708923689,554.72263868066
1066.36838180462,1538.65274670644,554.72263868066
1168.28237633607,874.968928660204,554.72263868066
1421.82450907283,1680.33805617698,539.730134932534
1536.16703952274,1004.22570221228,539.730134932534
1565.99552572707,1379.56748695004,554.72263868066
1744.96644295302,1327.36763609247,554.72263868066
1787.22346507581,1292.56773552076,539.730134932534
1056.42555306985,1518.76708923689,554.72263868066
1237.88217747949,837.683320904797,554.72263868066
1285.11061396967,1150.88242605021,554.72263868066
1677.85234899329,887.397464578673,554.72263868066
1086.25403927417,1546.10986825752,554.72263868066
1165.79666915237,1501.36713895103,569.715142428786
1178.22520507084,1486.45289584887,569.715142428786
1498.88143176734,1138.45389013174,569.715142428786
1088.73974645787,1558.53840417599,569.715142428786
1605.76684066617,1794.6805866269,569.715142428786
